M,100,P,30,Q,100000,targetS,0.1,targetW,0.1

Resources name, resource id, current workload and max workload
R_0,0,0.34,1
R_1,1,0.65,1
R_2,2,0.6,1
R_3,3,0.69,1
R_4,4,0.46,1
R_5,5,0.23,1
R_6,6,0.31,1
R_7,7,0.73,1
R_8,8,0.36,1
R_9,9,0.35,1
R_10,10,0.34,1
R_11,11,0.34,1
R_12,12,0.66,1
R_13,13,0.33,1
R_14,14,0.28,1
R_15,15,0.35,1
R_16,16,0.47,1
R_17,17,0.68,1
R_18,18,0.25,1
R_19,19,0.42,1
R_20,20,0.27,1
R_21,21,0.78,1
R_22,22,0.24,1
R_23,23,0.73,1
R_24,24,0.33,1
R_25,25,0.46,1
R_26,26,0.77,1
R_27,27,0.2,1
R_28,28,0.36,1
R_29,29,0.21,1
R_30,30,0.54,1
R_31,31,0.58,1
R_32,32,0.39,1
R_33,33,0.8,1
R_34,34,0.32,1
R_35,35,0.56,1
R_36,36,0.73,1
R_37,37,0.79,1
R_38,38,0.23,1
R_39,39,0.57,1
R_40,40,0.64,1
R_41,41,0.48,1
R_42,42,0.78,1
R_43,43,0.27,1
R_44,44,0.73,1
R_45,45,0.21,1
R_46,46,0.26,1
R_47,47,0.5,1
R_48,48,0.77,1
R_49,49,0.4,1
R_50,50,0.63,1
R_51,51,0.67,1
R_52,52,0.72,1
R_53,53,0.61,1
R_54,54,0.72,1
R_55,55,0.35,1
R_56,56,0.53,1
R_57,57,0.64,1
R_58,58,0.37,1
R_59,59,0.5,1
R_60,60,0.77,1
R_61,61,0.72,1
R_62,62,0.36,1
R_63,63,0.3,1
R_64,64,0.26,1
R_65,65,0.46,1
R_66,66,0.7,1
R_67,67,0.6,1
R_68,68,0.63,1
R_69,69,0.51,1
R_70,70,0.48,1
R_71,71,0.28,1
R_72,72,0.23,1
R_73,73,0.43,1
R_74,74,0.55,1
R_75,75,0.74,1
R_76,76,0.29,1
R_77,77,0.54,1
R_78,78,0.21,1
R_79,79,0.67,1
R_80,80,0.44,1
R_81,81,0.65,1
R_82,82,0.51,1
R_83,83,0.49,1
R_84,84,0.47,1
R_85,85,0.25,1
R_86,86,0.27,1
R_87,87,0.66,1
R_88,88,0.28,1
R_89,89,0.52,1
R_90,90,0.48,1
R_91,91,0.38,1
R_92,92,0.67,1
R_93,93,0.45,1
R_94,94,0.63,1
R_95,95,0.74,1
R_96,96,0.72,1
R_97,97,0.35,1
R_98,98,0.52,1
R_99,99,0.4,1

Activities name, activity id, lambda, stress, resource id, priority, rifiutato
act_4,4,0.02,0.9,0,65,0
act_5,5,0.05,0.89,0,428,0
act_5,5,0.05,0.89,0,160,0
act_5,5,0.05,0.89,0,313,0
act_2,2,0.22,0.65,0,315,0
act_4,4,0.02,0.9,0,406,0
act_5,5,0.05,0.89,0,2,0
act_5,5,0.05,0.89,0,285,0
act_4,4,0.02,0.9,0,332,0
act_4,4,0.02,0.9,0,392,0
act_5,5,0.05,0.89,0,522,0
act_5,5,0.05,0.89,0,516,0
act_4,4,0.02,0.9,1,163,0
act_0,0,0.1,0.44,1,535,0
act_4,4,0.02,0.9,1,78,0
act_0,0,0.1,0.44,1,249,0
act_4,4,0.02,0.9,1,527,0
act_4,4,0.02,0.9,1,449,0
act_4,4,0.02,0.9,1,224,0
act_4,4,0.02,0.9,1,536,0
act_4,4,0.02,0.9,1,42,0
act_13,13,0.27,0.28,2,181,0
act_4,4,0.02,0.9,3,48,1
act_4,4,0.02,0.9,3,6,1
act_5,5,0.05,0.89,3,455,1
act_4,4,0.02,0.9,3,537,1
act_4,4,0.02,0.9,3,202,1
act_5,5,0.05,0.89,3,90,1
act_5,5,0.05,0.89,3,376,1
act_5,5,0.05,0.89,3,372,1
act_4,4,0.02,0.9,3,477,1
act_16,16,0.2,0.5,4,54,1
act_9,9,0.12,0.4,4,384,0
act_16,16,0.2,0.5,4,144,1
act_17,17,0.19,0.61,5,32,1
act_10,10,0.06,0.6,5,395,0
act_15,15,0.14,0.66,5,433,1
act_10,10,0.06,0.6,5,146,0
act_17,17,0.19,0.61,5,264,1
act_10,10,0.06,0.6,5,322,0
act_10,10,0.06,0.6,5,540,0
act_19,19,0.05,0.46,6,420,1
act_18,18,0.27,0.5,6,426,1
act_19,19,0.05,0.46,6,284,1
act_19,19,0.05,0.46,6,219,1
act_19,19,0.05,0.46,6,362,1
act_7,7,0.09,0.4,6,488,0
act_7,7,0.09,0.4,6,523,0
act_11,11,0.09,0.29,7,235,0
act_19,19,0.05,0.46,7,116,0
act_19,19,0.05,0.46,7,252,0
act_19,19,0.05,0.46,7,485,0
act_14,14,0.28,0.32,8,49,1
act_14,14,0.28,0.32,8,154,1
act_6,6,0.03,0.95,8,416,1
act_6,6,0.03,0.95,8,236,1
act_0,0,0.1,0.44,9,57,0
act_13,13,0.27,0.28,9,461,0
act_13,13,0.27,0.28,9,294,0
act_7,7,0.09,0.4,10,489,0
act_2,2,0.22,0.65,10,212,1
act_2,2,0.22,0.65,10,452,1
act_7,7,0.09,0.4,10,481,0
act_9,9,0.12,0.4,11,349,0
act_16,16,0.2,0.5,11,304,1
act_9,9,0.12,0.4,11,85,0
act_16,16,0.2,0.5,11,148,1
act_10,10,0.06,0.6,12,317,1
act_10,10,0.06,0.6,12,511,1
act_10,10,0.06,0.6,12,439,1
act_10,10,0.06,0.6,12,12,1
act_10,10,0.06,0.6,12,503,1
act_0,0,0.1,0.44,13,377,1
act_4,4,0.02,0.9,13,156,1
act_0,0,0.1,0.44,13,337,1
act_4,4,0.02,0.9,13,240,1
act_4,4,0.02,0.9,13,456,1
act_0,0,0.1,0.44,13,400,1
act_0,0,0.1,0.44,13,53,1
act_4,4,0.02,0.9,13,82,1
act_0,0,0.1,0.44,13,220,1
act_4,4,0.02,0.9,13,538,1
act_4,4,0.02,0.9,13,440,1
act_4,4,0.02,0.9,13,436,1
act_4,4,0.02,0.9,13,458,1
act_7,7,0.09,0.4,14,221,0
act_3,3,0.28,0.43,14,290,0
act_3,3,0.28,0.43,14,213,0
act_6,6,0.03,0.95,14,299,1
act_6,6,0.03,0.95,14,11,1
act_0,0,0.1,0.44,15,318,0
act_5,5,0.05,0.89,15,279,0
act_5,5,0.05,0.89,15,506,0
act_0,0,0.1,0.44,15,480,0
act_0,0,0.1,0.44,15,427,0
act_0,0,0.1,0.44,15,361,0
act_5,5,0.05,0.89,15,184,0
act_5,5,0.05,0.89,15,281,0
act_5,5,0.05,0.89,15,166,0
act_4,4,0.02,0.9,16,267,1
act_4,4,0.02,0.9,16,345,1
act_4,4,0.02,0.9,16,56,1
act_4,4,0.02,0.9,16,31,1
act_19,19,0.05,0.46,16,402,1
act_19,19,0.05,0.46,16,17,1
act_4,4,0.02,0.9,16,296,1
act_4,4,0.02,0.9,16,385,1
act_19,19,0.05,0.46,16,310,1
act_4,4,0.02,0.9,16,498,1
act_19,19,0.05,0.46,16,515,1
act_4,4,0.02,0.9,16,136,1
act_4,4,0.02,0.9,16,398,1
act_19,19,0.05,0.46,16,66,1
act_4,4,0.02,0.9,16,273,1
act_19,19,0.05,0.46,16,98,1
act_4,4,0.02,0.9,16,216,1
act_9,9,0.12,0.4,17,351,0
act_1,1,0.19,0.47,17,208,0
act_18,18,0.27,0.5,18,149,1
act_4,4,0.02,0.9,18,278,1
act_0,0,0.1,0.44,18,339,1
act_0,0,0.1,0.44,18,451,1
act_4,4,0.02,0.9,18,263,1
act_11,11,0.09,0.29,18,195,0
act_4,4,0.02,0.9,18,268,1
act_0,0,0.1,0.44,18,447,1
act_4,4,0.02,0.9,18,421,1
act_1,1,0.19,0.47,19,314,0
act_1,1,0.19,0.47,19,18,0
act_6,6,0.03,0.95,19,122,0
act_6,6,0.03,0.95,19,350,0
act_6,6,0.03,0.95,19,500,0
act_6,6,0.03,0.95,19,39,0
act_6,6,0.03,0.95,19,110,0
act_6,6,0.03,0.95,19,125,0
act_12,12,0.15,0.87,20,223,0
act_5,5,0.05,0.89,20,412,0
act_5,5,0.05,0.89,20,88,0
act_8,8,0.24,0.36,20,15,0
act_5,5,0.05,0.89,20,391,0
act_12,12,0.15,0.87,20,478,0
act_7,7,0.09,0.4,21,302,0
act_7,7,0.09,0.4,21,530,0
act_5,5,0.05,0.89,22,104,1
act_5,5,0.05,0.89,22,280,1
act_5,5,0.05,0.89,22,21,1
act_12,12,0.15,0.87,22,378,1
act_5,5,0.05,0.89,22,22,1
act_10,10,0.06,0.6,22,55,0
act_5,5,0.05,0.89,22,203,1
act_5,5,0.05,0.89,22,387,1
act_12,12,0.15,0.87,22,274,1
act_5,5,0.05,0.89,22,168,1
act_10,10,0.06,0.6,23,295,1
act_12,12,0.15,0.87,23,431,1
act_10,10,0.06,0.6,23,327,1
act_3,3,0.28,0.43,24,271,1
act_3,3,0.28,0.43,24,407,1
act_7,7,0.09,0.4,24,374,0
act_4,4,0.02,0.9,25,370,1
act_4,4,0.02,0.9,25,180,1
act_5,5,0.05,0.89,25,37,0
act_4,4,0.02,0.9,25,369,1
act_5,5,0.05,0.89,25,43,0
act_4,4,0.02,0.9,25,432,1
act_5,5,0.05,0.89,25,445,0
act_4,4,0.02,0.9,25,414,1
act_4,4,0.02,0.9,25,422,1
act_5,5,0.05,0.89,25,482,0
act_5,5,0.05,0.89,25,496,0
act_5,5,0.05,0.89,25,239,0
act_4,4,0.02,0.9,25,93,1
act_5,5,0.05,0.89,25,234,0
act_5,5,0.05,0.89,25,354,0
act_6,6,0.03,0.95,26,257,0
act_9,9,0.12,0.4,26,287,0
act_6,6,0.03,0.95,26,409,0
act_6,6,0.03,0.95,26,520,0
act_14,14,0.28,0.32,27,443,0
act_13,13,0.27,0.28,27,4,0
act_7,7,0.09,0.4,27,467,1
act_7,7,0.09,0.4,27,365,1
act_0,0,0.1,0.44,28,381,0
act_0,0,0.1,0.44,28,277,0
act_2,2,0.22,0.65,28,275,1
act_0,0,0.1,0.44,28,474,0
act_0,0,0.1,0.44,28,353,0
act_5,5,0.05,0.89,29,9,1
act_5,5,0.05,0.89,29,513,1
act_5,5,0.05,0.89,29,231,1
act_3,3,0.28,0.43,29,248,1
act_5,5,0.05,0.89,29,143,1
act_9,9,0.12,0.4,29,145,1
act_5,5,0.05,0.89,29,199,1
act_9,9,0.12,0.4,29,334,1
act_13,13,0.27,0.28,30,514,0
act_9,9,0.12,0.4,30,192,0
act_9,9,0.12,0.4,31,188,1
act_8,8,0.24,0.36,31,386,1
act_3,3,0.28,0.43,32,487,0
act_0,0,0.1,0.44,32,84,1
act_0,0,0.1,0.44,32,113,1
act_0,0,0.1,0.44,32,331,1
act_1,1,0.19,0.47,33,237,0
act_16,16,0.2,0.5,34,492,0
act_6,6,0.03,0.95,34,341,0
act_1,1,0.19,0.47,34,100,0
act_16,16,0.2,0.5,34,161,0
act_6,6,0.03,0.95,34,531,0
act_6,6,0.03,0.95,34,152,0
act_19,19,0.05,0.46,35,134,0
act_2,2,0.22,0.65,35,457,0
act_19,19,0.05,0.46,35,366,0
act_19,19,0.05,0.46,35,132,0
act_19,19,0.05,0.46,35,305,0
act_15,15,0.14,0.66,36,3,0
act_6,6,0.03,0.95,37,20,1
act_6,6,0.03,0.95,37,139,1
act_5,5,0.05,0.89,37,71,0
act_5,5,0.05,0.89,37,472,0
act_6,6,0.03,0.95,37,446,1
act_11,11,0.09,0.29,38,198,0
act_11,11,0.09,0.29,38,29,0
act_10,10,0.06,0.6,38,499,0
act_15,15,0.14,0.66,38,205,1
act_15,15,0.14,0.66,38,150,1
act_11,11,0.09,0.29,38,390,0
act_10,10,0.06,0.6,38,413,0
act_11,11,0.09,0.29,38,325,0
act_10,10,0.06,0.6,39,311,1
act_5,5,0.05,0.89,39,417,1
act_8,8,0.24,0.36,39,382,1
act_5,5,0.05,0.89,39,141,1
act_13,13,0.27,0.28,40,187,0
act_10,10,0.06,0.6,40,52,0
act_5,5,0.05,0.89,41,389,1
act_11,11,0.09,0.29,41,358,0
act_12,12,0.15,0.87,41,179,0
act_11,11,0.09,0.29,41,393,0
act_11,11,0.09,0.29,41,38,0
act_5,5,0.05,0.89,41,67,1
act_4,4,0.02,0.9,42,289,1
act_9,9,0.12,0.4,42,479,1
act_5,5,0.05,0.89,42,397,1
act_4,4,0.02,0.9,42,171,1
act_9,9,0.12,0.4,43,468,1
act_3,3,0.28,0.43,43,222,1
act_7,7,0.09,0.4,43,36,1
act_7,7,0.09,0.4,43,430,1
act_9,9,0.12,0.4,43,10,1
act_10,10,0.06,0.6,44,1,1
act_0,0,0.1,0.44,44,89,0
act_0,0,0.1,0.44,44,44,0
act_19,19,0.05,0.46,45,45,0
act_1,1,0.19,0.47,45,218,1
act_7,7,0.09,0.4,45,450,0
act_7,7,0.09,0.4,45,196,0
act_1,1,0.19,0.47,45,517,1
act_7,7,0.09,0.4,45,76,0
act_7,7,0.09,0.4,45,8,0
act_3,3,0.28,0.43,46,303,0
act_3,3,0.28,0.43,46,375,0
act_9,9,0.12,0.4,46,470,0
act_5,5,0.05,0.89,47,367,0
act_5,5,0.05,0.89,47,253,0
act_5,5,0.05,0.89,47,178,0
act_4,4,0.02,0.9,47,448,1
act_5,5,0.05,0.89,47,292,0
act_5,5,0.05,0.89,47,102,0
act_5,5,0.05,0.89,47,473,0
act_5,5,0.05,0.89,47,255,0
act_4,4,0.02,0.9,47,107,1
act_4,4,0.02,0.9,47,262,1
act_4,4,0.02,0.9,47,129,1
act_5,5,0.05,0.89,47,135,0
act_4,4,0.02,0.9,47,108,1
act_7,7,0.09,0.4,48,495,1
act_7,7,0.09,0.4,48,321,1
act_11,11,0.09,0.29,49,383,0
act_14,14,0.28,0.32,49,5,0
act_11,11,0.09,0.29,49,105,0
act_11,11,0.09,0.29,49,283,0
act_18,18,0.27,0.5,50,323,0
act_6,6,0.03,0.95,51,217,1
act_6,6,0.03,0.95,51,155,1
act_6,6,0.03,0.95,51,127,1
act_2,2,0.22,0.65,51,340,0
act_7,7,0.09,0.4,52,174,0
act_10,10,0.06,0.6,52,123,0
act_10,10,0.06,0.6,52,539,0
act_10,10,0.06,0.6,52,77,0
act_10,10,0.06,0.6,53,363,1
act_2,2,0.22,0.65,53,512,1
act_10,10,0.06,0.6,53,97,1
act_17,17,0.19,0.61,54,245,0
act_0,0,0.1,0.44,55,211,0
act_3,3,0.28,0.43,55,151,0
act_5,5,0.05,0.89,55,526,1
act_5,5,0.05,0.89,55,74,1
act_5,5,0.05,0.89,55,64,1
act_0,0,0.1,0.44,55,423,0
act_12,12,0.15,0.87,56,91,0
act_8,8,0.24,0.36,56,7,0
act_19,19,0.05,0.46,57,75,1
act_19,19,0.05,0.46,57,355,1
act_19,19,0.05,0.46,57,25,1
act_6,6,0.03,0.95,57,189,1
act_19,19,0.05,0.46,57,418,1
act_19,19,0.05,0.46,57,214,1
act_6,6,0.03,0.95,57,62,1
act_6,6,0.03,0.95,57,243,1
act_19,19,0.05,0.46,58,140,1
act_19,19,0.05,0.46,58,438,1
act_17,17,0.19,0.61,58,200,1
act_19,19,0.05,0.46,58,106,1
act_19,19,0.05,0.46,58,124,1
act_19,19,0.05,0.46,58,14,1
act_17,17,0.19,0.61,58,246,1
act_17,17,0.19,0.61,59,96,1
act_10,10,0.06,0.6,59,364,0
act_17,17,0.19,0.61,59,316,1
act_9,9,0.12,0.4,60,444,0
act_1,1,0.19,0.47,61,79,0
act_4,4,0.02,0.9,61,68,1
act_4,4,0.02,0.9,61,254,1
act_4,4,0.02,0.9,61,72,1
act_4,4,0.02,0.9,61,442,1
act_9,9,0.12,0.4,62,333,0
act_11,11,0.09,0.29,62,258,0
act_11,11,0.09,0.29,62,114,0
act_16,16,0.2,0.5,62,352,1
act_11,11,0.09,0.29,62,380,0
act_13,13,0.27,0.28,63,51,0
act_19,19,0.05,0.46,63,401,0
act_13,13,0.27,0.28,63,13,0
act_0,0,0.1,0.44,63,175,0
act_7,7,0.09,0.4,64,0,1
act_4,4,0.02,0.9,64,408,1
act_7,7,0.09,0.4,64,282,1
act_7,7,0.09,0.4,64,507,1
act_4,4,0.02,0.9,64,162,1
act_7,7,0.09,0.4,64,137,1
act_7,7,0.09,0.4,64,373,1
act_7,7,0.09,0.4,64,437,1
act_4,4,0.02,0.9,64,336,1
act_7,7,0.09,0.4,64,185,1
act_4,4,0.02,0.9,64,176,1
act_4,4,0.02,0.9,64,410,1
act_5,5,0.05,0.89,65,226,1
act_13,13,0.27,0.28,65,497,0
act_0,0,0.1,0.44,65,61,0
act_0,0,0.1,0.44,65,111,0
act_3,3,0.28,0.43,66,521,0
act_2,2,0.22,0.65,67,532,0
act_15,15,0.14,0.66,68,73,0
act_1,1,0.19,0.47,68,272,0
act_6,6,0.03,0.95,68,131,0
act_3,3,0.28,0.43,69,533,1
act_7,7,0.09,0.4,69,319,1
act_7,7,0.09,0.4,69,165,1
act_5,5,0.05,0.89,70,288,1
act_5,5,0.05,0.89,70,158,1
act_1,1,0.19,0.47,70,186,0
act_1,1,0.19,0.47,70,173,0
act_5,5,0.05,0.89,71,251,0
act_5,5,0.05,0.89,71,529,0
act_5,5,0.05,0.89,71,190,0
act_5,5,0.05,0.89,71,424,0
act_5,5,0.05,0.89,71,525,0
act_5,5,0.05,0.89,71,115,0
act_5,5,0.05,0.89,71,244,0
act_4,4,0.02,0.9,71,206,1
act_4,4,0.02,0.9,71,58,1
act_5,5,0.05,0.89,71,494,0
act_4,4,0.02,0.9,71,357,1
act_4,4,0.02,0.9,71,147,1
act_5,5,0.05,0.89,71,493,0
act_5,5,0.05,0.89,71,207,0
act_5,5,0.05,0.89,71,250,0
act_4,4,0.02,0.9,71,486,1
act_5,5,0.05,0.89,71,233,0
act_4,4,0.02,0.9,72,197,0
act_4,4,0.02,0.9,72,265,0
act_18,18,0.27,0.5,72,462,0
act_18,18,0.27,0.5,72,524,0
act_4,4,0.02,0.9,72,308,0
act_4,4,0.02,0.9,72,368,0
act_4,4,0.02,0.9,72,120,0
act_4,4,0.02,0.9,72,60,0
act_4,4,0.02,0.9,72,193,0
act_4,4,0.02,0.9,72,170,0
act_4,4,0.02,0.9,72,297,0
act_4,4,0.02,0.9,72,509,0
act_4,4,0.02,0.9,72,24,0
act_5,5,0.05,0.89,73,419,1
act_5,5,0.05,0.89,73,356,1
act_5,5,0.05,0.89,73,109,1
act_0,0,0.1,0.44,73,87,0
act_5,5,0.05,0.89,73,298,1
act_0,0,0.1,0.44,73,81,0
act_5,5,0.05,0.89,73,119,1
act_5,5,0.05,0.89,73,534,1
act_5,5,0.05,0.89,73,138,1
act_12,12,0.15,0.87,74,204,1
act_0,0,0.1,0.44,74,346,0
act_17,17,0.19,0.61,74,348,1
act_17,17,0.19,0.61,75,396,1
act_19,19,0.05,0.46,75,117,1
act_15,15,0.14,0.66,76,518,1
act_15,15,0.14,0.66,76,241,1
act_19,19,0.05,0.46,76,454,1
act_1,1,0.19,0.47,76,164,1
act_7,7,0.09,0.4,76,227,1
act_7,7,0.09,0.4,76,63,1
act_4,4,0.02,0.9,77,286,0
act_10,10,0.06,0.6,77,33,0
act_10,10,0.06,0.6,77,459,0
act_10,10,0.06,0.6,77,59,0
act_10,10,0.06,0.6,77,130,0
act_4,4,0.02,0.9,77,466,0
act_10,10,0.06,0.6,77,291,0
act_4,4,0.02,0.9,77,359,0
act_10,10,0.06,0.6,77,471,0
act_4,4,0.02,0.9,77,101,0
act_4,4,0.02,0.9,77,270,0
act_5,5,0.05,0.89,78,415,0
act_3,3,0.28,0.43,78,435,0
act_3,3,0.28,0.43,78,121,0
act_5,5,0.05,0.89,78,133,0
act_5,5,0.05,0.89,78,172,0
act_4,4,0.02,0.9,78,510,0
act_4,4,0.02,0.9,78,504,0
act_4,4,0.02,0.9,78,247,0
act_4,4,0.02,0.9,78,338,0
act_18,18,0.27,0.5,79,411,1
act_19,19,0.05,0.46,79,469,1
act_19,19,0.05,0.46,80,209,1
act_19,19,0.05,0.46,80,118,1
act_19,19,0.05,0.46,80,388,1
act_19,19,0.05,0.46,80,453,1
act_0,0,0.1,0.44,80,169,1
act_0,0,0.1,0.44,80,225,1
act_19,19,0.05,0.46,80,460,1
act_0,0,0.1,0.44,80,260,1
act_11,11,0.09,0.29,81,309,0
act_15,15,0.14,0.66,81,269,0
act_11,11,0.09,0.29,81,276,0
act_14,14,0.28,0.32,82,360,0
act_5,5,0.05,0.89,82,434,1
act_19,19,0.05,0.46,82,210,0
act_19,19,0.05,0.46,82,379,0
act_19,19,0.05,0.46,82,326,0
act_19,19,0.05,0.46,83,256,1
act_19,19,0.05,0.46,83,30,1
act_19,19,0.05,0.46,83,502,1
act_16,16,0.2,0.5,83,329,1
act_19,19,0.05,0.46,83,112,1
act_19,19,0.05,0.46,83,312,1
act_19,19,0.05,0.46,83,229,1
act_1,1,0.19,0.47,84,344,1
act_8,8,0.24,0.36,84,83,0
act_4,4,0.02,0.9,84,475,1
act_4,4,0.02,0.9,84,126,1
act_4,4,0.02,0.9,84,47,1
act_4,4,0.02,0.9,84,167,1
act_4,4,0.02,0.9,84,128,1
act_15,15,0.14,0.66,85,441,1
act_15,15,0.14,0.66,85,34,1
act_16,16,0.2,0.5,85,320,0
act_16,16,0.2,0.5,85,103,0
act_11,11,0.09,0.29,86,177,0
act_16,16,0.2,0.5,86,301,0
act_11,11,0.09,0.29,86,230,0
act_12,12,0.15,0.87,86,342,0
act_11,11,0.09,0.29,86,95,0
act_11,11,0.09,0.29,86,259,0
act_5,5,0.05,0.89,87,505,1
act_5,5,0.05,0.89,87,50,1
act_7,7,0.09,0.4,87,330,0
act_5,5,0.05,0.89,87,300,1
act_5,5,0.05,0.89,87,465,1
act_5,5,0.05,0.89,87,232,1
act_6,6,0.03,0.95,88,463,0
act_16,16,0.2,0.5,88,425,0
act_16,16,0.2,0.5,88,464,0
act_16,16,0.2,0.5,88,541,0
act_6,6,0.03,0.95,88,86,0
act_6,6,0.03,0.95,88,153,0
act_8,8,0.24,0.36,89,16,1
act_4,4,0.02,0.9,89,228,1
act_4,4,0.02,0.9,89,306,1
act_4,4,0.02,0.9,89,80,1
act_4,4,0.02,0.9,89,399,1
act_4,4,0.02,0.9,89,19,1
act_0,0,0.1,0.44,89,23,1
act_4,4,0.02,0.9,89,491,1
act_4,4,0.02,0.9,90,215,1
act_7,7,0.09,0.4,90,484,0
act_15,15,0.14,0.66,90,405,0
act_7,7,0.09,0.4,90,28,0
act_15,15,0.14,0.66,90,40,0
act_4,4,0.02,0.9,90,183,1
act_4,4,0.02,0.9,90,528,1
act_15,15,0.14,0.66,91,35,1
act_3,3,0.28,0.43,91,403,0
act_15,15,0.14,0.66,91,347,1
act_12,12,0.15,0.87,92,201,1
act_12,12,0.15,0.87,92,404,1
act_2,2,0.22,0.65,93,476,0
act_4,4,0.02,0.9,93,394,0
act_2,2,0.22,0.65,93,182,0
act_4,4,0.02,0.9,93,501,0
act_4,4,0.02,0.9,93,41,0
act_4,4,0.02,0.9,93,343,0
act_4,4,0.02,0.9,93,70,0
act_15,15,0.14,0.66,94,99,1
act_15,15,0.14,0.66,94,328,1
act_19,19,0.05,0.46,95,490,1
act_19,19,0.05,0.46,95,92,1
act_19,19,0.05,0.46,95,159,1
act_0,0,0.1,0.44,95,483,0
act_8,8,0.24,0.36,96,27,0
act_10,10,0.06,0.6,97,238,0
act_10,10,0.06,0.6,97,324,0
act_5,5,0.05,0.89,97,142,1
act_5,5,0.05,0.89,97,46,1
act_5,5,0.05,0.89,97,242,1
act_5,5,0.05,0.89,97,157,1
act_10,10,0.06,0.6,97,26,0
act_10,10,0.06,0.6,97,519,0
act_5,5,0.05,0.89,97,94,1
act_5,5,0.05,0.89,97,429,1
act_10,10,0.06,0.6,97,508,0
act_16,16,0.2,0.5,98,266,0
act_16,16,0.2,0.5,98,335,0
act_19,19,0.05,0.46,98,191,0
act_10,10,0.06,0.6,99,261,1
act_9,9,0.12,0.4,99,194,1
act_9,9,0.12,0.4,99,371,1
act_9,9,0.12,0.4,99,293,1
act_0,0,0.1,0.44,99,307,1
act_10,10,0.06,0.6,99,69,1

Alpha (resource id, list of activity ids)
0:5,2,4,8
1:13,0,4
2:3,13
3:12,4,5
4:16,9
5:17,15,10
6:18,19,7
7:5,19,2,11
8:6,10,14
9:18,13,0
10:7,14,2
11:9,16
12:10,1
13:4,0
14:3,6,9,7
15:5,0,2
16:19,4
17:18,1,9
18:0,4,11,18
19:6,1,17
20:12,5,8
21:7,10,13,1
22:10,5,12
23:18,12,10
24:3,16,7,13
25:5,4
26:18,9,0,6
27:7,14,13
28:3,2,0
29:9,5,3
30:13,8,9,16
31:8,9
32:3,0
33:3,1,12
34:1,12,6,16
35:19,2,9
36:15,12,16
37:5,6,11,2
38:15,11,10,2
39:16,5,8,10
40:10,13,7,12
41:12,11,5
42:5,9,4,13
43:3,9,7
44:14,0,10,15
45:19,7,1
46:3,9
47:5,4
48:1,13,7,9
49:11,14
50:18,1
51:11,6,13,2
52:7,5,10
53:10,14,2,18
54:17,18
55:0,5,15,3
56:8,12,14,13
57:19,14,6
58:19,8,17
59:10,17
60:9,3
61:4,1
62:9,11,16
63:0,13,19,16
64:4,7
65:13,5,0
66:6,3,10,2
67:2,17
68:6,1,5,15
69:14,13,7,3
70:1,5
71:4,5
72:4,18
73:5,7,0
74:17,4,0,12
75:17,3,19
76:15,19,7,1
77:4,10
78:5,16,4,3
79:12,9,18,19
80:0,19
81:11,15,14
82:5,19,14
83:19,16
84:1,8,18,4
85:15,16
86:12,11,16,7
87:5,7,2
88:16,6,17
89:0,4,8
90:15,7,4
91:15,0,3
92:12,11
93:4,2,10
94:15,8
95:2,19,0,11
96:0,7,8
97:5,10
98:16,10,3,19
99:0,10,9

Costs (resource, resource to replace, activity, cost)
0,0,5,0
0,3,5,0.43
0,7,5,0.57
0,15,5,0.05
0,20,5,0.91
0,22,5,0.13
0,25,5,0.03
0,29,5,0.78
0,37,5,0.5
0,39,5,0.65
0,41,5,0.9
0,42,5,0.24
0,47,5,0.22
0,52,5,0.93
0,55,5,0.92
0,65,5,0.29
0,68,5,0.84
0,70,5,0.76
0,71,5,0.66
0,73,5,0.4
0,78,5,0.5
0,82,5,0.17
0,87,5,0.85
0,97,5,0.33
0,0,2,0
0,7,2,0.78
0,10,2,0.96
0,15,2,0.65
0,28,2,0.32
0,35,2,0.16
0,37,2,0.81
0,38,2,0.86
0,51,2,0.77
0,53,2,0.08
0,66,2,0.47
0,67,2,0.35
0,87,2,0.35
0,93,2,0.41
0,95,2,0.75
0,0,4,0
0,1,4,0.27
0,3,4,0.32
0,13,4,0.13
0,16,4,0.87
0,18,4,0.54
0,25,4,0.1
0,42,4,0.01
0,47,4,0.99
0,61,4,0.86
0,64,4,0.28
0,71,4,0.28
0,72,4,0.02
0,74,4,0.42
0,77,4,0.05
0,78,4,0.68
0,84,4,0.72
0,89,4,0.32
0,90,4,0.04
0,93,4,0.87
0,0,8,0
0,20,8,0.95
0,30,8,0.42
0,31,8,0.43
0,39,8,0.4
0,56,8,0.7
0,58,8,0.72
0,84,8,0.32
0,89,8,0.57
0,94,8,0.23
0,96,8,0.49
1,1,13,0
1,2,13,0.91
1,9,13,0.46
1,21,13,0.2
1,24,13,0.88
1,27,13,0.59
1,30,13,0.51
1,40,13,0.91
1,42,13,0.14
1,48,13,0.51
1,51,13,0.85
1,56,13,0.5
1,63,13,0.53
1,65,13,0.66
1,69,13,0.61
1,1,0,0
1,9,0,0.12
1,13,0,0.25
1,15,0,0.79
1,18,0,0.76
1,26,0,0.99
1,28,0,0.35
1,32,0,0.58
1,44,0,0.73
1,55,0,0.03
1,63,0,0.22
1,65,0,0.22
1,73,0,0.89
1,74,0,0.94
1,80,0,0.83
1,89,0,0.35
1,91,0,0.92
1,95,0,0.01
1,96,0,0.69
1,99,0,0.64
1,0,4,0.64
1,1,4,0
1,3,4,0.79
1,13,4,0.19
1,16,4,0.29
1,18,4,0.23
1,25,4,0.19
1,42,4,0.84
1,47,4,0.46
1,61,4,0.36
1,64,4,0.04
1,71,4,0.41
1,72,4,0.42
1,74,4,0.96
1,77,4,0.64
1,78,4,0.74
1,84,4,0.13
1,89,4,0.16
1,90,4,0.63
1,93,4,0.24
2,2,3,0
2,14,3,0.53
2,24,3,0.19
2,28,3,0.83
2,29,3,0.33
2,32,3,0.67
2,33,3,0.07
2,43,3,0.37
2,46,3,0.27
2,55,3,0.05
2,60,3,0.48
2,66,3,0.11
2,69,3,0.04
2,75,3,0.4
2,78,3,0.09
2,91,3,0.59
2,98,3,0.29
2,1,13,0.46
2,2,13,0
2,9,13,0.37
2,21,13,0.23
2,24,13,0.02
2,27,13,0.04
2,30,13,0.34
2,40,13,0.2
2,42,13,0.02
2,48,13,0.15
2,51,13,0.85
2,56,13,0.23
2,63,13,0.9
2,65,13,0.78
2,69,13,0.97
3,3,12,0
3,20,12,0.82
3,22,12,0.65
3,23,12,0.46
3,33,12,0.81
3,34,12,0.46
3,36,12,0.38
3,40,12,0.81
3,41,12,0.52
3,56,12,0.35
3,74,12,0.79
3,79,12,0.19
3,86,12,0.15
3,92,12,0.87
3,0,4,0.31
3,1,4,0.29
3,3,4,0
3,13,4,0.96
3,16,4,0.69
3,18,4,0.92
3,25,4,0.48
3,42,4,0.42
3,47,4,0.14
3,61,4,0.94
3,64,4,0.82
3,71,4,0.06
3,72,4,0.97
3,74,4,0.55
3,77,4,0.05
3,78,4,0.02
3,84,4,0.84
3,89,4,0.52
3,90,4,0.03
3,93,4,0.89
3,0,5,0.18
3,3,5,0
3,7,5,0.85
3,15,5,0.82
3,20,5,0.19
3,22,5,0.83
3,25,5,0.14
3,29,5,0.81
3,37,5,0.87
3,39,5,0.6
3,41,5,0.7
3,42,5,0.15
3,47,5,0.72
3,52,5,0.19
3,55,5,0.53
3,65,5,0.98
3,68,5,0.57
3,70,5,0.77
3,71,5,0.88
3,73,5,0.29
3,78,5,0.3
3,82,5,0.7
3,87,5,0.33
3,97,5,0.39
4,4,16,0
4,11,16,0.61
4,24,16,0.35
4,30,16,0.34
4,34,16,0.66
4,36,16,0.34
4,39,16,0.86
4,62,16,0.98
4,63,16,0.41
4,78,16,0.87
4,83,16,0.02
4,85,16,0.17
4,86,16,0.87
4,88,16,0.92
4,98,16,0.1
4,4,9,0
4,11,9,0.22
4,14,9,0.79
4,17,9,0.75
4,26,9,0.87
4,29,9,0.21
4,30,9,0.52
4,31,9,0.51
4,35,9,0.19
4,42,9,0.78
4,43,9,0.91
4,46,9,0.89
4,48,9,0.91
4,60,9,0.78
4,62,9,0.76
4,79,9,0.05
4,99,9,0.75
5,5,17,0
5,19,17,0.23
5,54,17,0.26
5,58,17,0.16
5,59,17,0.27
5,67,17,0.37
5,74,17,0.2
5,75,17,0.25
5,88,17,0.29
5,5,15,0
5,36,15,0.2
5,38,15,0.39
5,44,15,0.46
5,55,15,0.49
5,68,15,0.03
5,76,15,0.35
5,81,15,0.04
5,85,15,0.13
5,90,15,0.84
5,91,15,0.68
5,94,15,0.15
5,5,10,0
5,8,10,0.41
5,12,10,0.06
5,21,10,0.43
5,22,10,0.06
5,23,10,0.63
5,38,10,0.91
5,39,10,0.52
5,40,10,0.08
5,44,10,0.88
5,52,10,0.16
5,53,10,0.39
5,59,10,0.48
5,66,10,0.24
5,77,10,0.43
5,93,10,0.45
5,97,10,0.83
5,98,10,0.5
5,99,10,0.03
6,6,18,0
6,9,18,0.74
6,17,18,0.24
6,18,18,0.92
6,23,18,0.86
6,26,18,0.94
6,50,18,0.22
6,53,18,0.49
6,54,18,0.11
6,72,18,0.96
6,79,18,0.33
6,84,18,0.45
6,6,19,0
6,7,19,0.38
6,16,19,0.85
6,35,19,0.79
6,45,19,0.78
6,57,19,0.5
6,58,19,0.89
6,63,19,0.64
6,75,19,0.64
6,76,19,0.7
6,79,19,0.27
6,80,19,0.41
6,82,19,0.2
6,83,19,0.43
6,95,19,0.94
6,98,19,0.64
6,6,7,0
6,10,7,0.99
6,14,7,0.99
6,21,7,0.02
6,24,7,0.98
6,27,7,0.7
6,40,7,0.86
6,43,7,0.4
6,45,7,0.44
6,48,7,0.97
6,52,7,0.62
6,64,7,0.9
6,69,7,0.22
6,73,7,0.72
6,76,7,0.79
6,86,7,0.52
6,87,7,0.25
6,90,7,0.95
6,96,7,0.34
7,0,5,0.79
7,3,5,0.9
7,7,5,0
7,15,5,0.25
7,20,5,0.74
7,22,5,0.38
7,25,5,0.55
7,29,5,0.53
7,37,5,0.83
7,39,5,0.62
7,41,5,0.38
7,42,5,0.82
7,47,5,0.94
7,52,5,0.12
7,55,5,0.46
7,65,5,0.06
7,68,5,0.46
7,70,5,0.17
7,71,5,0.09
7,73,5,0.89
7,78,5,0.07
7,82,5,0.92
7,87,5,0.89
7,97,5,0.42
7,6,19,0.88
7,7,19,0
7,16,19,0.23
7,35,19,0.58
7,45,19,0.01
7,57,19,0.76
7,58,19,0.48
7,63,19,0.72
7,75,19,0.87
7,76,19,0.93
7,79,19,0.92
7,80,19,0.3
7,82,19,0.08
7,83,19,0.09
7,95,19,0.01
7,98,19,0.53
7,0,2,0.36
7,7,2,0
7,10,2,0.22
7,15,2,0.79
7,28,2,0.84
7,35,2,0.53
7,37,2,0.05
7,38,2,0.2
7,51,2,0.91
7,53,2,0.27
7,66,2,0.51
7,67,2,0.94
7,87,2,0.32
7,93,2,0.02
7,95,2,0.08
7,7,11,0
7,18,11,0.89
7,37,11,0.47
7,38,11,0.67
7,41,11,0.3
7,49,11,0.99
7,51,11,0.01
7,62,11,0.35
7,81,11,0.95
7,86,11,0.32
7,92,11,0.08
7,95,11,0.43
8,8,6,0
8,14,6,0.6
8,19,6,0.59
8,26,6,0.83
8,34,6,0.06
8,37,6,0.53
8,51,6,0.76
8,57,6,0.85
8,66,6,0.4
8,68,6,0.64
8,88,6,0.86
8,5,10,0.38
8,8,10,0
8,12,10,0.29
8,21,10,0.12
8,22,10,0.14
8,23,10,0.82
8,38,10,0.78
8,39,10,0.36
8,40,10,0.19
8,44,10,0.06
8,52,10,0.18
8,53,10,0.05
8,59,10,0.1
8,66,10,0.19
8,77,10,0.53
8,93,10,0.73
8,97,10,0.73
8,98,10,0.36
8,99,10,0.45
8,8,14,0
8,10,14,0.99
8,27,14,0.99
8,44,14,0.83
8,49,14,0.25
8,53,14,0.11
8,56,14,0.04
8,57,14,0.02
8,69,14,0.47
8,81,14,0.2
8,82,14,0.25
9,6,18,0.16
9,9,18,0
9,17,18,0.91
9,18,18,0.78
9,23,18,0.34
9,26,18,0.14
9,50,18,0.99
9,53,18,0.71
9,54,18,0.08
9,72,18,0.71
9,79,18,0.47
9,84,18,0.18
9,1,13,0.33
9,2,13,0.77
9,9,13,0
9,21,13,0.2
9,24,13,0.77
9,27,13,0.54
9,30,13,0.85
9,40,13,0.13
9,42,13,0.35
9,48,13,0.98
9,51,13,0.37
9,56,13,0.59
9,63,13,0.92
9,65,13,0.55
9,69,13,0.84
9,1,0,0.4
9,9,0,0
9,13,0,0.37
9,15,0,0.81
9,18,0,0.54
9,26,0,0.15
9,28,0,0.12
9,32,0,0.3
9,44,0,0.09
9,55,0,1.0
9,63,0,0.29
9,65,0,0.66
9,73,0,0.98
9,74,0,0.58
9,80,0,0.89
9,89,0,1.0
9,91,0,0.65
9,95,0,0.28
9,96,0,0.0
9,99,0,0.32
10,6,7,0.79
10,10,7,0
10,14,7,0.26
10,21,7,0.19
10,24,7,0.63
10,27,7,0.19
10,40,7,0.82
10,43,7,0.71
10,45,7,0.03
10,48,7,0.6
10,52,7,0.5
10,64,7,0.58
10,69,7,0.99
10,73,7,0.56
10,76,7,0.95
10,86,7,0.06
10,87,7,0.16
10,90,7,0.56
10,96,7,0.68
10,8,14,0.8
10,10,14,0
10,27,14,0.28
10,44,14,0.98
10,49,14,0.89
10,53,14,0.8
10,56,14,0.92
10,57,14,0.55
10,69,14,0.5
10,81,14,0.52
10,82,14,0.58
10,0,2,0.86
10,7,2,0.51
10,10,2,0
10,15,2,0.42
10,28,2,0.19
10,35,2,0.06
10,37,2,0.87
10,38,2,0.38
10,51,2,0.18
10,53,2,0.88
10,66,2,0.07
10,67,2,0.14
10,87,2,0.35
10,93,2,0.04
10,95,2,0.87
11,4,9,0.7
11,11,9,0
11,14,9,0.32
11,17,9,0.91
11,26,9,0.39
11,29,9,0.22
11,30,9,0.73
11,31,9,0.09
11,35,9,0.3
11,42,9,0.75
11,43,9,0.75
11,46,9,0.13
11,48,9,0.51
11,60,9,0.75
11,62,9,0.99
11,79,9,0.88
11,99,9,0.13
11,4,16,0.75
11,11,16,0
11,24,16,0.58
11,30,16,0.31
11,34,16,0.58
11,36,16,0.56
11,39,16,0.43
11,62,16,0.64
11,63,16,0.33
11,78,16,0.63
11,83,16,0.44
11,85,16,0.57
11,86,16,0.37
11,88,16,0.96
11,98,16,0.89
12,5,10,0.69
12,8,10,0.57
12,12,10,0
12,21,10,0.54
12,22,10,0.34
12,23,10,0.75
12,38,10,0.73
12,39,10,0.2
12,40,10,0.08
12,44,10,0.03
12,52,10,0.47
12,53,10,1.0
12,59,10,0.71
12,66,10,0.38
12,77,10,0.0
12,93,10,0.34
12,97,10,0.83
12,98,10,0.86
12,99,10,0.56
12,12,1,0
12,17,1,0.59
12,19,1,0.53
12,21,1,0.43
12,33,1,0.12
12,34,1,0.79
12,45,1,0.82
12,48,1,0.89
12,50,1,0.41
12,61,1,0.55
12,68,1,0.58
12,70,1,0.92
12,76,1,0.19
12,84,1,0.96
13,0,4,0.55
13,1,4,0.29
13,3,4,0.18
13,13,4,0
13,16,4,0.63
13,18,4,0.54
13,25,4,0.35
13,42,4,0.26
13,47,4,0.84
13,61,4,0.09
13,64,4,0.83
13,71,4,0.46
13,72,4,0.04
13,74,4,0.05
13,77,4,0.39
13,78,4,0.45
13,84,4,0.92
13,89,4,0.43
13,90,4,0.84
13,93,4,0.34
13,1,0,0.91
13,9,0,0.85
13,13,0,0
13,15,0,0.14
13,18,0,0.93
13,26,0,0.55
13,28,0,0.89
13,32,0,0.28
13,44,0,0.11
13,55,0,0.1
13,63,0,0.78
13,65,0,0.07
13,73,0,0.38
13,74,0,0.02
13,80,0,0.29
13,89,0,0.3
13,91,0,0.28
13,95,0,0.92
13,96,0,0.31
13,99,0,0.11
14,2,3,0.52
14,14,3,0
14,24,3,0.39
14,28,3,0.99
14,29,3,0.53
14,32,3,0.81
14,33,3,0.39
14,43,3,0.52
14,46,3,0.59
14,55,3,0.05
14,60,3,0.29
14,66,3,0.47
14,69,3,0.65
14,75,3,0.67
14,78,3,0.59
14,91,3,0.1
14,98,3,0.34
14,8,6,0.01
14,14,6,0
14,19,6,0.64
14,26,6,0.31
14,34,6,0.52
14,37,6,0.15
14,51,6,0.81
14,57,6,0.73
14,66,6,0.73
14,68,6,0.77
14,88,6,0.07
14,4,9,0.07
14,11,9,0.78
14,14,9,0
14,17,9,0.26
14,26,9,0.65
14,29,9,0.79
14,30,9,0.48
14,31,9,0.86
14,35,9,0.92
14,42,9,0.64
14,43,9,0.28
14,46,9,0.0
14,48,9,0.54
14,60,9,0.5
14,62,9,0.4
14,79,9,0.02
14,99,9,0.09
14,6,7,0.62
14,10,7,0.04
14,14,7,0
14,21,7,0.02
14,24,7,0.98
14,27,7,0.72
14,40,7,0.02
14,43,7,0.59
14,45,7,0.55
14,48,7,0.27
14,52,7,0.2
14,64,7,0.65
14,69,7,0.89
14,73,7,0.95
14,76,7,0.16
14,86,7,0.41
14,87,7,0.82
14,90,7,0.06
14,96,7,0.92
15,0,5,0.54
15,3,5,0.54
15,7,5,0.17
15,15,5,0
15,20,5,0.33
15,22,5,0.36
15,25,5,0.56
15,29,5,0.16
15,37,5,0.26
15,39,5,0.22
15,41,5,0.65
15,42,5,0.96
15,47,5,0.83
15,52,5,0.3
15,55,5,0.52
15,65,5,0.38
15,68,5,0.12
15,70,5,0.12
15,71,5,0.59
15,73,5,0.46
15,78,5,0.5
15,82,5,0.62
15,87,5,0.65
15,97,5,0.7
15,1,0,0.71
15,9,0,0.35
15,13,0,0.31
15,15,0,0
15,18,0,0.58
15,26,0,0.34
15,28,0,0.22
15,32,0,0.56
15,44,0,0.97
15,55,0,0.23
15,63,0,0.55
15,65,0,0.8
15,73,0,0.0
15,74,0,0.3
15,80,0,0.83
15,89,0,0.34
15,91,0,0.48
15,95,0,0.81
15,96,0,0.59
15,99,0,0.34
15,0,2,0.38
15,7,2,0.63
15,10,2,0.69
15,15,2,0
15,28,2,0.0
15,35,2,0.4
15,37,2,0.2
15,38,2,0.4
15,51,2,0.42
15,53,2,0.2
15,66,2,0.6
15,67,2,0.98
15,87,2,0.15
15,93,2,0.45
15,95,2,0.77
16,6,19,0.73
16,7,19,1.0
16,16,19,0
16,35,19,0.63
16,45,19,0.72
16,57,19,0.26
16,58,19,0.14
16,63,19,0.38
16,75,19,0.43
16,76,19,0.81
16,79,19,0.37
16,80,19,0.72
16,82,19,0.87
16,83,19,0.56
16,95,19,0.94
16,98,19,0.1
16,0,4,0.69
16,1,4,0.99
16,3,4,0.37
16,13,4,0.51
16,16,4,0
16,18,4,0.88
16,25,4,0.05
16,42,4,0.36
16,47,4,0.15
16,61,4,0.4
16,64,4,0.18
16,71,4,0.55
16,72,4,0.03
16,74,4,0.14
16,77,4,0.23
16,78,4,0.42
16,84,4,0.45
16,89,4,0.88
16,90,4,0.73
16,93,4,0.33
17,6,18,0.22
17,9,18,0.04
17,17,18,0
17,18,18,0.18
17,23,18,0.28
17,26,18,0.66
17,50,18,0.85
17,53,18,0.8
17,54,18,0.53
17,72,18,0.36
17,79,18,0.11
17,84,18,0.83
17,12,1,0.41
17,17,1,0
17,19,1,0.46
17,21,1,0.88
17,33,1,0.66
17,34,1,0.2
17,45,1,0.43
17,48,1,0.29
17,50,1,0.33
17,61,1,0.75
17,68,1,0.04
17,70,1,0.68
17,76,1,0.45
17,84,1,0.24
17,4,9,0.92
17,11,9,0.03
17,14,9,0.0
17,17,9,0
17,26,9,0.39
17,29,9,0.52
17,30,9,0.81
17,31,9,0.99
17,35,9,0.88
17,42,9,0.12
17,43,9,0.19
17,46,9,0.87
17,48,9,0.78
17,60,9,0.76
17,62,9,0.68
17,79,9,0.02
17,99,9,0.98
18,1,0,0.73
18,9,0,0.21
18,13,0,0.07
18,15,0,0.4
18,18,0,0
18,26,0,0.06
18,28,0,0.66
18,32,0,0.47
18,44,0,0.58
18,55,0,0.43
18,63,0,0.03
18,65,0,0.89
18,73,0,0.97
18,74,0,0.12
18,80,0,0.67
18,89,0,0.19
18,91,0,0.17
18,95,0,0.11
18,96,0,0.98
18,99,0,0.66
18,0,4,0.96
18,1,4,0.86
18,3,4,0.15
18,13,4,0.76
18,16,4,0.55
18,18,4,0
18,25,4,0.88
18,42,4,0.95
18,47,4,0.15
18,61,4,0.52
18,64,4,0.89
18,71,4,0.22
18,72,4,0.14
18,74,4,0.43
18,77,4,0.22
18,78,4,0.9
18,84,4,0.1
18,89,4,0.72
18,90,4,0.32
18,93,4,0.19
18,7,11,0.24
18,18,11,0
18,37,11,0.49
18,38,11,0.58
18,41,11,0.66
18,49,11,0.48
18,51,11,0.23
18,62,11,0.74
18,81,11,0.46
18,86,11,0.39
18,92,11,0.41
18,95,11,0.71
18,6,18,0.48
18,9,18,0.13
18,17,18,0.23
18,18,18,0
18,23,18,0.14
18,26,18,0.04
18,50,18,0.26
18,53,18,0.6
18,54,18,0.4
18,72,18,0.72
18,79,18,0.47
18,84,18,0.6
19,8,6,0.58
19,14,6,0.59
19,19,6,0
19,26,6,0.8
19,34,6,0.4
19,37,6,0.08
19,51,6,0.73
19,57,6,0.1
19,66,6,0.83
19,68,6,0.98
19,88,6,0.24
19,12,1,0.06
19,17,1,0.07
19,19,1,0
19,21,1,0.78
19,33,1,0.14
19,34,1,0.87
19,45,1,0.37
19,48,1,0.49
19,50,1,0.48
19,61,1,0.95
19,68,1,0.85
19,70,1,0.57
19,76,1,0.51
19,84,1,0.7
19,5,17,0.07
19,19,17,0
19,54,17,0.53
19,58,17,0.13
19,59,17,0.91
19,67,17,0.97
19,74,17,0.89
19,75,17,0.28
19,88,17,0.3
20,3,12,0.26
20,20,12,0
20,22,12,0.42
20,23,12,0.42
20,33,12,0.13
20,34,12,0.19
20,36,12,0.52
20,40,12,0.01
20,41,12,0.68
20,56,12,0.76
20,74,12,0.17
20,79,12,0.64
20,86,12,0.59
20,92,12,0.42
20,0,5,0.3
20,3,5,0.71
20,7,5,0.8
20,15,5,0.99
20,20,5,0
20,22,5,0.82
20,25,5,0.65
20,29,5,0.38
20,37,5,0.08
20,39,5,0.78
20,41,5,0.38
20,42,5,0.0
20,47,5,0.09
20,52,5,0.19
20,55,5,0.21
20,65,5,0.28
20,68,5,0.25
20,70,5,0.42
20,71,5,0.73
20,73,5,0.25
20,78,5,0.29
20,82,5,0.64
20,87,5,0.42
20,97,5,0.36
20,0,8,0.05
20,20,8,0
20,30,8,0.24
20,31,8,0.81
20,39,8,0.02
20,56,8,0.89
20,58,8,0.73
20,84,8,0.5
20,89,8,0.52
20,94,8,0.59
20,96,8,0.21
21,6,7,0.78
21,10,7,0.51
21,14,7,0.54
21,21,7,0
21,24,7,0.72
21,27,7,0.85
21,40,7,0.17
21,43,7,0.06
21,45,7,0.82
21,48,7,0.8
21,52,7,0.56
21,64,7,0.31
21,69,7,0.23
21,73,7,0.08
21,76,7,0.8
21,86,7,0.05
21,87,7,0.98
21,90,7,0.47
21,96,7,0.68
21,5,10,0.36
21,8,10,0.97
21,12,10,0.3
21,21,10,0
21,22,10,0.3
21,23,10,0.69
21,38,10,0.85
21,39,10,0.37
21,40,10,0.25
21,44,10,1.0
21,52,10,0.39
21,53,10,1.0
21,59,10,0.07
21,66,10,0.42
21,77,10,0.84
21,93,10,0.44
21,97,10,0.67
21,98,10,0.92
21,99,10,0.26
21,1,13,0.46
21,2,13,0.07
21,9,13,0.06
21,21,13,0
21,24,13,0.16
21,27,13,0.05
21,30,13,0.43
21,40,13,0.37
21,42,13,0.75
21,48,13,0.81
21,51,13,0.54
21,56,13,0.26
21,63,13,0.3
21,65,13,0.42
21,69,13,0.86
21,12,1,0.74
21,17,1,0.56
21,19,1,0.14
21,21,1,0
21,33,1,0.46
21,34,1,0.09
21,45,1,0.02
21,48,1,0.64
21,50,1,0.93
21,61,1,0.29
21,68,1,0.93
21,70,1,0.67
21,76,1,0.0
21,84,1,0.03
22,5,10,0.62
22,8,10,0.56
22,12,10,0.29
22,21,10,0.19
22,22,10,0
22,23,10,0.25
22,38,10,0.44
22,39,10,0.68
22,40,10,0.57
22,44,10,0.98
22,52,10,0.38
22,53,10,0.56
22,59,10,0.54
22,66,10,0.37
22,77,10,0.42
22,93,10,0.73
22,97,10,0.09
22,98,10,0.98
22,99,10,0.05
22,0,5,0.98
22,3,5,0.02
22,7,5,0.21
22,15,5,0.75
22,20,5,0.4
22,22,5,0
22,25,5,0.51
22,29,5,0.43
22,37,5,0.57
22,39,5,0.81
22,41,5,0.56
22,42,5,0.79
22,47,5,0.46
22,52,5,0.61
22,55,5,0.73
22,65,5,0.33
22,68,5,0.13
22,70,5,0.19
22,71,5,0.25
22,73,5,0.63
22,78,5,0.58
22,82,5,0.64
22,87,5,0.42
22,97,5,0.89
22,3,12,0.51
22,20,12,0.39
22,22,12,0
22,23,12,0.91
22,33,12,0.78
22,34,12,0.15
22,36,12,0.27
22,40,12,0.48
22,41,12,0.08
22,56,12,0.56
22,74,12,0.83
22,79,12,0.5
22,86,12,0.72
22,92,12,0.92
23,6,18,0.21
23,9,18,0.21
23,17,18,0.59
23,18,18,0.87
23,23,18,0
23,26,18,0.42
23,50,18,0.55
23,53,18,0.93
23,54,18,0.2
23,72,18,0.12
23,79,18,0.95
23,84,18,0.89
23,3,12,0.4
23,20,12,0.89
23,22,12,0.69
23,23,12,0
23,33,12,0.1
23,34,12,0.24
23,36,12,0.11
23,40,12,0.26
23,41,12,0.94
23,56,12,0.09
23,74,12,0.22
23,79,12,0.53
23,86,12,0.93
23,92,12,0.24
23,5,10,0.8
23,8,10,0.35
23,12,10,0.8
23,21,10,0.64
23,22,10,0.88
23,23,10,0
23,38,10,0.41
23,39,10,0.63
23,40,10,0.08
23,44,10,0.94
23,52,10,0.26
23,53,10,0.11
23,59,10,0.28
23,66,10,0.32
23,77,10,0.38
23,93,10,0.26
23,97,10,0.13
23,98,10,0.85
23,99,10,0.3
24,2,3,0.85
24,14,3,0.2
24,24,3,0
24,28,3,0.3
24,29,3,0.89
24,32,3,0.83
24,33,3,0.8
24,43,3,0.79
24,46,3,0.02
24,55,3,0.84
24,60,3,0.2
24,66,3,0.85
24,69,3,0.48
24,75,3,0.81
24,78,3,0.71
24,91,3,0.43
24,98,3,0.85
24,4,16,0.05
24,11,16,0.43
24,24,16,0
24,30,16,1.0
24,34,16,0.52
24,36,16,0.37
24,39,16,0.97
24,62,16,0.96
24,63,16,0.82
24,78,16,0.33
24,83,16,0.9
24,85,16,0.83
24,86,16,0.56
24,88,16,0.69
24,98,16,0.98
24,6,7,0.19
24,10,7,0.93
24,14,7,0.92
24,21,7,0.02
24,24,7,0
24,27,7,0.03
24,40,7,0.28
24,43,7,0.05
24,45,7,0.23
24,48,7,0.75
24,52,7,0.86
24,64,7,0.55
24,69,7,0.0
24,73,7,0.74
24,76,7,0.08
24,86,7,0.69
24,87,7,0.69
24,90,7,0.44
24,96,7,0.33
24,1,13,0.56
24,2,13,0.38
24,9,13,0.11
24,21,13,0.29
24,24,13,0
24,27,13,0.75
24,30,13,0.43
24,40,13,0.56
24,42,13,0.38
24,48,13,0.95
24,51,13,0.23
24,56,13,0.31
24,63,13,0.01
24,65,13,0.51
24,69,13,0.9
25,0,5,0.57
25,3,5,0.08
25,7,5,0.71
25,15,5,0.24
25,20,5,0.45
25,22,5,0.53
25,25,5,0
25,29,5,0.35
25,37,5,0.27
25,39,5,0.06
25,41,5,0.39
25,42,5,0.03
25,47,5,0.58
25,52,5,0.86
25,55,5,0.08
25,65,5,0.12
25,68,5,0.68
25,70,5,0.33
25,71,5,0.16
25,73,5,0.27
25,78,5,0.89
25,82,5,0.2
25,87,5,0.1
25,97,5,0.62
25,0,4,0.19
25,1,4,1.0
25,3,4,0.98
25,13,4,0.47
25,16,4,0.08
25,18,4,0.31
25,25,4,0
25,42,4,0.41
25,47,4,0.75
25,61,4,0.81
25,64,4,0.8
25,71,4,0.01
25,72,4,0.4
25,74,4,0.08
25,77,4,0.19
25,78,4,0.84
25,84,4,0.81
25,89,4,0.3
25,90,4,0.1
25,93,4,0.16
26,6,18,0.8
26,9,18,0.6
26,17,18,0.79
26,18,18,0.91
26,23,18,0.22
26,26,18,0
26,50,18,0.9
26,53,18,0.69
26,54,18,0.18
26,72,18,0.94
26,79,18,0.47
26,84,18,0.33
26,4,9,0.99
26,11,9,0.46
26,14,9,0.28
26,17,9,0.12
26,26,9,0
26,29,9,0.24
26,30,9,0.06
26,31,9,0.15
26,35,9,0.89
26,42,9,0.38
26,43,9,0.44
26,46,9,0.45
26,48,9,0.56
26,60,9,0.18
26,62,9,0.47
26,79,9,0.76
26,99,9,0.58
26,1,0,0.63
26,9,0,0.22
26,13,0,0.48
26,15,0,0.38
26,18,0,0.85
26,26,0,0
26,28,0,0.34
26,32,0,0.5
26,44,0,0.77
26,55,0,0.04
26,63,0,0.78
26,65,0,0.16
26,73,0,0.05
26,74,0,0.29
26,80,0,0.34
26,89,0,0.54
26,91,0,0.13
26,95,0,0.78
26,96,0,0.03
26,99,0,0.87
26,8,6,0.1
26,14,6,0.61
26,19,6,0.26
26,26,6,0
26,34,6,0.19
26,37,6,0.68
26,51,6,0.17
26,57,6,0.88
26,66,6,0.77
26,68,6,0.57
26,88,6,0.97
27,6,7,0.66
27,10,7,0.27
27,14,7,0.43
27,21,7,0.49
27,24,7,0.5
27,27,7,0
27,40,7,0.45
27,43,7,0.57
27,45,7,0.45
27,48,7,0.08
27,52,7,0.58
27,64,7,0.55
27,69,7,0.93
27,73,7,0.69
27,76,7,0.09
27,86,7,0.68
27,87,7,0.51
27,90,7,0.89
27,96,7,0.5
27,8,14,0.86
27,10,14,0.09
27,27,14,0
27,44,14,0.13
27,49,14,0.66
27,53,14,0.02
27,56,14,0.89
27,57,14,0.31
27,69,14,0.68
27,81,14,0.61
27,82,14,0.93
27,1,13,0.86
27,2,13,0.26
27,9,13,0.66
27,21,13,0.2
27,24,13,0.71
27,27,13,0
27,30,13,0.32
27,40,13,0.27
27,42,13,0.02
27,48,13,0.83
27,51,13,0.54
27,56,13,0.31
27,63,13,0.41
27,65,13,0.52
27,69,13,0.98
28,2,3,0.09
28,14,3,0.21
28,24,3,0.47
28,28,3,0
28,29,3,0.57
28,32,3,0.15
28,33,3,0.14
28,43,3,0.58
28,46,3,0.37
28,55,3,0.39
28,60,3,0.87
28,66,3,0.32
28,69,3,0.3
28,75,3,0.93
28,78,3,0.06
28,91,3,0.87
28,98,3,0.83
28,0,2,0.59
28,7,2,0.12
28,10,2,0.28
28,15,2,0.72
28,28,2,0
28,35,2,0.68
28,37,2,0.51
28,38,2,0.56
28,51,2,0.66
28,53,2,0.21
28,66,2,0.48
28,67,2,0.83
28,87,2,0.08
28,93,2,0.25
28,95,2,0.54
28,1,0,0.02
28,9,0,0.49
28,13,0,0.11
28,15,0,0.69
28,18,0,0.89
28,26,0,0.35
28,28,0,0
28,32,0,0.32
28,44,0,0.73
28,55,0,0.98
28,63,0,0.38
28,65,0,0.35
28,73,0,0.81
28,74,0,0.19
28,80,0,0.11
28,89,0,0.15
28,91,0,0.63
28,95,0,0.54
28,96,0,0.15
28,99,0,0.73
29,4,9,0.24
29,11,9,0.65
29,14,9,0.08
29,17,9,0.65
29,26,9,0.11
29,29,9,0
29,30,9,0.9
29,31,9,0.0
29,35,9,0.4
29,42,9,0.22
29,43,9,0.03
29,46,9,0.69
29,48,9,0.7
29,60,9,0.33
29,62,9,0.67
29,79,9,0.61
29,99,9,0.43
29,0,5,0.44
29,3,5,0.68
29,7,5,0.69
29,15,5,0.48
29,20,5,0.54
29,22,5,0.85
29,25,5,0.34
29,29,5,0
29,37,5,0.55
29,39,5,0.37
29,41,5,0.49
29,42,5,0.03
29,47,5,0.27
29,52,5,0.27
29,55,5,0.56
29,65,5,0.17
29,68,5,0.52
29,70,5,0.61
29,71,5,0.04
29,73,5,0.85
29,78,5,0.51
29,82,5,0.97
29,87,5,0.33
29,97,5,0.39
29,2,3,0.29
29,14,3,0.19
29,24,3,0.28
29,28,3,0.34
29,29,3,0
29,32,3,0.12
29,33,3,0.54
29,43,3,0.43
29,46,3,0.21
29,55,3,0.33
29,60,3,0.68
29,66,3,0.52
29,69,3,0.11
29,75,3,0.1
29,78,3,0.32
29,91,3,0.26
29,98,3,0.94
30,1,13,0.66
30,2,13,0.18
30,9,13,0.48
30,21,13,0.56
30,24,13,0.67
30,27,13,0.92
30,30,13,0
30,40,13,0.47
30,42,13,0.39
30,48,13,0.22
30,51,13,0.51
30,56,13,0.37
30,63,13,0.32
30,65,13,0.15
30,69,13,0.93
30,0,8,0.79
30,20,8,0.44
30,30,8,0
30,31,8,0.78
30,39,8,0.37
30,56,8,0.63
30,58,8,0.76
30,84,8,0.57
30,89,8,0.86
30,94,8,0.52
30,96,8,0.38
30,4,9,0.1
30,11,9,0.78
30,14,9,0.37
30,17,9,0.13
30,26,9,0.54
30,29,9,0.68
30,30,9,0
30,31,9,0.27
30,35,9,0.43
30,42,9,0.56
30,43,9,0.68
30,46,9,0.26
30,48,9,0.35
30,60,9,0.3
30,62,9,0.77
30,79,9,0.11
30,99,9,0.95
30,4,16,0.72
30,11,16,0.96
30,24,16,0.85
30,30,16,0
30,34,16,0.07
30,36,16,0.15
30,39,16,0.73
30,62,16,0.91
30,63,16,0.02
30,78,16,0.22
30,83,16,0.75
30,85,16,0.89
30,86,16,0.6
30,88,16,0.37
30,98,16,0.2
31,0,8,0.76
31,20,8,0.06
31,30,8,0.36
31,31,8,0
31,39,8,0.88
31,56,8,0.86
31,58,8,0.56
31,84,8,0.0
31,89,8,0.18
31,94,8,0.4
31,96,8,0.44
31,4,9,0.88
31,11,9,0.62
31,14,9,0.94
31,17,9,0.66
31,26,9,0.2
31,29,9,0.42
31,30,9,0.57
31,31,9,0
31,35,9,0.46
31,42,9,0.25
31,43,9,0.28
31,46,9,0.93
31,48,9,0.42
31,60,9,0.4
31,62,9,0.93
31,79,9,0.05
31,99,9,0.6
32,2,3,0.92
32,14,3,0.89
32,24,3,0.33
32,28,3,0.28
32,29,3,0.3
32,32,3,0
32,33,3,0.33
32,43,3,0.4
32,46,3,0.73
32,55,3,0.35
32,60,3,0.24
32,66,3,0.18
32,69,3,0.93
32,75,3,0.05
32,78,3,0.25
32,91,3,0.62
32,98,3,0.59
32,1,0,0.74
32,9,0,0.49
32,13,0,0.53
32,15,0,0.9
32,18,0,0.43
32,26,0,0.14
32,28,0,0.91
32,32,0,0
32,44,0,0.72
32,55,0,0.06
32,63,0,0.25
32,65,0,0.46
32,73,0,0.14
32,74,0,0.27
32,80,0,0.2
32,89,0,0.27
32,91,0,0.77
32,95,0,0.96
32,96,0,0.07
32,99,0,0.46
33,2,3,0.52
33,14,3,0.48
33,24,3,0.49
33,28,3,1.0
33,29,3,0.83
33,32,3,0.64
33,33,3,0
33,43,3,0.64
33,46,3,0.74
33,55,3,0.97
33,60,3,0.37
33,66,3,0.55
33,69,3,0.52
33,75,3,0.16
33,78,3,0.51
33,91,3,0.04
33,98,3,0.06
33,12,1,0.42
33,17,1,0.42
33,19,1,0.25
33,21,1,0.06
33,33,1,0
33,34,1,0.04
33,45,1,0.04
33,48,1,0.29
33,50,1,0.52
33,61,1,0.83
33,68,1,0.65
33,70,1,0.08
33,76,1,0.25
33,84,1,0.54
33,3,12,0.79
33,20,12,0.01
33,22,12,0.8
33,23,12,0.54
33,33,12,0
33,34,12,0.4
33,36,12,0.58
33,40,12,0.81
33,41,12,0.2
33,56,12,0.16
33,74,12,0.99
33,79,12,0.88
33,86,12,0.73
33,92,12,0.19
34,12,1,0.88
34,17,1,0.49
34,19,1,0.73
34,21,1,0.48
34,33,1,0.07
34,34,1,0
34,45,1,0.67
34,48,1,0.7
34,50,1,0.79
34,61,1,0.49
34,68,1,0.08
34,70,1,0.51
34,76,1,0.22
34,84,1,0.52
34,3,12,0.02
34,20,12,0.55
34,22,12,0.22
34,23,12,0.63
34,33,12,0.98
34,34,12,0
34,36,12,0.37
34,40,12,0.54
34,41,12,0.3
34,56,12,0.13
34,74,12,0.77
34,79,12,0.55
34,86,12,0.46
34,92,12,0.04
34,8,6,0.44
34,14,6,0.74
34,19,6,0.99
34,26,6,0.49
34,34,6,0
34,37,6,0.65
34,51,6,0.24
34,57,6,0.46
34,66,6,0.21
34,68,6,0.7
34,88,6,0.8
34,4,16,0.43
34,11,16,0.79
34,24,16,0.76
34,30,16,0.15
34,34,16,0
34,36,16,1.0
34,39,16,0.49
34,62,16,0.71
34,63,16,0.81
34,78,16,0.39
34,83,16,0.82
34,85,16,0.9
34,86,16,0.83
34,88,16,0.31
34,98,16,0.03
35,6,19,0.62
35,7,19,0.38
35,16,19,0.33
35,35,19,0
35,45,19,0.09
35,57,19,0.24
35,58,19,0.37
35,63,19,0.41
35,75,19,0.71
35,76,19,0.5
35,79,19,0.09
35,80,19,0.03
35,82,19,0.38
35,83,19,0.95
35,95,19,0.09
35,98,19,0.64
35,0,2,0.36
35,7,2,0.22
35,10,2,0.89
35,15,2,0.16
35,28,2,0.47
35,35,2,0
35,37,2,0.07
35,38,2,0.83
35,51,2,0.46
35,53,2,0.07
35,66,2,0.62
35,67,2,0.96
35,87,2,0.18
35,93,2,0.11
35,95,2,0.63
35,4,9,0.42
35,11,9,0.06
35,14,9,0.24
35,17,9,0.19
35,26,9,0.74
35,29,9,0.21
35,30,9,0.1
35,31,9,0.38
35,35,9,0
35,42,9,0.46
35,43,9,0.12
35,46,9,0.17
35,48,9,0.3
35,60,9,0.01
35,62,9,0.77
35,79,9,0.34
35,99,9,0.63
36,5,15,0.61
36,36,15,0
36,38,15,0.2
36,44,15,0.48
36,55,15,0.61
36,68,15,0.84
36,76,15,0.72
36,81,15,0.81
36,85,15,0.63
36,90,15,0.17
36,91,15,0.3
36,94,15,0.16
36,3,12,0.87
36,20,12,0.57
36,22,12,0.34
36,23,12,0.84
36,33,12,0.25
36,34,12,0.63
36,36,12,0
36,40,12,0.85
36,41,12,0.46
36,56,12,0.9
36,74,12,0.29
36,79,12,0.62
36,86,12,0.86
36,92,12,0.04
36,4,16,0.17
36,11,16,0.52
36,24,16,0.43
36,30,16,0.34
36,34,16,0.8
36,36,16,0
36,39,16,0.69
36,62,16,0.5
36,63,16,0.56
36,78,16,0.88
36,83,16,0.03
36,85,16,0.26
36,86,16,0.93
36,88,16,0.84
36,98,16,0.63
37,0,5,0.79
37,3,5,0.87
37,7,5,0.46
37,15,5,0.68
37,20,5,0.59
37,22,5,0.35
37,25,5,0.41
37,29,5,0.31
37,37,5,0
37,39,5,0.78
37,41,5,0.33
37,42,5,0.03
37,47,5,0.37
37,52,5,0.87
37,55,5,0.99
37,65,5,0.56
37,68,5,0.1
37,70,5,0.8
37,71,5,0.51
37,73,5,0.71
37,78,5,0.21
37,82,5,0.11
37,87,5,0.48
37,97,5,0.9
37,8,6,0.48
37,14,6,0.02
37,19,6,0.74
37,26,6,0.64
37,34,6,0.26
37,37,6,0
37,51,6,0.7
37,57,6,0.07
37,66,6,0.52
37,68,6,0.43
37,88,6,0.7
37,7,11,0.03
37,18,11,0.91
37,37,11,0
37,38,11,0.99
37,41,11,0.79
37,49,11,0.65
37,51,11,0.6
37,62,11,0.52
37,81,11,0.99
37,86,11,0.61
37,92,11,0.91
37,95,11,0.66
37,0,2,0.77
37,7,2,0.8
37,10,2,0.62
37,15,2,0.67
37,28,2,0.73
37,35,2,0.37
37,37,2,0
37,38,2,0.31
37,51,2,0.43
37,53,2,0.73
37,66,2,0.1
37,67,2,0.04
37,87,2,0.71
37,93,2,0.39
37,95,2,0.32
38,5,15,0.93
38,36,15,0.57
38,38,15,0
38,44,15,0.79
38,55,15,0.2
38,68,15,0.48
38,76,15,0.34
38,81,15,0.4
38,85,15,0.33
38,90,15,0.47
38,91,15,0.36
38,94,15,0.47
38,7,11,0.9
38,18,11,0.1
38,37,11,0.53
38,38,11,0
38,41,11,0.29
38,49,11,0.99
38,51,11,0.18
38,62,11,0.24
38,81,11,0.06
38,86,11,0.76
38,92,11,0.17
38,95,11,0.45
38,5,10,0.37
38,8,10,0.44
38,12,10,0.23
38,21,10,0.64
38,22,10,0.75
38,23,10,0.75
38,38,10,0
38,39,10,0.29
38,40,10,0.97
38,44,10,0.95
38,52,10,0.62
38,53,10,0.18
38,59,10,0.03
38,66,10,0.82
38,77,10,0.71
38,93,10,0.73
38,97,10,0.49
38,98,10,0.89
38,99,10,0.19
38,0,2,0.94
38,7,2,0.2
38,10,2,0.96
38,15,2,0.34
38,28,2,0.39
38,35,2,0.52
38,37,2,0.42
38,38,2,0
38,51,2,0.15
38,53,2,0.92
38,66,2,0.91
38,67,2,0.53
38,87,2,0.87
38,93,2,0.85
38,95,2,0.66
39,4,16,0.42
39,11,16,0.79
39,24,16,0.96
39,30,16,0.86
39,34,16,0.89
39,36,16,0.28
39,39,16,0
39,62,16,0.11
39,63,16,0.12
39,78,16,0.06
39,83,16,0.2
39,85,16,0.03
39,86,16,0.83
39,88,16,0.07
39,98,16,0.03
39,0,5,0.7
39,3,5,0.72
39,7,5,0.64
39,15,5,0.07
39,20,5,0.1
39,22,5,1.0
39,25,5,0.18
39,29,5,0.07
39,37,5,0.42
39,39,5,0
39,41,5,0.09
39,42,5,0.71
39,47,5,0.81
39,52,5,0.47
39,55,5,0.97
39,65,5,0.41
39,68,5,0.57
39,70,5,1.0
39,71,5,0.0
39,73,5,0.62
39,78,5,0.99
39,82,5,0.33
39,87,5,0.61
39,97,5,0.33
39,0,8,0.81
39,20,8,0.89
39,30,8,0.2
39,31,8,0.02
39,39,8,0
39,56,8,0.1
39,58,8,0.82
39,84,8,0.85
39,89,8,0.19
39,94,8,0.66
39,96,8,1.0
39,5,10,0.19
39,8,10,0.03
39,12,10,0.58
39,21,10,0.38
39,22,10,0.82
39,23,10,0.14
39,38,10,0.79
39,39,10,0
39,40,10,0.43
39,44,10,0.66
39,52,10,0.63
39,53,10,0.28
39,59,10,0.56
39,66,10,0.45
39,77,10,0.05
39,93,10,0.89
39,97,10,0.77
39,98,10,0.58
39,99,10,0.7
40,5,10,0.44
40,8,10,0.38
40,12,10,0.64
40,21,10,0.57
40,22,10,0.39
40,23,10,0.66
40,38,10,0.24
40,39,10,0.41
40,40,10,0
40,44,10,0.96
40,52,10,0.65
40,53,10,0.86
40,59,10,0.21
40,66,10,0.58
40,77,10,0.69
40,93,10,0.6
40,97,10,0.86
40,98,10,0.16
40,99,10,0.58
40,1,13,0.31
40,2,13,0.71
40,9,13,0.86
40,21,13,0.21
40,24,13,0.91
40,27,13,0.77
40,30,13,0.59
40,40,13,0
40,42,13,0.86
40,48,13,0.82
40,51,13,0.9
40,56,13,0.01
40,63,13,0.47
40,65,13,0.24
40,69,13,0.83
40,6,7,0.0
40,10,7,0.79
40,14,7,0.55
40,21,7,0.08
40,24,7,0.14
40,27,7,0.52
40,40,7,0
40,43,7,0.11
40,45,7,0.02
40,48,7,0.85
40,52,7,0.73
40,64,7,0.67
40,69,7,0.44
40,73,7,0.94
40,76,7,0.54
40,86,7,0.04
40,87,7,0.26
40,90,7,0.01
40,96,7,0.25
40,3,12,0.93
40,20,12,0.12
40,22,12,0.97
40,23,12,0.19
40,33,12,0.22
40,34,12,0.94
40,36,12,0.96
40,40,12,0
40,41,12,0.05
40,56,12,0.04
40,74,12,0.79
40,79,12,0.2
40,86,12,0.56
40,92,12,0.54
41,3,12,0.82
41,20,12,0.4
41,22,12,0.02
41,23,12,0.28
41,33,12,0.33
41,34,12,0.52
41,36,12,0.13
41,40,12,0.4
41,41,12,0
41,56,12,0.44
41,74,12,0.1
41,79,12,0.2
41,86,12,0.44
41,92,12,0.39
41,7,11,0.81
41,18,11,0.02
41,37,11,0.16
41,38,11,0.69
41,41,11,0
41,49,11,0.73
41,51,11,0.42
41,62,11,0.49
41,81,11,0.93
41,86,11,0.64
41,92,11,0.83
41,95,11,0.44
41,0,5,0.31
41,3,5,0.49
41,7,5,0.86
41,15,5,0.95
41,20,5,0.04
41,22,5,0.16
41,25,5,0.41
41,29,5,0.88
41,37,5,0.4
41,39,5,0.03
41,41,5,0
41,42,5,0.02
41,47,5,0.76
41,52,5,0.29
41,55,5,0.39
41,65,5,0.89
41,68,5,0.05
41,70,5,0.83
41,71,5,0.51
41,73,5,0.73
41,78,5,0.07
41,82,5,0.81
41,87,5,0.98
41,97,5,0.93
42,0,5,0.36
42,3,5,0.13
42,7,5,0.87
42,15,5,0.83
42,20,5,0.12
42,22,5,0.42
42,25,5,0.83
42,29,5,0.14
42,37,5,0.98
42,39,5,0.57
42,41,5,0.36
42,42,5,0
42,47,5,0.3
42,52,5,0.18
42,55,5,0.94
42,65,5,0.63
42,68,5,0.74
42,70,5,0.95
42,71,5,0.91
42,73,5,0.74
42,78,5,0.46
42,82,5,0.47
42,87,5,0.45
42,97,5,0.7
42,4,9,0.17
42,11,9,0.19
42,14,9,0.98
42,17,9,0.8
42,26,9,0.18
42,29,9,0.41
42,30,9,0.25
42,31,9,0.99
42,35,9,0.11
42,42,9,0
42,43,9,0.0
42,46,9,0.23
42,48,9,0.45
42,60,9,0.73
42,62,9,0.69
42,79,9,0.74
42,99,9,0.18
42,0,4,0.13
42,1,4,0.65
42,3,4,0.61
42,13,4,0.48
42,16,4,0.2
42,18,4,0.22
42,25,4,0.67
42,42,4,0
42,47,4,1.0
42,61,4,0.87
42,64,4,0.74
42,71,4,0.97
42,72,4,0.76
42,74,4,0.88
42,77,4,0.76
42,78,4,0.56
42,84,4,0.14
42,89,4,0.86
42,90,4,0.9
42,93,4,0.94
42,1,13,0.06
42,2,13,0.53
42,9,13,0.38
42,21,13,0.73
42,24,13,0.6
42,27,13,0.05
42,30,13,0.93
42,40,13,0.5
42,42,13,0
42,48,13,0.8
42,51,13,0.44
42,56,13,0.94
42,63,13,0.49
42,65,13,0.09
42,69,13,0.45
43,2,3,0.87
43,14,3,0.9
43,24,3,0.08
43,28,3,0.42
43,29,3,0.98
43,32,3,0.99
43,33,3,0.25
43,43,3,0
43,46,3,0.88
43,55,3,0.74
43,60,3,0.32
43,66,3,0.34
43,69,3,0.15
43,75,3,1.0
43,78,3,0.31
43,91,3,0.61
43,98,3,0.1
43,4,9,0.18
43,11,9,0.39
43,14,9,0.56
43,17,9,0.1
43,26,9,0.94
43,29,9,0.43
43,30,9,0.04
43,31,9,0.35
43,35,9,0.71
43,42,9,0.25
43,43,9,0
43,46,9,0.69
43,48,9,0.3
43,60,9,0.2
43,62,9,0.78
43,79,9,0.43
43,99,9,0.65
43,6,7,0.81
43,10,7,0.31
43,14,7,0.28
43,21,7,0.59
43,24,7,0.19
43,27,7,0.57
43,40,7,0.11
43,43,7,0
43,45,7,0.17
43,48,7,0.47
43,52,7,0.36
43,64,7,0.95
43,69,7,0.8
43,73,7,0.61
43,76,7,0.98
43,86,7,0.87
43,87,7,0.48
43,90,7,0.97
43,96,7,0.76
44,8,14,0.59
44,10,14,0.22
44,27,14,0.45
44,44,14,0
44,49,14,0.45
44,53,14,0.01
44,56,14,0.93
44,57,14,0.8
44,69,14,0.73
44,81,14,0.77
44,82,14,0.64
44,1,0,0.26
44,9,0,0.93
44,13,0,0.82
44,15,0,0.21
44,18,0,0.16
44,26,0,0.82
44,28,0,0.68
44,32,0,0.53
44,44,0,0
44,55,0,0.45
44,63,0,0.78
44,65,0,0.38
44,73,0,0.73
44,74,0,0.76
44,80,0,0.76
44,89,0,0.25
44,91,0,0.66
44,95,0,0.39
44,96,0,0.17
44,99,0,0.19
44,5,10,0.99
44,8,10,0.6
44,12,10,0.67
44,21,10,0.26
44,22,10,0.11
44,23,10,0.07
44,38,10,0.01
44,39,10,0.03
44,40,10,0.9
44,44,10,0
44,52,10,0.12
44,53,10,0.52
44,59,10,0.19
44,66,10,0.05
44,77,10,0.41
44,93,10,0.39
44,97,10,0.87
44,98,10,0.13
44,99,10,0.78
44,5,15,0.07
44,36,15,0.41
44,38,15,0.46
44,44,15,0
44,55,15,0.34
44,68,15,0.62
44,76,15,0.66
44,81,15,0.94
44,85,15,0.74
44,90,15,0.63
44,91,15,0.21
44,94,15,0.27
45,6,19,0.22
45,7,19,0.15
45,16,19,0.2
45,35,19,0.26
45,45,19,0
45,57,19,0.81
45,58,19,0.37
45,63,19,0.12
45,75,19,0.4
45,76,19,0.43
45,79,19,0.62
45,80,19,0.91
45,82,19,0.75
45,83,19,0.78
45,95,19,0.8
45,98,19,0.95
45,6,7,0.52
45,10,7,0.75
45,14,7,0.58
45,21,7,0.29
45,24,7,0.22
45,27,7,0.97
45,40,7,0.85
45,43,7,0.31
45,45,7,0
45,48,7,0.09
45,52,7,0.64
45,64,7,0.31
45,69,7,0.24
45,73,7,0.97
45,76,7,0.91
45,86,7,0.18
45,87,7,0.24
45,90,7,0.99
45,96,7,0.79
45,12,1,0.56
45,17,1,0.85
45,19,1,0.07
45,21,1,0.54
45,33,1,0.75
45,34,1,0.55
45,45,1,0
45,48,1,0.39
45,50,1,0.67
45,61,1,0.71
45,68,1,0.79
45,70,1,0.33
45,76,1,0.33
45,84,1,0.64
46,2,3,0.22
46,14,3,0.21
46,24,3,0.57
46,28,3,0.33
46,29,3,0.05
46,32,3,0.16
46,33,3,0.36
46,43,3,0.24
46,46,3,0
46,55,3,0.35
46,60,3,0.58
46,66,3,0.71
46,69,3,0.73
46,75,3,0.42
46,78,3,0.57
46,91,3,0.88
46,98,3,0.46
46,4,9,0.21
46,11,9,0.88
46,14,9,0.76
46,17,9,0.6
46,26,9,0.2
46,29,9,0.49
46,30,9,0.6
46,31,9,0.52
46,35,9,0.23
46,42,9,0.82
46,43,9,0.96
46,46,9,0
46,48,9,0.69
46,60,9,0.66
46,62,9,0.74
46,79,9,0.72
46,99,9,0.65
47,0,5,0.7
47,3,5,0.64
47,7,5,0.78
47,15,5,0.7
47,20,5,0.94
47,22,5,0.15
47,25,5,0.35
47,29,5,0.02
47,37,5,0.6
47,39,5,0.37
47,41,5,0.35
47,42,5,0.17
47,47,5,0
47,52,5,0.54
47,55,5,0.45
47,65,5,0.56
47,68,5,0.39
47,70,5,0.94
47,71,5,0.65
47,73,5,0.56
47,78,5,0.39
47,82,5,0.44
47,87,5,0.21
47,97,5,0.84
47,0,4,0.17
47,1,4,0.76
47,3,4,0.86
47,13,4,0.71
47,16,4,0.25
47,18,4,0.4
47,25,4,0.95
47,42,4,0.44
47,47,4,0
47,61,4,0.82
47,64,4,0.05
47,71,4,0.94
47,72,4,0.74
47,74,4,0.72
47,77,4,0.5
47,78,4,0.04
47,84,4,0.37
47,89,4,0.34
47,90,4,0.11
47,93,4,0.8
48,12,1,0.27
48,17,1,0.9
48,19,1,0.56
48,21,1,0.96
48,33,1,0.35
48,34,1,0.93
48,45,1,0.23
48,48,1,0
48,50,1,0.26
48,61,1,0.98
48,68,1,0.27
48,70,1,0.31
48,76,1,0.02
48,84,1,0.78
48,1,13,0.38
48,2,13,0.6
48,9,13,0.81
48,21,13,0.81
48,24,13,0.55
48,27,13,0.72
48,30,13,0.65
48,40,13,0.64
48,42,13,0.3
48,48,13,0
48,51,13,0.3
48,56,13,0.8
48,63,13,0.22
48,65,13,0.14
48,69,13,0.82
48,6,7,0.86
48,10,7,0.8
48,14,7,0.97
48,21,7,0.24
48,24,7,1.0
48,27,7,0.76
48,40,7,0.46
48,43,7,0.61
48,45,7,0.06
48,48,7,0
48,52,7,0.04
48,64,7,0.83
48,69,7,0.63
48,73,7,0.49
48,76,7,0.6
48,86,7,0.77
48,87,7,0.75
48,90,7,0.77
48,96,7,0.21
48,4,9,0.05
48,11,9,0.67
48,14,9,0.18
48,17,9,0.36
48,26,9,0.74
48,29,9,0.68
48,30,9,0.82
48,31,9,0.09
48,35,9,0.53
48,42,9,0.86
48,43,9,0.75
48,46,9,0.86
48,48,9,0
48,60,9,0.93
48,62,9,0.61
48,79,9,0.54
48,99,9,0.78
49,7,11,0.25
49,18,11,0.97
49,37,11,0.81
49,38,11,0.61
49,41,11,0.15
49,49,11,0
49,51,11,0.52
49,62,11,0.48
49,81,11,0.92
49,86,11,0.35
49,92,11,0.17
49,95,11,0.0
49,8,14,0.54
49,10,14,0.06
49,27,14,0.79
49,44,14,0.76
49,49,14,0
49,53,14,0.47
49,56,14,0.3
49,57,14,0.55
49,69,14,0.45
49,81,14,0.04
49,82,14,0.32
50,6,18,0.92
50,9,18,0.18
50,17,18,0.85
50,18,18,0.74
50,23,18,0.9
50,26,18,0.76
50,50,18,0
50,53,18,0.77
50,54,18,0.75
50,72,18,0.93
50,79,18,0.46
50,84,18,0.63
50,12,1,0.74
50,17,1,0.64
50,19,1,0.01
50,21,1,0.57
50,33,1,0.85
50,34,1,0.74
50,45,1,0.81
50,48,1,0.58
50,50,1,0
50,61,1,0.95
50,68,1,0.82
50,70,1,0.73
50,76,1,0.15
50,84,1,0.57
51,7,11,0.52
51,18,11,0.19
51,37,11,0.95
51,38,11,0.3
51,41,11,0.87
51,49,11,0.6
51,51,11,0
51,62,11,0.58
51,81,11,0.87
51,86,11,0.46
51,92,11,0.54
51,95,11,0.2
51,8,6,0.97
51,14,6,0.09
51,19,6,0.37
51,26,6,0.99
51,34,6,0.33
51,37,6,0.82
51,51,6,0
51,57,6,0.29
51,66,6,0.97
51,68,6,0.7
51,88,6,0.24
51,1,13,0.63
51,2,13,0.94
51,9,13,0.61
51,21,13,0.33
51,24,13,0.94
51,27,13,0.25
51,30,13,0.66
51,40,13,0.83
51,42,13,0.95
51,48,13,0.65
51,51,13,0
51,56,13,0.76
51,63,13,0.39
51,65,13,0.13
51,69,13,0.9
51,0,2,0.58
51,7,2,0.6
51,10,2,0.41
51,15,2,0.48
51,28,2,0.49
51,35,2,0.71
51,37,2,0.68
51,38,2,0.84
51,51,2,0
51,53,2,0.21
51,66,2,0.58
51,67,2,0.07
51,87,2,0.71
51,93,2,0.04
51,95,2,0.42
52,6,7,0.82
52,10,7,0.68
52,14,7,0.02
52,21,7,0.28
52,24,7,0.7
52,27,7,1.0
52,40,7,0.05
52,43,7,0.58
52,45,7,0.53
52,48,7,0.19
52,52,7,0
52,64,7,0.36
52,69,7,0.58
52,73,7,0.86
52,76,7,0.11
52,86,7,0.73
52,87,7,0.4
52,90,7,0.77
52,96,7,0.96
52,0,5,0.21
52,3,5,0.06
52,7,5,0.48
52,15,5,0.07
52,20,5,0.75
52,22,5,0.03
52,25,5,0.29
52,29,5,0.44
52,37,5,0.11
52,39,5,0.29
52,41,5,0.95
52,42,5,0.38
52,47,5,0.77
52,52,5,0
52,55,5,0.57
52,65,5,0.86
52,68,5,0.99
52,70,5,0.96
52,71,5,0.17
52,73,5,0.28
52,78,5,0.48
52,82,5,0.82
52,87,5,0.75
52,97,5,0.38
52,5,10,0.38
52,8,10,0.66
52,12,10,0.52
52,21,10,0.05
52,22,10,0.96
52,23,10,0.29
52,38,10,0.32
52,39,10,0.04
52,40,10,0.19
52,44,10,0.67
52,52,10,0
52,53,10,0.21
52,59,10,0.05
52,66,10,0.54
52,77,10,0.13
52,93,10,0.71
52,97,10,0.02
52,98,10,0.29
52,99,10,0.66
53,5,10,0.26
53,8,10,0.38
53,12,10,0.31
53,21,10,0.52
53,22,10,0.28
53,23,10,0.49
53,38,10,0.71
53,39,10,0.35
53,40,10,0.63
53,44,10,0.92
53,52,10,0.93
53,53,10,0
53,59,10,0.91
53,66,10,0.03
53,77,10,0.55
53,93,10,0.17
53,97,10,0.63
53,98,10,0.34
53,99,10,0.05
53,8,14,0.02
53,10,14,0.72
53,27,14,0.54
53,44,14,0.83
53,49,14,0.64
53,53,14,0
53,56,14,0.89
53,57,14,0.71
53,69,14,0.64
53,81,14,0.56
53,82,14,0.52
53,0,2,0.47
53,7,2,0.16
53,10,2,0.62
53,15,2,0.29
53,28,2,0.25
53,35,2,0.96
53,37,2,0.8
53,38,2,0.23
53,51,2,0.21
53,53,2,0
53,66,2,0.59
53,67,2,0.04
53,87,2,0.42
53,93,2,0.18
53,95,2,0.36
53,6,18,0.44
53,9,18,0.36
53,17,18,0.7
53,18,18,0.31
53,23,18,0.32
53,26,18,0.71
53,50,18,0.35
53,53,18,0
53,54,18,0.98
53,72,18,0.61
53,79,18,0.62
53,84,18,0.4
54,5,17,0.53
54,19,17,0.19
54,54,17,0
54,58,17,0.3
54,59,17,0.78
54,67,17,0.84
54,74,17,0.4
54,75,17,0.52
54,88,17,0.8
54,6,18,0.33
54,9,18,0.72
54,17,18,0.87
54,18,18,0.38
54,23,18,0.93
54,26,18,0.94
54,50,18,0.39
54,53,18,0.23
54,54,18,0
54,72,18,0.85
54,79,18,0.07
54,84,18,0.5
55,1,0,0.01
55,9,0,0.62
55,13,0,0.46
55,15,0,0.8
55,18,0,0.32
55,26,0,0.21
55,28,0,0.92
55,32,0,0.88
55,44,0,0.69
55,55,0,0
55,63,0,0.14
55,65,0,0.05
55,73,0,0.87
55,74,0,0.07
55,80,0,0.27
55,89,0,0.07
55,91,0,0.49
55,95,0,0.82
55,96,0,0.65
55,99,0,0.9
55,0,5,0.37
55,3,5,0.45
55,7,5,0.64
55,15,5,0.93
55,20,5,0.54
55,22,5,0.53
55,25,5,0.5
55,29,5,0.6
55,37,5,0.12
55,39,5,0.08
55,41,5,0.56
55,42,5,0.98
55,47,5,0.42
55,52,5,0.02
55,55,5,0
55,65,5,0.95
55,68,5,0.88
55,70,5,0.46
55,71,5,0.29
55,73,5,0.06
55,78,5,0.39
55,82,5,0.11
55,87,5,0.8
55,97,5,0.72
55,5,15,0.62
55,36,15,0.21
55,38,15,0.02
55,44,15,0.43
55,55,15,0
55,68,15,0.22
55,76,15,0.73
55,81,15,0.79
55,85,15,0.23
55,90,15,0.18
55,91,15,0.66
55,94,15,0.3
55,2,3,0.59
55,14,3,0.94
55,24,3,0.84
55,28,3,0.26
55,29,3,0.25
55,32,3,0.32
55,33,3,0.4
55,43,3,0.13
55,46,3,0.45
55,55,3,0
55,60,3,0.94
55,66,3,0.11
55,69,3,0.39
55,75,3,0.49
55,78,3,0.85
55,91,3,0.65
55,98,3,0.46
56,0,8,0.99
56,20,8,0.08
56,30,8,0.96
56,31,8,0.2
56,39,8,0.36
56,56,8,0
56,58,8,0.81
56,84,8,0.17
56,89,8,0.66
56,94,8,0.04
56,96,8,0.44
56,3,12,0.22
56,20,12,0.31
56,22,12,0.61
56,23,12,0.69
56,33,12,0.55
56,34,12,0.43
56,36,12,0.15
56,40,12,0.62
56,41,12,0.99
56,56,12,0
56,74,12,0.51
56,79,12,0.53
56,86,12,0.55
56,92,12,0.47
56,8,14,0.52
56,10,14,0.02
56,27,14,0.28
56,44,14,0.62
56,49,14,0.57
56,53,14,0.16
56,56,14,0
56,57,14,0.52
56,69,14,0.27
56,81,14,0.0
56,82,14,0.26
56,1,13,0.45
56,2,13,0.81
56,9,13,0.79
56,21,13,0.96
56,24,13,0.95
56,27,13,0.09
56,30,13,0.75
56,40,13,0.13
56,42,13,0.34
56,48,13,0.6
56,51,13,0.49
56,56,13,0
56,63,13,0.75
56,65,13,0.75
56,69,13,0.2
57,6,19,0.19
57,7,19,0.16
57,16,19,0.81
57,35,19,0.17
57,45,19,0.06
57,57,19,0
57,58,19,0.63
57,63,19,0.92
57,75,19,0.45
57,76,19,0.94
57,79,19,0.15
57,80,19,0.68
57,82,19,0.35
57,83,19,1.0
57,95,19,0.64
57,98,19,0.73
57,8,14,0.95
57,10,14,0.8
57,27,14,0.82
57,44,14,0.13
57,49,14,0.41
57,53,14,0.36
57,56,14,0.54
57,57,14,0
57,69,14,0.22
57,81,14,0.36
57,82,14,0.28
57,8,6,0.42
57,14,6,0.3
57,19,6,0.54
57,26,6,0.41
57,34,6,0.64
57,37,6,0.02
57,51,6,0.3
57,57,6,0
57,66,6,0.86
57,68,6,0.31
57,88,6,0.07
58,6,19,0.01
58,7,19,0.1
58,16,19,0.41
58,35,19,0.95
58,45,19,0.44
58,57,19,0.92
58,58,19,0
58,63,19,0.61
58,75,19,0.05
58,76,19,0.38
58,79,19,0.72
58,80,19,0.57
58,82,19,0.76
58,83,19,0.31
58,95,19,0.78
58,98,19,0.92
58,0,8,0.65
58,20,8,0.27
58,30,8,0.09
58,31,8,0.71
58,39,8,0.99
58,56,8,0.74
58,58,8,0
58,84,8,0.78
58,89,8,0.16
58,94,8,0.28
58,96,8,0.99
58,5,17,0.16
58,19,17,0.49
58,54,17,0.29
58,58,17,0
58,59,17,0.63
58,67,17,0.36
58,74,17,0.22
58,75,17,0.99
58,88,17,0.6
59,5,10,0.19
59,8,10,0.06
59,12,10,0.6
59,21,10,0.08
59,22,10,0.36
59,23,10,0.14
59,38,10,0.41
59,39,10,0.08
59,40,10,0.99
59,44,10,0.61
59,52,10,0.28
59,53,10,0.59
59,59,10,0
59,66,10,0.28
59,77,10,0.18
59,93,10,0.72
59,97,10,0.9
59,98,10,0.21
59,99,10,0.44
59,5,17,0.24
59,19,17,0.42
59,54,17,0.46
59,58,17,0.86
59,59,17,0
59,67,17,0.01
59,74,17,0.5
59,75,17,0.4
59,88,17,0.96
60,4,9,0.05
60,11,9,0.39
60,14,9,0.99
60,17,9,0.39
60,26,9,0.32
60,29,9,0.75
60,30,9,0.33
60,31,9,0.59
60,35,9,0.16
60,42,9,0.45
60,43,9,0.63
60,46,9,0.22
60,48,9,0.48
60,60,9,0
60,62,9,0.48
60,79,9,0.16
60,99,9,0.21
60,2,3,0.79
60,14,3,0.29
60,24,3,0.3
60,28,3,0.98
60,29,3,0.4
60,32,3,0.52
60,33,3,0.81
60,43,3,0.28
60,46,3,0.72
60,55,3,0.21
60,60,3,0
60,66,3,0.58
60,69,3,0.22
60,75,3,0.09
60,78,3,0.66
60,91,3,0.59
60,98,3,0.63
61,0,4,0.3
61,1,4,0.01
61,3,4,0.87
61,13,4,0.89
61,16,4,0.38
61,18,4,0.68
61,25,4,0.97
61,42,4,0.79
61,47,4,0.59
61,61,4,0
61,64,4,0.28
61,71,4,0.44
61,72,4,0.98
61,74,4,0.88
61,77,4,0.69
61,78,4,0.78
61,84,4,0.2
61,89,4,0.64
61,90,4,0.08
61,93,4,0.1
61,12,1,0.73
61,17,1,0.18
61,19,1,0.25
61,21,1,0.06
61,33,1,0.69
61,34,1,0.68
61,45,1,0.54
61,48,1,0.19
61,50,1,0.04
61,61,1,0
61,68,1,0.55
61,70,1,0.37
61,76,1,0.2
61,84,1,0.16
62,4,9,0.42
62,11,9,0.91
62,14,9,0.84
62,17,9,0.04
62,26,9,0.25
62,29,9,0.91
62,30,9,0.89
62,31,9,0.69
62,35,9,0.8
62,42,9,0.9
62,43,9,0.02
62,46,9,0.98
62,48,9,0.02
62,60,9,0.02
62,62,9,0
62,79,9,0.31
62,99,9,0.69
62,7,11,0.68
62,18,11,0.12
62,37,11,0.81
62,38,11,0.03
62,41,11,0.44
62,49,11,0.49
62,51,11,0.02
62,62,11,0
62,81,11,0.69
62,86,11,0.1
62,92,11,0.03
62,95,11,0.19
62,4,16,0.12
62,11,16,0.98
62,24,16,0.23
62,30,16,0.55
62,34,16,0.01
62,36,16,0.38
62,39,16,0.39
62,62,16,0
62,63,16,0.44
62,78,16,0.38
62,83,16,0.86
62,85,16,0.63
62,86,16,0.08
62,88,16,0.47
62,98,16,0.55
63,1,0,0.92
63,9,0,0.11
63,13,0,0.76
63,15,0,0.18
63,18,0,0.0
63,26,0,0.5
63,28,0,0.15
63,32,0,0.44
63,44,0,0.37
63,55,0,0.71
63,63,0,0
63,65,0,0.02
63,73,0,0.18
63,74,0,0.68
63,80,0,0.2
63,89,0,0.96
63,91,0,0.01
63,95,0,0.09
63,96,0,0.64
63,99,0,0.74
63,1,13,0.01
63,2,13,0.12
63,9,13,0.81
63,21,13,0.74
63,24,13,0.99
63,27,13,0.1
63,30,13,0.69
63,40,13,0.23
63,42,13,0.4
63,48,13,0.45
63,51,13,0.26
63,56,13,0.73
63,63,13,0
63,65,13,0.25
63,69,13,0.91
63,6,19,0.09
63,7,19,0.19
63,16,19,0.25
63,35,19,0.45
63,45,19,0.69
63,57,19,0.09
63,58,19,0.42
63,63,19,0
63,75,19,0.25
63,76,19,0.79
63,79,19,0.0
63,80,19,0.6
63,82,19,0.94
63,83,19,0.69
63,95,19,0.8
63,98,19,0.5
63,4,16,1.0
63,11,16,0.39
63,24,16,0.42
63,30,16,0.72
63,34,16,0.97
63,36,16,0.06
63,39,16,0.9
63,62,16,0.87
63,63,16,0
63,78,16,0.23
63,83,16,0.05
63,85,16,0.64
63,86,16,0.92
63,88,16,0.29
63,98,16,0.11
64,0,4,0.31
64,1,4,0.41
64,3,4,0.56
64,13,4,0.57
64,16,4,0.71
64,18,4,0.46
64,25,4,0.16
64,42,4,0.11
64,47,4,0.35
64,61,4,0.01
64,64,4,0
64,71,4,0.66
64,72,4,0.63
64,74,4,0.84
64,77,4,0.04
64,78,4,0.33
64,84,4,0.58
64,89,4,0.24
64,90,4,0.78
64,93,4,0.2
64,6,7,0.19
64,10,7,0.9
64,14,7,0.5
64,21,7,0.4
64,24,7,0.52
64,27,7,0.56
64,40,7,0.51
64,43,7,0.25
64,45,7,0.49
64,48,7,0.07
64,52,7,0.84
64,64,7,0
64,69,7,0.45
64,73,7,0.18
64,76,7,0.06
64,86,7,0.51
64,87,7,0.44
64,90,7,0.63
64,96,7,0.06
65,1,13,0.45
65,2,13,0.97
65,9,13,0.65
65,21,13,0.84
65,24,13,0.64
65,27,13,0.87
65,30,13,0.15
65,40,13,0.47
65,42,13,0.12
65,48,13,0.75
65,51,13,0.99
65,56,13,0.47
65,63,13,0.06
65,65,13,0
65,69,13,0.24
65,0,5,0.12
65,3,5,0.18
65,7,5,0.64
65,15,5,0.8
65,20,5,0.95
65,22,5,0.8
65,25,5,0.79
65,29,5,0.55
65,37,5,0.05
65,39,5,0.06
65,41,5,0.21
65,42,5,0.43
65,47,5,0.09
65,52,5,0.48
65,55,5,0.41
65,65,5,0
65,68,5,0.44
65,70,5,0.4
65,71,5,0.75
65,73,5,0.5
65,78,5,0.24
65,82,5,0.11
65,87,5,0.09
65,97,5,0.43
65,1,0,0.56
65,9,0,0.96
65,13,0,0.44
65,15,0,0.45
65,18,0,0.48
65,26,0,0.49
65,28,0,0.18
65,32,0,0.69
65,44,0,0.81
65,55,0,0.74
65,63,0,0.69
65,65,0,0
65,73,0,0.88
65,74,0,0.67
65,80,0,0.2
65,89,0,0.78
65,91,0,0.97
65,95,0,0.33
65,96,0,0.6
65,99,0,0.39
66,8,6,0.32
66,14,6,0.02
66,19,6,0.72
66,26,6,0.6
66,34,6,0.02
66,37,6,0.62
66,51,6,0.71
66,57,6,0.8
66,66,6,0
66,68,6,0.24
66,88,6,0.0
66,2,3,0.63
66,14,3,0.24
66,24,3,0.47
66,28,3,0.52
66,29,3,0.8
66,32,3,0.6
66,33,3,0.55
66,43,3,0.62
66,46,3,0.65
66,55,3,0.12
66,60,3,0.51
66,66,3,0
66,69,3,0.3
66,75,3,0.55
66,78,3,0.38
66,91,3,0.16
66,98,3,0.37
66,5,10,0.47
66,8,10,0.48
66,12,10,0.52
66,21,10,0.51
66,22,10,0.95
66,23,10,0.44
66,38,10,0.1
66,39,10,0.16
66,40,10,0.69
66,44,10,0.01
66,52,10,0.81
66,53,10,0.81
66,59,10,0.07
66,66,10,0
66,77,10,0.26
66,93,10,0.39
66,97,10,0.37
66,98,10,0.08
66,99,10,0.16
66,0,2,0.43
66,7,2,0.25
66,10,2,0.93
66,15,2,0.71
66,28,2,0.3
66,35,2,0.17
66,37,2,0.33
66,38,2,0.67
66,51,2,0.18
66,53,2,0.28
66,66,2,0
66,67,2,0.77
66,87,2,0.98
66,93,2,0.92
66,95,2,0.25
67,0,2,0.14
67,7,2,0.26
67,10,2,0.68
67,15,2,0.96
67,28,2,0.65
67,35,2,0.18
67,37,2,0.7
67,38,2,0.19
67,51,2,0.76
67,53,2,0.5
67,66,2,0.68
67,67,2,0
67,87,2,0.56
67,93,2,0.35
67,95,2,0.74
67,5,17,0.9
67,19,17,0.67
67,54,17,0.11
67,58,17,0.37
67,59,17,0.61
67,67,17,0
67,74,17,0.22
67,75,17,0.79
67,88,17,0.36
68,8,6,0.45
68,14,6,0.09
68,19,6,0.68
68,26,6,0.22
68,34,6,0.08
68,37,6,0.97
68,51,6,0.6
68,57,6,0.13
68,66,6,0.38
68,68,6,0
68,88,6,0.71
68,12,1,0.73
68,17,1,0.34
68,19,1,0.73
68,21,1,0.67
68,33,1,0.36
68,34,1,0.29
68,45,1,0.34
68,48,1,0.06
68,50,1,0.41
68,61,1,0.03
68,68,1,0
68,70,1,0.45
68,76,1,0.1
68,84,1,0.36
68,0,5,0.14
68,3,5,0.59
68,7,5,0.86
68,15,5,0.17
68,20,5,0.34
68,22,5,0.32
68,25,5,0.26
68,29,5,0.79
68,37,5,0.35
68,39,5,0.43
68,41,5,0.48
68,42,5,0.89
68,47,5,0.59
68,52,5,0.76
68,55,5,0.84
68,65,5,0.73
68,68,5,0
68,70,5,0.68
68,71,5,0.85
68,73,5,0.39
68,78,5,0.83
68,82,5,0.33
68,87,5,0.75
68,97,5,0.78
68,5,15,0.12
68,36,15,0.96
68,38,15,0.51
68,44,15,0.32
68,55,15,0.46
68,68,15,0
68,76,15,0.37
68,81,15,0.9
68,85,15,0.67
68,90,15,0.38
68,91,15,0.04
68,94,15,0.37
69,8,14,0.87
69,10,14,0.36
69,27,14,0.28
69,44,14,0.67
69,49,14,0.21
69,53,14,0.96
69,56,14,0.14
69,57,14,0.65
69,69,14,0
69,81,14,0.42
69,82,14,0.09
69,1,13,0.84
69,2,13,0.14
69,9,13,0.83
69,21,13,0.49
69,24,13,0.91
69,27,13,0.29
69,30,13,0.68
69,40,13,0.64
69,42,13,0.34
69,48,13,0.02
69,51,13,0.16
69,56,13,0.14
69,63,13,0.66
69,65,13,0.8
69,69,13,0
69,6,7,0.53
69,10,7,0.26
69,14,7,0.15
69,21,7,0.35
69,24,7,0.65
69,27,7,0.83
69,40,7,0.37
69,43,7,0.17
69,45,7,0.58
69,48,7,0.5
69,52,7,0.51
69,64,7,0.52
69,69,7,0
69,73,7,0.04
69,76,7,0.46
69,86,7,0.05
69,87,7,0.59
69,90,7,0.56
69,96,7,0.75
69,2,3,0.56
69,14,3,0.17
69,24,3,0.79
69,28,3,0.19
69,29,3,0.02
69,32,3,0.87
69,33,3,0.09
69,43,3,0.78
69,46,3,0.74
69,55,3,0.69
69,60,3,0.42
69,66,3,0.45
69,69,3,0
69,75,3,0.51
69,78,3,0.51
69,91,3,0.49
69,98,3,0.39
70,12,1,0.55
70,17,1,0.79
70,19,1,0.1
70,21,1,0.89
70,33,1,0.16
70,34,1,0.36
70,45,1,0.01
70,48,1,0.34
70,50,1,0.12
70,61,1,0.89
70,68,1,0.0
70,70,1,0
70,76,1,0.24
70,84,1,0.91
70,0,5,0.56
70,3,5,0.11
70,7,5,0.31
70,15,5,0.41
70,20,5,0.91
70,22,5,0.75
70,25,5,0.9
70,29,5,1.0
70,37,5,0.24
70,39,5,0.21
70,41,5,0.47
70,42,5,0.13
70,47,5,0.09
70,52,5,0.76
70,55,5,0.48
70,65,5,0.99
70,68,5,0.67
70,70,5,0
70,71,5,0.47
70,73,5,0.47
70,78,5,0.25
70,82,5,0.7
70,87,5,0.88
70,97,5,0.92
71,0,4,0.06
71,1,4,0.39
71,3,4,0.76
71,13,4,0.79
71,16,4,0.4
71,18,4,0.34
71,25,4,0.0
71,42,4,0.48
71,47,4,0.87
71,61,4,0.71
71,64,4,0.73
71,71,4,0
71,72,4,0.36
71,74,4,0.85
71,77,4,0.41
71,78,4,0.67
71,84,4,0.54
71,89,4,0.71
71,90,4,0.52
71,93,4,0.18
71,0,5,0.37
71,3,5,0.15
71,7,5,0.61
71,15,5,0.41
71,20,5,0.72
71,22,5,0.65
71,25,5,0.32
71,29,5,0.97
71,37,5,0.89
71,39,5,0.12
71,41,5,0.16
71,42,5,0.62
71,47,5,0.74
71,52,5,0.57
71,55,5,0.57
71,65,5,0.33
71,68,5,0.97
71,70,5,0.49
71,71,5,0
71,73,5,0.14
71,78,5,0.92
71,82,5,0.6
71,87,5,0.53
71,97,5,0.7
72,0,4,0.28
72,1,4,0.27
72,3,4,0.49
72,13,4,0.34
72,16,4,0.02
72,18,4,0.6
72,25,4,0.61
72,42,4,0.22
72,47,4,0.53
72,61,4,0.47
72,64,4,0.43
72,71,4,0.57
72,72,4,0
72,74,4,0.82
72,77,4,0.84
72,78,4,0.79
72,84,4,0.72
72,89,4,0.75
72,90,4,0.09
72,93,4,0.66
72,6,18,0.16
72,9,18,0.99
72,17,18,0.66
72,18,18,0.01
72,23,18,0.61
72,26,18,0.8
72,50,18,0.56
72,53,18,0.24
72,54,18,0.97
72,72,18,0
72,79,18,0.2
72,84,18,0.45
73,0,5,0.82
73,3,5,0.44
73,7,5,0.37
73,15,5,0.77
73,20,5,0.98
73,22,5,0.85
73,25,5,0.75
73,29,5,0.89
73,37,5,0.26
73,39,5,0.01
73,41,5,0.86
73,42,5,0.63
73,47,5,0.27
73,52,5,0.59
73,55,5,0.16
73,65,5,0.7
73,68,5,0.1
73,70,5,0.03
73,71,5,0.49
73,73,5,0
73,78,5,0.53
73,82,5,0.18
73,87,5,0.85
73,97,5,0.87
73,6,7,0.38
73,10,7,0.06
73,14,7,0.54
73,21,7,0.75
73,24,7,0.85
73,27,7,0.79
73,40,7,0.03
73,43,7,0.95
73,45,7,0.25
73,48,7,0.79
73,52,7,0.33
73,64,7,0.86
73,69,7,0.34
73,73,7,0
73,76,7,0.0
73,86,7,0.79
73,87,7,0.33
73,90,7,0.14
73,96,7,0.46
73,1,0,0.06
73,9,0,0.41
73,13,0,0.08
73,15,0,0.2
73,18,0,0.16
73,26,0,0.69
73,28,0,0.0
73,32,0,0.31
73,44,0,0.69
73,55,0,0.37
73,63,0,0.41
73,65,0,0.51
73,73,0,0
73,74,0,0.22
73,80,0,0.88
73,89,0,0.53
73,91,0,0.5
73,95,0,0.83
73,96,0,0.69
73,99,0,0.06
74,5,17,0.36
74,19,17,0.32
74,54,17,0.37
74,58,17,0.68
74,59,17,0.14
74,67,17,0.63
74,74,17,0
74,75,17,0.93
74,88,17,0.53
74,0,4,0.34
74,1,4,0.8
74,3,4,0.53
74,13,4,0.54
74,16,4,0.07
74,18,4,0.81
74,25,4,0.78
74,42,4,0.93
74,47,4,0.06
74,61,4,0.92
74,64,4,0.97
74,71,4,0.84
74,72,4,0.28
74,74,4,0
74,77,4,0.16
74,78,4,0.23
74,84,4,0.14
74,89,4,0.66
74,90,4,0.77
74,93,4,0.04
74,1,0,0.83
74,9,0,0.14
74,13,0,0.02
74,15,0,0.02
74,18,0,0.94
74,26,0,0.98
74,28,0,0.3
74,32,0,0.97
74,44,0,0.03
74,55,0,0.67
74,63,0,0.83
74,65,0,0.22
74,73,0,0.36
74,74,0,0
74,80,0,0.44
74,89,0,0.5
74,91,0,0.17
74,95,0,0.97
74,96,0,0.87
74,99,0,0.49
74,3,12,0.66
74,20,12,0.07
74,22,12,0.17
74,23,12,0.56
74,33,12,0.94
74,34,12,0.99
74,36,12,0.61
74,40,12,0.77
74,41,12,0.52
74,56,12,0.91
74,74,12,0
74,79,12,0.71
74,86,12,0.39
74,92,12,0.05
75,5,17,0.2
75,19,17,0.54
75,54,17,0.38
75,58,17,0.39
75,59,17,0.1
75,67,17,0.75
75,74,17,1.0
75,75,17,0
75,88,17,0.0
75,2,3,0.69
75,14,3,0.97
75,24,3,0.0
75,28,3,0.46
75,29,3,0.31
75,32,3,0.87
75,33,3,0.18
75,43,3,0.82
75,46,3,0.18
75,55,3,0.18
75,60,3,0.74
75,66,3,0.93
75,69,3,0.78
75,75,3,0
75,78,3,0.45
75,91,3,0.39
75,98,3,0.56
75,6,19,0.3
75,7,19,0.66
75,16,19,0.71
75,35,19,0.75
75,45,19,0.16
75,57,19,0.75
75,58,19,0.12
75,63,19,0.36
75,75,19,0
75,76,19,0.96
75,79,19,0.61
75,80,19,0.51
75,82,19,0.76
75,83,19,0.33
75,95,19,0.57
75,98,19,0.55
76,5,15,0.83
76,36,15,0.89
76,38,15,0.76
76,44,15,0.61
76,55,15,0.61
76,68,15,0.12
76,76,15,0
76,81,15,0.27
76,85,15,0.96
76,90,15,0.16
76,91,15,0.29
76,94,15,0.5
76,6,19,0.9
76,7,19,0.45
76,16,19,0.05
76,35,19,0.85
76,45,19,0.21
76,57,19,0.69
76,58,19,0.32
76,63,19,0.85
76,75,19,0.26
76,76,19,0
76,79,19,0.88
76,80,19,0.54
76,82,19,0.53
76,83,19,0.6
76,95,19,0.82
76,98,19,0.37
76,6,7,0.75
76,10,7,0.06
76,14,7,0.62
76,21,7,0.64
76,24,7,0.41
76,27,7,0.03
76,40,7,0.54
76,43,7,0.63
76,45,7,0.1
76,48,7,0.17
76,52,7,0.24
76,64,7,0.86
76,69,7,0.11
76,73,7,0.57
76,76,7,0
76,86,7,0.02
76,87,7,0.4
76,90,7,0.97
76,96,7,0.9
76,12,1,0.83
76,17,1,0.36
76,19,1,0.85
76,21,1,0.22
76,33,1,0.4
76,34,1,0.13
76,45,1,0.09
76,48,1,0.21
76,50,1,0.75
76,61,1,0.61
76,68,1,0.4
76,70,1,0.55
76,76,1,0
76,84,1,1.0
77,0,4,0.85
77,1,4,0.37
77,3,4,0.33
77,13,4,0.15
77,16,4,0.4
77,18,4,0.15
77,25,4,0.75
77,42,4,0.47
77,47,4,0.39
77,61,4,0.8
77,64,4,0.58
77,71,4,0.83
77,72,4,0.97
77,74,4,0.46
77,77,4,0
77,78,4,0.17
77,84,4,0.79
77,89,4,0.66
77,90,4,0.06
77,93,4,0.39
77,5,10,0.26
77,8,10,0.93
77,12,10,0.92
77,21,10,0.41
77,22,10,0.94
77,23,10,0.48
77,38,10,0.86
77,39,10,0.28
77,40,10,0.81
77,44,10,0.4
77,52,10,0.37
77,53,10,0.62
77,59,10,0.74
77,66,10,0.67
77,77,10,0
77,93,10,0.1
77,97,10,0.92
77,98,10,0.98
77,99,10,0.06
78,0,5,0.81
78,3,5,0.87
78,7,5,0.78
78,15,5,0.55
78,20,5,0.34
78,22,5,0.06
78,25,5,0.6
78,29,5,0.98
78,37,5,0.47
78,39,5,0.25
78,41,5,0.67
78,42,5,0.39
78,47,5,0.41
78,52,5,0.85
78,55,5,0.27
78,65,5,0.15
78,68,5,0.92
78,70,5,0.07
78,71,5,0.71
78,73,5,0.35
78,78,5,0
78,82,5,0.65
78,87,5,0.67
78,97,5,0.11
78,4,16,0.06
78,11,16,0.19
78,24,16,0.27
78,30,16,0.59
78,34,16,0.73
78,36,16,0.02
78,39,16,0.0
78,62,16,0.26
78,63,16,0.37
78,78,16,0
78,83,16,0.84
78,85,16,0.85
78,86,16,0.85
78,88,16,1.0
78,98,16,0.17
78,0,4,0.04
78,1,4,0.14
78,3,4,0.5
78,13,4,0.38
78,16,4,0.23
78,18,4,0.06
78,25,4,0.6
78,42,4,0.57
78,47,4,0.5
78,61,4,0.3
78,64,4,0.88
78,71,4,0.29
78,72,4,0.49
78,74,4,0.29
78,77,4,0.23
78,78,4,0
78,84,4,0.69
78,89,4,0.7
78,90,4,0.41
78,93,4,0.65
78,2,3,0.12
78,14,3,0.84
78,24,3,0.74
78,28,3,0.61
78,29,3,0.3
78,32,3,0.8
78,33,3,0.31
78,43,3,0.12
78,46,3,0.81
78,55,3,0.56
78,60,3,0.08
78,66,3,0.72
78,69,3,0.5
78,75,3,0.64
78,78,3,0
78,91,3,0.1
78,98,3,0.64
79,3,12,0.57
79,20,12,0.81
79,22,12,0.2
79,23,12,0.15
79,33,12,0.61
79,34,12,0.62
79,36,12,0.38
79,40,12,0.48
79,41,12,0.85
79,56,12,0.66
79,74,12,0.16
79,79,12,0
79,86,12,0.87
79,92,12,0.96
79,4,9,0.31
79,11,9,0.01
79,14,9,0.68
79,17,9,0.59
79,26,9,0.17
79,29,9,0.5
79,30,9,0.56
79,31,9,0.66
79,35,9,0.87
79,42,9,0.64
79,43,9,0.49
79,46,9,0.26
79,48,9,0.52
79,60,9,0.32
79,62,9,0.27
79,79,9,0
79,99,9,0.33
79,6,18,0.95
79,9,18,0.95
79,17,18,0.64
79,18,18,0.98
79,23,18,0.31
79,26,18,0.53
79,50,18,0.22
79,53,18,0.72
79,54,18,0.77
79,72,18,0.87
79,79,18,0
79,84,18,0.87
79,6,19,0.48
79,7,19,0.95
79,16,19,0.27
79,35,19,0.05
79,45,19,0.47
79,57,19,0.12
79,58,19,0.67
79,63,19,0.33
79,75,19,0.32
79,76,19,0.18
79,79,19,0
79,80,19,0.25
79,82,19,0.37
79,83,19,0.7
79,95,19,0.88
79,98,19,0.47
80,1,0,0.16
80,9,0,0.83
80,13,0,0.03
80,15,0,0.72
80,18,0,0.74
80,26,0,0.71
80,28,0,0.68
80,32,0,0.86
80,44,0,0.12
80,55,0,0.36
80,63,0,0.72
80,65,0,0.09
80,73,0,0.41
80,74,0,0.64
80,80,0,0
80,89,0,0.66
80,91,0,0.66
80,95,0,0.17
80,96,0,0.03
80,99,0,0.13
80,6,19,0.53
80,7,19,0.44
80,16,19,0.8
80,35,19,0.74
80,45,19,0.37
80,57,19,0.68
80,58,19,0.73
80,63,19,0.44
80,75,19,0.07
80,76,19,0.52
80,79,19,0.57
80,80,19,0
80,82,19,0.37
80,83,19,0.64
80,95,19,0.36
80,98,19,0.88
81,7,11,0.14
81,18,11,0.03
81,37,11,0.83
81,38,11,0.93
81,41,11,0.76
81,49,11,0.9
81,51,11,0.42
81,62,11,0.23
81,81,11,0
81,86,11,0.37
81,92,11,0.65
81,95,11,0.48
81,5,15,0.77
81,36,15,0.56
81,38,15,0.05
81,44,15,0.12
81,55,15,0.1
81,68,15,0.34
81,76,15,0.03
81,81,15,0
81,85,15,0.62
81,90,15,0.52
81,91,15,0.61
81,94,15,0.51
81,8,14,0.83
81,10,14,0.0
81,27,14,0.79
81,44,14,0.78
81,49,14,0.93
81,53,14,0.08
81,56,14,0.87
81,57,14,0.69
81,69,14,0.86
81,81,14,0
81,82,14,0.83
82,0,5,0.12
82,3,5,0.55
82,7,5,0.89
82,15,5,0.29
82,20,5,0.01
82,22,5,0.3
82,25,5,0.47
82,29,5,0.46
82,37,5,0.17
82,39,5,0.36
82,41,5,0.25
82,42,5,0.58
82,47,5,0.54
82,52,5,0.93
82,55,5,0.18
82,65,5,0.2
82,68,5,0.02
82,70,5,0.63
82,71,5,0.97
82,73,5,0.13
82,78,5,0.2
82,82,5,0
82,87,5,0.22
82,97,5,0.94
82,6,19,0.99
82,7,19,0.97
82,16,19,0.4
82,35,19,0.09
82,45,19,0.71
82,57,19,0.69
82,58,19,0.83
82,63,19,0.38
82,75,19,0.11
82,76,19,0.85
82,79,19,0.38
82,80,19,0.62
82,82,19,0
82,83,19,0.77
82,95,19,0.58
82,98,19,0.81
82,8,14,0.48
82,10,14,0.05
82,27,14,0.96
82,44,14,0.6
82,49,14,0.97
82,53,14,0.25
82,56,14,0.94
82,57,14,0.66
82,69,14,0.22
82,81,14,0.94
82,82,14,0
83,6,19,0.37
83,7,19,0.3
83,16,19,0.7
83,35,19,0.66
83,45,19,0.69
83,57,19,0.2
83,58,19,0.49
83,63,19,0.43
83,75,19,0.26
83,76,19,0.4
83,79,19,0.87
83,80,19,0.13
83,82,19,0.72
83,83,19,0
83,95,19,0.57
83,98,19,0.32
83,4,16,0.95
83,11,16,0.32
83,24,16,0.07
83,30,16,0.01
83,34,16,0.58
83,36,16,0.35
83,39,16,0.21
83,62,16,0.97
83,63,16,0.65
83,78,16,0.34
83,83,16,0
83,85,16,0.96
83,86,16,0.29
83,88,16,0.39
83,98,16,0.11
84,12,1,0.24
84,17,1,0.69
84,19,1,0.95
84,21,1,0.68
84,33,1,0.73
84,34,1,0.5
84,45,1,0.39
84,48,1,0.87
84,50,1,0.81
84,61,1,0.52
84,68,1,0.4
84,70,1,0.69
84,76,1,0.86
84,84,1,0
84,0,8,0.76
84,20,8,0.67
84,30,8,0.28
84,31,8,0.04
84,39,8,0.04
84,56,8,0.36
84,58,8,0.74
84,84,8,0
84,89,8,0.27
84,94,8,0.82
84,96,8,0.43
84,6,18,0.81
84,9,18,0.31
84,17,18,0.81
84,18,18,0.3
84,23,18,0.69
84,26,18,0.83
84,50,18,0.59
84,53,18,0.85
84,54,18,0.49
84,72,18,0.11
84,79,18,0.55
84,84,18,0
84,0,4,0.97
84,1,4,0.58
84,3,4,0.58
84,13,4,0.25
84,16,4,0.91
84,18,4,0.83
84,25,4,0.19
84,42,4,0.67
84,47,4,0.79
84,61,4,0.76
84,64,4,0.68
84,71,4,0.07
84,72,4,0.04
84,74,4,0.94
84,77,4,0.93
84,78,4,0.38
84,84,4,0
84,89,4,1.0
84,90,4,0.65
84,93,4,0.41
85,5,15,0.02
85,36,15,0.98
85,38,15,0.65
85,44,15,0.43
85,55,15,0.96
85,68,15,0.36
85,76,15,0.67
85,81,15,0.9
85,85,15,0
85,90,15,0.58
85,91,15,0.17
85,94,15,0.48
85,4,16,0.99
85,11,16,0.89
85,24,16,0.57
85,30,16,0.7
85,34,16,0.02
85,36,16,0.53
85,39,16,0.92
85,62,16,0.27
85,63,16,0.98
85,78,16,0.06
85,83,16,0.39
85,85,16,0
85,86,16,0.51
85,88,16,0.84
85,98,16,0.95
86,3,12,0.32
86,20,12,0.11
86,22,12,0.35
86,23,12,0.33
86,33,12,0.06
86,34,12,0.74
86,36,12,0.34
86,40,12,0.26
86,41,12,0.87
86,56,12,0.14
86,74,12,0.55
86,79,12,0.82
86,86,12,0
86,92,12,0.37
86,7,11,0.47
86,18,11,0.75
86,37,11,0.15
86,38,11,0.32
86,41,11,0.66
86,49,11,0.23
86,51,11,0.52
86,62,11,0.06
86,81,11,0.99
86,86,11,0
86,92,11,0.31
86,95,11,0.06
86,4,16,0.47
86,11,16,0.93
86,24,16,0.61
86,30,16,0.01
86,34,16,0.66
86,36,16,0.16
86,39,16,0.09
86,62,16,0.58
86,63,16,0.91
86,78,16,0.02
86,83,16,0.97
86,85,16,0.62
86,86,16,0
86,88,16,0.4
86,98,16,0.95
86,6,7,0.34
86,10,7,0.34
86,14,7,0.76
86,21,7,0.5
86,24,7,0.29
86,27,7,0.08
86,40,7,0.94
86,43,7,0.9
86,45,7,0.63
86,48,7,0.79
86,52,7,0.82
86,64,7,0.91
86,69,7,0.26
86,73,7,0.33
86,76,7,0.93
86,86,7,0
86,87,7,0.17
86,90,7,0.96
86,96,7,0.07
87,0,5,0.52
87,3,5,0.56
87,7,5,0.7
87,15,5,0.8
87,20,5,0.08
87,22,5,0.91
87,25,5,0.89
87,29,5,0.78
87,37,5,0.26
87,39,5,0.71
87,41,5,0.56
87,42,5,0.69
87,47,5,0.63
87,52,5,0.65
87,55,5,0.44
87,65,5,0.03
87,68,5,0.64
87,70,5,0.8
87,71,5,0.94
87,73,5,0.55
87,78,5,0.67
87,82,5,0.25
87,87,5,0
87,97,5,0.51
87,6,7,0.17
87,10,7,0.84
87,14,7,0.35
87,21,7,0.87
87,24,7,0.73
87,27,7,0.63
87,40,7,0.42
87,43,7,0.4
87,45,7,0.68
87,48,7,0.92
87,52,7,0.61
87,64,7,0.56
87,69,7,0.5
87,73,7,0.22
87,76,7,0.34
87,86,7,0.08
87,87,7,0
87,90,7,0.03
87,96,7,0.73
87,0,2,0.29
87,7,2,0.47
87,10,2,0.56
87,15,2,0.77
87,28,2,0.82
87,35,2,0.35
87,37,2,0.23
87,38,2,0.74
87,51,2,0.75
87,53,2,0.37
87,66,2,0.49
87,67,2,0.16
87,87,2,0
87,93,2,0.93
87,95,2,0.21
88,4,16,0.37
88,11,16,0.26
88,24,16,0.34
88,30,16,0.37
88,34,16,0.25
88,36,16,0.74
88,39,16,0.06
88,62,16,0.7
88,63,16,0.42
88,78,16,0.59
88,83,16,0.34
88,85,16,0.91
88,86,16,0.34
88,88,16,0
88,98,16,0.27
88,8,6,0.03
88,14,6,0.95
88,19,6,0.94
88,26,6,0.54
88,34,6,0.18
88,37,6,0.89
88,51,6,0.95
88,57,6,0.46
88,66,6,0.18
88,68,6,0.46
88,88,6,0
88,5,17,0.07
88,19,17,0.0
88,54,17,0.39
88,58,17,0.66
88,59,17,0.24
88,67,17,0.18
88,74,17,0.91
88,75,17,0.77
88,88,17,0
89,1,0,0.13
89,9,0,0.69
89,13,0,0.31
89,15,0,0.75
89,18,0,0.28
89,26,0,0.6
89,28,0,0.78
89,32,0,0.71
89,44,0,0.32
89,55,0,0.95
89,63,0,0.2
89,65,0,0.82
89,73,0,0.46
89,74,0,0.73
89,80,0,0.19
89,89,0,0
89,91,0,0.7
89,95,0,0.1
89,96,0,0.78
89,99,0,0.7
89,0,4,0.78
89,1,4,0.79
89,3,4,0.11
89,13,4,0.82
89,16,4,0.33
89,18,4,0.23
89,25,4,0.33
89,42,4,0.72
89,47,4,0.89
89,61,4,0.05
89,64,4,0.83
89,71,4,0.05
89,72,4,0.22
89,74,4,0.72
89,77,4,0.57
89,78,4,0.84
89,84,4,0.06
89,89,4,0
89,90,4,0.71
89,93,4,0.55
89,0,8,0.03
89,20,8,0.47
89,30,8,0.98
89,31,8,0.04
89,39,8,0.49
89,56,8,0.11
89,58,8,0.65
89,84,8,0.72
89,89,8,0
89,94,8,0.17
89,96,8,0.39
90,5,15,0.22
90,36,15,0.21
90,38,15,0.13
90,44,15,0.94
90,55,15,0.52
90,68,15,0.24
90,76,15,0.16
90,81,15,0.24
90,85,15,0.42
90,90,15,0
90,91,15,0.41
90,94,15,0.49
90,6,7,0.31
90,10,7,0.6
90,14,7,0.26
90,21,7,0.9
90,24,7,0.9
90,27,7,0.22
90,40,7,0.93
90,43,7,0.29
90,45,7,0.5
90,48,7,0.69
90,52,7,0.24
90,64,7,0.16
90,69,7,0.72
90,73,7,0.43
90,76,7,0.84
90,86,7,0.59
90,87,7,0.03
90,90,7,0
90,96,7,0.21
90,0,4,0.65
90,1,4,0.12
90,3,4,0.66
90,13,4,0.55
90,16,4,0.51
90,18,4,0.83
90,25,4,0.14
90,42,4,0.11
90,47,4,0.75
90,61,4,0.2
90,64,4,0.61
90,71,4,0.81
90,72,4,0.13
90,74,4,0.94
90,77,4,0.6
90,78,4,0.11
90,84,4,0.81
90,89,4,0.32
90,90,4,0
90,93,4,0.27
91,5,15,0.93
91,36,15,0.41
91,38,15,0.51
91,44,15,0.12
91,55,15,0.61
91,68,15,0.14
91,76,15,0.54
91,81,15,0.24
91,85,15,1.0
91,90,15,0.42
91,91,15,0
91,94,15,0.68
91,1,0,0.58
91,9,0,0.12
91,13,0,0.18
91,15,0,0.62
91,18,0,0.96
91,26,0,0.32
91,28,0,0.36
91,32,0,0.61
91,44,0,0.69
91,55,0,0.46
91,63,0,0.28
91,65,0,0.71
91,73,0,0.04
91,74,0,0.31
91,80,0,0.11
91,89,0,0.86
91,91,0,0
91,95,0,0.16
91,96,0,0.89
91,99,0,0.77
91,2,3,0.67
91,14,3,0.64
91,24,3,0.37
91,28,3,0.73
91,29,3,0.77
91,32,3,0.86
91,33,3,0.67
91,43,3,0.49
91,46,3,0.91
91,55,3,0.07
91,60,3,0.93
91,66,3,0.88
91,69,3,0.61
91,75,3,0.94
91,78,3,0.47
91,91,3,0
91,98,3,0.41
92,3,12,0.93
92,20,12,0.31
92,22,12,0.57
92,23,12,0.14
92,33,12,0.33
92,34,12,0.89
92,36,12,0.25
92,40,12,0.16
92,41,12,0.43
92,56,12,0.2
92,74,12,0.31
92,79,12,0.27
92,86,12,0.06
92,92,12,0
92,7,11,0.86
92,18,11,0.39
92,37,11,0.81
92,38,11,0.17
92,41,11,0.56
92,49,11,0.28
92,51,11,0.89
92,62,11,0.16
92,81,11,0.46
92,86,11,0.19
92,92,11,0
92,95,11,0.77
93,0,4,0.5
93,1,4,0.86
93,3,4,0.32
93,13,4,0.43
93,16,4,0.87
93,18,4,0.03
93,25,4,0.04
93,42,4,0.88
93,47,4,0.03
93,61,4,0.49
93,64,4,0.06
93,71,4,0.11
93,72,4,0.91
93,74,4,0.82
93,77,4,0.62
93,78,4,0.71
93,84,4,0.64
93,89,4,0.86
93,90,4,0.4
93,93,4,0
93,0,2,0.8
93,7,2,0.14
93,10,2,0.3
93,15,2,0.6
93,28,2,0.46
93,35,2,0.93
93,37,2,0.53
93,38,2,0.48
93,51,2,0.36
93,53,2,0.66
93,66,2,0.31
93,67,2,0.93
93,87,2,0.45
93,93,2,0
93,95,2,0.09
93,5,10,0.86
93,8,10,0.63
93,12,10,0.07
93,21,10,0.29
93,22,10,0.57
93,23,10,0.99
93,38,10,0.55
93,39,10,0.78
93,40,10,0.61
93,44,10,0.36
93,52,10,0.63
93,53,10,0.23
93,59,10,0.63
93,66,10,0.32
93,77,10,0.38
93,93,10,0
93,97,10,0.56
93,98,10,0.1
93,99,10,0.74
94,5,15,0.92
94,36,15,0.63
94,38,15,0.97
94,44,15,0.1
94,55,15,0.89
94,68,15,0.17
94,76,15,0.84
94,81,15,0.17
94,85,15,0.47
94,90,15,0.18
94,91,15,0.56
94,94,15,0
94,0,8,0.12
94,20,8,0.43
94,30,8,0.71
94,31,8,0.47
94,39,8,0.87
94,56,8,0.7
94,58,8,0.5
94,84,8,0.29
94,89,8,0.02
94,94,8,0
94,96,8,0.22
95,0,2,0.24
95,7,2,0.62
95,10,2,0.79
95,15,2,0.5
95,28,2,0.49
95,35,2,0.89
95,37,2,0.54
95,38,2,0.7
95,51,2,0.6
95,53,2,0.43
95,66,2,0.1
95,67,2,0.35
95,87,2,0.94
95,93,2,0.55
95,95,2,0
95,6,19,0.53
95,7,19,0.39
95,16,19,0.15
95,35,19,0.06
95,45,19,0.54
95,57,19,0.72
95,58,19,0.25
95,63,19,0.69
95,75,19,0.41
95,76,19,0.47
95,79,19,0.36
95,80,19,0.1
95,82,19,0.97
95,83,19,0.79
95,95,19,0
95,98,19,0.02
95,1,0,0.98
95,9,0,0.94
95,13,0,0.78
95,15,0,0.28
95,18,0,0.38
95,26,0,0.92
95,28,0,0.98
95,32,0,0.77
95,44,0,0.42
95,55,0,0.15
95,63,0,0.89
95,65,0,0.31
95,73,0,0.15
95,74,0,0.24
95,80,0,0.56
95,89,0,0.31
95,91,0,0.76
95,95,0,0
95,96,0,0.77
95,99,0,0.42
95,7,11,0.96
95,18,11,0.16
95,37,11,0.16
95,38,11,0.07
95,41,11,0.99
95,49,11,0.61
95,51,11,0.64
95,62,11,0.0
95,81,11,0.16
95,86,11,0.82
95,92,11,0.5
95,95,11,0
96,1,0,0.85
96,9,0,0.57
96,13,0,0.7
96,15,0,0.48
96,18,0,0.89
96,26,0,0.23
96,28,0,0.65
96,32,0,0.56
96,44,0,0.94
96,55,0,0.01
96,63,0,0.87
96,65,0,0.06
96,73,0,0.1
96,74,0,0.69
96,80,0,0.45
96,89,0,0.97
96,91,0,0.28
96,95,0,0.29
96,96,0,0
96,99,0,0.68
96,6,7,0.65
96,10,7,0.82
96,14,7,0.3
96,21,7,0.99
96,24,7,0.05
96,27,7,0.79
96,40,7,0.74
96,43,7,0.88
96,45,7,0.63
96,48,7,0.17
96,52,7,0.71
96,64,7,0.35
96,69,7,0.3
96,73,7,0.18
96,76,7,0.16
96,86,7,0.93
96,87,7,0.28
96,90,7,0.36
96,96,7,0
96,0,8,0.12
96,20,8,0.62
96,30,8,0.35
96,31,8,0.9
96,39,8,0.19
96,56,8,0.51
96,58,8,0.1
96,84,8,0.48
96,89,8,0.37
96,94,8,0.71
96,96,8,0
97,0,5,0.05
97,3,5,0.11
97,7,5,0.47
97,15,5,0.95
97,20,5,0.02
97,22,5,0.78
97,25,5,0.84
97,29,5,0.84
97,37,5,0.33
97,39,5,0.72
97,41,5,0.04
97,42,5,0.5
97,47,5,0.19
97,52,5,0.29
97,55,5,0.13
97,65,5,0.23
97,68,5,0.39
97,70,5,0.04
97,71,5,0.82
97,73,5,0.38
97,78,5,0.98
97,82,5,0.72
97,87,5,0.6
97,97,5,0
97,5,10,0.47
97,8,10,0.05
97,12,10,0.11
97,21,10,0.48
97,22,10,0.51
97,23,10,0.22
97,38,10,0.44
97,39,10,0.86
97,40,10,0.54
97,44,10,0.25
97,52,10,0.18
97,53,10,0.88
97,59,10,0.19
97,66,10,0.12
97,77,10,0.23
97,93,10,0.7
97,97,10,0
97,98,10,0.76
97,99,10,0.73
98,4,16,0.93
98,11,16,0.09
98,24,16,0.74
98,30,16,0.02
98,34,16,0.57
98,36,16,0.19
98,39,16,0.54
98,62,16,0.04
98,63,16,0.6
98,78,16,0.97
98,83,16,0.19
98,85,16,0.23
98,86,16,0.34
98,88,16,0.93
98,98,16,0
98,5,10,0.02
98,8,10,0.28
98,12,10,0.82
98,21,10,0.17
98,22,10,0.44
98,23,10,0.1
98,38,10,0.37
98,39,10,0.78
98,40,10,0.37
98,44,10,0.41
98,52,10,0.3
98,53,10,0.22
98,59,10,0.82
98,66,10,0.18
98,77,10,0.14
98,93,10,0.34
98,97,10,0.45
98,98,10,0
98,99,10,0.66
98,2,3,0.23
98,14,3,0.18
98,24,3,0.04
98,28,3,0.02
98,29,3,0.62
98,32,3,0.29
98,33,3,0.36
98,43,3,0.96
98,46,3,0.06
98,55,3,0.3
98,60,3,0.61
98,66,3,0.08
98,69,3,0.52
98,75,3,0.58
98,78,3,1.0
98,91,3,0.01
98,98,3,0
98,6,19,0.12
98,7,19,0.81
98,16,19,0.81
98,35,19,0.07
98,45,19,0.34
98,57,19,0.39
98,58,19,0.8
98,63,19,0.57
98,75,19,0.3
98,76,19,0.59
98,79,19,0.3
98,80,19,0.53
98,82,19,0.6
98,83,19,0.76
98,95,19,0.03
98,98,19,0
99,1,0,0.98
99,9,0,0.46
99,13,0,0.7
99,15,0,0.38
99,18,0,0.09
99,26,0,0.96
99,28,0,0.65
99,32,0,0.47
99,44,0,0.42
99,55,0,0.9
99,63,0,0.99
99,65,0,0.47
99,73,0,0.64
99,74,0,0.16
99,80,0,0.65
99,89,0,0.03
99,91,0,0.66
99,95,0,0.26
99,96,0,0.35
99,99,0,0
99,5,10,0.18
99,8,10,0.78
99,12,10,0.83
99,21,10,0.36
99,22,10,0.68
99,23,10,0.42
99,38,10,0.86
99,39,10,0.12
99,40,10,0.71
99,44,10,0.74
99,52,10,0.97
99,53,10,0.62
99,59,10,0.52
99,66,10,0.38
99,77,10,0.04
99,93,10,0.44
99,97,10,0.68
99,98,10,0.32
99,99,10,0
99,4,9,0.9
99,11,9,0.01
99,14,9,0.9
99,17,9,0.54
99,26,9,0.51
99,29,9,0.25
99,30,9,0.05
99,31,9,0.08
99,35,9,0.44
99,42,9,0.59
99,43,9,0.71
99,46,9,0.18
99,48,9,0.55
99,60,9,0.42
99,62,9,0.28
99,79,9,0.44
99,99,9,0