M,100,P,30,Q,100000,targetS,0.1,targetW,0.1

Resources name, resource id, current workload and max workload
R_0,0,0.57,1
R_1,1,0.62,1
R_2,2,0.61,1
R_3,3,0.58,1
R_4,4,0.52,1
R_5,5,0.67,1
R_6,6,0.8,1
R_7,7,0.4,1
R_8,8,0.44,1
R_9,9,0.42,1
R_10,10,0.73,1
R_11,11,0.78,1
R_12,12,0.62,1
R_13,13,0.5,1
R_14,14,0.52,1
R_15,15,0.61,1
R_16,16,0.4,1
R_17,17,0.73,1
R_18,18,0.66,1
R_19,19,0.41,1
R_20,20,0.53,1
R_21,21,0.49,1
R_22,22,0.77,1
R_23,23,0.79,1
R_24,24,0.66,1
R_25,25,0.76,1
R_26,26,0.59,1
R_27,27,0.58,1
R_28,28,0.4,1
R_29,29,0.55,1
R_30,30,0.44,1
R_31,31,0.45,1
R_32,32,0.55,1
R_33,33,0.46,1
R_34,34,0.64,1
R_35,35,0.54,1
R_36,36,0.68,1
R_37,37,0.56,1
R_38,38,0.76,1
R_39,39,0.74,1
R_40,40,0.54,1
R_41,41,0.69,1
R_42,42,0.5,1
R_43,43,0.5,1
R_44,44,0.57,1
R_45,45,0.58,1
R_46,46,0.52,1
R_47,47,0.67,1
R_48,48,0.57,1
R_49,49,0.77,1
R_50,50,0.72,1
R_51,51,0.7,1
R_52,52,0.76,1
R_53,53,0.53,1
R_54,54,0.8,1
R_55,55,0.54,1
R_56,56,0.72,1
R_57,57,0.4,1
R_58,58,0.67,1
R_59,59,0.72,1
R_60,60,0.65,1
R_61,61,0.77,1
R_62,62,0.53,1
R_63,63,0.55,1
R_64,64,0.73,1
R_65,65,0.51,1
R_66,66,0.46,1
R_67,67,0.64,1
R_68,68,0.56,1
R_69,69,0.41,1
R_70,70,0.59,1
R_71,71,0.53,1
R_72,72,0.41,1
R_73,73,0.57,1
R_74,74,0.64,1
R_75,75,0.58,1
R_76,76,0.44,1
R_77,77,0.46,1
R_78,78,0.44,1
R_79,79,0.69,1
R_80,80,0.73,1
R_81,81,0.42,1
R_82,82,0.46,1
R_83,83,0.5,1
R_84,84,0.8,1
R_85,85,0.53,1
R_86,86,0.41,1
R_87,87,0.52,1
R_88,88,0.42,1
R_89,89,0.61,1
R_90,90,0.59,1
R_91,91,0.78,1
R_92,92,0.73,1
R_93,93,0.79,1
R_94,94,0.55,1
R_95,95,0.42,1
R_96,96,0.58,1
R_97,97,0.71,1
R_98,98,0.57,1
R_99,99,0.57,1

Activities name, activity id, lambda, stress, resource id, priority, rifiutato
act_39,39,0.03,0.11,0,57,0
act_38,38,0.29,0.64,0,59,0
act_39,39,0.03,0.11,0,58,0
act_39,39,0.03,0.11,0,64,0
act_39,39,0.03,0.11,0,166,0
act_10,10,0.29,0.39,1,109,0
act_25,25,0.09,0.79,1,121,0
act_35,35,0.12,0.71,2,198,1
act_35,35,0.12,0.71,2,119,1
act_35,35,0.12,0.71,2,88,1
act_29,29,0.21,0.15,3,113,0
act_19,19,0.14,0.45,3,304,0
act_36,36,0.28,0.53,4,240,0
act_21,21,0.14,0.76,4,114,1
act_27,27,0.19,0.74,5,169,0
act_4,4,0.07,0.94,5,257,0
act_5,5,0.04,0.37,6,11,1
act_5,5,0.04,0.37,6,234,1
act_20,20,0.08,0.76,6,1,1
act_5,5,0.04,0.37,6,31,1
act_5,5,0.04,0.37,7,135,0
act_32,32,0.17,0.74,7,138,1
act_5,5,0.04,0.37,7,84,0
act_5,5,0.04,0.37,7,29,0
act_5,5,0.04,0.37,7,223,0
act_32,32,0.17,0.74,7,302,1
act_5,5,0.04,0.37,7,265,0
act_5,5,0.04,0.37,7,134,0
act_26,26,0.29,0.62,8,46,0
act_39,39,0.03,0.11,8,297,0
act_39,39,0.03,0.11,8,235,0
act_39,39,0.03,0.11,8,9,0
act_39,39,0.03,0.11,8,281,0
act_39,39,0.03,0.11,8,288,0
act_39,39,0.03,0.11,8,215,0
act_39,39,0.03,0.11,8,5,0
act_39,39,0.03,0.11,8,255,0
act_39,39,0.03,0.11,8,74,0
act_15,15,0.25,0.99,9,290,1
act_15,15,0.25,0.99,9,76,1
act_30,30,0.15,0.26,10,149,0
act_8,8,0.1,0.34,10,193,0
act_32,32,0.17,0.74,11,283,0
act_12,12,0.15,0.84,12,94,1
act_19,19,0.14,0.45,12,157,0
act_23,23,0.3,0.43,13,148,1
act_28,28,0.12,0.33,13,19,0
act_31,31,0.05,0.23,14,128,0
act_31,31,0.05,0.23,14,38,0
act_26,26,0.29,0.62,14,106,0
act_31,31,0.05,0.23,14,200,0
act_7,7,0.29,0.95,15,8,1
act_4,4,0.07,0.94,15,48,1
act_8,8,0.1,0.34,16,108,1
act_8,8,0.1,0.34,16,155,1
act_8,8,0.1,0.34,16,105,1
act_8,8,0.1,0.34,16,192,1
act_8,8,0.1,0.34,16,184,1
act_32,32,0.17,0.74,17,127,0
act_10,10,0.29,0.39,18,104,0
act_27,27,0.19,0.74,19,37,0
act_35,35,0.12,0.71,19,68,0
act_4,4,0.07,0.94,19,91,1
act_35,35,0.12,0.71,19,286,0
act_4,4,0.07,0.94,19,229,1
act_28,28,0.12,0.33,20,103,1
act_28,28,0.12,0.33,20,241,1
act_28,28,0.12,0.33,20,214,1
act_4,4,0.07,0.94,20,273,1
act_24,24,0.26,0.47,21,279,0
act_22,22,0.25,0.52,21,152,1
act_29,29,0.21,0.15,22,219,0
act_4,4,0.07,0.94,23,75,1
act_39,39,0.03,0.11,23,254,0
act_4,4,0.07,0.94,23,99,1
act_39,39,0.03,0.11,23,285,0
act_5,5,0.04,0.37,24,173,0
act_31,31,0.05,0.23,24,263,0
act_31,31,0.05,0.23,24,131,0
act_34,34,0.13,0.84,24,112,1
act_5,5,0.04,0.37,24,258,0
act_14,14,0.12,0.96,25,72,1
act_14,14,0.12,0.96,25,213,1
act_20,20,0.08,0.76,26,167,1
act_1,1,0.29,0.55,26,156,1
act_18,18,0.14,0.46,27,210,1
act_2,2,0.1,0.13,27,56,0
act_20,20,0.08,0.76,27,3,1
act_20,20,0.08,0.76,27,301,1
act_9,9,0.27,0.47,28,289,1
act_9,9,0.27,0.47,28,144,1
act_7,7,0.29,0.95,29,195,0
act_4,4,0.07,0.94,29,107,0
act_4,4,0.07,0.94,29,139,0
act_2,2,0.1,0.13,30,111,0
act_24,24,0.26,0.47,30,80,1
act_25,25,0.09,0.79,30,120,1
act_25,25,0.09,0.79,30,142,1
act_19,19,0.14,0.45,31,18,1
act_19,19,0.14,0.45,31,23,1
act_19,19,0.14,0.45,31,102,1
act_5,5,0.04,0.37,32,137,1
act_5,5,0.04,0.37,32,35,1
act_3,3,0.14,0.02,32,180,0
act_3,3,0.14,0.02,32,242,0
act_5,5,0.04,0.37,32,284,1
act_5,5,0.04,0.37,32,196,1
act_25,25,0.09,0.79,33,45,1
act_4,4,0.07,0.94,33,24,1
act_25,25,0.09,0.79,33,245,1
act_5,5,0.04,0.37,33,65,1
act_4,4,0.07,0.94,33,218,1
act_5,5,0.04,0.37,33,272,1
act_4,4,0.07,0.94,33,34,1
act_5,5,0.04,0.37,33,53,1
act_8,8,0.1,0.34,34,133,0
act_33,33,0.12,0.84,34,294,0
act_33,33,0.12,0.84,34,47,0
act_20,20,0.08,0.76,35,92,1
act_8,8,0.1,0.34,35,252,1
act_15,15,0.25,0.99,35,237,1
act_16,16,0.1,0.94,36,174,1
act_20,20,0.08,0.76,36,55,1
act_20,20,0.08,0.76,36,33,1
act_11,11,0.16,0.06,37,199,0
act_15,15,0.25,0.99,37,176,0
act_12,12,0.15,0.84,38,97,0
act_13,13,0.18,0.06,39,303,0
act_4,4,0.07,0.94,39,143,0
act_31,31,0.05,0.23,40,262,0
act_21,21,0.14,0.76,40,231,1
act_21,21,0.14,0.76,40,256,1
act_31,31,0.05,0.23,40,268,0
act_31,31,0.05,0.23,40,129,0
act_2,2,0.1,0.13,41,39,0
act_32,32,0.17,0.74,41,206,0
act_29,29,0.21,0.15,42,26,0
act_31,31,0.05,0.23,42,250,0
act_29,29,0.21,0.15,42,20,0
act_36,36,0.28,0.53,43,36,0
act_16,16,0.1,0.94,43,7,1
act_16,16,0.1,0.94,43,110,1
act_18,18,0.14,0.46,44,146,0
act_14,14,0.12,0.96,44,274,0
act_25,25,0.09,0.79,44,295,0
act_11,11,0.16,0.06,45,239,0
act_11,11,0.16,0.06,45,87,0
act_38,38,0.29,0.64,46,118,0
act_2,2,0.1,0.13,46,275,0
act_25,25,0.09,0.79,46,208,0
act_39,39,0.03,0.11,47,101,0
act_18,18,0.14,0.46,47,145,1
act_18,18,0.14,0.46,47,201,1
act_4,4,0.07,0.94,48,30,1
act_33,33,0.12,0.84,48,293,0
act_4,4,0.07,0.94,48,130,1
act_4,4,0.07,0.94,48,226,1
act_4,4,0.07,0.94,48,150,1
act_31,31,0.05,0.23,49,165,0
act_31,31,0.05,0.23,49,162,0
act_25,25,0.09,0.79,49,191,0
act_18,18,0.14,0.46,50,186,1
act_18,18,0.14,0.46,50,13,1
act_34,34,0.13,0.84,51,44,1
act_34,34,0.13,0.84,51,82,1
act_2,2,0.1,0.13,52,224,0
act_2,2,0.1,0.13,52,175,0
act_7,7,0.29,0.95,53,209,1
act_21,21,0.14,0.76,53,40,1
act_31,31,0.05,0.23,54,147,0
act_31,31,0.05,0.23,54,0,0
act_31,31,0.05,0.23,54,197,0
act_31,31,0.05,0.23,54,25,0
act_9,9,0.27,0.47,55,32,1
act_34,34,0.13,0.84,55,164,1
act_37,37,0.25,0.91,56,69,0
act_0,0,0.16,0.74,57,42,1
act_0,0,0.16,0.74,57,216,1
act_24,24,0.26,0.47,57,238,0
act_37,37,0.25,0.91,58,183,0
act_27,27,0.19,0.74,59,140,0
act_34,34,0.13,0.84,60,151,1
act_34,34,0.13,0.84,60,96,1
act_39,39,0.03,0.11,61,100,0
act_8,8,0.1,0.34,61,168,0
act_39,39,0.03,0.11,61,261,0
act_39,39,0.03,0.11,61,185,0
act_39,39,0.03,0.11,61,190,0
act_10,10,0.29,0.39,62,2,1
act_4,4,0.07,0.94,62,136,1
act_4,4,0.07,0.94,62,189,1
act_0,0,0.16,0.74,63,85,0
act_3,3,0.14,0.02,63,153,0
act_3,3,0.14,0.02,63,260,0
act_31,31,0.05,0.23,64,159,0
act_31,31,0.05,0.23,64,194,0
act_5,5,0.04,0.37,64,188,0
act_31,31,0.05,0.23,64,182,0
act_31,31,0.05,0.23,64,41,0
act_38,38,0.29,0.64,65,22,1
act_28,28,0.12,0.33,65,60,0
act_29,29,0.21,0.15,66,267,0
act_18,18,0.14,0.46,66,278,1
act_18,18,0.14,0.46,66,4,1
act_39,39,0.03,0.11,67,6,0
act_24,24,0.26,0.47,67,212,0
act_39,39,0.03,0.11,67,123,0
act_39,39,0.03,0.11,67,259,0
act_9,9,0.27,0.47,68,163,0
act_33,33,0.12,0.84,68,225,0
act_16,16,0.1,0.94,69,232,1
act_16,16,0.1,0.94,69,141,1
act_1,1,0.29,0.55,69,73,0
act_16,16,0.1,0.94,69,205,1
act_31,31,0.05,0.23,70,98,0
act_33,33,0.12,0.84,70,12,0
act_30,30,0.15,0.26,70,246,0
act_31,31,0.05,0.23,70,203,0
act_25,25,0.09,0.79,71,269,1
act_25,25,0.09,0.79,71,10,1
act_11,11,0.16,0.06,71,181,0
act_25,25,0.09,0.79,71,298,1
act_38,38,0.29,0.64,72,116,1
act_38,38,0.29,0.64,72,233,1
act_34,34,0.13,0.84,73,125,1
act_20,20,0.08,0.76,73,77,1
act_20,20,0.08,0.76,73,171,1
act_34,34,0.13,0.84,73,90,1
act_9,9,0.27,0.47,74,16,0
act_24,24,0.26,0.47,75,70,0
act_11,11,0.16,0.06,75,170,0
act_18,18,0.14,0.46,76,276,1
act_26,26,0.29,0.62,76,124,1
act_8,8,0.1,0.34,77,158,0
act_13,13,0.18,0.06,77,299,0
act_5,5,0.04,0.37,77,282,1
act_13,13,0.18,0.06,77,17,0
act_9,9,0.27,0.47,78,62,1
act_9,9,0.27,0.47,78,61,1
act_23,23,0.3,0.43,79,211,0
act_21,21,0.14,0.76,80,236,1
act_28,28,0.12,0.33,80,202,0
act_34,34,0.13,0.84,81,122,1
act_18,18,0.14,0.46,81,28,1
act_34,34,0.13,0.84,81,300,1
act_18,18,0.14,0.46,81,66,1
act_39,39,0.03,0.11,82,243,0
act_16,16,0.1,0.94,82,247,1
act_16,16,0.1,0.94,82,253,1
act_18,18,0.14,0.46,82,83,0
act_31,31,0.05,0.23,82,89,0
act_31,31,0.05,0.23,82,178,0
act_31,31,0.05,0.23,82,177,0
act_12,12,0.15,0.84,83,251,1
act_12,12,0.15,0.84,83,292,1
act_35,35,0.12,0.71,83,154,0
act_12,12,0.15,0.84,84,14,0
act_23,23,0.3,0.43,85,244,0
act_30,30,0.15,0.26,85,179,0
act_17,17,0.26,0.29,86,227,0
act_14,14,0.12,0.96,86,277,0
act_31,31,0.05,0.23,86,228,0
act_14,14,0.12,0.96,86,71,0
act_31,31,0.05,0.23,87,115,0
act_15,15,0.25,0.99,87,221,0
act_31,31,0.05,0.23,87,230,0
act_31,31,0.05,0.23,87,126,0
act_31,31,0.05,0.23,87,78,0
act_29,29,0.21,0.15,88,161,0
act_1,1,0.29,0.55,88,81,0
act_1,1,0.29,0.55,89,49,0
act_8,8,0.1,0.34,90,86,1
act_39,39,0.03,0.11,90,266,0
act_8,8,0.1,0.34,90,160,1
act_39,39,0.03,0.11,90,296,0
act_39,39,0.03,0.11,90,249,0
act_39,39,0.03,0.11,90,187,0
act_39,39,0.03,0.11,90,264,0
act_39,39,0.03,0.11,90,248,0
act_39,39,0.03,0.11,90,271,0
act_31,31,0.05,0.23,91,287,0
act_31,31,0.05,0.23,91,291,0
act_31,31,0.05,0.23,91,222,0
act_31,31,0.05,0.23,91,280,0
act_18,18,0.14,0.46,92,220,1
act_8,8,0.1,0.34,92,50,1
act_32,32,0.17,0.74,93,117,0
act_39,39,0.03,0.11,93,217,0
act_28,28,0.12,0.33,94,43,1
act_28,28,0.12,0.33,94,52,1
act_28,28,0.12,0.33,94,51,1
act_11,11,0.16,0.06,95,172,0
act_34,34,0.13,0.84,95,54,1
act_34,34,0.13,0.84,95,132,1
act_11,11,0.16,0.06,95,79,0
act_10,10,0.29,0.39,96,67,0
act_20,20,0.08,0.76,96,27,1
act_6,6,0.17,0.06,97,270,0
act_20,20,0.08,0.76,98,15,1
act_20,20,0.08,0.76,98,93,1
act_20,20,0.08,0.76,98,95,1
act_20,20,0.08,0.76,98,63,1
act_20,20,0.08,0.76,98,204,1
act_24,24,0.26,0.47,99,207,0
act_3,3,0.14,0.02,99,21,0

Alpha (resource id, list of activity ids)
0:38,39
1:25,33,1,10
2:35,9
3:19,17,29,15
4:36,19,21
5:4,27
6:5,20
7:32,5
8:39,26,7
9:6,15
10:8,30,0
11:33,32
12:12,19,15
13:28,11,23
14:26,31
15:4,21,19,7
16:8,0
17:9,32,6
18:10,32,16
19:35,27,10,4
20:28,26,22,4
21:22,24
22:29,36,23
23:4,39
24:5,34,2,31
25:13,14
26:0,1,20
27:20,13,18,2
28:0,9
29:4,17,1,7
30:25,24,2
31:19,36
32:5,3
33:4,25,5
34:33,8
35:20,15,8,25
36:20,12,16
37:11,15
38:12,36,10
39:36,4,13
40:31,21
41:15,6,32,2
42:29,2,31
43:7,36,16
44:14,18,25,24
45:11,38
46:28,25,2,38
47:39,18,33
48:4,33,7,12
49:25,31
50:23,18,1
51:24,34,26,28
52:2,23,18
53:7,22,21,20
54:17,31
55:28,15,9,34
56:37,38,19,31
57:0,24
58:12,22,37
59:1,28,6,27
60:34,35
61:18,39,17,8
62:10,20,4
63:0,3
64:5,9,29,31
65:28,38
66:18,29
67:6,39,24,23
68:21,33,9
69:1,16
70:11,31,30,33
71:29,11,25
72:18,38
73:34,20
74:9,26
75:24,11
76:18,17,26
77:8,5,13
78:18,9,29,38
79:23,26,20
80:20,21,28,24
81:34,18
82:39,16,18,31
83:35,12
84:12,29,10
85:23,9,30,29
86:9,14,17,31
87:26,31,17,15
88:29,18,1
89:34,1
90:8,38,39
91:31,36
92:0,8,24,18
93:24,3,39,32
94:37,28,19
95:34,11
96:20,10
97:28,7,6,18
98:20,0
99:3,1,24,31

Costs (resource, resource to replace, activity, cost)
0,0,38,0
0,45,38,0.48
0,46,38,0.47
0,56,38,0.15
0,65,38,0.23
0,72,38,0.1
0,78,38,0.73
0,90,38,0.18
0,0,39,0
0,8,39,0.54
0,23,39,0.07
0,47,39,0.42
0,61,39,0.14
0,67,39,0.28
0,82,39,0.96
0,90,39,0.64
0,93,39,0.31
1,1,25,0
1,30,25,0.82
1,33,25,0.34
1,35,25,0.6
1,44,25,0.58
1,46,25,0.16
1,49,25,0.19
1,71,25,0.54
1,1,33,0
1,11,33,0.58
1,34,33,0.98
1,47,33,0.09
1,48,33,0.08
1,68,33,0.26
1,70,33,0.79
1,1,1,0
1,26,1,0.04
1,29,1,0.29
1,50,1,0.28
1,59,1,0.13
1,69,1,0.71
1,88,1,0.82
1,89,1,0.1
1,99,1,0.86
1,1,10,0
1,18,10,0.03
1,19,10,0.45
1,38,10,0.5
1,62,10,0.56
1,84,10,0.18
1,96,10,0.98
2,2,35,0
2,19,35,0.76
2,60,35,0.38
2,83,35,0.13
2,2,9,0
2,17,9,0.03
2,28,9,0.33
2,55,9,0.97
2,64,9,0.18
2,68,9,0.92
2,74,9,0.43
2,78,9,0.28
2,85,9,0.06
2,86,9,0.36
3,3,19,0
3,4,19,0.22
3,12,19,0.07
3,15,19,0.8
3,31,19,0.88
3,56,19,0.15
3,94,19,0.9
3,3,17,0
3,29,17,0.21
3,54,17,0.05
3,61,17,0.98
3,76,17,0.38
3,86,17,0.24
3,87,17,0.22
3,3,29,0
3,22,29,0.3
3,42,29,0.89
3,64,29,0.67
3,66,29,0.76
3,71,29,0.89
3,78,29,0.01
3,84,29,0.19
3,85,29,0.71
3,88,29,0.98
3,3,15,0
3,9,15,0.34
3,12,15,0.6
3,35,15,0.78
3,37,15,0.9
3,41,15,0.62
3,55,15,0.73
3,87,15,0.2
4,4,36,0
4,22,36,0.64
4,31,36,0.97
4,38,36,0.54
4,39,36,0.78
4,43,36,0.38
4,91,36,0.73
4,3,19,0.25
4,4,19,0
4,12,19,0.2
4,15,19,0.46
4,31,19,0.72
4,56,19,0.85
4,94,19,0.97
4,4,21,0
4,15,21,0.26
4,40,21,0.35
4,53,21,0.29
4,68,21,0.06
4,80,21,0.73
5,5,4,0
5,15,4,0.73
5,19,4,0.27
5,20,4,0.29
5,23,4,0.97
5,29,4,0.22
5,33,4,0.58
5,39,4,0.25
5,48,4,0.9
5,62,4,0.46
5,5,27,0
5,19,27,0.15
5,59,27,0.72
6,6,5,0
6,7,5,0.71
6,24,5,0.31
6,32,5,0.52
6,33,5,0.66
6,64,5,0.84
6,77,5,0.25
6,6,20,0
6,26,20,0.87
6,27,20,0.94
6,35,20,0.36
6,36,20,0.4
6,53,20,0.55
6,62,20,0.86
6,73,20,0.9
6,79,20,0.84
6,80,20,0.85
6,96,20,0.34
6,98,20,0.58
7,7,32,0
7,11,32,0.64
7,17,32,0.26
7,18,32,0.52
7,41,32,0.83
7,93,32,0.78
7,6,5,0.93
7,7,5,0
7,24,5,0.24
7,32,5,0.42
7,33,5,0.34
7,64,5,0.81
7,77,5,0.49
8,0,39,0.81
8,8,39,0
8,23,39,0.84
8,47,39,0.6
8,61,39,0.37
8,67,39,0.6
8,82,39,0.81
8,90,39,0.1
8,93,39,0.9
8,8,26,0
8,14,26,0.33
8,20,26,0.1
8,51,26,0.49
8,74,26,0.88
8,76,26,0.05
8,79,26,0.48
8,87,26,0.34
8,8,7,0
8,15,7,0.24
8,29,7,0.59
8,43,7,0.21
8,48,7,0.83
8,53,7,0.99
8,97,7,0.59
9,9,6,0
9,17,6,0.57
9,41,6,0.73
9,59,6,0.38
9,67,6,0.18
9,97,6,0.22
9,3,15,0.88
9,9,15,0
9,12,15,0.27
9,35,15,0.51
9,37,15,0.29
9,41,15,0.04
9,55,15,0.73
9,87,15,0.44
10,10,8,0
10,16,8,0.26
10,34,8,0.36
10,35,8,0.67
10,61,8,0.27
10,77,8,0.94
10,90,8,0.25
10,92,8,0.78
10,10,30,0
10,70,30,0.07
10,85,30,0.64
10,10,0,0
10,16,0,0.15
10,26,0,0.22
10,28,0,0.17
10,57,0,0.22
10,63,0,0.12
10,92,0,0.32
10,98,0,0.99
11,1,33,0.87
11,11,33,0
11,34,33,0.98
11,47,33,0.7
11,48,33,0.31
11,68,33,0.53
11,70,33,0.33
11,7,32,0.07
11,11,32,0
11,17,32,0.05
11,18,32,0.28
11,41,32,0.05
11,93,32,0.07
12,12,12,0
12,36,12,0.28
12,38,12,0.64
12,48,12,0.08
12,58,12,0.49
12,83,12,0.42
12,84,12,0.76
12,3,19,0.84
12,4,19,0.14
12,12,19,0
12,15,19,0.4
12,31,19,0.11
12,56,19,0.26
12,94,19,0.61
12,3,15,0.79
12,9,15,0.19
12,12,15,0
12,35,15,0.61
12,37,15,0.9
12,41,15,0.59
12,55,15,0.06
12,87,15,0.72
13,13,28,0
13,20,28,0.61
13,46,28,0.24
13,51,28,0.49
13,55,28,0.78
13,59,28,0.29
13,65,28,0.37
13,80,28,0.6
13,94,28,0.71
13,97,28,0.18
13,13,11,0
13,37,11,0.66
13,45,11,0.61
13,70,11,0.71
13,71,11,0.3
13,75,11,0.84
13,95,11,0.6
13,13,23,0
13,22,23,0.05
13,50,23,0.41
13,52,23,0.58
13,67,23,0.02
13,79,23,0.26
13,85,23,0.51
14,8,26,0.75
14,14,26,0
14,20,26,0.57
14,51,26,0.09
14,74,26,0.12
14,76,26,0.06
14,79,26,0.72
14,87,26,0.68
14,14,31,0
14,24,31,0.58
14,40,31,0.52
14,42,31,0.22
14,49,31,0.75
14,54,31,0.74
14,56,31,0.5
14,64,31,0.62
14,70,31,0.46
14,82,31,0.16
14,86,31,0.38
14,87,31,0.97
14,91,31,0.27
14,99,31,0.19
15,5,4,0.21
15,15,4,0
15,19,4,0.22
15,20,4,0.73
15,23,4,0.74
15,29,4,0.56
15,33,4,0.26
15,39,4,0.54
15,48,4,0.89
15,62,4,0.26
15,4,21,0.07
15,15,21,0
15,40,21,0.96
15,53,21,0.59
15,68,21,0.68
15,80,21,0.58
15,3,19,0.09
15,4,19,0.44
15,12,19,0.67
15,15,19,0
15,31,19,0.5
15,56,19,0.65
15,94,19,0.71
15,8,7,0.19
15,15,7,0
15,29,7,0.97
15,43,7,0.96
15,48,7,0.36
15,53,7,0.29
15,97,7,0.81
16,10,8,0.47
16,16,8,0
16,34,8,0.55
16,35,8,0.85
16,61,8,0.57
16,77,8,0.83
16,90,8,0.83
16,92,8,0.21
16,10,0,0.83
16,16,0,0
16,26,0,0.16
16,28,0,0.74
16,57,0,0.79
16,63,0,0.21
16,92,0,0.56
16,98,0,0.32
17,2,9,0.32
17,17,9,0
17,28,9,0.51
17,55,9,0.49
17,64,9,0.67
17,68,9,0.53
17,74,9,0.46
17,78,9,0.02
17,85,9,0.88
17,86,9,0.04
17,7,32,0.58
17,11,32,0.05
17,17,32,0
17,18,32,0.22
17,41,32,0.24
17,93,32,0.06
17,9,6,0.49
17,17,6,0
17,41,6,0.71
17,59,6,0.47
17,67,6,0.49
17,97,6,0.23
18,1,10,0.64
18,18,10,0
18,19,10,0.29
18,38,10,0.63
18,62,10,0.06
18,84,10,0.96
18,96,10,0.78
18,7,32,0.75
18,11,32,0.56
18,17,32,0.94
18,18,32,0
18,41,32,0.9
18,93,32,0.69
18,18,16,0
18,36,16,0.85
18,43,16,0.43
18,69,16,0.01
18,82,16,0.99
19,2,35,0.5
19,19,35,0
19,60,35,0.41
19,83,35,0.24
19,5,27,0.11
19,19,27,0
19,59,27,0.46
19,1,10,0.86
19,18,10,0.18
19,19,10,0
19,38,10,0.41
19,62,10,0.49
19,84,10,0.96
19,96,10,0.58
19,5,4,0.55
19,15,4,0.9
19,19,4,0
19,20,4,0.68
19,23,4,0.23
19,29,4,0.88
19,33,4,0.24
19,39,4,0.38
19,48,4,0.8
19,62,4,0.06
20,13,28,0.84
20,20,28,0
20,46,28,0.13
20,51,28,0.56
20,55,28,0.37
20,59,28,0.89
20,65,28,0.18
20,80,28,0.29
20,94,28,0.49
20,97,28,0.1
20,8,26,0.42
20,14,26,0.12
20,20,26,0
20,51,26,0.24
20,74,26,0.55
20,76,26,0.83
20,79,26,0.24
20,87,26,0.72
20,20,22,0
20,21,22,0.34
20,53,22,0.38
20,58,22,0.65
20,5,4,0.9
20,15,4,0.64
20,19,4,0.57
20,20,4,0
20,23,4,0.83
20,29,4,0.13
20,33,4,0.12
20,39,4,0.13
20,48,4,0.86
20,62,4,0.32
21,20,22,0.35
21,21,22,0
21,53,22,0.11
21,58,22,0.81
21,21,24,0
21,30,24,0.57
21,44,24,0.86
21,51,24,0.63
21,57,24,0.74
21,67,24,0.91
21,75,24,0.95
21,80,24,0.53
21,92,24,0.45
21,93,24,0.41
21,99,24,0.14
22,3,29,0.39
22,22,29,0
22,42,29,0.84
22,64,29,0.23
22,66,29,0.51
22,71,29,0.05
22,78,29,0.47
22,84,29,0.15
22,85,29,0.32
22,88,29,0.63
22,4,36,0.3
22,22,36,0
22,31,36,0.59
22,38,36,0.66
22,39,36,0.46
22,43,36,0.54
22,91,36,0.63
22,13,23,0.05
22,22,23,0
22,50,23,0.76
22,52,23,0.89
22,67,23,0.09
22,79,23,0.88
22,85,23,0.87
23,5,4,0.38
23,15,4,0.84
23,19,4,0.4
23,20,4,0.63
23,23,4,0
23,29,4,0.92
23,33,4,0.98
23,39,4,0.3
23,48,4,0.95
23,62,4,0.96
23,0,39,0.84
23,8,39,0.0
23,23,39,0
23,47,39,0.53
23,61,39,0.36
23,67,39,0.22
23,82,39,0.76
23,90,39,0.68
23,93,39,0.42
24,6,5,0.02
24,7,5,0.92
24,24,5,0
24,32,5,0.43
24,33,5,0.99
24,64,5,0.06
24,77,5,0.71
24,24,34,0
24,51,34,0.98
24,55,34,0.15
24,60,34,0.58
24,73,34,0.49
24,81,34,0.31
24,89,34,0.65
24,95,34,0.56
24,24,2,0
24,27,2,0.52
24,30,2,0.37
24,41,2,0.33
24,42,2,0.53
24,46,2,0.57
24,52,2,0.86
24,14,31,0.04
24,24,31,0
24,40,31,0.21
24,42,31,0.54
24,49,31,0.45
24,54,31,0.44
24,56,31,0.28
24,64,31,0.39
24,70,31,0.95
24,82,31,0.54
24,86,31,0.54
24,87,31,0.19
24,91,31,0.97
24,99,31,0.45
25,25,13,0
25,27,13,0.43
25,39,13,0.96
25,77,13,0.62
25,25,14,0
25,44,14,0.13
25,86,14,0.43
26,10,0,0.13
26,16,0,0.18
26,26,0,0
26,28,0,0.03
26,57,0,0.87
26,63,0,0.71
26,92,0,0.25
26,98,0,0.23
26,1,1,0.88
26,26,1,0
26,29,1,0.47
26,50,1,0.45
26,59,1,0.31
26,69,1,0.68
26,88,1,0.42
26,89,1,0.36
26,99,1,0.96
26,6,20,0.89
26,26,20,0
26,27,20,0.94
26,35,20,0.01
26,36,20,0.98
26,53,20,0.09
26,62,20,0.55
26,73,20,0.43
26,79,20,0.64
26,80,20,0.88
26,96,20,0.2
26,98,20,0.43
27,6,20,0.04
27,26,20,0.2
27,27,20,0
27,35,20,0.19
27,36,20,0.42
27,53,20,0.35
27,62,20,0.16
27,73,20,0.77
27,79,20,0.56
27,80,20,0.95
27,96,20,0.38
27,98,20,0.09
27,25,13,0.62
27,27,13,0
27,39,13,0.28
27,77,13,0.62
27,27,18,0
27,44,18,0.59
27,47,18,0.15
27,50,18,0.83
27,52,18,0.07
27,61,18,0.86
27,66,18,0.84
27,72,18,0.04
27,76,18,0.49
27,78,18,0.09
27,81,18,0.59
27,82,18,0.18
27,88,18,0.51
27,92,18,0.36
27,97,18,0.87
27,24,2,0.1
27,27,2,0
27,30,2,0.38
27,41,2,0.15
27,42,2,1.0
27,46,2,0.09
27,52,2,0.57
28,10,0,0.79
28,16,0,0.83
28,26,0,0.49
28,28,0,0
28,57,0,0.27
28,63,0,0.25
28,92,0,0.25
28,98,0,0.25
28,2,9,0.52
28,17,9,0.87
28,28,9,0
28,55,9,0.85
28,64,9,0.94
28,68,9,0.74
28,74,9,0.21
28,78,9,0.46
28,85,9,0.89
28,86,9,0.57
29,5,4,0.21
29,15,4,0.86
29,19,4,0.41
29,20,4,0.97
29,23,4,0.02
29,29,4,0
29,33,4,0.78
29,39,4,0.07
29,48,4,0.93
29,62,4,0.6
29,3,17,0.19
29,29,17,0
29,54,17,0.23
29,61,17,0.25
29,76,17,0.24
29,86,17,0.48
29,87,17,0.43
29,1,1,0.14
29,26,1,0.11
29,29,1,0
29,50,1,0.39
29,59,1,0.3
29,69,1,0.71
29,88,1,0.37
29,89,1,0.64
29,99,1,0.59
29,8,7,0.77
29,15,7,0.11
29,29,7,0
29,43,7,0.92
29,48,7,0.96
29,53,7,0.37
29,97,7,0.43
30,1,25,0.03
30,30,25,0
30,33,25,0.48
30,35,25,0.35
30,44,25,0.83
30,46,25,0.5
30,49,25,0.3
30,71,25,0.08
30,21,24,0.54
30,30,24,0
30,44,24,0.81
30,51,24,0.99
30,57,24,0.53
30,67,24,0.49
30,75,24,0.36
30,80,24,0.95
30,92,24,0.42
30,93,24,0.7
30,99,24,0.8
30,24,2,0.43
30,27,2,0.62
30,30,2,0
30,41,2,0.06
30,42,2,0.25
30,46,2,0.06
30,52,2,0.73
31,3,19,0.53
31,4,19,0.15
31,12,19,0.42
31,15,19,0.45
31,31,19,0
31,56,19,0.63
31,94,19,0.07
31,4,36,0.53
31,22,36,0.08
31,31,36,0
31,38,36,0.26
31,39,36,0.84
31,43,36,0.0
31,91,36,0.36
32,6,5,0.39
32,7,5,0.54
32,24,5,0.59
32,32,5,0
32,33,5,0.9
32,64,5,0.04
32,77,5,0.9
32,32,3,0
32,63,3,0.27
32,93,3,0.39
32,99,3,0.93
33,5,4,0.17
33,15,4,0.0
33,19,4,0.57
33,20,4,0.11
33,23,4,0.44
33,29,4,0.77
33,33,4,0
33,39,4,0.68
33,48,4,0.77
33,62,4,0.37
33,1,25,0.65
33,30,25,0.57
33,33,25,0
33,35,25,0.01
33,44,25,0.27
33,46,25,0.83
33,49,25,0.3
33,71,25,0.11
33,6,5,0.07
33,7,5,0.88
33,24,5,0.79
33,32,5,0.3
33,33,5,0
33,64,5,0.98
33,77,5,0.64
34,1,33,0.8
34,11,33,0.61
34,34,33,0
34,47,33,0.96
34,48,33,0.25
34,68,33,0.55
34,70,33,0.7
34,10,8,0.87
34,16,8,0.58
34,34,8,0
34,35,8,0.43
34,61,8,0.41
34,77,8,0.57
34,90,8,0.32
34,92,8,0.02
35,6,20,0.03
35,26,20,0.41
35,27,20,0.95
35,35,20,0
35,36,20,0.47
35,53,20,0.2
35,62,20,0.11
35,73,20,0.97
35,79,20,0.5
35,80,20,0.25
35,96,20,0.04
35,98,20,0.47
35,3,15,0.29
35,9,15,0.45
35,12,15,0.83
35,35,15,0
35,37,15,0.71
35,41,15,0.95
35,55,15,0.48
35,87,15,0.29
35,10,8,0.65
35,16,8,0.16
35,34,8,0.9
35,35,8,0
35,61,8,0.01
35,77,8,0.76
35,90,8,0.52
35,92,8,0.12
35,1,25,0.3
35,30,25,0.49
35,33,25,0.52
35,35,25,0
35,44,25,0.45
35,46,25,0.48
35,49,25,0.44
35,71,25,0.27
36,6,20,0.69
36,26,20,0.2
36,27,20,0.31
36,35,20,1.0
36,36,20,0
36,53,20,0.21
36,62,20,0.08
36,73,20,0.73
36,79,20,0.58
36,80,20,0.43
36,96,20,0.14
36,98,20,0.58
36,12,12,0.53
36,36,12,0
36,38,12,0.66
36,48,12,0.51
36,58,12,0.96
36,83,12,0.65
36,84,12,0.13
36,18,16,0.29
36,36,16,0
36,43,16,0.21
36,69,16,0.81
36,82,16,0.82
37,13,11,0.29
37,37,11,0
37,45,11,0.46
37,70,11,0.1
37,71,11,0.45
37,75,11,0.78
37,95,11,0.49
37,3,15,0.33
37,9,15,0.02
37,12,15,0.79
37,35,15,0.34
37,37,15,0
37,41,15,0.81
37,55,15,0.91
37,87,15,0.16
38,12,12,0.63
38,36,12,0.77
38,38,12,0
38,48,12,0.54
38,58,12,0.33
38,83,12,0.18
38,84,12,0.23
38,4,36,0.15
38,22,36,0.44
38,31,36,0.44
38,38,36,0
38,39,36,0.85
38,43,36,1.0
38,91,36,0.71
38,1,10,0.32
38,18,10,0.79
38,19,10,0.47
38,38,10,0
38,62,10,0.08
38,84,10,0.51
38,96,10,0.38
39,4,36,0.03
39,22,36,0.68
39,31,36,0.58
39,38,36,0.18
39,39,36,0
39,43,36,0.99
39,91,36,0.63
39,5,4,0.72
39,15,4,0.77
39,19,4,0.24
39,20,4,0.31
39,23,4,0.46
39,29,4,0.57
39,33,4,0.19
39,39,4,0
39,48,4,0.71
39,62,4,0.3
39,25,13,0.97
39,27,13,0.91
39,39,13,0
39,77,13,0.71
40,14,31,0.95
40,24,31,0.99
40,40,31,0
40,42,31,0.18
40,49,31,0.21
40,54,31,0.49
40,56,31,0.22
40,64,31,0.26
40,70,31,0.61
40,82,31,0.82
40,86,31,0.54
40,87,31,0.08
40,91,31,0.55
40,99,31,0.71
40,4,21,0.72
40,15,21,0.17
40,40,21,0
40,53,21,0.33
40,68,21,0.81
40,80,21,0.33
41,3,15,0.75
41,9,15,0.65
41,12,15,0.46
41,35,15,0.25
41,37,15,0.6
41,41,15,0
41,55,15,0.65
41,87,15,0.82
41,9,6,0.59
41,17,6,0.46
41,41,6,0
41,59,6,0.04
41,67,6,0.36
41,97,6,0.47
41,7,32,0.69
41,11,32,0.49
41,17,32,0.12
41,18,32,0.42
41,41,32,0
41,93,32,0.64
41,24,2,0.77
41,27,2,0.8
41,30,2,0.52
41,41,2,0
41,42,2,0.76
41,46,2,0.78
41,52,2,0.31
42,3,29,0.92
42,22,29,0.37
42,42,29,0
42,64,29,0.94
42,66,29,0.27
42,71,29,0.73
42,78,29,0.68
42,84,29,0.49
42,85,29,0.94
42,88,29,0.44
42,24,2,0.83
42,27,2,0.65
42,30,2,0.16
42,41,2,0.18
42,42,2,0
42,46,2,0.36
42,52,2,0.51
42,14,31,0.02
42,24,31,0.15
42,40,31,0.47
42,42,31,0
42,49,31,0.12
42,54,31,0.19
42,56,31,0.23
42,64,31,0.01
42,70,31,0.92
42,82,31,0.51
42,86,31,0.76
42,87,31,0.67
42,91,31,0.79
42,99,31,0.68
43,8,7,0.17
43,15,7,0.09
43,29,7,0.4
43,43,7,0
43,48,7,0.56
43,53,7,0.05
43,97,7,0.01
43,4,36,0.17
43,22,36,0.59
43,31,36,0.63
43,38,36,0.88
43,39,36,0.22
43,43,36,0
43,91,36,0.29
43,18,16,0.56
43,36,16,0.58
43,43,16,0
43,69,16,0.17
43,82,16,0.34
44,25,14,0.88
44,44,14,0
44,86,14,0.79
44,27,18,0.44
44,44,18,0
44,47,18,0.93
44,50,18,0.33
44,52,18,0.52
44,61,18,0.73
44,66,18,0.77
44,72,18,0.19
44,76,18,0.87
44,78,18,0.47
44,81,18,0.66
44,82,18,0.63
44,88,18,0.68
44,92,18,0.46
44,97,18,0.44
44,1,25,0.29
44,30,25,0.07
44,33,25,0.61
44,35,25,0.27
44,44,25,0
44,46,25,0.23
44,49,25,0.14
44,71,25,0.51
44,21,24,0.14
44,30,24,0.11
44,44,24,0
44,51,24,0.03
44,57,24,0.51
44,67,24,0.8
44,75,24,0.23
44,80,24,0.13
44,92,24,0.54
44,93,24,1.0
44,99,24,0.84
45,13,11,0.34
45,37,11,0.87
45,45,11,0
45,70,11,0.94
45,71,11,0.64
45,75,11,0.72
45,95,11,0.45
45,0,38,0.77
45,45,38,0
45,46,38,0.79
45,56,38,0.32
45,65,38,0.27
45,72,38,0.58
45,78,38,0.76
45,90,38,0.23
46,13,28,0.63
46,20,28,0.69
46,46,28,0
46,51,28,0.91
46,55,28,0.25
46,59,28,0.12
46,65,28,0.02
46,80,28,0.66
46,94,28,0.94
46,97,28,0.03
46,1,25,0.77
46,30,25,0.06
46,33,25,0.36
46,35,25,0.31
46,44,25,0.33
46,46,25,0
46,49,25,0.88
46,71,25,0.61
46,24,2,0.2
46,27,2,0.16
46,30,2,0.29
46,41,2,0.75
46,42,2,0.41
46,46,2,0
46,52,2,0.47
46,0,38,0.1
46,45,38,0.27
46,46,38,0
46,56,38,0.72
46,65,38,0.29
46,72,38,0.32
46,78,38,0.57
46,90,38,0.06
47,0,39,0.68
47,8,39,0.29
47,23,39,0.68
47,47,39,0
47,61,39,0.35
47,67,39,0.67
47,82,39,0.43
47,90,39,0.38
47,93,39,0.4
47,27,18,0.04
47,44,18,0.61
47,47,18,0
47,50,18,0.18
47,52,18,0.92
47,61,18,0.25
47,66,18,0.16
47,72,18,0.75
47,76,18,0.37
47,78,18,0.93
47,81,18,0.23
47,82,18,0.44
47,88,18,0.69
47,92,18,0.28
47,97,18,0.07
47,1,33,0.94
47,11,33,0.63
47,34,33,0.66
47,47,33,0
47,48,33,0.74
47,68,33,0.55
47,70,33,0.24
48,5,4,0.89
48,15,4,0.75
48,19,4,0.75
48,20,4,0.99
48,23,4,0.8
48,29,4,0.67
48,33,4,0.69
48,39,4,0.02
48,48,4,0
48,62,4,0.64
48,1,33,0.31
48,11,33,0.27
48,34,33,0.85
48,47,33,0.62
48,48,33,0
48,68,33,0.11
48,70,33,0.01
48,8,7,0.17
48,15,7,0.9
48,29,7,0.11
48,43,7,0.32
48,48,7,0
48,53,7,0.43
48,97,7,0.8
48,12,12,0.17
48,36,12,0.58
48,38,12,0.2
48,48,12,0
48,58,12,0.19
48,83,12,0.05
48,84,12,0.1
49,1,25,0.97
49,30,25,0.29
49,33,25,0.12
49,35,25,0.74
49,44,25,0.75
49,46,25,0.75
49,49,25,0
49,71,25,0.64
49,14,31,0.53
49,24,31,0.95
49,40,31,0.66
49,42,31,0.47
49,49,31,0
49,54,31,0.23
49,56,31,0.34
49,64,31,0.87
49,70,31,0.93
49,82,31,0.94
49,86,31,0.66
49,87,31,0.61
49,91,31,0.82
49,99,31,0.92
50,13,23,0.64
50,22,23,0.27
50,50,23,0
50,52,23,0.98
50,67,23,0.38
50,79,23,0.71
50,85,23,0.69
50,27,18,0.51
50,44,18,0.16
50,47,18,0.32
50,50,18,0
50,52,18,0.26
50,61,18,0.93
50,66,18,0.72
50,72,18,0.53
50,76,18,0.99
50,78,18,0.84
50,81,18,0.35
50,82,18,0.8
50,88,18,0.64
50,92,18,0.03
50,97,18,0.89
50,1,1,0.64
50,26,1,0.29
50,29,1,0.07
50,50,1,0
50,59,1,0.65
50,69,1,0.11
50,88,1,0.94
50,89,1,0.84
50,99,1,0.33
51,21,24,0.53
51,30,24,0.81
51,44,24,0.56
51,51,24,0
51,57,24,0.69
51,67,24,0.01
51,75,24,0.66
51,80,24,0.33
51,92,24,0.76
51,93,24,0.29
51,99,24,0.43
51,24,34,0.69
51,51,34,0
51,55,34,0.42
51,60,34,0.16
51,73,34,0.97
51,81,34,0.05
51,89,34,0.38
51,95,34,0.11
51,8,26,0.75
51,14,26,0.2
51,20,26,0.11
51,51,26,0
51,74,26,0.47
51,76,26,0.5
51,79,26,0.14
51,87,26,0.08
51,13,28,0.71
51,20,28,0.45
51,46,28,0.51
51,51,28,0
51,55,28,0.24
51,59,28,0.82
51,65,28,0.59
51,80,28,0.36
51,94,28,0.42
51,97,28,0.63
52,24,2,0.95
52,27,2,0.95
52,30,2,0.12
52,41,2,0.14
52,42,2,0.66
52,46,2,0.69
52,52,2,0
52,13,23,0.68
52,22,23,0.62
52,50,23,0.78
52,52,23,0
52,67,23,0.78
52,79,23,1.0
52,85,23,0.98
52,27,18,0.5
52,44,18,0.22
52,47,18,0.62
52,50,18,0.16
52,52,18,0
52,61,18,0.74
52,66,18,0.53
52,72,18,0.82
52,76,18,0.25
52,78,18,0.15
52,81,18,0.04
52,82,18,0.69
52,88,18,0.55
52,92,18,0.74
52,97,18,0.7
53,8,7,0.74
53,15,7,0.37
53,29,7,0.86
53,43,7,0.58
53,48,7,0.5
53,53,7,0
53,97,7,0.52
53,20,22,0.71
53,21,22,0.02
53,53,22,0
53,58,22,0.05
53,4,21,0.04
53,15,21,0.07
53,40,21,0.56
53,53,21,0
53,68,21,0.14
53,80,21,0.15
53,6,20,0.11
53,26,20,0.49
53,27,20,0.04
53,35,20,0.32
53,36,20,0.54
53,53,20,0
53,62,20,0.12
53,73,20,0.47
53,79,20,0.73
53,80,20,0.6
53,96,20,0.76
53,98,20,0.4
54,3,17,0.79
54,29,17,0.84
54,54,17,0
54,61,17,0.54
54,76,17,0.0
54,86,17,0.0
54,87,17,0.02
54,14,31,0.96
54,24,31,0.11
54,40,31,0.74
54,42,31,0.73
54,49,31,0.64
54,54,31,0
54,56,31,0.08
54,64,31,0.43
54,70,31,0.46
54,82,31,0.27
54,86,31,0.31
54,87,31,0.61
54,91,31,0.61
54,99,31,0.77
55,13,28,0.63
55,20,28,0.29
55,46,28,0.74
55,51,28,0.73
55,55,28,0
55,59,28,0.97
55,65,28,0.79
55,80,28,0.18
55,94,28,0.9
55,97,28,0.96
55,3,15,0.15
55,9,15,0.94
55,12,15,0.28
55,35,15,0.41
55,37,15,0.76
55,41,15,0.2
55,55,15,0
55,87,15,0.15
55,2,9,0.94
55,17,9,0.83
55,28,9,0.2
55,55,9,0
55,64,9,0.85
55,68,9,0.99
55,74,9,0.03
55,78,9,0.94
55,85,9,0.82
55,86,9,0.83
55,24,34,0.93
55,51,34,0.31
55,55,34,0
55,60,34,0.25
55,73,34,0.23
55,81,34,0.92
55,89,34,0.85
55,95,34,0.36
56,56,37,0
56,58,37,0.46
56,94,37,0.26
56,0,38,0.93
56,45,38,0.93
56,46,38,0.4
56,56,38,0
56,65,38,0.22
56,72,38,0.74
56,78,38,0.76
56,90,38,0.67
56,3,19,0.85
56,4,19,0.31
56,12,19,0.86
56,15,19,0.78
56,31,19,0.09
56,56,19,0
56,94,19,0.82
56,14,31,0.98
56,24,31,0.58
56,40,31,0.41
56,42,31,0.92
56,49,31,0.92
56,54,31,0.01
56,56,31,0
56,64,31,0.96
56,70,31,0.26
56,82,31,0.78
56,86,31,0.21
56,87,31,0.45
56,91,31,0.02
56,99,31,0.71
57,10,0,0.74
57,16,0,1.0
57,26,0,0.11
57,28,0,0.11
57,57,0,0
57,63,0,0.44
57,92,0,0.94
57,98,0,0.32
57,21,24,0.46
57,30,24,0.96
57,44,24,0.85
57,51,24,0.48
57,57,24,0
57,67,24,0.41
57,75,24,0.82
57,80,24,0.74
57,92,24,0.93
57,93,24,0.42
57,99,24,0.2
58,12,12,0.6
58,36,12,0.53
58,38,12,0.82
58,48,12,0.29
58,58,12,0
58,83,12,0.45
58,84,12,0.18
58,20,22,0.91
58,21,22,0.41
58,53,22,0.33
58,58,22,0
58,56,37,0.86
58,58,37,0
58,94,37,0.57
59,1,1,0.65
59,26,1,0.7
59,29,1,0.1
59,50,1,0.06
59,59,1,0
59,69,1,0.24
59,88,1,0.24
59,89,1,0.08
59,99,1,0.73
59,13,28,0.93
59,20,28,0.28
59,46,28,0.55
59,51,28,0.43
59,55,28,0.9
59,59,28,0
59,65,28,0.84
59,80,28,0.81
59,94,28,0.88
59,97,28,0.21
59,9,6,0.52
59,17,6,0.71
59,41,6,0.18
59,59,6,0
59,67,6,0.09
59,97,6,0.93
59,5,27,0.67
59,19,27,0.61
59,59,27,0
60,24,34,0.16
60,51,34,0.33
60,55,34,0.98
60,60,34,0
60,73,34,0.95
60,81,34,0.1
60,89,34,0.01
60,95,34,0.41
60,2,35,0.12
60,19,35,0.75
60,60,35,0
60,83,35,0.33
61,27,18,0.67
61,44,18,0.62
61,47,18,0.32
61,50,18,0.37
61,52,18,0.22
61,61,18,0
61,66,18,0.23
61,72,18,0.16
61,76,18,0.98
61,78,18,0.12
61,81,18,0.11
61,82,18,0.93
61,88,18,0.88
61,92,18,0.22
61,97,18,0.94
61,0,39,0.96
61,8,39,0.77
61,23,39,0.16
61,47,39,0.3
61,61,39,0
61,67,39,0.04
61,82,39,0.42
61,90,39,0.28
61,93,39,0.33
61,3,17,0.23
61,29,17,0.88
61,54,17,0.8
61,61,17,0
61,76,17,0.82
61,86,17,0.36
61,87,17,0.87
61,10,8,0.22
61,16,8,0.82
61,34,8,0.32
61,35,8,0.12
61,61,8,0
61,77,8,0.02
61,90,8,0.21
61,92,8,0.79
62,1,10,0.73
62,18,10,0.24
62,19,10,0.35
62,38,10,0.01
62,62,10,0
62,84,10,0.64
62,96,10,0.24
62,6,20,0.94
62,26,20,0.4
62,27,20,0.98
62,35,20,0.4
62,36,20,0.55
62,53,20,0.46
62,62,20,0
62,73,20,0.43
62,79,20,0.24
62,80,20,0.01
62,96,20,0.21
62,98,20,0.03
62,5,4,0.89
62,15,4,0.01
62,19,4,0.81
62,20,4,0.91
62,23,4,0.84
62,29,4,0.5
62,33,4,0.65
62,39,4,0.72
62,48,4,0.98
62,62,4,0
63,10,0,0.07
63,16,0,0.82
63,26,0,0.85
63,28,0,0.06
63,57,0,0.53
63,63,0,0
63,92,0,0.62
63,98,0,0.11
63,32,3,0.77
63,63,3,0
63,93,3,0.08
63,99,3,0.73
64,6,5,0.55
64,7,5,0.83
64,24,5,0.71
64,32,5,0.58
64,33,5,0.67
64,64,5,0
64,77,5,0.86
64,2,9,0.75
64,17,9,0.62
64,28,9,0.73
64,55,9,0.57
64,64,9,0
64,68,9,0.02
64,74,9,0.63
64,78,9,0.17
64,85,9,0.41
64,86,9,0.86
64,3,29,0.51
64,22,29,0.36
64,42,29,0.47
64,64,29,0
64,66,29,0.33
64,71,29,0.67
64,78,29,0.85
64,84,29,0.45
64,85,29,0.9
64,88,29,0.2
64,14,31,0.32
64,24,31,0.29
64,40,31,0.17
64,42,31,0.15
64,49,31,0.24
64,54,31,0.4
64,56,31,0.68
64,64,31,0
64,70,31,0.08
64,82,31,0.72
64,86,31,0.85
64,87,31,0.19
64,91,31,0.12
64,99,31,0.1
65,13,28,0.24
65,20,28,0.15
65,46,28,0.4
65,51,28,0.11
65,55,28,0.49
65,59,28,0.49
65,65,28,0
65,80,28,0.31
65,94,28,0.06
65,97,28,0.37
65,0,38,0.57
65,45,38,0.25
65,46,38,0.33
65,56,38,0.64
65,65,38,0
65,72,38,0.25
65,78,38,0.63
65,90,38,0.37
66,27,18,0.85
66,44,18,0.57
66,47,18,0.13
66,50,18,0.07
66,52,18,0.81
66,61,18,0.09
66,66,18,0
66,72,18,0.83
66,76,18,0.52
66,78,18,0.96
66,81,18,0.32
66,82,18,0.49
66,88,18,0.19
66,92,18,0.5
66,97,18,0.45
66,3,29,0.99
66,22,29,0.2
66,42,29,0.06
66,64,29,0.89
66,66,29,0
66,71,29,0.36
66,78,29,0.14
66,84,29,0.84
66,85,29,0.48
66,88,29,0.22
67,9,6,0.82
67,17,6,0.05
67,41,6,0.88
67,59,6,0.03
67,67,6,0
67,97,6,0.52
67,0,39,0.96
67,8,39,0.45
67,23,39,0.31
67,47,39,0.05
67,61,39,0.95
67,67,39,0
67,82,39,0.18
67,90,39,0.38
67,93,39,0.99
67,21,24,0.06
67,30,24,0.41
67,44,24,0.92
67,51,24,0.15
67,57,24,0.64
67,67,24,0
67,75,24,0.15
67,80,24,0.8
67,92,24,0.0
67,93,24,0.79
67,99,24,0.51
67,13,23,0.88
67,22,23,0.81
67,50,23,0.83
67,52,23,0.86
67,67,23,0
67,79,23,0.81
67,85,23,0.15
68,4,21,0.94
68,15,21,0.3
68,40,21,0.92
68,53,21,0.75
68,68,21,0
68,80,21,0.64
68,1,33,0.43
68,11,33,0.52
68,34,33,0.17
68,47,33,0.77
68,48,33,0.8
68,68,33,0
68,70,33,0.26
68,2,9,0.27
68,17,9,0.12
68,28,9,0.54
68,55,9,0.6
68,64,9,0.82
68,68,9,0
68,74,9,0.25
68,78,9,0.6
68,85,9,0.11
68,86,9,0.96
69,1,1,0.02
69,26,1,0.19
69,29,1,0.61
69,50,1,0.85
69,59,1,0.62
69,69,1,0
69,88,1,0.7
69,89,1,0.89
69,99,1,0.43
69,18,16,0.7
69,36,16,0.55
69,43,16,0.78
69,69,16,0
69,82,16,0.98
70,13,11,0.41
70,37,11,0.57
70,45,11,0.87
70,70,11,0
70,71,11,0.72
70,75,11,0.3
70,95,11,0.87
70,14,31,0.26
70,24,31,0.63
70,40,31,0.41
70,42,31,0.92
70,49,31,0.65
70,54,31,0.92
70,56,31,0.96
70,64,31,0.44
70,70,31,0
70,82,31,0.14
70,86,31,0.82
70,87,31,0.85
70,91,31,0.49
70,99,31,0.27
70,10,30,0.99
70,70,30,0
70,85,30,0.65
70,1,33,0.28
70,11,33,0.72
70,34,33,0.43
70,47,33,0.71
70,48,33,0.81
70,68,33,0.09
70,70,33,0
71,3,29,0.38
71,22,29,0.19
71,42,29,0.72
71,64,29,0.28
71,66,29,0.32
71,71,29,0
71,78,29,0.09
71,84,29,0.26
71,85,29,0.48
71,88,29,0.31
71,13,11,0.41
71,37,11,0.62
71,45,11,0.81
71,70,11,0.63
71,71,11,0
71,75,11,0.97
71,95,11,0.6
71,1,25,0.23
71,30,25,0.19
71,33,25,0.97
71,35,25,0.94
71,44,25,0.3
71,46,25,0.88
71,49,25,0.58
71,71,25,0
72,27,18,0.44
72,44,18,0.73
72,47,18,0.3
72,50,18,0.94
72,52,18,0.84
72,61,18,0.66
72,66,18,0.91
72,72,18,0
72,76,18,0.51
72,78,18,0.0
72,81,18,0.46
72,82,18,0.06
72,88,18,0.29
72,92,18,0.04
72,97,18,0.81
72,0,38,0.98
72,45,38,0.55
72,46,38,0.88
72,56,38,0.0
72,65,38,0.42
72,72,38,0
72,78,38,0.44
72,90,38,0.51
73,24,34,0.7
73,51,34,0.96
73,55,34,0.48
73,60,34,0.2
73,73,34,0
73,81,34,0.12
73,89,34,0.25
73,95,34,0.56
73,6,20,0.57
73,26,20,0.25
73,27,20,0.09
73,35,20,0.53
73,36,20,0.24
73,53,20,0.52
73,62,20,0.6
73,73,20,0
73,79,20,0.74
73,80,20,0.61
73,96,20,0.87
73,98,20,0.93
74,2,9,0.34
74,17,9,0.67
74,28,9,0.41
74,55,9,0.48
74,64,9,0.19
74,68,9,0.89
74,74,9,0
74,78,9,0.1
74,85,9,0.6
74,86,9,0.03
74,8,26,0.33
74,14,26,0.37
74,20,26,0.24
74,51,26,0.93
74,74,26,0
74,76,26,0.27
74,79,26,0.63
74,87,26,0.67
75,21,24,0.1
75,30,24,0.51
75,44,24,0.97
75,51,24,0.89
75,57,24,0.45
75,67,24,0.97
75,75,24,0
75,80,24,0.4
75,92,24,0.79
75,93,24,0.27
75,99,24,0.51
75,13,11,0.64
75,37,11,0.93
75,45,11,0.05
75,70,11,0.34
75,71,11,0.25
75,75,11,0
75,95,11,0.84
76,27,18,0.32
76,44,18,0.86
76,47,18,0.15
76,50,18,0.89
76,52,18,0.58
76,61,18,0.84
76,66,18,0.42
76,72,18,0.01
76,76,18,0
76,78,18,0.2
76,81,18,0.22
76,82,18,0.56
76,88,18,0.19
76,92,18,0.72
76,97,18,0.0
76,3,17,0.53
76,29,17,0.77
76,54,17,0.2
76,61,17,0.62
76,76,17,0
76,86,17,0.97
76,87,17,0.78
76,8,26,0.76
76,14,26,0.92
76,20,26,0.31
76,51,26,0.67
76,74,26,0.06
76,76,26,0
76,79,26,0.76
76,87,26,0.75
77,10,8,0.86
77,16,8,0.95
77,34,8,0.09
77,35,8,0.47
77,61,8,0.79
77,77,8,0
77,90,8,0.01
77,92,8,0.14
77,6,5,0.97
77,7,5,0.58
77,24,5,0.67
77,32,5,0.61
77,33,5,0.12
77,64,5,0.46
77,77,5,0
77,25,13,0.49
77,27,13,0.54
77,39,13,0.87
77,77,13,0
78,27,18,0.25
78,44,18,0.5
78,47,18,0.99
78,50,18,0.4
78,52,18,0.06
78,61,18,0.75
78,66,18,0.06
78,72,18,0.81
78,76,18,0.6
78,78,18,0
78,81,18,0.28
78,82,18,0.19
78,88,18,0.64
78,92,18,0.13
78,97,18,0.42
78,2,9,0.51
78,17,9,0.97
78,28,9,0.15
78,55,9,0.41
78,64,9,0.65
78,68,9,0.74
78,74,9,0.85
78,78,9,0
78,85,9,0.65
78,86,9,0.49
78,3,29,0.08
78,22,29,0.52
78,42,29,0.61
78,64,29,0.47
78,66,29,0.26
78,71,29,0.5
78,78,29,0
78,84,29,0.77
78,85,29,0.32
78,88,29,0.74
78,0,38,0.23
78,45,38,0.77
78,46,38,0.33
78,56,38,0.01
78,65,38,0.26
78,72,38,0.93
78,78,38,0
78,90,38,0.92
79,13,23,0.86
79,22,23,0.06
79,50,23,0.51
79,52,23,1.0
79,67,23,0.95
79,79,23,0
79,85,23,0.62
79,8,26,0.77
79,14,26,0.54
79,20,26,0.7
79,51,26,0.8
79,74,26,0.82
79,76,26,0.4
79,79,26,0
79,87,26,0.07
79,6,20,0.13
79,26,20,0.25
79,27,20,0.69
79,35,20,0.66
79,36,20,0.89
79,53,20,0.92
79,62,20,0.06
79,73,20,0.47
79,79,20,0
79,80,20,0.04
79,96,20,0.94
79,98,20,0.72
80,6,20,0.24
80,26,20,0.85
80,27,20,0.21
80,35,20,0.09
80,36,20,0.94
80,53,20,0.55
80,62,20,0.89
80,73,20,0.59
80,79,20,0.53
80,80,20,0
80,96,20,0.47
80,98,20,0.41
80,4,21,0.32
80,15,21,0.07
80,40,21,0.38
80,53,21,0.89
80,68,21,0.99
80,80,21,0
80,13,28,0.85
80,20,28,0.25
80,46,28,0.2
80,51,28,0.35
80,55,28,0.03
80,59,28,0.15
80,65,28,0.31
80,80,28,0
80,94,28,0.81
80,97,28,0.09
80,21,24,0.82
80,30,24,0.39
80,44,24,0.31
80,51,24,0.85
80,57,24,0.17
80,67,24,0.12
80,75,24,0.51
80,80,24,0
80,92,24,0.13
80,93,24,0.79
80,99,24,0.92
81,24,34,0.5
81,51,34,0.79
81,55,34,0.99
81,60,34,0.03
81,73,34,0.31
81,81,34,0
81,89,34,0.38
81,95,34,0.54
81,27,18,0.05
81,44,18,0.03
81,47,18,0.1
81,50,18,0.15
81,52,18,0.53
81,61,18,0.02
81,66,18,0.05
81,72,18,0.21
81,76,18,0.33
81,78,18,0.31
81,81,18,0
81,82,18,0.88
81,88,18,0.1
81,92,18,0.03
81,97,18,0.11
82,0,39,0.29
82,8,39,0.67
82,23,39,0.73
82,47,39,0.82
82,61,39,0.57
82,67,39,0.09
82,82,39,0
82,90,39,0.81
82,93,39,0.92
82,18,16,0.63
82,36,16,0.38
82,43,16,0.96
82,69,16,0.83
82,82,16,0
82,27,18,0.15
82,44,18,0.35
82,47,18,0.6
82,50,18,0.04
82,52,18,0.01
82,61,18,0.26
82,66,18,0.27
82,72,18,0.7
82,76,18,0.39
82,78,18,0.26
82,81,18,0.7
82,82,18,0
82,88,18,0.89
82,92,18,0.31
82,97,18,0.46
82,14,31,0.08
82,24,31,0.27
82,40,31,0.3
82,42,31,0.38
82,49,31,0.97
82,54,31,0.73
82,56,31,0.06
82,64,31,0.56
82,70,31,0.9
82,82,31,0
82,86,31,0.16
82,87,31,0.18
82,91,31,0.8
82,99,31,0.59
83,2,35,0.91
83,19,35,0.1
83,60,35,0.75
83,83,35,0
83,12,12,1.0
83,36,12,0.67
83,38,12,0.7
83,48,12,0.07
83,58,12,0.19
83,83,12,0
83,84,12,0.67
84,12,12,0.47
84,36,12,0.12
84,38,12,0.46
84,48,12,0.9
84,58,12,0.74
84,83,12,0.41
84,84,12,0
84,3,29,0.21
84,22,29,0.04
84,42,29,0.16
84,64,29,0.56
84,66,29,0.48
84,71,29,0.88
84,78,29,0.01
84,84,29,0
84,85,29,0.35
84,88,29,0.95
84,1,10,0.23
84,18,10,0.78
84,19,10,0.78
84,38,10,0.37
84,62,10,0.65
84,84,10,0
84,96,10,0.36
85,13,23,0.66
85,22,23,0.87
85,50,23,0.85
85,52,23,0.14
85,67,23,0.06
85,79,23,0.94
85,85,23,0
85,2,9,0.42
85,17,9,0.92
85,28,9,0.08
85,55,9,0.78
85,64,9,0.93
85,68,9,0.73
85,74,9,0.07
85,78,9,0.72
85,85,9,0
85,86,9,0.95
85,10,30,0.5
85,70,30,0.58
85,85,30,0
85,3,29,0.1
85,22,29,0.26
85,42,29,0.6
85,64,29,0.97
85,66,29,0.29
85,71,29,0.84
85,78,29,0.75
85,84,29,0.67
85,85,29,0
85,88,29,0.87
86,2,9,0.73
86,17,9,0.73
86,28,9,0.66
86,55,9,0.67
86,64,9,0.92
86,68,9,0.04
86,74,9,0.98
86,78,9,0.66
86,85,9,0.27
86,86,9,0
86,25,14,0.57
86,44,14,0.87
86,86,14,0
86,3,17,0.13
86,29,17,0.15
86,54,17,0.93
86,61,17,0.67
86,76,17,0.96
86,86,17,0
86,87,17,0.4
86,14,31,0.8
86,24,31,0.81
86,40,31,0.51
86,42,31,0.49
86,49,31,0.94
86,54,31,0.87
86,56,31,0.53
86,64,31,0.47
86,70,31,0.97
86,82,31,0.27
86,86,31,0
86,87,31,0.24
86,91,31,0.4
86,99,31,0.44
87,8,26,0.03
87,14,26,0.39
87,20,26,0.64
87,51,26,0.69
87,74,26,0.31
87,76,26,0.28
87,79,26,0.41
87,87,26,0
87,14,31,0.96
87,24,31,0.84
87,40,31,0.13
87,42,31,0.45
87,49,31,0.95
87,54,31,0.37
87,56,31,0.59
87,64,31,0.77
87,70,31,0.73
87,82,31,0.74
87,86,31,0.65
87,87,31,0
87,91,31,0.59
87,99,31,0.47
87,3,17,0.57
87,29,17,0.22
87,54,17,0.49
87,61,17,0.18
87,76,17,0.26
87,86,17,0.78
87,87,17,0
87,3,15,0.02
87,9,15,0.49
87,12,15,0.27
87,35,15,0.71
87,37,15,0.52
87,41,15,0.9
87,55,15,0.34
87,87,15,0
88,3,29,0.8
88,22,29,0.33
88,42,29,0.56
88,64,29,0.4
88,66,29,0.67
88,71,29,0.38
88,78,29,0.72
88,84,29,0.03
88,85,29,0.95
88,88,29,0
88,27,18,0.5
88,44,18,0.75
88,47,18,0.17
88,50,18,0.92
88,52,18,0.53
88,61,18,0.99
88,66,18,0.23
88,72,18,0.76
88,76,18,0.66
88,78,18,0.1
88,81,18,0.39
88,82,18,0.83
88,88,18,0
88,92,18,0.08
88,97,18,0.52
88,1,1,0.36
88,26,1,0.1
88,29,1,0.86
88,50,1,0.1
88,59,1,0.27
88,69,1,0.75
88,88,1,0
88,89,1,0.97
88,99,1,0.33
89,24,34,0.3
89,51,34,0.9
89,55,34,0.38
89,60,34,0.48
89,73,34,0.57
89,81,34,0.71
89,89,34,0
89,95,34,0.33
89,1,1,0.95
89,26,1,0.17
89,29,1,0.67
89,50,1,0.86
89,59,1,0.23
89,69,1,0.6
89,88,1,0.0
89,89,1,0
89,99,1,0.94
90,10,8,0.28
90,16,8,0.15
90,34,8,0.23
90,35,8,0.52
90,61,8,0.35
90,77,8,0.88
90,90,8,0
90,92,8,0.82
90,0,38,0.68
90,45,38,0.67
90,46,38,0.94
90,56,38,0.1
90,65,38,0.4
90,72,38,0.32
90,78,38,0.2
90,90,38,0
90,0,39,0.45
90,8,39,0.43
90,23,39,0.39
90,47,39,0.11
90,61,39,0.08
90,67,39,0.22
90,82,39,0.9
90,90,39,0
90,93,39,0.38
91,14,31,0.14
91,24,31,0.13
91,40,31,0.94
91,42,31,0.9
91,49,31,0.45
91,54,31,0.15
91,56,31,0.08
91,64,31,0.09
91,70,31,0.28
91,82,31,0.14
91,86,31,0.45
91,87,31,0.93
91,91,31,0
91,99,31,0.39
91,4,36,0.98
91,22,36,0.71
91,31,36,0.73
91,38,36,0.43
91,39,36,0.12
91,43,36,0.33
91,91,36,0
92,10,0,0.78
92,16,0,0.26
92,26,0,0.79
92,28,0,0.06
92,57,0,0.79
92,63,0,0.87
92,92,0,0
92,98,0,0.5
92,10,8,0.61
92,16,8,0.4
92,34,8,0.44
92,35,8,0.59
92,61,8,0.05
92,77,8,0.3
92,90,8,0.16
92,92,8,0
92,21,24,0.05
92,30,24,0.91
92,44,24,0.27
92,51,24,0.75
92,57,24,0.04
92,67,24,0.35
92,75,24,0.0
92,80,24,0.99
92,92,24,0
92,93,24,0.24
92,99,24,0.16
92,27,18,0.2
92,44,18,0.59
92,47,18,0.67
92,50,18,0.7
92,52,18,0.36
92,61,18,0.39
92,66,18,0.54
92,72,18,0.63
92,76,18,0.28
92,78,18,0.04
92,81,18,0.3
92,82,18,0.9
92,88,18,0.77
92,92,18,0
92,97,18,0.05
93,21,24,0.26
93,30,24,0.32
93,44,24,0.4
93,51,24,0.22
93,57,24,0.47
93,67,24,0.41
93,75,24,0.02
93,80,24,0.18
93,92,24,0.04
93,93,24,0
93,99,24,0.37
93,32,3,0.75
93,63,3,0.18
93,93,3,0
93,99,3,0.26
93,0,39,0.23
93,8,39,0.37
93,23,39,0.7
93,47,39,0.21
93,61,39,0.59
93,67,39,0.16
93,82,39,0.13
93,90,39,0.14
93,93,39,0
93,7,32,0.11
93,11,32,0.81
93,17,32,0.24
93,18,32,0.51
93,41,32,0.27
93,93,32,0
94,56,37,0.08
94,58,37,0.02
94,94,37,0
94,13,28,0.52
94,20,28,0.75
94,46,28,0.76
94,51,28,0.04
94,55,28,0.64
94,59,28,0.67
94,65,28,0.56
94,80,28,1.0
94,94,28,0
94,97,28,0.26
94,3,19,0.16
94,4,19,0.82
94,12,19,0.94
94,15,19,0.5
94,31,19,0.45
94,56,19,0.4
94,94,19,0
95,24,34,0.96
95,51,34,0.44
95,55,34,0.26
95,60,34,0.97
95,73,34,0.79
95,81,34,0.24
95,89,34,0.23
95,95,34,0
95,13,11,0.6
95,37,11,0.73
95,45,11,0.28
95,70,11,0.11
95,71,11,0.4
95,75,11,0.92
95,95,11,0
96,6,20,0.37
96,26,20,0.29
96,27,20,0.79
96,35,20,0.73
96,36,20,0.97
96,53,20,0.81
96,62,20,0.04
96,73,20,0.76
96,79,20,0.97
96,80,20,0.33
96,96,20,0
96,98,20,0.07
96,1,10,0.24
96,18,10,0.82
96,19,10,0.11
96,38,10,0.74
96,62,10,0.08
96,84,10,0.82
96,96,10,0
97,13,28,0.6
97,20,28,0.62
97,46,28,0.83
97,51,28,0.66
97,55,28,0.29
97,59,28,0.38
97,65,28,0.44
97,80,28,0.56
97,94,28,0.12
97,97,28,0
97,8,7,0.64
97,15,7,0.38
97,29,7,0.04
97,43,7,0.72
97,48,7,0.82
97,53,7,0.82
97,97,7,0
97,9,6,0.72
97,17,6,0.7
97,41,6,0.05
97,59,6,0.6
97,67,6,0.69
97,97,6,0
97,27,18,0.39
97,44,18,0.65
97,47,18,0.95
97,50,18,0.16
97,52,18,0.19
97,61,18,0.05
97,66,18,0.89
97,72,18,0.73
97,76,18,0.24
97,78,18,0.74
97,81,18,0.83
97,82,18,0.68
97,88,18,0.28
97,92,18,0.73
97,97,18,0
98,6,20,0.83
98,26,20,0.26
98,27,20,0.73
98,35,20,0.59
98,36,20,0.46
98,53,20,0.9
98,62,20,0.79
98,73,20,0.81
98,79,20,0.42
98,80,20,0.05
98,96,20,0.31
98,98,20,0
98,10,0,0.52
98,16,0,0.01
98,26,0,0.49
98,28,0,0.63
98,57,0,0.81
98,63,0,0.65
98,92,0,0.32
98,98,0,0
99,32,3,0.21
99,63,3,0.97
99,93,3,0.99
99,99,3,0
99,1,1,0.74
99,26,1,0.1
99,29,1,0.43
99,50,1,0.28
99,59,1,0.83
99,69,1,0.69
99,88,1,0.38
99,89,1,0.93
99,99,1,0
99,21,24,0.88
99,30,24,0.69
99,44,24,0.28
99,51,24,0.59
99,57,24,0.19
99,67,24,0.82
99,75,24,0.82
99,80,24,0.17
99,92,24,0.78
99,93,24,0.41
99,99,24,0
99,14,31,0.45
99,24,31,0.07
99,40,31,0.68
99,42,31,0.81
99,49,31,0.06
99,54,31,0.17
99,56,31,0.5
99,64,31,0.4
99,70,31,0.95
99,82,31,0.16
99,86,31,0.82
99,87,31,0.35
99,91,31,0.89
99,99,31,0