M,100,P,30,Q,100000,targetS,0.1,targetW,0.1

Resources name, resource id, current workload and max workload
R_0,0,0.55,1
R_1,1,0.54,1
R_2,2,0.71,1
R_3,3,0.4,1
R_4,4,0.67,1
R_5,5,0.68,1
R_6,6,0.64,1
R_7,7,0.49,1
R_8,8,0.8,1
R_9,9,0.62,1
R_10,10,0.48,1
R_11,11,0.7,1
R_12,12,0.43,1
R_13,13,0.52,1
R_14,14,0.59,1
R_15,15,0.67,1
R_16,16,0.75,1
R_17,17,0.69,1
R_18,18,0.52,1
R_19,19,0.41,1
R_20,20,0.42,1
R_21,21,0.73,1
R_22,22,0.45,1
R_23,23,0.68,1
R_24,24,0.77,1
R_25,25,0.67,1
R_26,26,0.72,1
R_27,27,0.59,1
R_28,28,0.51,1
R_29,29,0.45,1
R_30,30,0.42,1
R_31,31,0.47,1
R_32,32,0.65,1
R_33,33,0.66,1
R_34,34,0.59,1
R_35,35,0.6,1
R_36,36,0.64,1
R_37,37,0.67,1
R_38,38,0.5,1
R_39,39,0.55,1
R_40,40,0.57,1
R_41,41,0.42,1
R_42,42,0.74,1
R_43,43,0.5,1
R_44,44,0.71,1
R_45,45,0.77,1
R_46,46,0.6,1
R_47,47,0.7,1
R_48,48,0.79,1
R_49,49,0.55,1
R_50,50,0.74,1
R_51,51,0.64,1
R_52,52,0.52,1
R_53,53,0.78,1
R_54,54,0.42,1
R_55,55,0.59,1
R_56,56,0.61,1
R_57,57,0.5,1
R_58,58,0.6,1
R_59,59,0.79,1
R_60,60,0.78,1
R_61,61,0.53,1
R_62,62,0.57,1
R_63,63,0.57,1
R_64,64,0.7,1
R_65,65,0.48,1
R_66,66,0.58,1
R_67,67,0.79,1
R_68,68,0.55,1
R_69,69,0.61,1
R_70,70,0.41,1
R_71,71,0.42,1
R_72,72,0.54,1
R_73,73,0.41,1
R_74,74,0.58,1
R_75,75,0.44,1
R_76,76,0.52,1
R_77,77,0.54,1
R_78,78,0.61,1
R_79,79,0.68,1
R_80,80,0.53,1
R_81,81,0.51,1
R_82,82,0.74,1
R_83,83,0.73,1
R_84,84,0.74,1
R_85,85,0.66,1
R_86,86,0.7,1
R_87,87,0.67,1
R_88,88,0.77,1
R_89,89,0.6,1
R_90,90,0.69,1
R_91,91,0.79,1
R_92,92,0.7,1
R_93,93,0.66,1
R_94,94,0.62,1
R_95,95,0.78,1
R_96,96,0.63,1
R_97,97,0.54,1
R_98,98,0.45,1
R_99,99,0.73,1

Activities name, activity id, lambda, stress, resource id, priority, rifiutato
act_19,19,0.09,0.9,0,215,1
act_11,11,0.27,0.86,0,84,1
act_19,19,0.09,0.9,0,371,1
act_10,10,0.21,0.16,1,111,0
act_9,9,0.04,0.62,1,267,0
act_0,0,0.13,0.92,1,19,1
act_9,9,0.04,0.62,1,108,0
act_10,10,0.21,0.16,2,225,0
act_14,14,0.11,0.54,3,110,0
act_15,15,0.11,0.68,3,107,0
act_15,15,0.11,0.68,3,209,0
act_0,0,0.13,0.92,3,185,1
act_0,0,0.13,0.92,3,92,1
act_15,15,0.11,0.68,4,356,0
act_19,19,0.09,0.9,4,197,1
act_15,15,0.11,0.68,4,129,0
act_3,3,0.11,0.57,5,183,0
act_3,3,0.11,0.57,5,87,0
act_16,16,0.04,0.98,5,180,1
act_16,16,0.04,0.98,5,135,1
act_18,18,0.29,0.85,6,277,0
act_9,9,0.04,0.62,7,178,0
act_8,8,0.22,0.65,7,256,1
act_9,9,0.04,0.62,7,391,0
act_14,14,0.11,0.54,7,126,0
act_9,9,0.04,0.62,7,105,0
act_9,9,0.04,0.62,7,143,0
act_17,17,0.1,0.86,8,80,1
act_17,17,0.1,0.86,8,40,1
act_4,4,0.21,0.19,9,234,0
act_19,19,0.09,0.9,9,160,0
act_4,4,0.21,0.19,10,307,0
act_6,6,0.1,0.33,10,29,0
act_7,7,0.01,0.85,10,12,1
act_6,6,0.1,0.33,10,312,0
act_7,7,0.01,0.85,10,208,1
act_7,7,0.01,0.85,10,345,1
act_7,7,0.01,0.85,10,66,1
act_7,7,0.01,0.85,10,97,1
act_7,7,0.01,0.85,10,173,1
act_7,7,0.01,0.85,10,72,1
act_7,7,0.01,0.85,10,325,1
act_7,7,0.01,0.85,10,79,1
act_7,7,0.01,0.85,10,172,1
act_9,9,0.04,0.62,11,350,0
act_9,9,0.04,0.62,11,293,0
act_6,6,0.1,0.33,11,161,0
act_9,9,0.04,0.62,11,195,0
act_9,9,0.04,0.62,11,34,0
act_9,9,0.04,0.62,11,82,0
act_18,18,0.29,0.85,12,43,0
act_3,3,0.11,0.57,12,239,0
act_3,3,0.11,0.57,12,25,0
act_13,13,0.03,0.22,13,158,0
act_19,19,0.09,0.9,13,189,1
act_13,13,0.03,0.22,13,59,0
act_13,13,0.03,0.22,13,11,0
act_19,19,0.09,0.9,13,251,1
act_19,19,0.09,0.9,13,74,1
act_13,13,0.03,0.22,13,167,0
act_19,19,0.09,0.9,13,196,1
act_0,0,0.13,0.92,14,95,1
act_0,0,0.13,0.92,14,109,1
act_0,0,0.13,0.92,14,174,1
act_7,7,0.01,0.85,14,337,0
act_7,7,0.01,0.85,14,306,0
act_13,13,0.03,0.22,15,376,0
act_16,16,0.04,0.98,15,144,1
act_6,6,0.1,0.33,15,39,0
act_16,16,0.04,0.98,15,170,1
act_5,5,0.11,0.26,15,346,0
act_4,4,0.21,0.19,16,364,0
act_16,16,0.04,0.98,16,199,0
act_11,11,0.27,0.86,17,361,0
act_9,9,0.04,0.62,18,58,1
act_9,9,0.04,0.62,18,328,1
act_9,9,0.04,0.62,18,154,1
act_18,18,0.29,0.85,18,322,1
act_9,9,0.04,0.62,18,91,1
act_11,11,0.27,0.86,19,321,1
act_11,11,0.27,0.86,19,314,1
act_18,18,0.29,0.85,20,246,1
act_14,14,0.11,0.54,20,355,1
act_13,13,0.03,0.22,20,51,0
act_14,14,0.11,0.54,20,205,1
act_13,13,0.03,0.22,20,369,0
act_2,2,0.21,0.47,21,156,0
act_1,1,0.24,0.8,22,67,0
act_10,10,0.21,0.16,22,232,0
act_16,16,0.04,0.98,22,203,1
act_16,16,0.04,0.98,22,227,1
act_1,1,0.24,0.8,23,318,0
act_4,4,0.21,0.19,24,362,0
act_16,16,0.04,0.98,25,260,1
act_8,8,0.22,0.65,25,188,1
act_16,16,0.04,0.98,25,62,1
act_7,7,0.01,0.85,26,291,0
act_17,17,0.1,0.86,26,353,0
act_7,7,0.01,0.85,26,45,0
act_13,13,0.03,0.22,26,78,0
act_7,7,0.01,0.85,26,114,0
act_17,17,0.1,0.86,26,333,0
act_7,7,0.01,0.85,26,83,0
act_7,7,0.01,0.85,26,88,0
act_1,1,0.24,0.8,27,127,1
act_9,9,0.04,0.62,27,149,0
act_19,19,0.09,0.9,27,99,1
act_8,8,0.22,0.65,28,22,1
act_8,8,0.22,0.65,28,336,1
act_11,11,0.27,0.86,29,258,0
act_19,19,0.09,0.9,29,140,1
act_19,19,0.09,0.9,29,49,1
act_19,19,0.09,0.9,29,279,1
act_6,6,0.1,0.33,30,122,0
act_11,11,0.27,0.86,30,75,1
act_6,6,0.1,0.33,30,283,0
act_6,6,0.1,0.33,30,310,0
act_15,15,0.11,0.68,31,37,0
act_15,15,0.11,0.68,31,176,0
act_18,18,0.29,0.85,31,68,1
act_12,12,0.17,0.71,32,354,0
act_19,19,0.09,0.9,32,259,1
act_9,9,0.04,0.62,32,30,0
act_9,9,0.04,0.62,32,20,0
act_0,0,0.13,0.92,33,381,0
act_14,14,0.11,0.54,33,113,0
act_16,16,0.04,0.98,33,392,1
act_16,16,0.04,0.98,33,15,1
act_0,0,0.13,0.92,34,255,0
act_0,0,0.13,0.92,34,343,0
act_0,0,0.13,0.92,34,281,0
act_7,7,0.01,0.85,34,379,0
act_5,5,0.11,0.26,35,96,0
act_16,16,0.04,0.98,35,9,1
act_16,16,0.04,0.98,35,380,1
act_16,16,0.04,0.98,35,341,1
act_5,5,0.11,0.26,35,207,0
act_16,16,0.04,0.98,35,100,1
act_13,13,0.03,0.22,36,235,0
act_0,0,0.13,0.92,36,36,1
act_0,0,0.13,0.92,36,27,1
act_13,13,0.03,0.22,36,265,0
act_13,13,0.03,0.22,36,165,0
act_18,18,0.29,0.85,37,280,0
act_13,13,0.03,0.22,37,223,0
act_2,2,0.21,0.47,38,60,0
act_2,2,0.21,0.47,38,44,0
act_15,15,0.11,0.68,39,375,0
act_15,15,0.11,0.68,39,169,0
act_0,0,0.13,0.92,39,351,1
act_8,8,0.22,0.65,40,315,0
act_13,13,0.03,0.22,40,86,0
act_13,13,0.03,0.22,40,241,0
act_13,13,0.03,0.22,40,134,0
act_13,13,0.03,0.22,40,116,0
act_13,13,0.03,0.22,40,282,0
act_13,13,0.03,0.22,40,151,0
act_17,17,0.1,0.86,41,285,0
act_17,17,0.1,0.86,41,253,0
act_14,14,0.11,0.54,41,131,0
act_12,12,0.17,0.71,41,386,0
act_10,10,0.21,0.16,42,245,0
act_7,7,0.01,0.85,42,301,1
act_7,7,0.01,0.85,42,171,1
act_7,7,0.01,0.85,42,120,1
act_7,7,0.01,0.85,42,233,1
act_4,4,0.21,0.19,43,42,0
act_19,19,0.09,0.9,43,212,1
act_15,15,0.11,0.68,43,102,0
act_3,3,0.11,0.57,44,252,1
act_3,3,0.11,0.57,44,38,1
act_4,4,0.21,0.19,45,393,0
act_17,17,0.1,0.86,46,303,0
act_10,10,0.21,0.16,46,365,0
act_16,16,0.04,0.98,47,378,1
act_1,1,0.24,0.8,47,119,1
act_13,13,0.03,0.22,48,112,0
act_9,9,0.04,0.62,48,317,1
act_3,3,0.11,0.57,48,244,0
act_17,17,0.1,0.86,49,1,1
act_17,17,0.1,0.86,49,247,1
act_9,9,0.04,0.62,49,121,0
act_9,9,0.04,0.62,49,278,0
act_5,5,0.11,0.26,49,284,0
act_9,9,0.04,0.62,49,63,0
act_5,5,0.11,0.26,50,366,0
act_5,5,0.11,0.26,50,71,0
act_5,5,0.11,0.26,51,358,0
act_3,3,0.11,0.57,51,198,1
act_3,3,0.11,0.57,51,50,1
act_1,1,0.24,0.8,52,115,1
act_1,1,0.24,0.8,52,81,1
act_3,3,0.11,0.57,53,166,0
act_14,14,0.11,0.54,54,397,1
act_14,14,0.11,0.54,54,17,1
act_11,11,0.27,0.86,54,339,1
act_4,4,0.21,0.19,55,250,0
act_7,7,0.01,0.85,55,270,1
act_7,7,0.01,0.85,55,118,1
act_7,7,0.01,0.85,55,372,1
act_7,7,0.01,0.85,55,98,1
act_7,7,0.01,0.85,55,248,1
act_7,7,0.01,0.85,55,338,1
act_7,7,0.01,0.85,55,193,1
act_7,7,0.01,0.85,55,331,1
act_7,7,0.01,0.85,55,153,1
act_7,7,0.01,0.85,55,296,1
act_7,7,0.01,0.85,55,221,1
act_7,7,0.01,0.85,55,191,1
act_7,7,0.01,0.85,55,104,1
act_7,7,0.01,0.85,55,53,1
act_7,7,0.01,0.85,55,340,1
act_7,7,0.01,0.85,55,237,1
act_7,7,0.01,0.85,55,184,1
act_7,7,0.01,0.85,55,4,1
act_7,7,0.01,0.85,55,164,1
act_7,7,0.01,0.85,55,18,1
act_2,2,0.21,0.47,56,319,1
act_6,6,0.1,0.33,56,148,1
act_8,8,0.22,0.65,57,186,1
act_8,8,0.22,0.65,57,359,1
act_7,7,0.01,0.85,58,224,0
act_18,18,0.29,0.85,58,210,0
act_7,7,0.01,0.85,58,228,0
act_7,7,0.01,0.85,58,334,0
act_7,7,0.01,0.85,58,238,0
act_7,7,0.01,0.85,58,398,0
act_7,7,0.01,0.85,58,168,0
act_7,7,0.01,0.85,58,342,0
act_7,7,0.01,0.85,58,55,0
act_7,7,0.01,0.85,58,142,0
act_7,7,0.01,0.85,58,360,0
act_12,12,0.17,0.71,59,226,0
act_12,12,0.17,0.71,60,200,1
act_16,16,0.04,0.98,60,76,1
act_10,10,0.21,0.16,61,157,0
act_16,16,0.04,0.98,61,295,0
act_10,10,0.21,0.16,61,389,0
act_18,18,0.29,0.85,62,292,0
act_19,19,0.09,0.9,62,240,1
act_12,12,0.17,0.71,63,52,0
act_12,12,0.17,0.71,63,347,0
act_9,9,0.04,0.62,63,218,0
act_9,9,0.04,0.62,63,222,0
act_9,9,0.04,0.62,64,70,0
act_6,6,0.1,0.33,64,54,0
act_9,9,0.04,0.62,64,363,0
act_9,9,0.04,0.62,64,194,0
act_9,9,0.04,0.62,64,3,0
act_9,9,0.04,0.62,64,257,0
act_8,8,0.22,0.65,65,125,1
act_8,8,0.22,0.65,65,289,1
act_6,6,0.1,0.33,66,309,1
act_9,9,0.04,0.62,66,229,1
act_9,9,0.04,0.62,66,8,1
act_6,6,0.1,0.33,66,130,1
act_0,0,0.13,0.92,66,33,1
act_10,10,0.21,0.16,67,155,0
act_13,13,0.03,0.22,68,268,0
act_13,13,0.03,0.22,68,327,0
act_0,0,0.13,0.92,68,230,1
act_13,13,0.03,0.22,68,90,0
act_0,0,0.13,0.92,68,48,1
act_13,13,0.03,0.22,68,57,0
act_13,13,0.03,0.22,68,236,0
act_13,13,0.03,0.22,68,128,0
act_2,2,0.21,0.47,69,85,1
act_9,9,0.04,0.62,69,286,1
act_9,9,0.04,0.62,69,93,1
act_9,9,0.04,0.62,69,324,1
act_9,9,0.04,0.62,69,7,1
act_19,19,0.09,0.9,70,298,0
act_10,10,0.21,0.16,70,124,0
act_10,10,0.21,0.16,70,106,0
act_19,19,0.09,0.9,71,323,0
act_19,19,0.09,0.9,71,150,0
act_5,5,0.11,0.26,71,320,0
act_19,19,0.09,0.9,71,262,0
act_5,5,0.11,0.26,71,274,0
act_8,8,0.22,0.65,72,219,0
act_7,7,0.01,0.85,72,367,1
act_7,7,0.01,0.85,72,370,1
act_8,8,0.22,0.65,72,297,0
act_7,7,0.01,0.85,73,384,1
act_7,7,0.01,0.85,73,396,1
act_7,7,0.01,0.85,73,273,1
act_9,9,0.04,0.62,73,390,1
act_7,7,0.01,0.85,73,139,1
act_7,7,0.01,0.85,73,152,1
act_9,9,0.04,0.62,73,266,1
act_7,7,0.01,0.85,73,23,1
act_9,9,0.04,0.62,73,216,1
act_9,9,0.04,0.62,73,16,1
act_7,7,0.01,0.85,73,275,1
act_7,7,0.01,0.85,73,213,1
act_9,9,0.04,0.62,73,159,1
act_9,9,0.04,0.62,73,271,1
act_7,7,0.01,0.85,73,287,1
act_7,7,0.01,0.85,73,214,1
act_9,9,0.04,0.62,73,211,1
act_9,9,0.04,0.62,73,117,1
act_9,9,0.04,0.62,73,300,1
act_9,9,0.04,0.62,73,123,1
act_7,7,0.01,0.85,73,231,1
act_7,7,0.01,0.85,73,395,1
act_7,7,0.01,0.85,73,254,1
act_9,9,0.04,0.62,73,326,1
act_7,7,0.01,0.85,73,26,1
act_7,7,0.01,0.85,74,387,0
act_0,0,0.13,0.92,74,103,1
act_15,15,0.11,0.68,74,47,0
act_0,0,0.13,0.92,74,182,1
act_7,7,0.01,0.85,74,313,0
act_7,7,0.01,0.85,74,217,0
act_7,7,0.01,0.85,74,46,0
act_17,17,0.1,0.86,75,385,1
act_9,9,0.04,0.62,75,77,1
act_8,8,0.22,0.65,75,335,1
act_9,9,0.04,0.62,75,145,1
act_9,9,0.04,0.62,75,373,1
act_9,9,0.04,0.62,75,272,1
act_9,9,0.04,0.62,75,220,1
act_9,9,0.04,0.62,75,32,1
act_4,4,0.21,0.19,76,308,0
act_4,4,0.21,0.19,76,304,0
act_19,19,0.09,0.9,77,0,1
act_2,2,0.21,0.47,77,94,0
act_19,19,0.09,0.9,77,6,1
act_10,10,0.21,0.16,78,146,0
act_16,16,0.04,0.98,78,61,1
act_3,3,0.11,0.57,78,31,1
act_9,9,0.04,0.62,79,349,1
act_1,1,0.24,0.8,79,305,1
act_9,9,0.04,0.62,79,181,1
act_5,5,0.11,0.26,80,206,0
act_5,5,0.11,0.26,80,24,0
act_5,5,0.11,0.26,80,133,0
act_5,5,0.11,0.26,80,302,0
act_11,11,0.27,0.86,81,202,0
act_10,10,0.21,0.16,81,147,0
act_7,7,0.01,0.85,82,201,1
act_7,7,0.01,0.85,82,242,1
act_7,7,0.01,0.85,82,14,1
act_0,0,0.13,0.92,82,56,1
act_7,7,0.01,0.85,82,276,1
act_7,7,0.01,0.85,82,2,1
act_7,7,0.01,0.85,82,101,1
act_7,7,0.01,0.85,82,41,1
act_7,7,0.01,0.85,82,288,1
act_7,7,0.01,0.85,82,348,1
act_7,7,0.01,0.85,82,138,1
act_7,7,0.01,0.85,82,163,1
act_7,7,0.01,0.85,82,299,1
act_1,1,0.24,0.8,83,311,0
act_0,0,0.13,0.92,84,192,1
act_9,9,0.04,0.62,84,352,1
act_9,9,0.04,0.62,84,136,1
act_9,9,0.04,0.62,84,243,1
act_0,0,0.13,0.92,85,316,0
act_0,0,0.13,0.92,85,377,0
act_13,13,0.03,0.22,85,137,0
act_13,13,0.03,0.22,85,263,0
act_17,17,0.1,0.86,86,28,0
act_16,16,0.04,0.98,86,368,1
act_16,16,0.04,0.98,86,10,1
act_17,17,0.1,0.86,86,249,0
act_5,5,0.11,0.26,87,187,0
act_5,5,0.11,0.26,87,330,0
act_5,5,0.11,0.26,88,64,0
act_13,13,0.03,0.22,88,269,0
act_13,13,0.03,0.22,88,332,0
act_13,13,0.03,0.22,88,179,0
act_13,13,0.03,0.22,88,294,0
act_18,18,0.29,0.85,89,344,1
act_17,17,0.1,0.86,89,382,1
act_17,17,0.1,0.86,90,204,0
act_0,0,0.13,0.92,90,177,1
act_14,14,0.11,0.54,91,162,0
act_9,9,0.04,0.62,91,374,1
act_9,9,0.04,0.62,91,357,1
act_14,14,0.11,0.54,92,69,0
act_5,5,0.11,0.26,92,35,0
act_10,10,0.21,0.16,93,132,0
act_14,14,0.11,0.54,93,329,0
act_2,2,0.21,0.47,94,175,0
act_15,15,0.11,0.68,94,13,1
act_3,3,0.11,0.57,95,290,1
act_17,17,0.1,0.86,95,21,1
act_4,4,0.21,0.19,96,141,0
act_1,1,0.24,0.8,97,190,0
act_5,5,0.11,0.26,97,73,0
act_5,5,0.11,0.26,97,65,0
act_17,17,0.1,0.86,98,388,0
act_17,17,0.1,0.86,98,5,0
act_1,1,0.24,0.8,98,89,0
act_17,17,0.1,0.86,98,383,0
act_15,15,0.11,0.68,99,264,1
act_15,15,0.11,0.68,99,394,1
act_9,9,0.04,0.62,99,261,0

Alpha (resource id, list of activity ids)
0:1,6,19,11
1:9,10,14,0
2:0,4,10
3:15,0,14
4:18,19,10,15
5:16,3,18
6:18,0
7:14,8,9
8:17,12
9:4,8,19,15
10:7,6,4
11:6,9,15,17
12:18,3
13:13,19
14:0,4,7,16
15:5,16,6,13
16:13,14,16,4
17:0,11,14,1
18:9,18
19:11,14,0
20:18,13,14
21:2,6,3,18
22:1,10,16,15
23:3,1,4,5
24:4,1,9
25:5,8,16
26:13,17,10,7
27:1,6,19,9
28:11,8
29:11,19
30:11,6
31:15,18
32:10,9,12,19
33:0,16,8,14
34:7,0
35:19,5,16
36:0,18,14,13
37:13,4,18,1
38:11,2
39:15,0
40:2,8,13,4
41:17,14,12
42:10,14,7
43:1,15,19,4
44:15,8,3
45:4,0
46:4,17,10
47:1,16,10
48:13,3,9,14
49:17,5,18,9
50:1,12,4,5
51:3,5
52:1,10
53:2,1,3,15
54:14,3,4,11
55:4,7,1,2
56:11,6,2,19
57:11,8,4
58:18,7,1
59:8,12,3,17
60:12,16,10
61:16,10
62:18,19,4
63:9,12
64:3,10,6,9
65:19,8
66:9,6,12,0
67:10,11,8
68:13,0
69:5,9,6,2
70:19,10
71:19,5
72:7,8,17
73:9,7
74:7,0,15
75:18,9,17,8
76:4,1,2
77:2,19,18
78:10,16,4,3
79:9,1,3
80:5,13,11
81:15,3,11,10
82:0,11,7
83:18,1
84:8,9,0
85:13,0
86:16,17
87:5,11
88:14,5,13
89:17,18,16
90:17,1,15,0
91:14,9,19,1
92:5,14,11
93:10,14,0
94:2,15
95:3,17
96:2,8,4
97:1,5,18,8
98:1,17
99:15,9,19

Costs (resource, resource to replace, activity, cost)
0,0,1,0
0,17,1,0.74
0,22,1,0.63
0,23,1,0.29
0,24,1,0.79
0,27,1,0.91
0,37,1,0.13
0,43,1,0.92
0,47,1,0.85
0,50,1,0.18
0,52,1,0.68
0,53,1,0.22
0,55,1,0.41
0,58,1,0.68
0,76,1,0.86
0,79,1,0.03
0,83,1,0.19
0,90,1,0.15
0,91,1,0.92
0,97,1,0.14
0,98,1,0.78
0,0,6,0
0,10,6,0.29
0,11,6,0.28
0,15,6,0.87
0,21,6,0.07
0,27,6,0.25
0,30,6,0.18
0,56,6,0.05
0,64,6,0.72
0,66,6,0.72
0,69,6,0.24
0,0,19,0
0,4,19,0.34
0,9,19,0.11
0,13,19,0.54
0,27,19,0.13
0,29,19,0.89
0,32,19,0.75
0,35,19,0.77
0,43,19,0.83
0,56,19,0.01
0,62,19,0.28
0,65,19,0.84
0,70,19,0.42
0,71,19,0.74
0,77,19,0.72
0,91,19,0.68
0,99,19,0.29
0,0,11,0
0,17,11,0.83
0,19,11,0.82
0,28,11,0.41
0,29,11,0.02
0,30,11,0.6
0,38,11,0.34
0,54,11,0.8
0,56,11,0.37
0,57,11,0.39
0,67,11,0.24
0,80,11,0.13
0,81,11,0.49
0,82,11,0.53
0,87,11,0.29
0,92,11,0.71
1,1,9,0
1,7,9,0.81
1,11,9,0.18
1,18,9,0.45
1,24,9,0.27
1,27,9,0.41
1,32,9,0.52
1,48,9,0.57
1,49,9,0.35
1,63,9,0.94
1,64,9,0.0
1,66,9,0.99
1,69,9,0.06
1,73,9,0.62
1,75,9,0.51
1,79,9,0.38
1,84,9,0.96
1,91,9,0.98
1,99,9,0.14
1,1,10,0
1,2,10,0.63
1,4,10,0.43
1,22,10,0.51
1,26,10,0.68
1,32,10,0.58
1,42,10,0.56
1,46,10,0.46
1,47,10,0.61
1,52,10,0.11
1,60,10,0.56
1,61,10,0.39
1,64,10,0.43
1,67,10,0.06
1,70,10,0.08
1,78,10,0.08
1,81,10,0.42
1,93,10,0.07
1,1,14,0
1,3,14,0.44
1,7,14,0.63
1,16,14,0.32
1,17,14,0.49
1,19,14,0.98
1,20,14,0.06
1,33,14,0.43
1,36,14,0.04
1,41,14,0.35
1,42,14,0.39
1,48,14,0.1
1,54,14,0.39
1,88,14,0.27
1,91,14,0.33
1,92,14,0.79
1,93,14,0.95
1,1,0,0
1,2,0,0.32
1,3,0,0.56
1,6,0,0.87
1,14,0,0.66
1,17,0,0.22
1,19,0,0.86
1,33,0,0.24
1,34,0,0.04
1,36,0,0.14
1,39,0,0.21
1,45,0,0.22
1,66,0,0.34
1,68,0,0.05
1,74,0,0.55
1,82,0,0.37
1,84,0,0.39
1,85,0,0.69
1,90,0,0.95
1,93,0,0.92
2,1,0,0.15
2,2,0,0
2,3,0,0.04
2,6,0,0.47
2,14,0,0.14
2,17,0,0.98
2,19,0,0.95
2,33,0,0.3
2,34,0,0.42
2,36,0,0.12
2,39,0,0.67
2,45,0,0.97
2,66,0,0.01
2,68,0,0.76
2,74,0,0.36
2,82,0,0.72
2,84,0,0.65
2,85,0,0.26
2,90,0,0.44
2,93,0,0.06
2,2,4,0
2,9,4,0.32
2,10,4,0.41
2,14,4,0.85
2,16,4,0.96
2,23,4,0.03
2,24,4,0.77
2,37,4,0.07
2,40,4,0.74
2,43,4,0.67
2,45,4,0.53
2,46,4,0.89
2,50,4,0.16
2,54,4,0.97
2,55,4,0.33
2,57,4,0.61
2,62,4,0.98
2,76,4,0.64
2,78,4,0.72
2,96,4,0.4
2,1,10,0.32
2,2,10,0
2,4,10,0.7
2,22,10,0.5
2,26,10,0.31
2,32,10,0.53
2,42,10,0.05
2,46,10,0.16
2,47,10,0.82
2,52,10,0.8
2,60,10,0.2
2,61,10,0.55
2,64,10,0.56
2,67,10,0.72
2,70,10,0.52
2,78,10,0.77
2,81,10,0.14
2,93,10,0.72
3,3,15,0
3,4,15,0.79
3,9,15,0.19
3,11,15,0.45
3,22,15,0.37
3,31,15,0.72
3,39,15,0.27
3,43,15,0.37
3,44,15,0.32
3,53,15,0.68
3,74,15,0.82
3,81,15,0.36
3,90,15,0.59
3,94,15,0.72
3,99,15,0.75
3,1,0,0.88
3,2,0,0.69
3,3,0,0
3,6,0,0.86
3,14,0,0.92
3,17,0,0.17
3,19,0,0.2
3,33,0,0.59
3,34,0,0.01
3,36,0,0.53
3,39,0,0.71
3,45,0,0.03
3,66,0,0.62
3,68,0,0.57
3,74,0,0.74
3,82,0,0.34
3,84,0,0.75
3,85,0,0.49
3,90,0,0.76
3,93,0,0.49
3,1,14,0.89
3,3,14,0
3,7,14,0.14
3,16,14,0.5
3,17,14,0.48
3,19,14,0.99
3,20,14,0.53
3,33,14,0.03
3,36,14,0.27
3,41,14,0.19
3,42,14,0.94
3,48,14,0.65
3,54,14,0.12
3,88,14,0.75
3,91,14,0.97
3,92,14,0.81
3,93,14,0.37
4,4,18,0
4,5,18,0.54
4,6,18,0.35
4,12,18,0.3
4,18,18,0.33
4,20,18,0.65
4,21,18,0.86
4,31,18,0.06
4,36,18,0.34
4,37,18,0.88
4,49,18,0.79
4,58,18,0.1
4,62,18,0.37
4,75,18,0.42
4,77,18,0.31
4,83,18,0.4
4,89,18,0.02
4,97,18,0.49
4,0,19,0.2
4,4,19,0
4,9,19,0.54
4,13,19,0.11
4,27,19,0.08
4,29,19,0.5
4,32,19,0.19
4,35,19,0.39
4,43,19,0.96
4,56,19,0.06
4,62,19,0.99
4,65,19,0.34
4,70,19,0.17
4,71,19,0.78
4,77,19,0.97
4,91,19,0.46
4,99,19,0.18
4,1,10,0.7
4,2,10,0.42
4,4,10,0
4,22,10,0.6
4,26,10,0.06
4,32,10,0.65
4,42,10,0.61
4,46,10,0.18
4,47,10,0.37
4,52,10,0.58
4,60,10,0.29
4,61,10,0.98
4,64,10,0.22
4,67,10,0.66
4,70,10,0.38
4,78,10,0.38
4,81,10,0.4
4,93,10,0.86
4,3,15,0.74
4,4,15,0
4,9,15,0.39
4,11,15,0.89
4,22,15,0.71
4,31,15,0.48
4,39,15,0.39
4,43,15,0.48
4,44,15,0.0
4,53,15,0.3
4,74,15,0.39
4,81,15,0.16
4,90,15,0.46
4,94,15,0.49
4,99,15,0.99
5,5,16,0
5,14,16,0.26
5,15,16,0.69
5,16,16,0.56
5,22,16,0.6
5,25,16,0.67
5,33,16,0.52
5,35,16,0.48
5,47,16,0.57
5,60,16,0.42
5,61,16,0.52
5,78,16,0.96
5,86,16,0.29
5,89,16,0.3
5,5,3,0
5,12,3,0.55
5,21,3,0.05
5,23,3,0.44
5,44,3,0.25
5,48,3,0.73
5,51,3,0.54
5,53,3,0.12
5,54,3,0.29
5,59,3,0.87
5,64,3,0.84
5,78,3,0.28
5,79,3,0.49
5,81,3,0.83
5,95,3,0.83
5,4,18,0.27
5,5,18,0
5,6,18,0.5
5,12,18,0.05
5,18,18,0.99
5,20,18,0.58
5,21,18,0.71
5,31,18,0.88
5,36,18,0.05
5,37,18,0.31
5,49,18,0.71
5,58,18,0.82
5,62,18,0.15
5,75,18,0.16
5,77,18,0.78
5,83,18,0.06
5,89,18,0.69
5,97,18,0.79
6,4,18,0.03
6,5,18,0.76
6,6,18,0
6,12,18,0.5
6,18,18,0.85
6,20,18,0.52
6,21,18,0.93
6,31,18,0.38
6,36,18,0.35
6,37,18,0.22
6,49,18,0.69
6,58,18,0.05
6,62,18,0.01
6,75,18,0.35
6,77,18,0.76
6,83,18,0.01
6,89,18,0.78
6,97,18,0.98
6,1,0,0.17
6,2,0,0.16
6,3,0,0.45
6,6,0,0
6,14,0,0.52
6,17,0,0.92
6,19,0,0.77
6,33,0,0.82
6,34,0,0.54
6,36,0,0.79
6,39,0,0.43
6,45,0,0.15
6,66,0,0.71
6,68,0,0.46
6,74,0,0.91
6,82,0,0.83
6,84,0,0.53
6,85,0,0.02
6,90,0,0.7
6,93,0,0.04
7,1,14,0.78
7,3,14,0.26
7,7,14,0
7,16,14,0.17
7,17,14,0.36
7,19,14,0.79
7,20,14,0.79
7,33,14,0.97
7,36,14,0.39
7,41,14,0.65
7,42,14,0.73
7,48,14,0.27
7,54,14,0.92
7,88,14,0.75
7,91,14,0.51
7,92,14,0.38
7,93,14,0.42
7,7,8,0
7,9,8,0.04
7,25,8,0.6
7,28,8,0.84
7,33,8,0.25
7,40,8,0.92
7,44,8,0.7
7,57,8,0.3
7,59,8,0.34
7,65,8,0.08
7,67,8,0.08
7,72,8,0.3
7,75,8,0.28
7,84,8,0.91
7,96,8,0.84
7,97,8,0.27
7,1,9,0.07
7,7,9,0
7,11,9,0.07
7,18,9,0.78
7,24,9,0.43
7,27,9,0.39
7,32,9,0.93
7,48,9,0.39
7,49,9,0.85
7,63,9,0.34
7,64,9,0.41
7,66,9,0.03
7,69,9,0.25
7,73,9,0.29
7,75,9,0.19
7,79,9,0.26
7,84,9,0.5
7,91,9,0.72
7,99,9,0.14
8,8,17,0
8,11,17,0.55
8,26,17,0.68
8,41,17,0.12
8,46,17,0.07
8,49,17,0.5
8,59,17,0.5
8,72,17,0.59
8,75,17,0.94
8,86,17,0.43
8,89,17,0.42
8,90,17,0.33
8,95,17,0.8
8,98,17,0.88
8,8,12,0
8,32,12,0.42
8,41,12,0.87
8,50,12,0.63
8,59,12,0.73
8,60,12,0.31
8,63,12,0.31
8,66,12,0.48
9,2,4,0.17
9,9,4,0
9,10,4,0.97
9,14,4,0.44
9,16,4,0.17
9,23,4,0.17
9,24,4,0.19
9,37,4,0.88
9,40,4,0.08
9,43,4,0.37
9,45,4,0.95
9,46,4,0.18
9,50,4,0.45
9,54,4,0.14
9,55,4,0.86
9,57,4,0.87
9,62,4,0.51
9,76,4,0.55
9,78,4,0.63
9,96,4,0.7
9,7,8,0.0
9,9,8,0
9,25,8,0.53
9,28,8,0.46
9,33,8,0.15
9,40,8,0.83
9,44,8,0.77
9,57,8,0.43
9,59,8,0.41
9,65,8,0.09
9,67,8,0.48
9,72,8,0.3
9,75,8,0.71
9,84,8,0.7
9,96,8,0.18
9,97,8,0.69
9,0,19,0.39
9,4,19,0.84
9,9,19,0
9,13,19,0.54
9,27,19,0.66
9,29,19,0.04
9,32,19,0.06
9,35,19,0.65
9,43,19,0.94
9,56,19,0.21
9,62,19,0.26
9,65,19,0.55
9,70,19,0.94
9,71,19,0.31
9,77,19,0.31
9,91,19,0.69
9,99,19,0.61
9,3,15,1.0
9,4,15,0.07
9,9,15,0
9,11,15,0.89
9,22,15,0.27
9,31,15,0.82
9,39,15,0.99
9,43,15,0.78
9,44,15,0.91
9,53,15,0.78
9,74,15,0.27
9,81,15,0.85
9,90,15,0.6
9,94,15,0.41
9,99,15,0.6
10,10,7,0
10,14,7,0.19
10,26,7,0.79
10,34,7,0.64
10,42,7,0.07
10,55,7,0.56
10,58,7,0.77
10,72,7,0.03
10,73,7,0.24
10,74,7,0.81
10,82,7,0.48
10,0,6,0.26
10,10,6,0
10,11,6,0.61
10,15,6,0.21
10,21,6,0.79
10,27,6,0.84
10,30,6,0.92
10,56,6,0.36
10,64,6,0.15
10,66,6,0.71
10,69,6,0.06
10,2,4,0.39
10,9,4,0.14
10,10,4,0
10,14,4,0.89
10,16,4,0.41
10,23,4,0.6
10,24,4,0.22
10,37,4,0.5
10,40,4,0.84
10,43,4,0.48
10,45,4,0.09
10,46,4,0.85
10,50,4,0.03
10,54,4,0.27
10,55,4,0.56
10,57,4,0.64
10,62,4,0.51
10,76,4,0.02
10,78,4,0.74
10,96,4,0.46
11,0,6,0.65
11,10,6,0.61
11,11,6,0
11,15,6,0.53
11,21,6,0.55
11,27,6,0.47
11,30,6,0.48
11,56,6,0.59
11,64,6,0.04
11,66,6,0.95
11,69,6,0.53
11,1,9,0.95
11,7,9,0.79
11,11,9,0
11,18,9,0.54
11,24,9,0.93
11,27,9,0.22
11,32,9,0.94
11,48,9,0.9
11,49,9,0.03
11,63,9,0.82
11,64,9,0.85
11,66,9,0.52
11,69,9,0.72
11,73,9,0.83
11,75,9,0.17
11,79,9,0.92
11,84,9,0.67
11,91,9,0.38
11,99,9,0.35
11,3,15,0.33
11,4,15,0.77
11,9,15,0.32
11,11,15,0
11,22,15,0.61
11,31,15,0.57
11,39,15,0.63
11,43,15,0.12
11,44,15,0.14
11,53,15,0.43
11,74,15,0.43
11,81,15,0.17
11,90,15,0.27
11,94,15,0.42
11,99,15,0.9
11,8,17,0.69
11,11,17,0
11,26,17,0.65
11,41,17,0.72
11,46,17,0.84
11,49,17,0.05
11,59,17,0.74
11,72,17,0.19
11,75,17,0.03
11,86,17,0.9
11,89,17,0.22
11,90,17,0.78
11,95,17,0.85
11,98,17,0.44
12,4,18,0.54
12,5,18,0.98
12,6,18,0.09
12,12,18,0
12,18,18,0.13
12,20,18,0.14
12,21,18,0.6
12,31,18,0.14
12,36,18,0.65
12,37,18,0.31
12,49,18,0.63
12,58,18,0.86
12,62,18,0.08
12,75,18,0.27
12,77,18,0.81
12,83,18,0.63
12,89,18,0.1
12,97,18,0.08
12,5,3,0.68
12,12,3,0
12,21,3,0.69
12,23,3,0.24
12,44,3,0.94
12,48,3,0.23
12,51,3,0.1
12,53,3,0.06
12,54,3,0.65
12,59,3,0.02
12,64,3,0.85
12,78,3,0.36
12,79,3,0.28
12,81,3,0.6
12,95,3,0.57
13,13,13,0
13,15,13,0.67
13,16,13,0.8
13,20,13,0.3
13,26,13,0.22
13,36,13,0.17
13,37,13,0.79
13,40,13,0.26
13,48,13,0.75
13,68,13,0.22
13,80,13,0.81
13,85,13,0.28
13,88,13,0.75
13,0,19,0.5
13,4,19,0.4
13,9,19,0.76
13,13,19,0
13,27,19,0.99
13,29,19,0.15
13,32,19,0.16
13,35,19,0.38
13,43,19,0.38
13,56,19,0.5
13,62,19,0.88
13,65,19,0.34
13,70,19,0.68
13,71,19,0.46
13,77,19,0.92
13,91,19,0.49
13,99,19,0.52
14,1,0,0.12
14,2,0,0.31
14,3,0,0.23
14,6,0,1.0
14,14,0,0
14,17,0,0.07
14,19,0,0.55
14,33,0,0.67
14,34,0,0.67
14,36,0,0.55
14,39,0,0.97
14,45,0,0.55
14,66,0,0.95
14,68,0,0.1
14,74,0,0.75
14,82,0,0.94
14,84,0,0.81
14,85,0,0.44
14,90,0,0.0
14,93,0,0.79
14,2,4,0.18
14,9,4,0.88
14,10,4,0.61
14,14,4,0
14,16,4,0.94
14,23,4,0.08
14,24,4,0.01
14,37,4,0.11
14,40,4,0.07
14,43,4,0.75
14,45,4,0.95
14,46,4,0.13
14,50,4,0.48
14,54,4,0.61
14,55,4,0.0
14,57,4,0.83
14,62,4,0.54
14,76,4,0.28
14,78,4,0.2
14,96,4,0.4
14,10,7,0.4
14,14,7,0
14,26,7,0.34
14,34,7,0.55
14,42,7,0.28
14,55,7,0.71
14,58,7,0.23
14,72,7,0.57
14,73,7,0.88
14,74,7,0.06
14,82,7,0.71
14,5,16,0.92
14,14,16,0
14,15,16,0.64
14,16,16,0.37
14,22,16,0.94
14,25,16,0.23
14,33,16,0.85
14,35,16,0.07
14,47,16,0.9
14,60,16,0.64
14,61,16,0.16
14,78,16,0.94
14,86,16,0.19
14,89,16,0.54
15,15,5,0
15,23,5,0.27
15,25,5,0.68
15,35,5,0.48
15,49,5,0.4
15,50,5,0.8
15,51,5,0.01
15,69,5,0.59
15,71,5,0.94
15,80,5,0.33
15,87,5,0.58
15,88,5,0.95
15,92,5,0.5
15,97,5,0.08
15,5,16,0.33
15,14,16,0.06
15,15,16,0
15,16,16,0.61
15,22,16,0.28
15,25,16,0.63
15,33,16,0.07
15,35,16,0.0
15,47,16,0.47
15,60,16,0.07
15,61,16,0.18
15,78,16,0.09
15,86,16,0.71
15,89,16,0.24
15,0,6,0.24
15,10,6,0.63
15,11,6,0.22
15,15,6,0
15,21,6,0.69
15,27,6,0.63
15,30,6,0.3
15,56,6,0.61
15,64,6,0.82
15,66,6,0.39
15,69,6,0.75
15,13,13,0.48
15,15,13,0
15,16,13,0.23
15,20,13,0.11
15,26,13,0.15
15,36,13,0.06
15,37,13,1.0
15,40,13,0.38
15,48,13,0.5
15,68,13,0.45
15,80,13,0.06
15,85,13,0.13
15,88,13,0.81
16,13,13,0.27
16,15,13,0.18
16,16,13,0
16,20,13,0.44
16,26,13,0.56
16,36,13,0.37
16,37,13,0.34
16,40,13,0.46
16,48,13,0.84
16,68,13,0.46
16,80,13,0.6
16,85,13,0.12
16,88,13,0.06
16,1,14,0.5
16,3,14,0.65
16,7,14,0.26
16,16,14,0
16,17,14,0.31
16,19,14,0.75
16,20,14,0.07
16,33,14,0.88
16,36,14,0.69
16,41,14,0.11
16,42,14,0.36
16,48,14,0.58
16,54,14,0.03
16,88,14,0.82
16,91,14,0.6
16,92,14,0.37
16,93,14,0.5
16,5,16,0.78
16,14,16,0.56
16,15,16,0.31
16,16,16,0
16,22,16,0.59
16,25,16,0.78
16,33,16,0.28
16,35,16,0.66
16,47,16,0.14
16,60,16,0.19
16,61,16,0.87
16,78,16,0.81
16,86,16,0.73
16,89,16,0.81
16,2,4,0.93
16,9,4,0.22
16,10,4,0.31
16,14,4,0.34
16,16,4,0
16,23,4,0.36
16,24,4,0.72
16,37,4,0.04
16,40,4,0.63
16,43,4,0.3
16,45,4,0.75
16,46,4,0.62
16,50,4,0.84
16,54,4,0.46
16,55,4,0.55
16,57,4,0.9
16,62,4,0.58
16,76,4,0.21
16,78,4,0.54
16,96,4,0.39
17,1,0,0.28
17,2,0,0.82
17,3,0,0.6
17,6,0,0.62
17,14,0,0.77
17,17,0,0
17,19,0,0.63
17,33,0,0.44
17,34,0,0.03
17,36,0,0.98
17,39,0,0.69
17,45,0,0.05
17,66,0,0.18
17,68,0,0.23
17,74,0,0.27
17,82,0,0.6
17,84,0,0.22
17,85,0,0.16
17,90,0,0.37
17,93,0,0.23
17,0,11,0.94
17,17,11,0
17,19,11,0.54
17,28,11,0.68
17,29,11,0.39
17,30,11,0.44
17,38,11,0.69
17,54,11,0.12
17,56,11,0.19
17,57,11,0.5
17,67,11,0.4
17,80,11,0.89
17,81,11,0.75
17,82,11,0.63
17,87,11,0.06
17,92,11,0.08
17,1,14,0.76
17,3,14,0.02
17,7,14,0.33
17,16,14,0.56
17,17,14,0
17,19,14,0.13
17,20,14,0.81
17,33,14,0.27
17,36,14,0.79
17,41,14,0.72
17,42,14,0.03
17,48,14,0.92
17,54,14,0.25
17,88,14,0.15
17,91,14,0.4
17,92,14,0.41
17,93,14,0.06
17,0,1,0.95
17,17,1,0
17,22,1,0.27
17,23,1,0.64
17,24,1,0.5
17,27,1,0.74
17,37,1,0.78
17,43,1,0.07
17,47,1,0.11
17,50,1,0.76
17,52,1,0.05
17,53,1,0.88
17,55,1,0.77
17,58,1,0.59
17,76,1,0.32
17,79,1,0.74
17,83,1,0.15
17,90,1,0.7
17,91,1,0.87
17,97,1,0.25
17,98,1,0.09
18,1,9,0.43
18,7,9,0.73
18,11,9,0.88
18,18,9,0
18,24,9,0.3
18,27,9,0.94
18,32,9,0.24
18,48,9,0.27
18,49,9,0.18
18,63,9,0.68
18,64,9,0.57
18,66,9,0.53
18,69,9,0.54
18,73,9,0.31
18,75,9,0.9
18,79,9,0.47
18,84,9,0.18
18,91,9,0.88
18,99,9,0.41
18,4,18,0.97
18,5,18,0.19
18,6,18,0.54
18,12,18,0.05
18,18,18,0
18,20,18,0.25
18,21,18,0.46
18,31,18,0.26
18,36,18,0.34
18,37,18,0.75
18,49,18,0.41
18,58,18,0.47
18,62,18,0.84
18,75,18,0.47
18,77,18,0.83
18,83,18,0.03
18,89,18,0.38
18,97,18,0.63
19,0,11,0.96
19,17,11,0.92
19,19,11,0
19,28,11,0.26
19,29,11,0.01
19,30,11,0.45
19,38,11,0.13
19,54,11,0.4
19,56,11,0.06
19,57,11,0.54
19,67,11,0.26
19,80,11,0.65
19,81,11,0.09
19,82,11,0.71
19,87,11,0.53
19,92,11,0.92
19,1,14,0.98
19,3,14,0.87
19,7,14,0.39
19,16,14,0.03
19,17,14,0.65
19,19,14,0
19,20,14,0.11
19,33,14,0.92
19,36,14,0.22
19,41,14,0.28
19,42,14,0.64
19,48,14,0.96
19,54,14,0.75
19,88,14,0.74
19,91,14,0.04
19,92,14,0.93
19,93,14,0.04
19,1,0,0.46
19,2,0,0.55
19,3,0,0.49
19,6,0,0.82
19,14,0,0.42
19,17,0,0.53
19,19,0,0
19,33,0,0.45
19,34,0,0.14
19,36,0,0.62
19,39,0,0.67
19,45,0,0.02
19,66,0,0.72
19,68,0,0.12
19,74,0,0.24
19,82,0,0.7
19,84,0,0.46
19,85,0,0.03
19,90,0,0.16
19,93,0,0.05
20,4,18,0.07
20,5,18,0.69
20,6,18,0.39
20,12,18,0.78
20,18,18,0.01
20,20,18,0
20,21,18,0.32
20,31,18,0.13
20,36,18,0.25
20,37,18,0.8
20,49,18,0.38
20,58,18,0.63
20,62,18,0.45
20,75,18,0.34
20,77,18,0.79
20,83,18,0.45
20,89,18,0.92
20,97,18,0.5
20,13,13,0.2
20,15,13,0.09
20,16,13,0.6
20,20,13,0
20,26,13,0.78
20,36,13,0.9
20,37,13,0.34
20,40,13,0.31
20,48,13,0.43
20,68,13,0.5
20,80,13,0.96
20,85,13,0.26
20,88,13,0.33
20,1,14,0.57
20,3,14,0.57
20,7,14,0.23
20,16,14,0.97
20,17,14,0.62
20,19,14,0.28
20,20,14,0
20,33,14,0.57
20,36,14,0.12
20,41,14,0.67
20,42,14,0.7
20,48,14,0.23
20,54,14,0.26
20,88,14,0.38
20,91,14,0.35
20,92,14,0.8
20,93,14,0.26
21,21,2,0
21,38,2,0.93
21,40,2,0.65
21,53,2,0.4
21,55,2,0.52
21,56,2,0.51
21,69,2,0.91
21,76,2,0.55
21,77,2,0.58
21,94,2,0.98
21,96,2,0.53
21,0,6,0.74
21,10,6,0.01
21,11,6,0.23
21,15,6,0.8
21,21,6,0
21,27,6,0.85
21,30,6,0.07
21,56,6,0.72
21,64,6,0.48
21,66,6,0.55
21,69,6,0.94
21,5,3,0.21
21,12,3,0.4
21,21,3,0
21,23,3,0.17
21,44,3,0.87
21,48,3,0.14
21,51,3,0.73
21,53,3,0.28
21,54,3,0.49
21,59,3,0.2
21,64,3,0.29
21,78,3,0.19
21,79,3,0.28
21,81,3,0.82
21,95,3,0.54
21,4,18,0.57
21,5,18,0.35
21,6,18,0.27
21,12,18,0.44
21,18,18,0.56
21,20,18,0.53
21,21,18,0
21,31,18,0.11
21,36,18,0.2
21,37,18,0.79
21,49,18,0.95
21,58,18,0.2
21,62,18,0.64
21,75,18,0.93
21,77,18,0.41
21,83,18,0.74
21,89,18,0.54
21,97,18,0.98
22,0,1,0.01
22,17,1,0.44
22,22,1,0
22,23,1,0.22
22,24,1,0.59
22,27,1,0.23
22,37,1,0.74
22,43,1,0.34
22,47,1,0.8
22,50,1,0.51
22,52,1,0.81
22,53,1,0.55
22,55,1,0.2
22,58,1,0.19
22,76,1,0.43
22,79,1,0.43
22,83,1,0.19
22,90,1,0.98
22,91,1,0.42
22,97,1,0.52
22,98,1,0.08
22,1,10,0.61
22,2,10,0.36
22,4,10,0.54
22,22,10,0
22,26,10,0.67
22,32,10,0.58
22,42,10,0.36
22,46,10,0.06
22,47,10,0.41
22,52,10,0.25
22,60,10,0.66
22,61,10,0.67
22,64,10,0.29
22,67,10,0.01
22,70,10,0.15
22,78,10,0.5
22,81,10,0.56
22,93,10,0.02
22,5,16,0.88
22,14,16,0.35
22,15,16,0.91
22,16,16,0.54
22,22,16,0
22,25,16,0.59
22,33,16,0.16
22,35,16,0.99
22,47,16,0.19
22,60,16,0.02
22,61,16,0.51
22,78,16,0.93
22,86,16,0.09
22,89,16,0.09
22,3,15,0.2
22,4,15,0.37
22,9,15,0.26
22,11,15,0.87
22,22,15,0
22,31,15,0.53
22,39,15,0.43
22,43,15,0.51
22,44,15,0.86
22,53,15,0.21
22,74,15,0.72
22,81,15,0.72
22,90,15,0.89
22,94,15,0.68
22,99,15,0.58
23,5,3,0.69
23,12,3,0.07
23,21,3,0.5
23,23,3,0
23,44,3,0.88
23,48,3,0.7
23,51,3,0.65
23,53,3,0.83
23,54,3,0.01
23,59,3,0.97
23,64,3,0.14
23,78,3,0.35
23,79,3,0.41
23,81,3,0.19
23,95,3,0.19
23,0,1,0.29
23,17,1,0.05
23,22,1,0.33
23,23,1,0
23,24,1,0.67
23,27,1,0.47
23,37,1,0.58
23,43,1,0.98
23,47,1,0.05
23,50,1,0.86
23,52,1,0.33
23,53,1,0.83
23,55,1,0.39
23,58,1,0.76
23,76,1,0.65
23,79,1,0.21
23,83,1,0.74
23,90,1,0.64
23,91,1,0.06
23,97,1,0.45
23,98,1,0.51
23,2,4,0.66
23,9,4,0.62
23,10,4,0.1
23,14,4,0.47
23,16,4,0.4
23,23,4,0
23,24,4,0.23
23,37,4,0.09
23,40,4,0.47
23,43,4,0.79
23,45,4,0.51
23,46,4,0.35
23,50,4,0.37
23,54,4,0.95
23,55,4,0.76
23,57,4,0.64
23,62,4,0.55
23,76,4,0.8
23,78,4,0.1
23,96,4,0.66
23,15,5,0.32
23,23,5,0
23,25,5,0.96
23,35,5,0.03
23,49,5,0.7
23,50,5,0.41
23,51,5,0.14
23,69,5,0.57
23,71,5,0.26
23,80,5,0.76
23,87,5,0.78
23,88,5,0.77
23,92,5,0.06
23,97,5,0.17
24,2,4,0.93
24,9,4,0.21
24,10,4,1.0
24,14,4,0.66
24,16,4,0.32
24,23,4,0.88
24,24,4,0
24,37,4,0.29
24,40,4,0.04
24,43,4,0.23
24,45,4,0.94
24,46,4,0.48
24,50,4,0.92
24,54,4,0.35
24,55,4,0.4
24,57,4,0.97
24,62,4,0.69
24,76,4,0.26
24,78,4,0.64
24,96,4,0.89
24,0,1,0.55
24,17,1,0.39
24,22,1,0.59
24,23,1,0.62
24,24,1,0
24,27,1,0.73
24,37,1,0.49
24,43,1,0.03
24,47,1,0.07
24,50,1,0.76
24,52,1,0.36
24,53,1,0.07
24,55,1,0.88
24,58,1,0.06
24,76,1,0.99
24,79,1,0.85
24,83,1,0.54
24,90,1,0.22
24,91,1,0.65
24,97,1,0.8
24,98,1,0.13
24,1,9,0.77
24,7,9,0.98
24,11,9,0.97
24,18,9,0.52
24,24,9,0
24,27,9,0.44
24,32,9,0.33
24,48,9,0.53
24,49,9,0.91
24,63,9,0.93
24,64,9,0.58
24,66,9,0.17
24,69,9,0.46
24,73,9,0.49
24,75,9,0.55
24,79,9,0.22
24,84,9,0.56
24,91,9,0.17
24,99,9,0.33
25,15,5,0.79
25,23,5,0.45
25,25,5,0
25,35,5,0.8
25,49,5,0.08
25,50,5,0.23
25,51,5,0.14
25,69,5,0.57
25,71,5,0.7
25,80,5,0.92
25,87,5,0.1
25,88,5,0.47
25,92,5,0.26
25,97,5,0.08
25,7,8,0.01
25,9,8,0.28
25,25,8,0
25,28,8,0.28
25,33,8,0.06
25,40,8,0.27
25,44,8,0.75
25,57,8,0.5
25,59,8,0.25
25,65,8,0.48
25,67,8,0.05
25,72,8,0.59
25,75,8,0.96
25,84,8,0.67
25,96,8,0.18
25,97,8,0.16
25,5,16,0.43
25,14,16,0.02
25,15,16,0.66
25,16,16,0.54
25,22,16,0.74
25,25,16,0
25,33,16,0.9
25,35,16,0.69
25,47,16,0.57
25,60,16,0.73
25,61,16,0.8
25,78,16,0.93
25,86,16,0.57
25,89,16,0.49
26,13,13,0.54
26,15,13,0.65
26,16,13,0.6
26,20,13,0.66
26,26,13,0
26,36,13,0.23
26,37,13,0.94
26,40,13,0.22
26,48,13,0.52
26,68,13,0.49
26,80,13,0.16
26,85,13,0.79
26,88,13,0.83
26,8,17,0.82
26,11,17,0.32
26,26,17,0
26,41,17,0.36
26,46,17,0.75
26,49,17,0.85
26,59,17,0.39
26,72,17,0.53
26,75,17,0.5
26,86,17,0.79
26,89,17,0.03
26,90,17,0.94
26,95,17,0.07
26,98,17,0.64
26,1,10,0.46
26,2,10,0.2
26,4,10,0.89
26,22,10,0.9
26,26,10,0
26,32,10,0.89
26,42,10,0.23
26,46,10,0.05
26,47,10,0.82
26,52,10,0.16
26,60,10,0.04
26,61,10,0.87
26,64,10,0.25
26,67,10,0.07
26,70,10,0.94
26,78,10,0.84
26,81,10,0.69
26,93,10,0.16
26,10,7,0.27
26,14,7,0.57
26,26,7,0
26,34,7,0.03
26,42,7,0.97
26,55,7,0.87
26,58,7,0.87
26,72,7,0.97
26,73,7,0.59
26,74,7,0.74
26,82,7,0.79
27,0,1,0.15
27,17,1,0.78
27,22,1,0.9
27,23,1,0.19
27,24,1,0.8
27,27,1,0
27,37,1,0.63
27,43,1,0.08
27,47,1,0.74
27,50,1,0.91
27,52,1,0.1
27,53,1,0.67
27,55,1,0.86
27,58,1,0.0
27,76,1,0.37
27,79,1,0.9
27,83,1,0.12
27,90,1,0.48
27,91,1,0.39
27,97,1,0.42
27,98,1,0.02
27,0,6,0.47
27,10,6,0.53
27,11,6,0.07
27,15,6,0.72
27,21,6,0.92
27,27,6,0
27,30,6,0.24
27,56,6,0.56
27,64,6,0.3
27,66,6,0.78
27,69,6,0.06
27,0,19,0.99
27,4,19,0.08
27,9,19,0.2
27,13,19,0.53
27,27,19,0
27,29,19,0.95
27,32,19,0.38
27,35,19,0.92
27,43,19,0.81
27,56,19,0.22
27,62,19,0.31
27,65,19,0.5
27,70,19,0.81
27,71,19,0.86
27,77,19,0.59
27,91,19,0.18
27,99,19,0.61
27,1,9,0.12
27,7,9,0.94
27,11,9,0.05
27,18,9,0.72
27,24,9,0.05
27,27,9,0
27,32,9,0.4
27,48,9,0.14
27,49,9,0.72
27,63,9,0.92
27,64,9,0.21
27,66,9,0.27
27,69,9,0.12
27,73,9,0.95
27,75,9,0.75
27,79,9,0.83
27,84,9,0.02
27,91,9,0.02
27,99,9,0.27
28,0,11,0.25
28,17,11,0.58
28,19,11,0.12
28,28,11,0
28,29,11,0.86
28,30,11,0.41
28,38,11,0.37
28,54,11,0.87
28,56,11,0.12
28,57,11,0.79
28,67,11,0.05
28,80,11,0.38
28,81,11,0.49
28,82,11,0.96
28,87,11,0.01
28,92,11,0.13
28,7,8,0.3
28,9,8,0.87
28,25,8,0.15
28,28,8,0
28,33,8,0.14
28,40,8,0.53
28,44,8,0.23
28,57,8,0.09
28,59,8,0.15
28,65,8,0.56
28,67,8,0.73
28,72,8,0.33
28,75,8,0.53
28,84,8,0.42
28,96,8,0.75
28,97,8,0.78
29,0,11,0.18
29,17,11,0.97
29,19,11,0.29
29,28,11,0.24
29,29,11,0
29,30,11,0.57
29,38,11,0.92
29,54,11,0.55
29,56,11,0.8
29,57,11,0.39
29,67,11,0.21
29,80,11,0.3
29,81,11,0.79
29,82,11,0.35
29,87,11,0.59
29,92,11,0.2
29,0,19,0.23
29,4,19,0.72
29,9,19,0.35
29,13,19,0.93
29,27,19,0.02
29,29,19,0
29,32,19,0.25
29,35,19,0.16
29,43,19,0.86
29,56,19,0.2
29,62,19,0.26
29,65,19,0.41
29,70,19,0.71
29,71,19,0.11
29,77,19,0.69
29,91,19,0.1
29,99,19,0.84
30,0,11,0.05
30,17,11,0.76
30,19,11,0.66
30,28,11,0.34
30,29,11,0.77
30,30,11,0
30,38,11,0.4
30,54,11,0.75
30,56,11,0.89
30,57,11,0.56
30,67,11,0.2
30,80,11,0.48
30,81,11,0.31
30,82,11,0.52
30,87,11,0.35
30,92,11,0.24
30,0,6,0.08
30,10,6,0.32
30,11,6,0.94
30,15,6,0.54
30,21,6,0.96
30,27,6,0.34
30,30,6,0
30,56,6,0.69
30,64,6,0.77
30,66,6,0.64
30,69,6,0.09
31,3,15,0.3
31,4,15,0.23
31,9,15,0.6
31,11,15,0.25
31,22,15,0.17
31,31,15,0
31,39,15,0.35
31,43,15,0.76
31,44,15,0.96
31,53,15,0.16
31,74,15,0.2
31,81,15,0.99
31,90,15,0.01
31,94,15,0.16
31,99,15,0.16
31,4,18,0.51
31,5,18,0.83
31,6,18,0.14
31,12,18,0.41
31,18,18,0.79
31,20,18,0.47
31,21,18,0.07
31,31,18,0
31,36,18,0.88
31,37,18,0.9
31,49,18,0.44
31,58,18,0.02
31,62,18,0.87
31,75,18,0.23
31,77,18,0.16
31,83,18,0.75
31,89,18,0.92
31,97,18,0.57
32,1,10,0.75
32,2,10,0.46
32,4,10,0.4
32,22,10,0.45
32,26,10,0.69
32,32,10,0
32,42,10,0.81
32,46,10,0.88
32,47,10,0.58
32,52,10,0.45
32,60,10,0.04
32,61,10,0.94
32,64,10,0.07
32,67,10,0.55
32,70,10,0.03
32,78,10,0.38
32,81,10,0.77
32,93,10,0.19
32,1,9,0.74
32,7,9,0.23
32,11,9,0.87
32,18,9,0.37
32,24,9,0.71
32,27,9,0.85
32,32,9,0
32,48,9,0.42
32,49,9,0.51
32,63,9,0.17
32,64,9,0.11
32,66,9,0.33
32,69,9,0.09
32,73,9,0.18
32,75,9,0.85
32,79,9,0.72
32,84,9,0.84
32,91,9,0.58
32,99,9,0.84
32,8,12,0.37
32,32,12,0
32,41,12,0.75
32,50,12,0.6
32,59,12,0.53
32,60,12,0.55
32,63,12,0.79
32,66,12,0.25
32,0,19,0.42
32,4,19,0.35
32,9,19,0.92
32,13,19,0.38
32,27,19,0.59
32,29,19,0.84
32,32,19,0
32,35,19,0.18
32,43,19,1.0
32,56,19,0.78
32,62,19,0.42
32,65,19,0.29
32,70,19,0.01
32,71,19,0.36
32,77,19,0.76
32,91,19,0.21
32,99,19,0.91
33,1,0,0.07
33,2,0,0.86
33,3,0,0.16
33,6,0,0.06
33,14,0,0.97
33,17,0,0.96
33,19,0,0.12
33,33,0,0
33,34,0,0.34
33,36,0,0.93
33,39,0,0.04
33,45,0,0.28
33,66,0,0.4
33,68,0,0.0
33,74,0,0.74
33,82,0,0.97
33,84,0,0.42
33,85,0,0.45
33,90,0,0.86
33,93,0,0.1
33,5,16,0.52
33,14,16,0.67
33,15,16,0.64
33,16,16,0.46
33,22,16,0.84
33,25,16,0.32
33,33,16,0
33,35,16,0.83
33,47,16,0.36
33,60,16,0.06
33,61,16,0.24
33,78,16,0.0
33,86,16,0.23
33,89,16,0.82
33,7,8,0.42
33,9,8,0.27
33,25,8,0.15
33,28,8,0.61
33,33,8,0
33,40,8,0.24
33,44,8,0.04
33,57,8,0.4
33,59,8,0.19
33,65,8,0.89
33,67,8,0.3
33,72,8,0.43
33,75,8,0.07
33,84,8,0.61
33,96,8,0.5
33,97,8,0.94
33,1,14,0.49
33,3,14,0.85
33,7,14,0.34
33,16,14,0.09
33,17,14,0.16
33,19,14,0.89
33,20,14,0.17
33,33,14,0
33,36,14,0.3
33,41,14,0.37
33,42,14,0.13
33,48,14,0.08
33,54,14,0.5
33,88,14,0.77
33,91,14,0.62
33,92,14,0.42
33,93,14,0.74
34,10,7,0.0
34,14,7,0.99
34,26,7,0.16
34,34,7,0
34,42,7,0.99
34,55,7,0.94
34,58,7,0.54
34,72,7,0.56
34,73,7,0.87
34,74,7,0.44
34,82,7,0.85
34,1,0,0.1
34,2,0,0.43
34,3,0,0.83
34,6,0,0.36
34,14,0,0.44
34,17,0,0.68
34,19,0,0.64
34,33,0,0.7
34,34,0,0
34,36,0,0.36
34,39,0,0.81
34,45,0,0.63
34,66,0,0.9
34,68,0,0.76
34,74,0,0.97
34,82,0,0.78
34,84,0,0.87
34,85,0,0.08
34,90,0,0.69
34,93,0,0.94
35,0,19,0.9
35,4,19,0.48
35,9,19,0.21
35,13,19,0.75
35,27,19,0.66
35,29,19,0.2
35,32,19,0.14
35,35,19,0
35,43,19,0.86
35,56,19,0.69
35,62,19,0.42
35,65,19,0.24
35,70,19,0.87
35,71,19,0.86
35,77,19,0.56
35,91,19,0.47
35,99,19,0.82
35,15,5,0.8
35,23,5,0.5
35,25,5,0.82
35,35,5,0
35,49,5,0.14
35,50,5,0.2
35,51,5,0.26
35,69,5,0.83
35,71,5,0.55
35,80,5,0.83
35,87,5,0.47
35,88,5,0.5
35,92,5,0.02
35,97,5,0.11
35,5,16,0.35
35,14,16,0.72
35,15,16,0.18
35,16,16,0.12
35,22,16,0.68
35,25,16,0.32
35,33,16,0.45
35,35,16,0
35,47,16,0.6
35,60,16,0.55
35,61,16,0.06
35,78,16,0.52
35,86,16,0.55
35,89,16,0.61
36,1,0,0.76
36,2,0,0.47
36,3,0,0.19
36,6,0,0.96
36,14,0,0.55
36,17,0,0.82
36,19,0,0.59
36,33,0,0.11
36,34,0,0.56
36,36,0,0
36,39,0,0.13
36,45,0,0.36
36,66,0,0.1
36,68,0,0.11
36,74,0,0.49
36,82,0,0.29
36,84,0,0.76
36,85,0,0.57
36,90,0,0.18
36,93,0,0.53
36,4,18,0.27
36,5,18,0.47
36,6,18,0.61
36,12,18,0.82
36,18,18,0.55
36,20,18,1.0
36,21,18,0.37
36,31,18,0.03
36,36,18,0
36,37,18,0.25
36,49,18,0.95
36,58,18,0.84
36,62,18,0.79
36,75,18,0.32
36,77,18,0.34
36,83,18,0.32
36,89,18,0.56
36,97,18,0.08
36,1,14,0.82
36,3,14,0.88
36,7,14,0.54
36,16,14,0.61
36,17,14,0.39
36,19,14,0.18
36,20,14,0.08
36,33,14,0.26
36,36,14,0
36,41,14,0.22
36,42,14,0.24
36,48,14,0.08
36,54,14,0.02
36,88,14,0.2
36,91,14,0.77
36,92,14,0.37
36,93,14,0.81
36,13,13,0.89
36,15,13,0.39
36,16,13,0.84
36,20,13,0.4
36,26,13,0.26
36,36,13,0
36,37,13,0.05
36,40,13,0.67
36,48,13,0.62
36,68,13,0.67
36,80,13,0.91
36,85,13,0.42
36,88,13,0.89
37,13,13,0.47
37,15,13,0.64
37,16,13,0.39
37,20,13,0.81
37,26,13,0.65
37,36,13,0.22
37,37,13,0
37,40,13,0.93
37,48,13,0.08
37,68,13,0.55
37,80,13,0.71
37,85,13,0.29
37,88,13,0.48
37,2,4,0.21
37,9,4,0.98
37,10,4,0.16
37,14,4,0.25
37,16,4,0.86
37,23,4,0.56
37,24,4,0.5
37,37,4,0
37,40,4,0.92
37,43,4,0.98
37,45,4,0.22
37,46,4,0.78
37,50,4,0.18
37,54,4,0.22
37,55,4,0.7
37,57,4,0.2
37,62,4,0.13
37,76,4,0.64
37,78,4,0.83
37,96,4,0.13
37,4,18,0.58
37,5,18,0.31
37,6,18,0.66
37,12,18,0.37
37,18,18,0.0
37,20,18,0.22
37,21,18,0.11
37,31,18,1.0
37,36,18,0.9
37,37,18,0
37,49,18,0.83
37,58,18,0.59
37,62,18,0.34
37,75,18,0.82
37,77,18,0.54
37,83,18,0.25
37,89,18,0.23
37,97,18,0.65
37,0,1,0.91
37,17,1,0.14
37,22,1,0.11
37,23,1,0.22
37,24,1,0.8
37,27,1,0.62
37,37,1,0
37,43,1,0.26
37,47,1,0.65
37,50,1,0.11
37,52,1,0.02
37,53,1,0.93
37,55,1,0.33
37,58,1,0.32
37,76,1,0.68
37,79,1,0.34
37,83,1,0.02
37,90,1,0.35
37,91,1,0.49
37,97,1,0.07
37,98,1,0.1
38,0,11,0.56
38,17,11,0.98
38,19,11,0.29
38,28,11,0.53
38,29,11,0.29
38,30,11,0.51
38,38,11,0
38,54,11,0.97
38,56,11,0.67
38,57,11,0.83
38,67,11,0.48
38,80,11,0.86
38,81,11,0.35
38,82,11,0.18
38,87,11,0.69
38,92,11,0.21
38,21,2,0.06
38,38,2,0
38,40,2,0.01
38,53,2,0.16
38,55,2,0.3
38,56,2,0.07
38,69,2,0.57
38,76,2,0.81
38,77,2,0.44
38,94,2,0.85
38,96,2,0.7
39,3,15,0.55
39,4,15,0.54
39,9,15,0.7
39,11,15,0.5
39,22,15,0.76
39,31,15,0.25
39,39,15,0
39,43,15,0.21
39,44,15,0.05
39,53,15,0.79
39,74,15,0.43
39,81,15,0.74
39,90,15,0.89
39,94,15,0.32
39,99,15,0.68
39,1,0,0.21
39,2,0,0.05
39,3,0,0.78
39,6,0,0.38
39,14,0,0.0
39,17,0,0.43
39,19,0,0.84
39,33,0,0.87
39,34,0,0.64
39,36,0,0.06
39,39,0,0
39,45,0,0.3
39,66,0,0.84
39,68,0,0.82
39,74,0,0.92
39,82,0,0.66
39,84,0,0.41
39,85,0,0.85
39,90,0,0.97
39,93,0,0.9
40,21,2,0.35
40,38,2,0.57
40,40,2,0
40,53,2,0.04
40,55,2,0.85
40,56,2,0.59
40,69,2,0.63
40,76,2,0.86
40,77,2,0.02
40,94,2,0.32
40,96,2,0.69
40,7,8,0.14
40,9,8,0.57
40,25,8,0.33
40,28,8,0.11
40,33,8,0.27
40,40,8,0
40,44,8,0.9
40,57,8,0.79
40,59,8,0.38
40,65,8,0.75
40,67,8,1.0
40,72,8,1.0
40,75,8,0.78
40,84,8,0.97
40,96,8,0.07
40,97,8,0.85
40,13,13,0.18
40,15,13,0.29
40,16,13,0.34
40,20,13,0.59
40,26,13,0.54
40,36,13,0.4
40,37,13,0.95
40,40,13,0
40,48,13,0.62
40,68,13,0.37
40,80,13,0.47
40,85,13,0.47
40,88,13,0.15
40,2,4,0.32
40,9,4,0.57
40,10,4,0.12
40,14,4,0.85
40,16,4,0.65
40,23,4,0.65
40,24,4,0.97
40,37,4,0.98
40,40,4,0
40,43,4,0.66
40,45,4,0.74
40,46,4,0.18
40,50,4,0.99
40,54,4,0.98
40,55,4,0.28
40,57,4,0.76
40,62,4,0.8
40,76,4,0.07
40,78,4,0.6
40,96,4,0.65
41,8,17,0.43
41,11,17,0.5
41,26,17,0.88
41,41,17,0
41,46,17,0.64
41,49,17,0.7
41,59,17,0.84
41,72,17,0.52
41,75,17,0.6
41,86,17,0.79
41,89,17,0.39
41,90,17,0.03
41,95,17,0.92
41,98,17,0.98
41,1,14,0.46
41,3,14,0.21
41,7,14,0.05
41,16,14,0.12
41,17,14,0.24
41,19,14,0.69
41,20,14,0.36
41,33,14,0.32
41,36,14,0.39
41,41,14,0
41,42,14,0.02
41,48,14,0.75
41,54,14,0.94
41,88,14,0.23
41,91,14,0.27
41,92,14,0.34
41,93,14,0.4
41,8,12,0.62
41,32,12,0.72
41,41,12,0
41,50,12,0.68
41,59,12,0.49
41,60,12,0.22
41,63,12,0.56
41,66,12,0.91
42,1,10,0.25
42,2,10,0.48
42,4,10,0.58
42,22,10,0.96
42,26,10,0.44
42,32,10,0.36
42,42,10,0
42,46,10,0.56
42,47,10,0.07
42,52,10,0.73
42,60,10,0.01
42,61,10,0.08
42,64,10,0.09
42,67,10,0.12
42,70,10,0.17
42,78,10,0.63
42,81,10,0.04
42,93,10,0.11
42,1,14,0.89
42,3,14,0.97
42,7,14,0.38
42,16,14,0.12
42,17,14,0.52
42,19,14,0.76
42,20,14,0.37
42,33,14,0.43
42,36,14,0.89
42,41,14,0.6
42,42,14,0
42,48,14,0.27
42,54,14,0.99
42,88,14,0.49
42,91,14,0.21
42,92,14,0.97
42,93,14,0.14
42,10,7,0.91
42,14,7,0.05
42,26,7,0.09
42,34,7,0.75
42,42,7,0
42,55,7,0.7
42,58,7,0.8
42,72,7,0.93
42,73,7,0.37
42,74,7,0.26
42,82,7,0.45
43,0,1,0.84
43,17,1,0.07
43,22,1,0.92
43,23,1,0.83
43,24,1,0.13
43,27,1,0.94
43,37,1,0.56
43,43,1,0
43,47,1,0.95
43,50,1,0.81
43,52,1,0.83
43,53,1,0.46
43,55,1,0.8
43,58,1,0.89
43,76,1,0.05
43,79,1,0.81
43,83,1,0.26
43,90,1,0.26
43,91,1,0.12
43,97,1,0.75
43,98,1,0.62
43,3,15,0.44
43,4,15,0.47
43,9,15,0.79
43,11,15,0.81
43,22,15,0.67
43,31,15,0.46
43,39,15,0.17
43,43,15,0
43,44,15,0.18
43,53,15,0.9
43,74,15,0.76
43,81,15,0.39
43,90,15,0.77
43,94,15,0.82
43,99,15,0.23
43,0,19,0.25
43,4,19,0.36
43,9,19,0.33
43,13,19,0.7
43,27,19,0.68
43,29,19,0.38
43,32,19,0.61
43,35,19,0.65
43,43,19,0
43,56,19,0.8
43,62,19,0.26
43,65,19,0.14
43,70,19,0.52
43,71,19,0.46
43,77,19,0.13
43,91,19,0.84
43,99,19,0.52
43,2,4,0.39
43,9,4,0.86
43,10,4,0.2
43,14,4,0.76
43,16,4,0.05
43,23,4,0.53
43,24,4,0.93
43,37,4,0.45
43,40,4,0.53
43,43,4,0
43,45,4,0.1
43,46,4,0.64
43,50,4,0.38
43,54,4,0.9
43,55,4,0.57
43,57,4,0.18
43,62,4,0.0
43,76,4,1.0
43,78,4,0.55
43,96,4,0.13
44,3,15,0.94
44,4,15,0.47
44,9,15,0.06
44,11,15,0.58
44,22,15,0.16
44,31,15,0.79
44,39,15,0.59
44,43,15,0.03
44,44,15,0
44,53,15,0.02
44,74,15,0.6
44,81,15,0.6
44,90,15,0.81
44,94,15,0.28
44,99,15,0.07
44,7,8,0.17
44,9,8,0.01
44,25,8,0.94
44,28,8,0.22
44,33,8,0.92
44,40,8,0.9
44,44,8,0
44,57,8,0.9
44,59,8,0.49
44,65,8,0.29
44,67,8,0.19
44,72,8,0.46
44,75,8,0.19
44,84,8,0.99
44,96,8,0.1
44,97,8,0.71
44,5,3,0.42
44,12,3,0.46
44,21,3,0.45
44,23,3,0.11
44,44,3,0
44,48,3,0.48
44,51,3,0.06
44,53,3,0.5
44,54,3,0.16
44,59,3,0.8
44,64,3,0.06
44,78,3,0.31
44,79,3,0.97
44,81,3,0.83
44,95,3,0.38
45,2,4,0.05
45,9,4,0.11
45,10,4,0.33
45,14,4,0.02
45,16,4,0.77
45,23,4,0.15
45,24,4,0.87
45,37,4,0.07
45,40,4,0.24
45,43,4,0.59
45,45,4,0
45,46,4,0.03
45,50,4,0.4
45,54,4,0.62
45,55,4,0.65
45,57,4,0.3
45,62,4,0.74
45,76,4,0.68
45,78,4,0.59
45,96,4,0.4
45,1,0,0.23
45,2,0,0.62
45,3,0,0.73
45,6,0,0.14
45,14,0,0.88
45,17,0,0.17
45,19,0,0.33
45,33,0,0.27
45,34,0,0.92
45,36,0,0.72
45,39,0,0.9
45,45,0,0
45,66,0,0.07
45,68,0,0.9
45,74,0,0.55
45,82,0,0.52
45,84,0,0.48
45,85,0,0.13
45,90,0,0.54
45,93,0,0.02
46,2,4,0.48
46,9,4,0.07
46,10,4,0.01
46,14,4,0.22
46,16,4,0.22
46,23,4,0.83
46,24,4,0.15
46,37,4,0.46
46,40,4,0.43
46,43,4,0.49
46,45,4,0.88
46,46,4,0
46,50,4,0.01
46,54,4,0.27
46,55,4,0.43
46,57,4,0.11
46,62,4,0.1
46,76,4,0.75
46,78,4,0.03
46,96,4,0.8
46,8,17,0.78
46,11,17,0.82
46,26,17,0.56
46,41,17,0.15
46,46,17,0
46,49,17,0.56
46,59,17,0.89
46,72,17,0.34
46,75,17,0.95
46,86,17,0.07
46,89,17,0.6
46,90,17,0.18
46,95,17,0.03
46,98,17,0.3
46,1,10,0.96
46,2,10,0.13
46,4,10,0.21
46,22,10,0.87
46,26,10,0.21
46,32,10,0.44
46,42,10,0.91
46,46,10,0
46,47,10,0.21
46,52,10,0.07
46,60,10,0.5
46,61,10,0.28
46,64,10,0.74
46,67,10,0.8
46,70,10,0.66
46,78,10,0.87
46,81,10,0.86
46,93,10,0.45
47,0,1,0.22
47,17,1,0.99
47,22,1,0.98
47,23,1,0.22
47,24,1,0.59
47,27,1,0.95
47,37,1,0.24
47,43,1,0.32
47,47,1,0
47,50,1,0.91
47,52,1,0.02
47,53,1,0.13
47,55,1,0.66
47,58,1,0.35
47,76,1,0.67
47,79,1,0.68
47,83,1,0.04
47,90,1,0.41
47,91,1,0.9
47,97,1,0.91
47,98,1,0.14
47,5,16,0.2
47,14,16,0.95
47,15,16,0.59
47,16,16,0.79
47,22,16,0.33
47,25,16,0.06
47,33,16,0.38
47,35,16,0.62
47,47,16,0
47,60,16,0.68
47,61,16,0.88
47,78,16,0.73
47,86,16,0.82
47,89,16,0.81
47,1,10,0.17
47,2,10,0.52
47,4,10,0.66
47,22,10,0.24
47,26,10,0.83
47,32,10,0.43
47,42,10,0.17
47,46,10,0.2
47,47,10,0
47,52,10,0.44
47,60,10,0.19
47,61,10,0.11
47,64,10,0.26
47,67,10,0.85
47,70,10,0.59
47,78,10,0.25
47,81,10,0.44
47,93,10,0.36
48,13,13,0.09
48,15,13,0.26
48,16,13,0.34
48,20,13,0.02
48,26,13,0.26
48,36,13,0.09
48,37,13,0.12
48,40,13,0.79
48,48,13,0
48,68,13,0.13
48,80,13,0.54
48,85,13,0.15
48,88,13,0.32
48,5,3,0.3
48,12,3,0.49
48,21,3,0.08
48,23,3,0.73
48,44,3,0.38
48,48,3,0
48,51,3,0.78
48,53,3,0.96
48,54,3,0.93
48,59,3,0.35
48,64,3,0.84
48,78,3,0.35
48,79,3,0.49
48,81,3,0.06
48,95,3,0.32
48,1,9,0.5
48,7,9,0.67
48,11,9,0.02
48,18,9,0.57
48,24,9,0.94
48,27,9,0.04
48,32,9,0.1
48,48,9,0
48,49,9,0.85
48,63,9,0.45
48,64,9,0.95
48,66,9,0.63
48,69,9,0.61
48,73,9,0.67
48,75,9,0.04
48,79,9,0.16
48,84,9,0.06
48,91,9,0.16
48,99,9,0.53
48,1,14,0.19
48,3,14,0.54
48,7,14,0.16
48,16,14,0.63
48,17,14,0.47
48,19,14,0.34
48,20,14,0.51
48,33,14,0.57
48,36,14,0.8
48,41,14,0.5
48,42,14,0.38
48,48,14,0
48,54,14,0.3
48,88,14,0.71
48,91,14,0.65
48,92,14,0.38
48,93,14,0.68
49,8,17,0.44
49,11,17,0.8
49,26,17,0.46
49,41,17,0.82
49,46,17,0.67
49,49,17,0
49,59,17,0.01
49,72,17,0.2
49,75,17,0.88
49,86,17,0.75
49,89,17,0.8
49,90,17,0.23
49,95,17,0.94
49,98,17,0.89
49,15,5,0.58
49,23,5,0.85
49,25,5,0.34
49,35,5,0.27
49,49,5,0
49,50,5,0.9
49,51,5,0.84
49,69,5,0.97
49,71,5,0.08
49,80,5,0.88
49,87,5,0.29
49,88,5,1.0
49,92,5,0.41
49,97,5,0.56
49,4,18,0.0
49,5,18,0.62
49,6,18,0.67
49,12,18,0.24
49,18,18,1.0
49,20,18,0.65
49,21,18,0.18
49,31,18,0.15
49,36,18,0.38
49,37,18,0.1
49,49,18,0
49,58,18,0.03
49,62,18,0.75
49,75,18,0.72
49,77,18,0.01
49,83,18,0.87
49,89,18,0.87
49,97,18,0.6
49,1,9,0.62
49,7,9,0.29
49,11,9,0.82
49,18,9,0.9
49,24,9,0.1
49,27,9,0.78
49,32,9,0.61
49,48,9,0.83
49,49,9,0
49,63,9,0.36
49,64,9,0.81
49,66,9,0.43
49,69,9,0.27
49,73,9,0.02
49,75,9,0.91
49,79,9,0.97
49,84,9,0.06
49,91,9,0.34
49,99,9,0.01
50,0,1,0.62
50,17,1,0.61
50,22,1,0.55
50,23,1,0.85
50,24,1,0.72
50,27,1,0.26
50,37,1,0.22
50,43,1,0.3
50,47,1,0.18
50,50,1,0
50,52,1,0.05
50,53,1,0.44
50,55,1,0.87
50,58,1,0.33
50,76,1,0.14
50,79,1,0.64
50,83,1,0.03
50,90,1,0.99
50,91,1,0.56
50,97,1,0.58
50,98,1,0.8
50,8,12,0.73
50,32,12,0.47
50,41,12,0.97
50,50,12,0
50,59,12,0.67
50,60,12,0.72
50,63,12,0.18
50,66,12,0.75
50,2,4,0.55
50,9,4,0.78
50,10,4,0.02
50,14,4,0.91
50,16,4,0.82
50,23,4,0.34
50,24,4,0.71
50,37,4,0.07
50,40,4,0.48
50,43,4,0.88
50,45,4,0.73
50,46,4,0.04
50,50,4,0
50,54,4,0.95
50,55,4,0.7
50,57,4,0.31
50,62,4,0.48
50,76,4,0.76
50,78,4,0.31
50,96,4,0.42
50,15,5,0.56
50,23,5,0.34
50,25,5,0.11
50,35,5,0.4
50,49,5,0.28
50,50,5,0
50,51,5,0.89
50,69,5,0.47
50,71,5,0.39
50,80,5,0.97
50,87,5,0.34
50,88,5,0.53
50,92,5,0.54
50,97,5,0.3
51,5,3,0.89
51,12,3,0.53
51,21,3,0.93
51,23,3,0.71
51,44,3,0.91
51,48,3,0.76
51,51,3,0
51,53,3,0.17
51,54,3,0.43
51,59,3,0.31
51,64,3,0.05
51,78,3,0.26
51,79,3,0.64
51,81,3,0.94
51,95,3,0.84
51,15,5,0.93
51,23,5,0.53
51,25,5,0.22
51,35,5,0.81
51,49,5,0.47
51,50,5,0.94
51,51,5,0
51,69,5,0.22
51,71,5,0.23
51,80,5,0.86
51,87,5,0.39
51,88,5,0.71
51,92,5,0.35
51,97,5,0.37
52,0,1,0.05
52,17,1,0.66
52,22,1,0.59
52,23,1,0.29
52,24,1,0.84
52,27,1,0.25
52,37,1,0.75
52,43,1,0.14
52,47,1,0.88
52,50,1,0.32
52,52,1,0
52,53,1,0.12
52,55,1,0.05
52,58,1,0.88
52,76,1,0.97
52,79,1,0.64
52,83,1,0.28
52,90,1,0.61
52,91,1,0.37
52,97,1,0.65
52,98,1,0.04
52,1,10,0.93
52,2,10,0.27
52,4,10,0.68
52,22,10,0.14
52,26,10,0.91
52,32,10,0.44
52,42,10,0.73
52,46,10,0.09
52,47,10,0.93
52,52,10,0
52,60,10,0.69
52,61,10,0.69
52,64,10,0.92
52,67,10,0.61
52,70,10,0.07
52,78,10,0.06
52,81,10,0.49
52,93,10,0.18
53,21,2,0.58
53,38,2,0.35
53,40,2,0.09
53,53,2,0
53,55,2,0.93
53,56,2,0.4
53,69,2,0.28
53,76,2,0.25
53,77,2,0.52
53,94,2,0.85
53,96,2,0.48
53,0,1,0.67
53,17,1,0.25
53,22,1,0.74
53,23,1,0.33
53,24,1,0.29
53,27,1,0.6
53,37,1,0.24
53,43,1,0.95
53,47,1,0.09
53,50,1,0.53
53,52,1,0.08
53,53,1,0
53,55,1,0.25
53,58,1,0.23
53,76,1,0.95
53,79,1,0.89
53,83,1,0.3
53,90,1,0.5
53,91,1,0.63
53,97,1,0.22
53,98,1,0.93
53,5,3,0.21
53,12,3,0.88
53,21,3,0.85
53,23,3,0.3
53,44,3,0.13
53,48,3,0.4
53,51,3,0.28
53,53,3,0
53,54,3,0.37
53,59,3,0.67
53,64,3,0.98
53,78,3,0.58
53,79,3,0.94
53,81,3,0.72
53,95,3,0.87
53,3,15,0.54
53,4,15,0.04
53,9,15,0.51
53,11,15,0.46
53,22,15,0.81
53,31,15,0.14
53,39,15,0.47
53,43,15,0.29
53,44,15,0.33
53,53,15,0
53,74,15,0.79
53,81,15,0.09
53,90,15,0.91
53,94,15,0.87
53,99,15,0.65
54,1,14,0.02
54,3,14,0.28
54,7,14,0.66
54,16,14,0.59
54,17,14,0.89
54,19,14,0.6
54,20,14,0.94
54,33,14,0.74
54,36,14,0.24
54,41,14,0.91
54,42,14,0.26
54,48,14,0.89
54,54,14,0
54,88,14,0.12
54,91,14,0.85
54,92,14,0.06
54,93,14,0.83
54,5,3,0.64
54,12,3,0.3
54,21,3,0.49
54,23,3,0.46
54,44,3,0.59
54,48,3,0.45
54,51,3,0.31
54,53,3,0.58
54,54,3,0
54,59,3,0.5
54,64,3,0.94
54,78,3,0.0
54,79,3,0.97
54,81,3,0.97
54,95,3,0.54
54,2,4,0.98
54,9,4,0.42
54,10,4,0.93
54,14,4,0.06
54,16,4,0.06
54,23,4,0.84
54,24,4,0.3
54,37,4,0.06
54,40,4,0.22
54,43,4,0.05
54,45,4,0.65
54,46,4,0.12
54,50,4,0.84
54,54,4,0
54,55,4,0.49
54,57,4,0.15
54,62,4,0.55
54,76,4,0.83
54,78,4,0.91
54,96,4,0.04
54,0,11,0.55
54,17,11,0.29
54,19,11,0.3
54,28,11,0.01
54,29,11,0.36
54,30,11,0.31
54,38,11,0.54
54,54,11,0
54,56,11,0.85
54,57,11,0.56
54,67,11,0.66
54,80,11,0.24
54,81,11,0.97
54,82,11,0.62
54,87,11,0.43
54,92,11,0.58
55,2,4,0.49
55,9,4,0.72
55,10,4,0.69
55,14,4,0.31
55,16,4,0.65
55,23,4,0.44
55,24,4,0.88
55,37,4,0.57
55,40,4,0.69
55,43,4,0.95
55,45,4,0.54
55,46,4,0.27
55,50,4,0.45
55,54,4,0.73
55,55,4,0
55,57,4,0.49
55,62,4,0.46
55,76,4,0.55
55,78,4,0.31
55,96,4,0.85
55,10,7,0.27
55,14,7,0.06
55,26,7,0.78
55,34,7,0.25
55,42,7,0.08
55,55,7,0
55,58,7,0.94
55,72,7,0.39
55,73,7,0.14
55,74,7,0.97
55,82,7,0.39
55,0,1,0.89
55,17,1,0.66
55,22,1,0.26
55,23,1,0.01
55,24,1,0.54
55,27,1,0.48
55,37,1,0.61
55,43,1,0.44
55,47,1,0.54
55,50,1,0.72
55,52,1,0.34
55,53,1,0.19
55,55,1,0
55,58,1,0.71
55,76,1,0.28
55,79,1,0.44
55,83,1,0.37
55,90,1,0.28
55,91,1,0.85
55,97,1,0.26
55,98,1,0.31
55,21,2,0.1
55,38,2,0.16
55,40,2,0.33
55,53,2,0.4
55,55,2,0
55,56,2,0.63
55,69,2,0.54
55,76,2,0.93
55,77,2,0.48
55,94,2,0.38
55,96,2,0.69
56,0,11,0.41
56,17,11,0.79
56,19,11,0.82
56,28,11,0.63
56,29,11,0.95
56,30,11,0.49
56,38,11,0.66
56,54,11,0.8
56,56,11,0
56,57,11,0.81
56,67,11,0.53
56,80,11,0.92
56,81,11,0.01
56,82,11,0.65
56,87,11,0.35
56,92,11,0.58
56,0,6,0.57
56,10,6,0.69
56,11,6,0.01
56,15,6,0.82
56,21,6,0.7
56,27,6,0.61
56,30,6,0.13
56,56,6,0
56,64,6,0.49
56,66,6,0.54
56,69,6,0.91
56,21,2,0.45
56,38,2,0.25
56,40,2,0.48
56,53,2,0.41
56,55,2,0.0
56,56,2,0
56,69,2,0.19
56,76,2,0.5
56,77,2,0.26
56,94,2,0.01
56,96,2,0.21
56,0,19,0.74
56,4,19,0.14
56,9,19,0.35
56,13,19,0.38
56,27,19,0.75
56,29,19,0.72
56,32,19,0.21
56,35,19,0.45
56,43,19,0.61
56,56,19,0
56,62,19,0.89
56,65,19,0.32
56,70,19,0.65
56,71,19,0.51
56,77,19,0.15
56,91,19,0.83
56,99,19,0.45
57,0,11,0.26
57,17,11,0.39
57,19,11,0.85
57,28,11,0.89
57,29,11,0.28
57,30,11,0.76
57,38,11,0.07
57,54,11,0.53
57,56,11,0.1
57,57,11,0
57,67,11,0.73
57,80,11,0.35
57,81,11,0.54
57,82,11,0.19
57,87,11,0.29
57,92,11,0.39
57,7,8,0.36
57,9,8,0.77
57,25,8,0.57
57,28,8,0.58
57,33,8,0.29
57,40,8,0.69
57,44,8,0.27
57,57,8,0
57,59,8,0.66
57,65,8,0.06
57,67,8,0.95
57,72,8,0.82
57,75,8,0.48
57,84,8,0.18
57,96,8,0.96
57,97,8,0.72
57,2,4,0.53
57,9,4,0.92
57,10,4,0.93
57,14,4,0.15
57,16,4,0.21
57,23,4,0.87
57,24,4,0.68
57,37,4,0.73
57,40,4,0.5
57,43,4,0.95
57,45,4,0.82
57,46,4,0.36
57,50,4,0.13
57,54,4,0.34
57,55,4,1.0
57,57,4,0
57,62,4,0.72
57,76,4,0.98
57,78,4,0.22
57,96,4,0.84
58,4,18,0.02
58,5,18,0.83
58,6,18,0.63
58,12,18,0.41
58,18,18,0.71
58,20,18,0.17
58,21,18,0.96
58,31,18,0.12
58,36,18,0.97
58,37,18,0.02
58,49,18,0.31
58,58,18,0
58,62,18,0.08
58,75,18,0.48
58,77,18,0.84
58,83,18,0.39
58,89,18,0.43
58,97,18,0.84
58,10,7,0.99
58,14,7,0.49
58,26,7,0.38
58,34,7,0.36
58,42,7,0.31
58,55,7,0.47
58,58,7,0
58,72,7,0.39
58,73,7,0.39
58,74,7,0.3
58,82,7,0.12
58,0,1,0.51
58,17,1,0.6
58,22,1,0.01
58,23,1,0.64
58,24,1,0.08
58,27,1,0.54
58,37,1,0.82
58,43,1,0.38
58,47,1,0.14
58,50,1,0.93
58,52,1,0.5
58,53,1,0.38
58,55,1,0.71
58,58,1,0
58,76,1,0.34
58,79,1,0.4
58,83,1,0.46
58,90,1,0.04
58,91,1,0.16
58,97,1,0.4
58,98,1,0.16
59,7,8,0.49
59,9,8,0.7
59,25,8,0.93
59,28,8,0.13
59,33,8,0.65
59,40,8,0.18
59,44,8,0.9
59,57,8,0.19
59,59,8,0
59,65,8,0.91
59,67,8,0.11
59,72,8,0.24
59,75,8,0.9
59,84,8,0.63
59,96,8,0.22
59,97,8,0.0
59,8,12,0.57
59,32,12,0.2
59,41,12,0.36
59,50,12,0.26
59,59,12,0
59,60,12,0.81
59,63,12,0.55
59,66,12,0.55
59,5,3,0.45
59,12,3,0.42
59,21,3,0.66
59,23,3,0.49
59,44,3,0.42
59,48,3,0.56
59,51,3,0.21
59,53,3,0.14
59,54,3,0.08
59,59,3,0
59,64,3,0.22
59,78,3,0.25
59,79,3,0.85
59,81,3,0.64
59,95,3,0.51
59,8,17,0.1
59,11,17,0.69
59,26,17,0.32
59,41,17,0.56
59,46,17,0.98
59,49,17,0.61
59,59,17,0
59,72,17,0.61
59,75,17,0.17
59,86,17,0.59
59,89,17,0.58
59,90,17,0.32
59,95,17,0.04
59,98,17,0.63
60,8,12,0.44
60,32,12,0.93
60,41,12,0.56
60,50,12,0.86
60,59,12,0.0
60,60,12,0
60,63,12,0.91
60,66,12,0.77
60,5,16,0.49
60,14,16,0.6
60,15,16,0.9
60,16,16,0.03
60,22,16,0.62
60,25,16,0.35
60,33,16,0.68
60,35,16,0.32
60,47,16,0.4
60,60,16,0
60,61,16,0.29
60,78,16,0.78
60,86,16,0.4
60,89,16,0.26
60,1,10,0.08
60,2,10,0.93
60,4,10,0.81
60,22,10,0.62
60,26,10,0.88
60,32,10,0.95
60,42,10,0.8
60,46,10,0.47
60,47,10,0.9
60,52,10,0.18
60,60,10,0
60,61,10,0.81
60,64,10,0.98
60,67,10,0.53
60,70,10,0.48
60,78,10,0.74
60,81,10,0.31
60,93,10,0.92
61,5,16,0.28
61,14,16,0.98
61,15,16,0.69
61,16,16,0.56
61,22,16,0.62
61,25,16,0.65
61,33,16,0.73
61,35,16,0.46
61,47,16,0.24
61,60,16,0.07
61,61,16,0
61,78,16,0.76
61,86,16,0.98
61,89,16,0.07
61,1,10,0.1
61,2,10,0.76
61,4,10,0.86
61,22,10,0.88
61,26,10,0.32
61,32,10,0.93
61,42,10,0.48
61,46,10,0.81
61,47,10,0.38
61,52,10,0.03
61,60,10,0.83
61,61,10,0
61,64,10,0.21
61,67,10,0.27
61,70,10,0.17
61,78,10,0.77
61,81,10,0.71
61,93,10,0.01
62,4,18,0.27
62,5,18,0.89
62,6,18,0.02
62,12,18,0.46
62,18,18,0.15
62,20,18,0.18
62,21,18,0.28
62,31,18,0.68
62,36,18,0.43
62,37,18,0.77
62,49,18,0.17
62,58,18,0.67
62,62,18,0
62,75,18,0.78
62,77,18,0.79
62,83,18,0.28
62,89,18,0.91
62,97,18,0.36
62,0,19,0.48
62,4,19,0.39
62,9,19,0.83
62,13,19,0.43
62,27,19,0.83
62,29,19,0.09
62,32,19,0.47
62,35,19,0.63
62,43,19,0.66
62,56,19,0.9
62,62,19,0
62,65,19,0.88
62,70,19,0.73
62,71,19,0.7
62,77,19,0.96
62,91,19,0.25
62,99,19,0.66
62,2,4,0.29
62,9,4,0.29
62,10,4,0.41
62,14,4,0.31
62,16,4,0.56
62,23,4,0.48
62,24,4,0.46
62,37,4,0.24
62,40,4,0.12
62,43,4,0.8
62,45,4,0.85
62,46,4,0.66
62,50,4,0.92
62,54,4,0.2
62,55,4,0.32
62,57,4,0.3
62,62,4,0
62,76,4,0.89
62,78,4,0.38
62,96,4,0.23
63,1,9,0.63
63,7,9,0.52
63,11,9,0.2
63,18,9,0.59
63,24,9,0.02
63,27,9,0.54
63,32,9,0.86
63,48,9,0.25
63,49,9,0.82
63,63,9,0
63,64,9,0.29
63,66,9,0.36
63,69,9,0.42
63,73,9,0.09
63,75,9,0.12
63,79,9,0.21
63,84,9,0.82
63,91,9,0.37
63,99,9,0.15
63,8,12,0.73
63,32,12,0.36
63,41,12,0.01
63,50,12,0.53
63,59,12,0.89
63,60,12,0.91
63,63,12,0
63,66,12,0.89
64,5,3,0.25
64,12,3,0.15
64,21,3,0.7
64,23,3,0.17
64,44,3,0.25
64,48,3,0.89
64,51,3,0.15
64,53,3,0.26
64,54,3,0.31
64,59,3,0.33
64,64,3,0
64,78,3,0.82
64,79,3,0.46
64,81,3,0.35
64,95,3,0.82
64,1,10,0.83
64,2,10,0.53
64,4,10,0.48
64,22,10,0.14
64,26,10,0.19
64,32,10,0.76
64,42,10,0.42
64,46,10,0.03
64,47,10,0.41
64,52,10,0.85
64,60,10,0.45
64,61,10,0.28
64,64,10,0
64,67,10,0.51
64,70,10,0.86
64,78,10,0.61
64,81,10,0.79
64,93,10,0.24
64,0,6,0.04
64,10,6,0.79
64,11,6,0.79
64,15,6,0.23
64,21,6,0.02
64,27,6,0.86
64,30,6,0.4
64,56,6,0.54
64,64,6,0
64,66,6,0.19
64,69,6,0.05
64,1,9,0.73
64,7,9,0.44
64,11,9,0.73
64,18,9,0.55
64,24,9,0.58
64,27,9,0.38
64,32,9,0.56
64,48,9,0.53
64,49,9,0.79
64,63,9,0.9
64,64,9,0
64,66,9,0.27
64,69,9,0.63
64,73,9,0.05
64,75,9,0.98
64,79,9,0.26
64,84,9,0.62
64,91,9,0.37
64,99,9,0.64
65,0,19,0.88
65,4,19,0.05
65,9,19,0.48
65,13,19,0.33
65,27,19,0.11
65,29,19,0.16
65,32,19,0.07
65,35,19,0.24
65,43,19,0.76
65,56,19,0.6
65,62,19,0.75
65,65,19,0
65,70,19,0.8
65,71,19,0.75
65,77,19,0.56
65,91,19,0.05
65,99,19,0.36
65,7,8,0.92
65,9,8,0.86
65,25,8,0.65
65,28,8,0.42
65,33,8,0.31
65,40,8,0.67
65,44,8,0.35
65,57,8,0.28
65,59,8,0.7
65,65,8,0
65,67,8,0.8
65,72,8,0.67
65,75,8,0.67
65,84,8,0.85
65,96,8,0.09
65,97,8,0.78
66,1,9,0.98
66,7,9,0.32
66,11,9,0.4
66,18,9,0.99
66,24,9,0.69
66,27,9,0.73
66,32,9,0.36
66,48,9,0.64
66,49,9,0.07
66,63,9,0.35
66,64,9,0.46
66,66,9,0
66,69,9,0.34
66,73,9,0.06
66,75,9,0.1
66,79,9,0.58
66,84,9,0.08
66,91,9,0.87
66,99,9,0.86
66,0,6,0.06
66,10,6,0.18
66,11,6,0.43
66,15,6,0.41
66,21,6,0.27
66,27,6,0.78
66,30,6,0.13
66,56,6,0.89
66,64,6,0.0
66,66,6,0
66,69,6,0.44
66,8,12,0.99
66,32,12,0.39
66,41,12,0.15
66,50,12,0.58
66,59,12,0.67
66,60,12,0.87
66,63,12,0.18
66,66,12,0
66,1,0,0.87
66,2,0,0.89
66,3,0,0.77
66,6,0,0.14
66,14,0,0.52
66,17,0,0.05
66,19,0,0.52
66,33,0,0.02
66,34,0,0.68
66,36,0,0.43
66,39,0,0.44
66,45,0,0.08
66,66,0,0
66,68,0,0.92
66,74,0,0.38
66,82,0,0.78
66,84,0,0.21
66,85,0,0.76
66,90,0,0.88
66,93,0,0.32
67,1,10,0.3
67,2,10,1.0
67,4,10,0.7
67,22,10,0.46
67,26,10,0.46
67,32,10,0.89
67,42,10,0.82
67,46,10,0.97
67,47,10,0.05
67,52,10,0.2
67,60,10,0.56
67,61,10,0.65
67,64,10,0.53
67,67,10,0
67,70,10,0.45
67,78,10,0.34
67,81,10,0.11
67,93,10,0.51
67,0,11,0.49
67,17,11,0.02
67,19,11,0.16
67,28,11,0.43
67,29,11,0.85
67,30,11,0.88
67,38,11,0.39
67,54,11,0.28
67,56,11,0.61
67,57,11,0.89
67,67,11,0
67,80,11,0.4
67,81,11,0.76
67,82,11,0.24
67,87,11,0.25
67,92,11,0.61
67,7,8,0.22
67,9,8,0.38
67,25,8,0.15
67,28,8,0.56
67,33,8,0.87
67,40,8,0.65
67,44,8,0.57
67,57,8,0.17
67,59,8,0.94
67,65,8,0.69
67,67,8,0
67,72,8,0.51
67,75,8,0.53
67,84,8,0.34
67,96,8,0.82
67,97,8,0.61
68,13,13,0.22
68,15,13,0.02
68,16,13,0.29
68,20,13,0.45
68,26,13,0.57
68,36,13,0.92
68,37,13,0.7
68,40,13,0.69
68,48,13,0.88
68,68,13,0
68,80,13,0.47
68,85,13,0.31
68,88,13,0.6
68,1,0,0.98
68,2,0,0.76
68,3,0,0.41
68,6,0,0.69
68,14,0,0.39
68,17,0,0.45
68,19,0,0.58
68,33,0,0.31
68,34,0,0.88
68,36,0,0.11
68,39,0,0.24
68,45,0,0.22
68,66,0,0.39
68,68,0,0
68,74,0,0.72
68,82,0,0.34
68,84,0,0.16
68,85,0,0.43
68,90,0,0.47
68,93,0,0.11
69,15,5,0.76
69,23,5,0.75
69,25,5,0.48
69,35,5,0.84
69,49,5,0.04
69,50,5,0.14
69,51,5,0.72
69,69,5,0
69,71,5,0.98
69,80,5,0.89
69,87,5,0.51
69,88,5,0.28
69,92,5,0.82
69,97,5,0.79
69,1,9,0.18
69,7,9,0.04
69,11,9,0.04
69,18,9,0.81
69,24,9,0.86
69,27,9,0.49
69,32,9,0.7
69,48,9,0.22
69,49,9,0.36
69,63,9,0.64
69,64,9,0.88
69,66,9,0.15
69,69,9,0
69,73,9,0.38
69,75,9,0.9
69,79,9,0.21
69,84,9,0.79
69,91,9,0.86
69,99,9,0.08
69,0,6,0.0
69,10,6,0.1
69,11,6,0.45
69,15,6,0.96
69,21,6,0.3
69,27,6,0.67
69,30,6,0.02
69,56,6,0.98
69,64,6,0.56
69,66,6,0.6
69,69,6,0
69,21,2,0.14
69,38,2,0.59
69,40,2,0.31
69,53,2,0.97
69,55,2,0.59
69,56,2,0.92
69,69,2,0
69,76,2,0.85
69,77,2,0.49
69,94,2,0.14
69,96,2,0.27
70,0,19,0.39
70,4,19,0.47
70,9,19,0.82
70,13,19,0.42
70,27,19,0.86
70,29,19,0.98
70,32,19,0.21
70,35,19,0.08
70,43,19,0.3
70,56,19,0.57
70,62,19,0.86
70,65,19,0.94
70,70,19,0
70,71,19,0.5
70,77,19,0.24
70,91,19,0.23
70,99,19,0.46
70,1,10,0.71
70,2,10,0.78
70,4,10,0.01
70,22,10,0.18
70,26,10,0.73
70,32,10,0.37
70,42,10,0.13
70,46,10,0.11
70,47,10,0.15
70,52,10,0.21
70,60,10,0.4
70,61,10,0.65
70,64,10,0.31
70,67,10,0.87
70,70,10,0
70,78,10,0.13
70,81,10,0.75
70,93,10,0.93
71,0,19,0.45
71,4,19,0.3
71,9,19,0.66
71,13,19,0.83
71,27,19,0.31
71,29,19,0.6
71,32,19,0.1
71,35,19,0.04
71,43,19,0.86
71,56,19,0.02
71,62,19,0.45
71,65,19,0.98
71,70,19,0.18
71,71,19,0
71,77,19,0.67
71,91,19,0.89
71,99,19,0.97
71,15,5,0.86
71,23,5,0.25
71,25,5,0.51
71,35,5,0.67
71,49,5,0.04
71,50,5,0.49
71,51,5,0.27
71,69,5,0.9
71,71,5,0
71,80,5,0.41
71,87,5,0.48
71,88,5,0.53
71,92,5,0.32
71,97,5,0.08
72,10,7,0.22
72,14,7,0.51
72,26,7,0.63
72,34,7,0.82
72,42,7,0.34
72,55,7,0.61
72,58,7,0.33
72,72,7,0
72,73,7,0.2
72,74,7,0.18
72,82,7,0.37
72,7,8,0.79
72,9,8,0.89
72,25,8,0.28
72,28,8,0.58
72,33,8,0.18
72,40,8,0.92
72,44,8,0.58
72,57,8,0.9
72,59,8,0.76
72,65,8,0.03
72,67,8,0.16
72,72,8,0
72,75,8,0.96
72,84,8,0.74
72,96,8,0.37
72,97,8,0.49
72,8,17,0.69
72,11,17,0.29
72,26,17,0.8
72,41,17,0.45
72,46,17,0.84
72,49,17,0.63
72,59,17,0.08
72,72,17,0
72,75,17,0.89
72,86,17,0.83
72,89,17,0.37
72,90,17,0.16
72,95,17,0.93
72,98,17,0.08
73,1,9,0.79
73,7,9,0.26
73,11,9,0.39
73,18,9,0.62
73,24,9,0.22
73,27,9,0.9
73,32,9,0.71
73,48,9,0.8
73,49,9,0.3
73,63,9,0.28
73,64,9,0.62
73,66,9,0.51
73,69,9,0.2
73,73,9,0
73,75,9,0.45
73,79,9,0.68
73,84,9,0.05
73,91,9,0.82
73,99,9,0.14
73,10,7,0.26
73,14,7,0.6
73,26,7,0.4
73,34,7,0.99
73,42,7,0.72
73,55,7,0.46
73,58,7,0.76
73,72,7,0.11
73,73,7,0
73,74,7,0.95
73,82,7,0.91
74,10,7,0.69
74,14,7,0.96
74,26,7,0.72
74,34,7,0.4
74,42,7,0.47
74,55,7,0.95
74,58,7,0.28
74,72,7,0.74
74,73,7,0.71
74,74,7,0
74,82,7,0.32
74,1,0,0.16
74,2,0,0.1
74,3,0,0.61
74,6,0,0.96
74,14,0,0.52
74,17,0,0.61
74,19,0,0.22
74,33,0,0.05
74,34,0,0.12
74,36,0,0.85
74,39,0,0.9
74,45,0,0.05
74,66,0,0.68
74,68,0,0.58
74,74,0,0
74,82,0,0.28
74,84,0,0.82
74,85,0,0.0
74,90,0,0.26
74,93,0,0.31
74,3,15,0.21
74,4,15,0.75
74,9,15,0.16
74,11,15,0.79
74,22,15,0.43
74,31,15,0.85
74,39,15,0.53
74,43,15,0.83
74,44,15,0.8
74,53,15,0.54
74,74,15,0
74,81,15,0.41
74,90,15,0.06
74,94,15,0.52
74,99,15,0.58
75,4,18,0.51
75,5,18,0.99
75,6,18,0.04
75,12,18,0.29
75,18,18,0.77
75,20,18,0.97
75,21,18,0.69
75,31,18,0.43
75,36,18,0.96
75,37,18,0.35
75,49,18,0.83
75,58,18,0.9
75,62,18,0.35
75,75,18,0
75,77,18,0.01
75,83,18,0.73
75,89,18,0.01
75,97,18,0.82
75,1,9,0.21
75,7,9,0.43
75,11,9,0.86
75,18,9,0.17
75,24,9,0.28
75,27,9,0.53
75,32,9,0.86
75,48,9,0.45
75,49,9,0.43
75,63,9,0.57
75,64,9,0.49
75,66,9,0.3
75,69,9,0.97
75,73,9,0.12
75,75,9,0
75,79,9,0.53
75,84,9,0.61
75,91,9,0.66
75,99,9,0.92
75,8,17,0.11
75,11,17,0.89
75,26,17,0.52
75,41,17,0.72
75,46,17,0.58
75,49,17,0.65
75,59,17,0.95
75,72,17,0.67
75,75,17,0
75,86,17,0.54
75,89,17,0.26
75,90,17,0.2
75,95,17,0.57
75,98,17,0.98
75,7,8,0.15
75,9,8,0.94
75,25,8,0.25
75,28,8,0.59
75,33,8,0.83
75,40,8,0.97
75,44,8,0.21
75,57,8,0.03
75,59,8,0.29
75,65,8,0.04
75,67,8,0.93
75,72,8,0.63
75,75,8,0
75,84,8,0.41
75,96,8,0.62
75,97,8,0.99
76,2,4,0.5
76,9,4,0.76
76,10,4,0.97
76,14,4,0.94
76,16,4,0.9
76,23,4,0.31
76,24,4,0.92
76,37,4,0.02
76,40,4,0.42
76,43,4,0.75
76,45,4,0.31
76,46,4,0.77
76,50,4,0.63
76,54,4,0.56
76,55,4,0.41
76,57,4,0.43
76,62,4,0.18
76,76,4,0
76,78,4,0.51
76,96,4,0.24
76,0,1,0.18
76,17,1,0.45
76,22,1,0.83
76,23,1,0.04
76,24,1,0.75
76,27,1,0.15
76,37,1,0.52
76,43,1,0.07
76,47,1,0.15
76,50,1,0.48
76,52,1,0.86
76,53,1,0.79
76,55,1,0.36
76,58,1,0.69
76,76,1,0
76,79,1,0.95
76,83,1,0.08
76,90,1,0.63
76,91,1,0.26
76,97,1,0.67
76,98,1,0.43
76,21,2,0.58
76,38,2,0.32
76,40,2,0.13
76,53,2,0.32
76,55,2,0.06
76,56,2,0.25
76,69,2,0.3
76,76,2,0
76,77,2,0.63
76,94,2,0.13
76,96,2,0.64
77,21,2,0.06
77,38,2,0.41
77,40,2,0.87
77,53,2,0.53
77,55,2,0.14
77,56,2,0.72
77,69,2,0.28
77,76,2,0.24
77,77,2,0
77,94,2,0.11
77,96,2,0.36
77,0,19,0.89
77,4,19,0.65
77,9,19,0.82
77,13,19,0.4
77,27,19,0.83
77,29,19,0.55
77,32,19,0.07
77,35,19,0.75
77,43,19,0.53
77,56,19,0.97
77,62,19,0.68
77,65,19,0.76
77,70,19,0.91
77,71,19,0.54
77,77,19,0
77,91,19,0.42
77,99,19,0.08
77,4,18,0.94
77,5,18,0.51
77,6,18,0.63
77,12,18,0.77
77,18,18,0.77
77,20,18,0.99
77,21,18,0.8
77,31,18,0.98
77,36,18,0.08
77,37,18,0.79
77,49,18,0.56
77,58,18,0.61
77,62,18,0.88
77,75,18,0.76
77,77,18,0
77,83,18,0.24
77,89,18,0.61
77,97,18,0.73
78,1,10,0.68
78,2,10,0.33
78,4,10,0.55
78,22,10,0.86
78,26,10,0.95
78,32,10,0.79
78,42,10,0.52
78,46,10,0.07
78,47,10,0.12
78,52,10,0.37
78,60,10,0.34
78,61,10,0.96
78,64,10,0.38
78,67,10,0.98
78,70,10,0.7
78,78,10,0
78,81,10,0.94
78,93,10,0.23
78,5,16,0.48
78,14,16,0.61
78,15,16,0.37
78,16,16,0.71
78,22,16,0.3
78,25,16,0.18
78,33,16,0.15
78,35,16,0.57
78,47,16,0.49
78,60,16,0.87
78,61,16,0.3
78,78,16,0
78,86,16,0.73
78,89,16,0.34
78,2,4,0.07
78,9,4,0.52
78,10,4,0.88
78,14,4,0.41
78,16,4,0.88
78,23,4,0.74
78,24,4,0.41
78,37,4,0.91
78,40,4,0.1
78,43,4,0.33
78,45,4,0.14
78,46,4,0.74
78,50,4,0.44
78,54,4,0.51
78,55,4,0.94
78,57,4,0.91
78,62,4,0.51
78,76,4,0.97
78,78,4,0
78,96,4,0.09
78,5,3,0.18
78,12,3,0.21
78,21,3,0.82
78,23,3,0.21
78,44,3,0.75
78,48,3,0.26
78,51,3,0.92
78,53,3,0.52
78,54,3,0.26
78,59,3,0.26
78,64,3,0.63
78,78,3,0
78,79,3,0.79
78,81,3,0.12
78,95,3,0.71
79,1,9,0.99
79,7,9,0.8
79,11,9,0.68
79,18,9,0.75
79,24,9,0.44
79,27,9,0.42
79,32,9,0.95
79,48,9,0.19
79,49,9,0.13
79,63,9,0.22
79,64,9,0.39
79,66,9,0.33
79,69,9,0.08
79,73,9,0.62
79,75,9,0.02
79,79,9,0
79,84,9,0.81
79,91,9,0.77
79,99,9,0.23
79,0,1,0.6
79,17,1,0.05
79,22,1,0.29
79,23,1,0.41
79,24,1,0.93
79,27,1,0.32
79,37,1,0.89
79,43,1,0.88
79,47,1,0.96
79,50,1,0.72
79,52,1,0.45
79,53,1,0.48
79,55,1,0.45
79,58,1,0.02
79,76,1,0.83
79,79,1,0
79,83,1,0.51
79,90,1,0.5
79,91,1,0.77
79,97,1,0.05
79,98,1,0.03
79,5,3,0.5
79,12,3,0.11
79,21,3,0.58
79,23,3,0.72
79,44,3,0.9
79,48,3,0.03
79,51,3,0.96
79,53,3,0.66
79,54,3,0.45
79,59,3,0.5
79,64,3,0.48
79,78,3,0.88
79,79,3,0
79,81,3,0.1
79,95,3,0.29
80,15,5,0.64
80,23,5,0.76
80,25,5,0.86
80,35,5,0.43
80,49,5,0.47
80,50,5,0.64
80,51,5,0.85
80,69,5,0.62
80,71,5,0.11
80,80,5,0
80,87,5,0.51
80,88,5,0.1
80,92,5,0.62
80,97,5,0.51
80,13,13,0.22
80,15,13,0.29
80,16,13,0.56
80,20,13,0.13
80,26,13,0.76
80,36,13,0.69
80,37,13,0.5
80,40,13,0.51
80,48,13,0.28
80,68,13,0.34
80,80,13,0
80,85,13,0.63
80,88,13,0.54
80,0,11,0.58
80,17,11,0.62
80,19,11,0.41
80,28,11,0.21
80,29,11,0.86
80,30,11,0.2
80,38,11,0.06
80,54,11,0.04
80,56,11,0.34
80,57,11,0.44
80,67,11,0.19
80,80,11,0
80,81,11,0.51
80,82,11,0.75
80,87,11,0.78
80,92,11,0.16
81,3,15,0.03
81,4,15,0.39
81,9,15,0.15
81,11,15,0.55
81,22,15,0.61
81,31,15,0.77
81,39,15,0.18
81,43,15,0.36
81,44,15,0.46
81,53,15,0.09
81,74,15,0.61
81,81,15,0
81,90,15,0.12
81,94,15,1.0
81,99,15,0.4
81,5,3,0.03
81,12,3,0.83
81,21,3,0.67
81,23,3,0.43
81,44,3,0.46
81,48,3,0.59
81,51,3,0.56
81,53,3,0.47
81,54,3,0.97
81,59,3,0.19
81,64,3,0.56
81,78,3,0.99
81,79,3,0.13
81,81,3,0
81,95,3,0.76
81,0,11,0.14
81,17,11,0.78
81,19,11,0.26
81,28,11,0.49
81,29,11,0.03
81,30,11,0.96
81,38,11,0.61
81,54,11,0.94
81,56,11,0.98
81,57,11,0.14
81,67,11,0.17
81,80,11,0.84
81,81,11,0
81,82,11,0.61
81,87,11,0.41
81,92,11,0.35
81,1,10,0.53
81,2,10,0.34
81,4,10,0.23
81,22,10,0.8
81,26,10,0.48
81,32,10,0.14
81,42,10,0.97
81,46,10,0.53
81,47,10,0.91
81,52,10,0.59
81,60,10,0.43
81,61,10,0.29
81,64,10,0.88
81,67,10,0.73
81,70,10,0.78
81,78,10,0.68
81,81,10,0
81,93,10,0.28
82,1,0,0.18
82,2,0,0.53
82,3,0,0.99
82,6,0,0.78
82,14,0,0.83
82,17,0,0.06
82,19,0,0.57
82,33,0,0.83
82,34,0,0.2
82,36,0,0.58
82,39,0,0.71
82,45,0,0.63
82,66,0,0.43
82,68,0,0.81
82,74,0,0.64
82,82,0,0
82,84,0,0.93
82,85,0,0.47
82,90,0,0.92
82,93,0,0.09
82,0,11,0.84
82,17,11,0.27
82,19,11,0.59
82,28,11,0.48
82,29,11,0.85
82,30,11,0.76
82,38,11,0.9
82,54,11,0.07
82,56,11,0.28
82,57,11,0.34
82,67,11,0.46
82,80,11,0.93
82,81,11,0.79
82,82,11,0
82,87,11,0.27
82,92,11,0.87
82,10,7,0.2
82,14,7,0.77
82,26,7,0.78
82,34,7,0.44
82,42,7,0.17
82,55,7,0.66
82,58,7,0.42
82,72,7,0.65
82,73,7,0.17
82,74,7,0.28
82,82,7,0
83,4,18,0.28
83,5,18,0.61
83,6,18,0.76
83,12,18,0.02
83,18,18,0.69
83,20,18,0.53
83,21,18,0.53
83,31,18,0.8
83,36,18,0.64
83,37,18,0.04
83,49,18,0.48
83,58,18,0.95
83,62,18,0.23
83,75,18,0.69
83,77,18,0.51
83,83,18,0
83,89,18,0.14
83,97,18,0.47
83,0,1,0.86
83,17,1,0.23
83,22,1,0.1
83,23,1,0.09
83,24,1,0.35
83,27,1,0.1
83,37,1,0.77
83,43,1,0.3
83,47,1,0.15
83,50,1,0.97
83,52,1,0.96
83,53,1,0.81
83,55,1,0.32
83,58,1,0.62
83,76,1,0.48
83,79,1,1.0
83,83,1,0
83,90,1,0.23
83,91,1,0.26
83,97,1,0.68
83,98,1,0.67
84,7,8,0.92
84,9,8,0.58
84,25,8,0.51
84,28,8,0.51
84,33,8,0.23
84,40,8,0.92
84,44,8,0.87
84,57,8,0.12
84,59,8,0.61
84,65,8,0.85
84,67,8,0.37
84,72,8,0.08
84,75,8,0.37
84,84,8,0
84,96,8,0.85
84,97,8,0.0
84,1,9,0.17
84,7,9,0.94
84,11,9,0.24
84,18,9,0.61
84,24,9,0.82
84,27,9,0.22
84,32,9,0.55
84,48,9,0.32
84,49,9,0.56
84,63,9,0.56
84,64,9,0.17
84,66,9,0.68
84,69,9,0.76
84,73,9,0.94
84,75,9,0.84
84,79,9,0.72
84,84,9,0
84,91,9,0.63
84,99,9,0.36
84,1,0,0.41
84,2,0,0.17
84,3,0,0.25
84,6,0,0.67
84,14,0,0.19
84,17,0,0.07
84,19,0,0.22
84,33,0,0.2
84,34,0,0.01
84,36,0,0.42
84,39,0,0.79
84,45,0,0.45
84,66,0,0.65
84,68,0,0.5
84,74,0,0.02
84,82,0,0.77
84,84,0,0
84,85,0,0.23
84,90,0,0.78
84,93,0,0.2
85,13,13,0.56
85,15,13,0.28
85,16,13,0.26
85,20,13,0.04
85,26,13,0.89
85,36,13,0.81
85,37,13,0.58
85,40,13,0.66
85,48,13,0.44
85,68,13,0.46
85,80,13,0.73
85,85,13,0
85,88,13,0.72
85,1,0,0.4
85,2,0,0.73
85,3,0,0.18
85,6,0,0.11
85,14,0,0.2
85,17,0,0.73
85,19,0,0.5
85,33,0,0.35
85,34,0,0.86
85,36,0,0.44
85,39,0,0.4
85,45,0,0.89
85,66,0,0.33
85,68,0,0.43
85,74,0,0.81
85,82,0,0.91
85,84,0,0.18
85,85,0,0
85,90,0,0.37
85,93,0,0.29
86,5,16,0.2
86,14,16,0.31
86,15,16,0.35
86,16,16,0.14
86,22,16,0.38
86,25,16,0.05
86,33,16,0.98
86,35,16,0.54
86,47,16,0.78
86,60,16,0.06
86,61,16,0.75
86,78,16,0.2
86,86,16,0
86,89,16,0.07
86,8,17,0.34
86,11,17,0.48
86,26,17,0.62
86,41,17,0.9
86,46,17,0.15
86,49,17,0.87
86,59,17,0.88
86,72,17,0.35
86,75,17,0.06
86,86,17,0
86,89,17,0.25
86,90,17,0.51
86,95,17,0.08
86,98,17,0.72
87,15,5,0.53
87,23,5,0.66
87,25,5,0.56
87,35,5,0.28
87,49,5,0.34
87,50,5,0.11
87,51,5,0.41
87,69,5,0.11
87,71,5,0.39
87,80,5,0.94
87,87,5,0
87,88,5,0.37
87,92,5,0.49
87,97,5,0.92
87,0,11,0.78
87,17,11,0.71
87,19,11,0.57
87,28,11,0.94
87,29,11,0.41
87,30,11,0.48
87,38,11,0.85
87,54,11,0.99
87,56,11,0.38
87,57,11,0.85
87,67,11,0.72
87,80,11,0.44
87,81,11,0.43
87,82,11,0.72
87,87,11,0
87,92,11,0.26
88,1,14,0.65
88,3,14,0.09
88,7,14,0.01
88,16,14,0.65
88,17,14,0.32
88,19,14,0.66
88,20,14,0.44
88,33,14,0.0
88,36,14,0.88
88,41,14,0.13
88,42,14,0.68
88,48,14,0.4
88,54,14,0.99
88,88,14,0
88,91,14,0.41
88,92,14,0.57
88,93,14,0.06
88,15,5,0.36
88,23,5,0.32
88,25,5,0.37
88,35,5,0.82
88,49,5,0.68
88,50,5,0.24
88,51,5,0.71
88,69,5,0.75
88,71,5,0.77
88,80,5,0.58
88,87,5,0.22
88,88,5,0
88,92,5,0.16
88,97,5,0.28
88,13,13,0.6
88,15,13,0.19
88,16,13,0.99
88,20,13,0.04
88,26,13,0.42
88,36,13,0.39
88,37,13,0.4
88,40,13,0.54
88,48,13,0.15
88,68,13,0.69
88,80,13,1.0
88,85,13,0.08
88,88,13,0
89,8,17,0.34
89,11,17,0.26
89,26,17,0.02
89,41,17,0.16
89,46,17,0.3
89,49,17,0.09
89,59,17,0.72
89,72,17,0.56
89,75,17,0.01
89,86,17,0.73
89,89,17,0
89,90,17,0.81
89,95,17,0.16
89,98,17,0.01
89,4,18,0.65
89,5,18,0.29
89,6,18,0.49
89,12,18,0.61
89,18,18,0.39
89,20,18,0.06
89,21,18,0.42
89,31,18,0.57
89,36,18,0.32
89,37,18,0.41
89,49,18,0.78
89,58,18,0.38
89,62,18,0.68
89,75,18,0.22
89,77,18,0.7
89,83,18,0.88
89,89,18,0
89,97,18,0.34
89,5,16,0.83
89,14,16,0.16
89,15,16,0.32
89,16,16,0.94
89,22,16,0.49
89,25,16,0.46
89,33,16,0.01
89,35,16,0.65
89,47,16,0.17
89,60,16,0.98
89,61,16,0.48
89,78,16,0.2
89,86,16,0.32
89,89,16,0
90,8,17,0.12
90,11,17,0.6
90,26,17,0.77
90,41,17,0.48
90,46,17,0.08
90,49,17,0.22
90,59,17,0.11
90,72,17,0.75
90,75,17,0.91
90,86,17,0.56
90,89,17,0.96
90,90,17,0
90,95,17,0.44
90,98,17,0.54
90,0,1,0.69
90,17,1,0.09
90,22,1,0.32
90,23,1,0.87
90,24,1,0.72
90,27,1,0.45
90,37,1,0.33
90,43,1,0.9
90,47,1,0.3
90,50,1,0.15
90,52,1,0.21
90,53,1,0.19
90,55,1,0.35
90,58,1,0.2
90,76,1,0.11
90,79,1,0.29
90,83,1,0.65
90,90,1,0
90,91,1,0.23
90,97,1,0.36
90,98,1,0.72
90,3,15,0.3
90,4,15,0.56
90,9,15,0.55
90,11,15,0.29
90,22,15,0.71
90,31,15,0.72
90,39,15,0.66
90,43,15,0.13
90,44,15,0.29
90,53,15,0.42
90,74,15,0.17
90,81,15,0.83
90,90,15,0
90,94,15,0.99
90,99,15,0.94
90,1,0,0.43
90,2,0,0.29
90,3,0,0.39
90,6,0,0.23
90,14,0,0.57
90,17,0,0.89
90,19,0,0.16
90,33,0,0.78
90,34,0,0.71
90,36,0,0.6
90,39,0,0.97
90,45,0,0.59
90,66,0,0.66
90,68,0,0.7
90,74,0,0.49
90,82,0,0.17
90,84,0,0.47
90,85,0,0.51
90,90,0,0
90,93,0,0.4
91,1,14,0.95
91,3,14,0.24
91,7,14,0.74
91,16,14,0.73
91,17,14,0.78
91,19,14,0.75
91,20,14,0.95
91,33,14,0.6
91,36,14,0.93
91,41,14,0.38
91,42,14,0.75
91,48,14,0.11
91,54,14,0.86
91,88,14,0.43
91,91,14,0
91,92,14,0.63
91,93,14,0.33
91,1,9,0.01
91,7,9,0.79
91,11,9,0.41
91,18,9,0.83
91,24,9,0.37
91,27,9,0.35
91,32,9,0.08
91,48,9,0.2
91,49,9,0.62
91,63,9,0.12
91,64,9,0.82
91,66,9,0.89
91,69,9,0.43
91,73,9,0.5
91,75,9,0.3
91,79,9,0.48
91,84,9,0.27
91,91,9,0
91,99,9,0.62
91,0,19,0.41
91,4,19,0.8
91,9,19,0.4
91,13,19,0.49
91,27,19,0.8
91,29,19,0.15
91,32,19,0.39
91,35,19,0.82
91,43,19,0.39
91,56,19,0.45
91,62,19,0.24
91,65,19,0.1
91,70,19,0.5
91,71,19,0.59
91,77,19,0.66
91,91,19,0
91,99,19,0.22
91,0,1,0.82
91,17,1,0.05
91,22,1,0.17
91,23,1,0.5
91,24,1,0.92
91,27,1,0.29
91,37,1,0.01
91,43,1,0.59
91,47,1,0.03
91,50,1,0.63
91,52,1,0.84
91,53,1,0.66
91,55,1,0.31
91,58,1,0.83
91,76,1,0.65
91,79,1,0.29
91,83,1,0.57
91,90,1,0.86
91,91,1,0
91,97,1,0.28
91,98,1,0.89
92,15,5,0.56
92,23,5,0.69
92,25,5,0.83
92,35,5,0.14
92,49,5,0.51
92,50,5,0.42
92,51,5,0.85
92,69,5,0.44
92,71,5,0.28
92,80,5,0.73
92,87,5,0.4
92,88,5,0.21
92,92,5,0
92,97,5,0.23
92,1,14,0.18
92,3,14,0.12
92,7,14,0.71
92,16,14,0.08
92,17,14,0.1
92,19,14,0.28
92,20,14,0.07
92,33,14,0.72
92,36,14,0.17
92,41,14,0.68
92,42,14,0.82
92,48,14,0.23
92,54,14,0.15
92,88,14,0.13
92,91,14,0.64
92,92,14,0
92,93,14,0.31
92,0,11,0.15
92,17,11,0.12
92,19,11,0.03
92,28,11,0.45
92,29,11,0.11
92,30,11,0.22
92,38,11,0.14
92,54,11,0.27
92,56,11,0.18
92,57,11,0.11
92,67,11,0.37
92,80,11,0.47
92,81,11,0.71
92,82,11,0.12
92,87,11,0.65
92,92,11,0
93,1,10,0.94
93,2,10,0.11
93,4,10,0.02
93,22,10,0.05
93,26,10,0.46
93,32,10,0.79
93,42,10,0.43
93,46,10,0.14
93,47,10,0.22
93,52,10,0.62
93,60,10,0.82
93,61,10,0.9
93,64,10,0.38
93,67,10,0.88
93,70,10,0.29
93,78,10,0.07
93,81,10,0.18
93,93,10,0
93,1,14,0.17
93,3,14,0.71
93,7,14,0.83
93,16,14,0.02
93,17,14,0.36
93,19,14,0.83
93,20,14,0.81
93,33,14,0.97
93,36,14,0.7
93,41,14,0.47
93,42,14,0.38
93,48,14,0.58
93,54,14,0.39
93,88,14,0.27
93,91,14,0.41
93,92,14,0.29
93,93,14,0
93,1,0,0.35
93,2,0,0.99
93,3,0,0.64
93,6,0,0.61
93,14,0,0.28
93,17,0,0.81
93,19,0,0.8
93,33,0,0.25
93,34,0,1.0
93,36,0,0.29
93,39,0,0.76
93,45,0,0.9
93,66,0,0.7
93,68,0,0.14
93,74,0,0.31
93,82,0,0.68
93,84,0,0.96
93,85,0,0.27
93,90,0,0.88
93,93,0,0
94,21,2,0.75
94,38,2,0.53
94,40,2,0.82
94,53,2,0.29
94,55,2,0.52
94,56,2,0.43
94,69,2,0.91
94,76,2,0.76
94,77,2,0.56
94,94,2,0
94,96,2,0.19
94,3,15,0.71
94,4,15,0.16
94,9,15,0.59
94,11,15,0.07
94,22,15,0.91
94,31,15,0.61
94,39,15,0.95
94,43,15,0.85
94,44,15,0.75
94,53,15,0.9
94,74,15,0.02
94,81,15,0.66
94,90,15,0.73
94,94,15,0
94,99,15,0.97
95,5,3,0.5
95,12,3,0.3
95,21,3,0.18
95,23,3,0.2
95,44,3,0.81
95,48,3,0.9
95,51,3,0.45
95,53,3,0.56
95,54,3,0.15
95,59,3,0.34
95,64,3,0.24
95,78,3,0.36
95,79,3,0.37
95,81,3,0.38
95,95,3,0
95,8,17,0.19
95,11,17,0.21
95,26,17,0.01
95,41,17,0.71
95,46,17,0.08
95,49,17,0.31
95,59,17,0.75
95,72,17,0.26
95,75,17,0.39
95,86,17,0.34
95,89,17,0.04
95,90,17,0.71
95,95,17,0
95,98,17,0.61
96,21,2,0.97
96,38,2,0.99
96,40,2,0.33
96,53,2,0.33
96,55,2,0.35
96,56,2,0.83
96,69,2,0.14
96,76,2,0.8
96,77,2,0.12
96,94,2,0.82
96,96,2,0
96,7,8,0.47
96,9,8,0.97
96,25,8,0.07
96,28,8,0.5
96,33,8,0.24
96,40,8,0.35
96,44,8,0.04
96,57,8,0.33
96,59,8,0.55
96,65,8,0.34
96,67,8,0.19
96,72,8,0.48
96,75,8,0.13
96,84,8,0.07
96,96,8,0
96,97,8,0.22
96,2,4,0.87
96,9,4,0.86
96,10,4,0.1
96,14,4,0.01
96,16,4,0.03
96,23,4,0.22
96,24,4,0.44
96,37,4,0.88
96,40,4,0.52
96,43,4,0.2
96,45,4,0.02
96,46,4,0.06
96,50,4,0.68
96,54,4,0.33
96,55,4,0.36
96,57,4,0.9
96,62,4,0.67
96,76,4,0.14
96,78,4,0.56
96,96,4,0
97,0,1,0.45
97,17,1,0.15
97,22,1,0.99
97,23,1,0.9
97,24,1,0.83
97,27,1,0.77
97,37,1,0.42
97,43,1,0.58
97,47,1,0.67
97,50,1,0.08
97,52,1,0.2
97,53,1,0.75
97,55,1,0.57
97,58,1,0.24
97,76,1,0.91
97,79,1,0.38
97,83,1,0.79
97,90,1,0.64
97,91,1,0.49
97,97,1,0
97,98,1,0.46
97,15,5,0.39
97,23,5,0.99
97,25,5,0.58
97,35,5,0.77
97,49,5,0.35
97,50,5,0.28
97,51,5,0.39
97,69,5,0.22
97,71,5,0.33
97,80,5,0.76
97,87,5,0.68
97,88,5,0.56
97,92,5,0.88
97,97,5,0
97,4,18,0.22
97,5,18,0.56
97,6,18,0.22
97,12,18,0.44
97,18,18,0.4
97,20,18,0.42
97,21,18,0.68
97,31,18,0.31
97,36,18,0.06
97,37,18,0.56
97,49,18,0.78
97,58,18,0.07
97,62,18,0.37
97,75,18,0.87
97,77,18,0.47
97,83,18,0.85
97,89,18,0.86
97,97,18,0
97,7,8,0.76
97,9,8,0.66
97,25,8,0.75
97,28,8,0.72
97,33,8,0.63
97,40,8,0.14
97,44,8,0.16
97,57,8,0.97
97,59,8,0.31
97,65,8,0.5
97,67,8,0.69
97,72,8,0.79
97,75,8,0.39
97,84,8,0.5
97,96,8,0.73
97,97,8,0
98,0,1,0.75
98,17,1,0.98
98,22,1,0.36
98,23,1,0.62
98,24,1,0.55
98,27,1,0.58
98,37,1,0.18
98,43,1,0.43
98,47,1,0.61
98,50,1,0.0
98,52,1,0.85
98,53,1,0.78
98,55,1,0.17
98,58,1,0.93
98,76,1,0.33
98,79,1,0.68
98,83,1,0.99
98,90,1,0.64
98,91,1,0.22
98,97,1,0.01
98,98,1,0
98,8,17,0.07
98,11,17,0.39
98,26,17,0.16
98,41,17,0.14
98,46,17,0.95
98,49,17,0.04
98,59,17,0.05
98,72,17,0.6
98,75,17,0.3
98,86,17,0.85
98,89,17,0.25
98,90,17,0.56
98,95,17,0.75
98,98,17,0
99,3,15,0.96
99,4,15,0.91
99,9,15,0.82
99,11,15,0.64
99,22,15,0.3
99,31,15,0.48
99,39,15,0.49
99,43,15,0.62
99,44,15,0.89
99,53,15,0.19
99,74,15,0.08
99,81,15,0.43
99,90,15,0.08
99,94,15,0.64
99,99,15,0
99,1,9,0.72
99,7,9,0.82
99,11,9,0.21
99,18,9,0.59
99,24,9,0.21
99,27,9,0.57
99,32,9,0.03
99,48,9,0.54
99,49,9,0.33
99,63,9,0.18
99,64,9,0.17
99,66,9,0.93
99,69,9,0.16
99,73,9,0.39
99,75,9,0.4
99,79,9,0.03
99,84,9,0.42
99,91,9,0.61
99,99,9,0
99,0,19,0.34
99,4,19,0.77
99,9,19,0.06
99,13,19,0.63
99,27,19,0.81
99,29,19,0.55
99,32,19,0.14
99,35,19,0.14
99,43,19,0.99
99,56,19,0.17
99,62,19,0.21
99,65,19,0.03
99,70,19,0.56
99,71,19,0.78
99,77,19,0.09
99,91,19,0.51
99,99,19,0