M,100,P,30,Q,100000,targetS,0.1,targetW,0.1

Resources name, resource id, current workload and max workload
R_0,0,0.66,1
R_1,1,0.69,1
R_2,2,0.72,1
R_3,3,0.61,1
R_4,4,0.69,1
R_5,5,0.65,1
R_6,6,0.73,1
R_7,7,0.8,1
R_8,8,0.69,1
R_9,9,0.62,1
R_10,10,0.69,1
R_11,11,0.68,1
R_12,12,0.77,1
R_13,13,0.65,1
R_14,14,0.63,1
R_15,15,0.8,1
R_16,16,0.66,1
R_17,17,0.68,1
R_18,18,0.62,1
R_19,19,0.77,1
R_20,20,0.69,1
R_21,21,0.66,1
R_22,22,0.66,1
R_23,23,0.65,1
R_24,24,0.62,1
R_25,25,0.64,1
R_26,26,0.69,1
R_27,27,0.62,1
R_28,28,0.64,1
R_29,29,0.71,1
R_30,30,0.79,1
R_31,31,0.67,1
R_32,32,0.7,1
R_33,33,0.73,1
R_34,34,0.7,1
R_35,35,0.75,1
R_36,36,0.7,1
R_37,37,0.66,1
R_38,38,0.65,1
R_39,39,0.77,1
R_40,40,0.65,1
R_41,41,0.71,1
R_42,42,0.64,1
R_43,43,0.65,1
R_44,44,0.6,1
R_45,45,0.76,1
R_46,46,0.72,1
R_47,47,0.65,1
R_48,48,0.61,1
R_49,49,0.77,1
R_50,50,0.61,1
R_51,51,0.8,1
R_52,52,0.79,1
R_53,53,0.71,1
R_54,54,0.68,1
R_55,55,0.62,1
R_56,56,0.74,1
R_57,57,0.67,1
R_58,58,0.72,1
R_59,59,0.76,1
R_60,60,0.61,1
R_61,61,0.69,1
R_62,62,0.62,1
R_63,63,0.65,1
R_64,64,0.74,1
R_65,65,0.7,1
R_66,66,0.69,1
R_67,67,0.75,1
R_68,68,0.71,1
R_69,69,0.73,1
R_70,70,0.76,1
R_71,71,0.79,1
R_72,72,0.65,1
R_73,73,0.64,1
R_74,74,0.64,1
R_75,75,0.75,1
R_76,76,0.74,1
R_77,77,0.72,1
R_78,78,0.76,1
R_79,79,0.71,1
R_80,80,0.79,1
R_81,81,0.67,1
R_82,82,0.6,1
R_83,83,0.78,1
R_84,84,0.66,1
R_85,85,0.63,1
R_86,86,0.76,1
R_87,87,0.61,1
R_88,88,0.69,1
R_89,89,0.61,1
R_90,90,0.68,1
R_91,91,0.76,1
R_92,92,0.74,1
R_93,93,0.75,1
R_94,94,0.73,1
R_95,95,0.76,1
R_96,96,0.76,1
R_97,97,0.68,1
R_98,98,0.72,1
R_99,99,0.61,1

Activities name, activity id, lambda, stress, resource id, priority, rifiutato
act_13,13,0.11,0.93,0,233,0
act_14,14,0.07,0.2,0,165,0
act_14,14,0.07,0.2,0,234,0
act_14,14,0.07,0.2,0,78,0
act_11,11,0.15,0.42,1,21,1
act_11,11,0.15,0.42,1,34,1
act_15,15,0.13,0.47,2,19,0
act_17,17,0.06,0.49,2,90,1
act_17,17,0.06,0.49,2,164,1
act_8,8,0.23,0.15,3,177,0
act_12,12,0.04,0.68,3,30,1
act_12,12,0.04,0.68,3,187,1
act_12,12,0.04,0.68,3,118,1
act_12,12,0.04,0.68,3,205,1
act_17,17,0.06,0.49,4,140,1
act_11,11,0.15,0.42,4,248,0
act_17,17,0.06,0.49,4,123,1
act_14,14,0.07,0.2,5,133,0
act_5,5,0.19,0.94,5,241,0
act_14,14,0.07,0.2,5,122,0
act_3,3,0.19,0.53,6,221,1
act_17,17,0.06,0.49,6,190,0
act_11,11,0.15,0.42,7,235,0
act_17,17,0.06,0.49,8,172,1
act_11,11,0.15,0.42,8,72,0
act_17,17,0.06,0.49,8,98,1
act_12,12,0.04,0.68,9,95,1
act_0,0,0.23,0.17,9,279,0
act_12,12,0.04,0.68,9,106,1
act_12,12,0.04,0.68,9,181,1
act_16,16,0.02,0.5,9,81,0
act_19,19,0.24,0.9,10,50,1
act_1,1,0.02,0.67,10,112,0
act_1,1,0.02,0.67,10,272,0
act_1,1,0.02,0.67,10,27,0
act_9,9,0.18,0.54,11,167,0
act_2,2,0.19,0.29,12,25,0
act_14,14,0.07,0.2,13,276,0
act_16,16,0.02,0.5,13,260,0
act_3,3,0.19,0.53,13,255,1
act_14,14,0.07,0.2,13,54,0
act_10,10,0.17,0.83,14,242,1
act_13,13,0.11,0.93,14,269,1
act_16,16,0.02,0.5,14,22,1
act_16,16,0.02,0.5,14,262,1
act_16,16,0.02,0.5,14,227,1
act_16,16,0.02,0.5,14,159,1
act_4,4,0.13,0.74,15,65,0
act_2,2,0.19,0.29,16,196,0
act_4,4,0.13,0.74,17,208,1
act_15,15,0.13,0.47,17,144,0
act_14,14,0.07,0.2,18,128,0
act_14,14,0.07,0.2,18,75,0
act_6,6,0.19,0.77,18,185,0
act_5,5,0.19,0.94,19,202,0
act_6,6,0.19,0.77,20,218,0
act_16,16,0.02,0.5,21,274,1
act_19,19,0.24,0.9,21,146,1
act_16,16,0.02,0.5,21,92,1
act_16,16,0.02,0.5,21,267,1
act_16,16,0.02,0.5,21,169,1
act_16,16,0.02,0.5,21,263,1
act_19,19,0.24,0.9,22,40,0
act_16,16,0.02,0.5,22,16,0
act_16,16,0.02,0.5,22,131,0
act_16,16,0.02,0.5,22,108,0
act_16,16,0.02,0.5,22,71,0
act_4,4,0.13,0.74,23,66,1
act_4,4,0.13,0.74,23,163,1
act_7,7,0.15,0.55,24,219,1
act_7,7,0.15,0.55,24,191,1
act_14,14,0.07,0.2,24,17,0
act_8,8,0.23,0.15,25,64,0
act_16,16,0.02,0.5,25,158,1
act_16,16,0.02,0.5,25,5,1
act_16,16,0.02,0.5,25,56,1
act_16,16,0.02,0.5,25,89,1
act_16,16,0.02,0.5,25,176,1
act_16,16,0.02,0.5,25,240,1
act_4,4,0.13,0.74,26,45,0
act_13,13,0.11,0.93,26,179,1
act_11,11,0.15,0.42,27,28,1
act_1,1,0.02,0.67,27,26,1
act_11,11,0.15,0.42,27,236,1
act_1,1,0.02,0.67,27,160,1
act_1,1,0.02,0.67,27,239,1
act_15,15,0.13,0.47,28,252,0
act_7,7,0.15,0.55,28,74,1
act_8,8,0.23,0.15,29,11,0
act_9,9,0.18,0.54,30,266,0
act_1,1,0.02,0.67,30,33,1
act_6,6,0.19,0.77,31,42,0
act_14,14,0.07,0.2,31,60,0
act_13,13,0.11,0.93,32,86,0
act_13,13,0.11,0.93,32,210,0
act_14,14,0.07,0.2,33,211,0
act_14,14,0.07,0.2,33,186,0
act_14,14,0.07,0.2,33,14,0
act_9,9,0.18,0.54,34,4,1
act_13,13,0.11,0.93,34,273,1
act_10,10,0.17,0.83,35,230,1
act_1,1,0.02,0.67,35,254,1
act_1,1,0.02,0.67,35,142,1
act_1,1,0.02,0.67,35,201,1
act_1,1,0.02,0.67,35,213,1
act_12,12,0.04,0.68,36,275,1
act_10,10,0.17,0.83,36,215,1
act_12,12,0.04,0.68,36,62,1
act_12,12,0.04,0.68,36,206,1
act_10,10,0.17,0.83,37,192,0
act_4,4,0.13,0.74,38,138,1
act_7,7,0.15,0.55,38,6,0
act_13,13,0.11,0.93,39,178,0
act_12,12,0.04,0.68,39,253,0
act_1,1,0.02,0.67,39,82,0
act_1,1,0.02,0.67,39,100,0
act_12,12,0.04,0.68,39,9,0
act_4,4,0.13,0.74,40,162,1
act_4,4,0.13,0.74,40,70,1
act_1,1,0.02,0.67,40,149,0
act_1,1,0.02,0.67,40,15,0
act_1,1,0.02,0.67,40,198,0
act_1,1,0.02,0.67,40,13,0
act_13,13,0.11,0.93,41,136,1
act_13,13,0.11,0.93,41,63,1
act_7,7,0.15,0.55,42,238,0
act_5,5,0.19,0.94,42,188,1
act_5,5,0.19,0.94,43,1,0
act_3,3,0.19,0.53,44,88,1
act_3,3,0.19,0.53,44,101,1
act_16,16,0.02,0.5,45,59,1
act_11,11,0.15,0.42,45,38,0
act_16,16,0.02,0.5,45,53,1
act_16,16,0.02,0.5,45,228,1
act_16,16,0.02,0.5,45,184,1
act_9,9,0.18,0.54,46,36,0
act_3,3,0.19,0.53,47,23,0
act_14,14,0.07,0.2,47,145,0
act_14,14,0.07,0.2,47,280,0
act_2,2,0.19,0.29,48,224,0
act_17,17,0.06,0.49,48,35,1
act_17,17,0.06,0.49,48,193,1
act_17,17,0.06,0.49,48,195,1
act_6,6,0.19,0.77,49,204,0
act_17,17,0.06,0.49,50,47,1
act_17,17,0.06,0.49,50,51,1
act_19,19,0.24,0.9,50,113,1
act_5,5,0.19,0.94,51,31,0
act_15,15,0.13,0.47,52,18,1
act_12,12,0.04,0.68,52,32,1
act_12,12,0.04,0.68,52,44,1
act_7,7,0.15,0.55,53,207,0
act_6,6,0.19,0.77,54,278,0
act_4,4,0.13,0.74,55,220,0
act_6,6,0.19,0.77,55,94,1
act_8,8,0.23,0.15,56,157,0
act_9,9,0.18,0.54,57,209,0
act_11,11,0.15,0.42,58,105,0
act_13,13,0.11,0.93,59,104,0
act_16,16,0.02,0.5,59,226,0
act_16,16,0.02,0.5,59,161,0
act_16,16,0.02,0.5,59,139,0
act_16,16,0.02,0.5,59,171,0
act_16,16,0.02,0.5,59,200,0
act_16,16,0.02,0.5,59,180,0
act_18,18,0.29,0.2,60,96,0
act_17,17,0.06,0.49,60,2,0
act_1,1,0.02,0.67,60,83,1
act_1,1,0.02,0.67,60,257,1
act_9,9,0.18,0.54,61,3,1
act_13,13,0.11,0.93,61,214,1
act_2,2,0.19,0.29,62,80,0
act_6,6,0.19,0.77,63,166,1
act_17,17,0.06,0.49,63,0,1
act_17,17,0.06,0.49,63,52,1
act_7,7,0.15,0.55,64,265,0
act_11,11,0.15,0.42,65,7,1
act_11,11,0.15,0.42,65,20,1
act_18,18,0.29,0.2,66,115,0
act_6,6,0.19,0.77,67,10,0
act_1,1,0.02,0.67,68,43,0
act_1,1,0.02,0.67,68,232,0
act_13,13,0.11,0.93,68,125,1
act_13,13,0.11,0.93,68,41,1
act_1,1,0.02,0.67,68,155,0
act_12,12,0.04,0.68,69,116,0
act_14,14,0.07,0.2,69,76,0
act_14,14,0.07,0.2,69,61,0
act_14,14,0.07,0.2,69,120,0
act_8,8,0.23,0.15,70,222,0
act_11,11,0.15,0.42,71,49,0
act_5,5,0.19,0.94,72,77,1
act_17,17,0.06,0.49,72,156,1
act_17,17,0.06,0.49,72,119,1
act_11,11,0.15,0.42,73,67,0
act_1,1,0.02,0.67,73,154,0
act_12,12,0.04,0.68,73,99,1
act_1,1,0.02,0.67,73,174,0
act_12,12,0.04,0.68,73,244,1
act_12,12,0.04,0.68,73,102,1
act_12,12,0.04,0.68,73,126,1
act_17,17,0.06,0.49,74,55,1
act_12,12,0.04,0.68,74,237,1
act_15,15,0.13,0.47,74,110,0
act_17,17,0.06,0.49,74,37,1
act_12,12,0.04,0.68,74,137,1
act_15,15,0.13,0.47,75,107,0
act_16,16,0.02,0.5,75,245,1
act_16,16,0.02,0.5,75,194,1
act_16,16,0.02,0.5,75,69,1
act_16,16,0.02,0.5,75,127,1
act_16,16,0.02,0.5,75,150,1
act_16,16,0.02,0.5,75,8,1
act_14,14,0.07,0.2,76,153,0
act_1,1,0.02,0.67,76,87,1
act_14,14,0.07,0.2,76,256,0
act_14,14,0.07,0.2,76,97,0
act_1,1,0.02,0.67,76,24,1
act_6,6,0.19,0.77,77,79,0
act_10,10,0.17,0.83,78,168,0
act_14,14,0.07,0.2,78,124,0
act_17,17,0.06,0.49,79,48,1
act_5,5,0.19,0.94,79,148,1
act_4,4,0.13,0.74,80,111,1
act_1,1,0.02,0.67,80,109,1
act_1,1,0.02,0.67,80,247,1
act_1,1,0.02,0.67,80,130,1
act_1,1,0.02,0.67,81,147,1
act_11,11,0.15,0.42,81,246,1
act_13,13,0.11,0.93,81,258,1
act_1,1,0.02,0.67,81,170,1
act_1,1,0.02,0.67,81,189,1
act_18,18,0.29,0.2,82,152,0
act_15,15,0.13,0.47,83,93,1
act_17,17,0.06,0.49,83,243,1
act_18,18,0.29,0.2,84,117,0
act_0,0,0.23,0.17,85,121,0
act_5,5,0.19,0.94,86,270,1
act_12,12,0.04,0.68,86,212,0
act_9,9,0.18,0.54,87,182,1
act_9,9,0.18,0.54,87,68,1
act_1,1,0.02,0.67,87,103,1
act_16,16,0.02,0.5,88,216,0
act_12,12,0.04,0.68,88,84,1
act_12,12,0.04,0.68,88,217,1
act_2,2,0.19,0.29,88,134,0
act_11,11,0.15,0.42,89,175,1
act_11,11,0.15,0.42,89,183,1
act_17,17,0.06,0.49,90,271,0
act_17,17,0.06,0.49,90,225,0
act_17,17,0.06,0.49,90,46,0
act_17,17,0.06,0.49,90,29,0
act_16,16,0.02,0.5,90,73,0
act_16,16,0.02,0.5,90,259,0
act_16,16,0.02,0.5,90,199,0
act_16,16,0.02,0.5,90,203,0
act_10,10,0.17,0.83,91,91,1
act_17,17,0.06,0.49,91,223,0
act_11,11,0.15,0.42,92,250,0
act_12,12,0.04,0.68,92,268,0
act_12,12,0.04,0.68,92,249,0
act_11,11,0.15,0.42,93,173,0
act_9,9,0.18,0.54,94,129,1
act_12,12,0.04,0.68,94,277,1
act_12,12,0.04,0.68,94,197,1
act_14,14,0.07,0.2,95,85,0
act_14,14,0.07,0.2,95,151,0
act_14,14,0.07,0.2,95,229,0
act_3,3,0.19,0.53,96,57,0
act_15,15,0.13,0.47,97,114,0
act_17,17,0.06,0.49,97,231,1
act_17,17,0.06,0.49,97,141,1
act_17,17,0.06,0.49,97,135,1
act_16,16,0.02,0.5,98,12,1
act_2,2,0.19,0.29,98,132,0
act_16,16,0.02,0.5,98,39,1
act_16,16,0.02,0.5,98,264,1
act_16,16,0.02,0.5,98,261,1
act_2,2,0.19,0.29,99,58,0
act_14,14,0.07,0.2,99,251,0
act_14,14,0.07,0.2,99,143,0

Alpha (resource id, list of activity ids)
0:13,14,9
1:10,11
2:17,15
3:0,3,8,12
4:13,11,17,6
5:5,14
6:3,17
7:9,11,7
8:8,17,11
9:0,16,12
10:1,19
11:18,9,8
12:7,2
13:16,4,14,3
14:10,4,13,16
15:2,4,10,8
16:2,10
17:15,4
18:6,14
19:11,5
20:18,6
21:0,7,19,16
22:16,6,19
23:4,7
24:7,14,15,8
25:8,16
26:13,19,11,4
27:1,11
28:9,10,7,15
29:8,19
30:10,1,9,8
31:6,14,9
32:2,13
33:2,14
34:13,9,8,17
35:1,6,10,19
36:5,10,12
37:10,18
38:3,7,4,13
39:1,13,12,7
40:4,1
41:19,3,13,6
42:5,7
43:0,5
44:3,15,14
45:11,16
46:3,9
47:8,14,3,0
48:2,17
49:6,2
50:17,15,4,19
51:6,0,5,18
52:15,12
53:0,6,7,3
54:9,6
55:19,6,4
56:19,8,15
57:2,18,9,0
58:11,9,10,2
59:19,13,15,16
60:18,1,0,17
61:8,9,2,13
62:19,8,2
63:6,17,9
64:7,8
65:6,11,16,3
66:17,2,18
67:5,6
68:1,13,3
69:14,12
70:12,4,1,8
71:5,11
72:17,19,5
73:1,12,11
74:12,17,15
75:15,16,18
76:14,1,8
77:6,15,5,11
78:14,10,13
79:0,18,17,5
80:4,8,1
81:13,1,11
82:18,3
83:12,15,17
84:3,11,18
85:3,0,19
86:11,5,12,19
87:14,10,9,1
88:12,16,2,0
89:15,8,11
90:16,17
91:10,6,17
92:10,11,2,12
93:4,11,8
94:4,18,9,12
95:14,18,19
96:3,13
97:17,15
98:18,16,2
99:5,14,2

Costs (resource, resource to replace, activity, cost)
0,0,13,0
0,4,13,0.77
0,14,13,0.02
0,26,13,0.56
0,32,13,0.76
0,34,13,0.42
0,38,13,0.26
0,39,13,0.25
0,41,13,0.88
0,59,13,0.84
0,61,13,0.7
0,68,13,0.5
0,78,13,0.46
0,81,13,0.46
0,96,13,0.86
0,0,14,0
0,5,14,0.24
0,13,14,0.58
0,18,14,0.99
0,24,14,0.75
0,31,14,0.11
0,33,14,0.32
0,44,14,0.52
0,47,14,0.35
0,69,14,0.98
0,76,14,0.27
0,78,14,0.23
0,87,14,0.27
0,95,14,0.86
0,99,14,0.43
0,0,9,0
0,7,9,0.88
0,11,9,0.89
0,28,9,0.42
0,30,9,0.14
0,31,9,0.56
0,34,9,0.5
0,46,9,0.36
0,54,9,0.41
0,57,9,0.1
0,58,9,0.99
0,61,9,0.3
0,63,9,0.93
0,87,9,0.12
0,94,9,0.68
1,1,10,0
1,14,10,0.16
1,15,10,0.07
1,16,10,0.5
1,28,10,0.77
1,30,10,0.76
1,35,10,0.23
1,36,10,0.75
1,37,10,0.51
1,58,10,0.91
1,78,10,0.75
1,87,10,0.76
1,91,10,0.28
1,92,10,0.89
1,1,11,0
1,4,11,0.22
1,7,11,0.16
1,8,11,0.41
1,19,11,0.32
1,26,11,0.67
1,27,11,0.67
1,45,11,0.48
1,58,11,0.04
1,65,11,0.49
1,71,11,0.49
1,73,11,0.85
1,77,11,0.41
1,81,11,0.47
1,84,11,0.13
1,86,11,0.06
1,89,11,0.59
1,92,11,0.07
1,93,11,0.79
2,2,17,0
2,4,17,0.18
2,6,17,0.4
2,8,17,0.45
2,34,17,0.71
2,48,17,0.55
2,50,17,0.7
2,60,17,0.29
2,63,17,0.45
2,66,17,0.03
2,72,17,0.8
2,74,17,0.89
2,79,17,0.26
2,83,17,0.37
2,90,17,0.56
2,91,17,0.35
2,97,17,0.36
2,2,15,0
2,17,15,0.45
2,24,15,0.77
2,28,15,0.11
2,44,15,0.26
2,50,15,0.57
2,52,15,0.0
2,56,15,0.23
2,59,15,0.22
2,74,15,0.25
2,75,15,0.96
2,77,15,0.22
2,83,15,0.11
2,89,15,0.21
2,97,15,0.56
3,3,0,0
3,9,0,0.55
3,21,0,0.82
3,43,0,0.84
3,47,0,0.89
3,51,0,0.41
3,53,0,0.5
3,57,0,0.32
3,60,0,0.21
3,79,0,0.67
3,85,0,0.38
3,88,0,0.3
3,3,3,0
3,6,3,0.14
3,13,3,0.84
3,38,3,0.58
3,41,3,0.98
3,44,3,0.25
3,46,3,0.97
3,47,3,0.94
3,53,3,0.03
3,65,3,0.46
3,68,3,0.8
3,82,3,0.24
3,84,3,0.01
3,85,3,0.33
3,96,3,0.48
3,3,8,0
3,8,8,0.88
3,11,8,0.01
3,15,8,0.49
3,24,8,0.37
3,25,8,0.74
3,29,8,0.23
3,30,8,0.44
3,34,8,0.67
3,47,8,0.21
3,56,8,0.94
3,61,8,0.17
3,62,8,0.68
3,64,8,0.73
3,70,8,0.81
3,76,8,0.64
3,80,8,0.67
3,89,8,0.04
3,93,8,0.47
3,3,12,0
3,9,12,0.72
3,36,12,0.79
3,39,12,0.76
3,52,12,0.89
3,69,12,0.24
3,70,12,0.65
3,73,12,0.3
3,74,12,0.27
3,83,12,0.26
3,86,12,0.57
3,88,12,0.96
3,92,12,0.72
3,94,12,0.33
4,0,13,0.64
4,4,13,0
4,14,13,0.02
4,26,13,0.01
4,32,13,0.98
4,34,13,0.96
4,38,13,0.56
4,39,13,0.08
4,41,13,0.9
4,59,13,0.83
4,61,13,0.54
4,68,13,0.47
4,78,13,0.01
4,81,13,0.12
4,96,13,0.91
4,1,11,0.18
4,4,11,0
4,7,11,0.8
4,8,11,0.04
4,19,11,0.69
4,26,11,0.38
4,27,11,0.76
4,45,11,0.73
4,58,11,0.48
4,65,11,0.36
4,71,11,0.16
4,73,11,0.77
4,77,11,0.24
4,81,11,0.76
4,84,11,0.61
4,86,11,0.08
4,89,11,0.27
4,92,11,0.01
4,93,11,0.74
4,2,17,0.18
4,4,17,0
4,6,17,0.47
4,8,17,0.37
4,34,17,0.44
4,48,17,0.25
4,50,17,0.84
4,60,17,0.43
4,63,17,0.57
4,66,17,0.99
4,72,17,0.0
4,74,17,0.75
4,79,17,0.98
4,83,17,0.67
4,90,17,0.62
4,91,17,0.03
4,97,17,0.26
4,4,6,0
4,18,6,0.58
4,20,6,0.0
4,22,6,0.8
4,31,6,0.99
4,35,6,0.11
4,41,6,0.12
4,49,6,0.76
4,51,6,0.85
4,53,6,0.7
4,54,6,0.65
4,55,6,0.1
4,63,6,0.42
4,65,6,0.63
4,67,6,0.2
4,77,6,0.42
4,91,6,0.89
5,5,5,0
5,19,5,0.16
5,36,5,0.7
5,42,5,0.31
5,43,5,0.37
5,51,5,0.06
5,67,5,0.9
5,71,5,0.78
5,72,5,0.89
5,77,5,0.89
5,79,5,0.85
5,86,5,0.63
5,99,5,0.99
5,0,14,0.31
5,5,14,0
5,13,14,0.79
5,18,14,0.14
5,24,14,0.41
5,31,14,0.19
5,33,14,0.43
5,44,14,0.44
5,47,14,0.26
5,69,14,0.63
5,76,14,0.66
5,78,14,0.53
5,87,14,0.51
5,95,14,0.51
5,99,14,0.54
6,3,3,0.83
6,6,3,0
6,13,3,0.04
6,38,3,0.19
6,41,3,0.51
6,44,3,0.66
6,46,3,0.61
6,47,3,0.09
6,53,3,0.46
6,65,3,0.64
6,68,3,0.71
6,82,3,0.37
6,84,3,0.23
6,85,3,0.05
6,96,3,0.66
6,2,17,0.39
6,4,17,0.03
6,6,17,0
6,8,17,0.28
6,34,17,0.33
6,48,17,0.87
6,50,17,0.41
6,60,17,0.77
6,63,17,0.42
6,66,17,0.16
6,72,17,0.22
6,74,17,0.95
6,79,17,0.36
6,83,17,0.43
6,90,17,0.63
6,91,17,0.45
6,97,17,0.69
7,0,9,0.74
7,7,9,0
7,11,9,0.72
7,28,9,0.09
7,30,9,0.45
7,31,9,0.76
7,34,9,0.79
7,46,9,0.89
7,54,9,0.55
7,57,9,0.45
7,58,9,0.07
7,61,9,0.89
7,63,9,0.27
7,87,9,0.29
7,94,9,0.48
7,1,11,0.78
7,4,11,0.6
7,7,11,0
7,8,11,0.81
7,19,11,0.09
7,26,11,0.49
7,27,11,0.11
7,45,11,0.78
7,58,11,0.68
7,65,11,0.37
7,71,11,0.33
7,73,11,0.74
7,77,11,0.8
7,81,11,0.64
7,84,11,0.84
7,86,11,0.94
7,89,11,0.77
7,92,11,0.87
7,93,11,0.38
7,7,7,0
7,12,7,0.13
7,21,7,0.61
7,23,7,0.84
7,24,7,0.35
7,28,7,0.64
7,38,7,0.74
7,39,7,0.49
7,42,7,0.45
7,53,7,0.04
7,64,7,0.53
8,3,8,0.38
8,8,8,0
8,11,8,0.61
8,15,8,0.43
8,24,8,0.14
8,25,8,0.28
8,29,8,0.37
8,30,8,0.03
8,34,8,0.39
8,47,8,0.02
8,56,8,0.52
8,61,8,0.71
8,62,8,0.72
8,64,8,0.7
8,70,8,0.92
8,76,8,0.17
8,80,8,0.1
8,89,8,0.92
8,93,8,0.96
8,2,17,0.63
8,4,17,0.77
8,6,17,0.91
8,8,17,0
8,34,17,0.46
8,48,17,0.49
8,50,17,0.92
8,60,17,0.9
8,63,17,0.09
8,66,17,0.11
8,72,17,0.57
8,74,17,0.35
8,79,17,0.38
8,83,17,0.34
8,90,17,0.68
8,91,17,0.01
8,97,17,0.57
8,1,11,0.15
8,4,11,0.51
8,7,11,0.14
8,8,11,0
8,19,11,0.61
8,26,11,0.71
8,27,11,0.78
8,45,11,0.3
8,58,11,0.71
8,65,11,0.64
8,71,11,0.1
8,73,11,0.6
8,77,11,0.39
8,81,11,0.05
8,84,11,0.24
8,86,11,0.33
8,89,11,0.37
8,92,11,0.46
8,93,11,0.77
9,3,0,0.68
9,9,0,0
9,21,0,0.09
9,43,0,0.71
9,47,0,0.11
9,51,0,0.52
9,53,0,0.73
9,57,0,0.85
9,60,0,0.83
9,79,0,0.36
9,85,0,0.94
9,88,0,0.8
9,9,16,0
9,13,16,0.56
9,14,16,0.39
9,21,16,0.42
9,22,16,0.93
9,25,16,0.16
9,45,16,0.38
9,59,16,0.32
9,65,16,0.88
9,75,16,0.67
9,88,16,0.01
9,90,16,0.22
9,98,16,0.95
9,3,12,0.55
9,9,12,0
9,36,12,0.78
9,39,12,0.23
9,52,12,0.55
9,69,12,0.61
9,70,12,0.71
9,73,12,0.03
9,74,12,0.14
9,83,12,0.94
9,86,12,0.61
9,88,12,0.66
9,92,12,0.93
9,94,12,0.85
10,10,1,0
10,27,1,0.45
10,30,1,0.18
10,35,1,0.05
10,39,1,0.84
10,40,1,0.22
10,60,1,0.37
10,68,1,0.16
10,70,1,0.18
10,73,1,0.62
10,76,1,0.21
10,80,1,0.29
10,81,1,0.03
10,87,1,0.7
10,10,19,0
10,21,19,0.57
10,22,19,0.86
10,26,19,0.01
10,29,19,0.69
10,35,19,0.36
10,41,19,0.64
10,50,19,0.74
10,55,19,0.37
10,56,19,0.62
10,59,19,0.17
10,62,19,0.73
10,72,19,0.09
10,85,19,0.48
10,86,19,0.62
10,95,19,0.8
11,11,18,0
11,20,18,0.62
11,37,18,0.57
11,51,18,0.83
11,57,18,0.44
11,60,18,0.09
11,66,18,0.91
11,75,18,0.93
11,79,18,0.69
11,82,18,0.07
11,84,18,0.45
11,94,18,0.09
11,95,18,0.18
11,98,18,0.58
11,0,9,0.86
11,7,9,0.19
11,11,9,0
11,28,9,0.0
11,30,9,0.34
11,31,9,0.88
11,34,9,0.19
11,46,9,0.28
11,54,9,0.48
11,57,9,0.47
11,58,9,0.49
11,61,9,0.82
11,63,9,0.13
11,87,9,0.0
11,94,9,0.54
11,3,8,0.49
11,8,8,0.6
11,11,8,0
11,15,8,0.93
11,24,8,0.21
11,25,8,0.92
11,29,8,0.98
11,30,8,0.28
11,34,8,0.62
11,47,8,0.74
11,56,8,0.66
11,61,8,0.04
11,62,8,0.8
11,64,8,0.84
11,70,8,0.55
11,76,8,0.4
11,80,8,0.4
11,89,8,0.71
11,93,8,0.02
12,7,7,0.78
12,12,7,0
12,21,7,0.74
12,23,7,0.29
12,24,7,0.85
12,28,7,0.28
12,38,7,0.46
12,39,7,0.16
12,42,7,0.64
12,53,7,0.79
12,64,7,0.94
12,12,2,0
12,15,2,0.17
12,16,2,0.83
12,32,2,0.58
12,33,2,0.66
12,48,2,0.72
12,49,2,0.49
12,57,2,0.26
12,58,2,0.56
12,61,2,0.77
12,62,2,0.34
12,66,2,0.32
12,88,2,0.19
12,92,2,0.95
12,98,2,0.49
12,99,2,0.6
13,9,16,0.92
13,13,16,0
13,14,16,0.09
13,21,16,0.39
13,22,16,0.86
13,25,16,0.75
13,45,16,0.83
13,59,16,0.28
13,65,16,0.61
13,75,16,0.02
13,88,16,0.81
13,90,16,0.18
13,98,16,0.32
13,13,4,0
13,14,4,0.41
13,15,4,0.05
13,17,4,0.66
13,23,4,0.44
13,26,4,0.11
13,38,4,0.38
13,40,4,0.12
13,50,4,0.92
13,55,4,0.07
13,70,4,0.4
13,80,4,0.96
13,93,4,0.75
13,94,4,0.37
13,0,14,0.79
13,5,14,0.84
13,13,14,0
13,18,14,0.24
13,24,14,0.21
13,31,14,0.15
13,33,14,0.27
13,44,14,0.05
13,47,14,0.12
13,69,14,0.35
13,76,14,0.62
13,78,14,0.48
13,87,14,0.82
13,95,14,0.72
13,99,14,0.7
13,3,3,0.4
13,6,3,0.72
13,13,3,0
13,38,3,0.03
13,41,3,0.47
13,44,3,0.04
13,46,3,0.89
13,47,3,0.23
13,53,3,0.97
13,65,3,0.58
13,68,3,0.5
13,82,3,0.67
13,84,3,0.43
13,85,3,0.14
13,96,3,0.85
14,1,10,0.68
14,14,10,0
14,15,10,0.23
14,16,10,0.62
14,28,10,0.69
14,30,10,0.78
14,35,10,0.34
14,36,10,0.63
14,37,10,0.56
14,58,10,0.34
14,78,10,0.0
14,87,10,0.68
14,91,10,0.27
14,92,10,0.56
14,13,4,0.25
14,14,4,0
14,15,4,0.94
14,17,4,0.83
14,23,4,0.12
14,26,4,0.69
14,38,4,0.69
14,40,4,0.12
14,50,4,0.39
14,55,4,0.96
14,70,4,0.07
14,80,4,0.75
14,93,4,0.14
14,94,4,0.69
14,0,13,0.96
14,4,13,0.49
14,14,13,0
14,26,13,0.63
14,32,13,0.98
14,34,13,0.16
14,38,13,0.25
14,39,13,0.68
14,41,13,0.49
14,59,13,0.55
14,61,13,0.93
14,68,13,0.99
14,78,13,0.94
14,81,13,0.8
14,96,13,0.96
14,9,16,0.78
14,13,16,0.42
14,14,16,0
14,21,16,0.32
14,22,16,0.51
14,25,16,0.11
14,45,16,0.09
14,59,16,0.49
14,65,16,0.14
14,75,16,0.65
14,88,16,0.88
14,90,16,0.99
14,98,16,0.05
15,12,2,0.47
15,15,2,0
15,16,2,0.89
15,32,2,0.98
15,33,2,0.21
15,48,2,0.94
15,49,2,0.49
15,57,2,0.4
15,58,2,0.83
15,61,2,0.57
15,62,2,0.81
15,66,2,0.59
15,88,2,0.36
15,92,2,0.2
15,98,2,0.02
15,99,2,0.47
15,13,4,0.28
15,14,4,0.19
15,15,4,0
15,17,4,0.8
15,23,4,0.75
15,26,4,0.13
15,38,4,0.7
15,40,4,0.37
15,50,4,0.34
15,55,4,0.34
15,70,4,0.96
15,80,4,0.31
15,93,4,0.03
15,94,4,0.9
15,1,10,0.7
15,14,10,0.75
15,15,10,0
15,16,10,0.76
15,28,10,0.34
15,30,10,0.63
15,35,10,0.21
15,36,10,0.37
15,37,10,0.49
15,58,10,0.46
15,78,10,0.91
15,87,10,0.89
15,91,10,0.54
15,92,10,0.66
15,3,8,0.58
15,8,8,0.66
15,11,8,0.45
15,15,8,0
15,24,8,0.03
15,25,8,0.73
15,29,8,0.22
15,30,8,0.21
15,34,8,0.69
15,47,8,0.72
15,56,8,1.0
15,61,8,0.67
15,62,8,0.59
15,64,8,0.6
15,70,8,0.46
15,76,8,0.09
15,80,8,0.04
15,89,8,0.83
15,93,8,0.25
16,12,2,0.0
16,15,2,0.98
16,16,2,0
16,32,2,0.86
16,33,2,0.79
16,48,2,0.7
16,49,2,0.4
16,57,2,0.0
16,58,2,0.58
16,61,2,0.55
16,62,2,0.55
16,66,2,0.57
16,88,2,0.79
16,92,2,0.79
16,98,2,0.87
16,99,2,0.96
16,1,10,0.87
16,14,10,0.57
16,15,10,0.78
16,16,10,0
16,28,10,0.26
16,30,10,0.31
16,35,10,0.78
16,36,10,0.61
16,37,10,0.0
16,58,10,0.27
16,78,10,0.95
16,87,10,0.74
16,91,10,0.12
16,92,10,0.33
17,2,15,0.06
17,17,15,0
17,24,15,0.21
17,28,15,0.08
17,44,15,0.5
17,50,15,0.97
17,52,15,0.01
17,56,15,0.07
17,59,15,0.79
17,74,15,0.46
17,75,15,0.78
17,77,15,0.59
17,83,15,0.18
17,89,15,0.22
17,97,15,0.83
17,13,4,0.06
17,14,4,0.99
17,15,4,0.96
17,17,4,0
17,23,4,0.47
17,26,4,0.44
17,38,4,0.34
17,40,4,0.73
17,50,4,0.49
17,55,4,0.48
17,70,4,0.14
17,80,4,0.17
17,93,4,0.7
17,94,4,0.64
18,4,6,0.98
18,18,6,0
18,20,6,0.23
18,22,6,0.02
18,31,6,0.79
18,35,6,0.8
18,41,6,0.94
18,49,6,0.74
18,51,6,0.46
18,53,6,0.45
18,54,6,0.23
18,55,6,0.28
18,63,6,0.72
18,65,6,0.41
18,67,6,0.86
18,77,6,0.91
18,91,6,0.78
18,0,14,0.99
18,5,14,0.32
18,13,14,0.87
18,18,14,0
18,24,14,0.23
18,31,14,0.12
18,33,14,0.53
18,44,14,0.25
18,47,14,0.62
18,69,14,0.64
18,76,14,0.26
18,78,14,0.39
18,87,14,0.58
18,95,14,0.63
18,99,14,0.5
19,1,11,0.7
19,4,11,0.87
19,7,11,0.64
19,8,11,0.83
19,19,11,0
19,26,11,0.04
19,27,11,0.16
19,45,11,0.71
19,58,11,0.84
19,65,11,0.57
19,71,11,0.34
19,73,11,0.26
19,77,11,0.32
19,81,11,0.73
19,84,11,0.54
19,86,11,0.27
19,89,11,1.0
19,92,11,0.8
19,93,11,0.15
19,5,5,0.19
19,19,5,0
19,36,5,0.43
19,42,5,0.65
19,43,5,0.5
19,51,5,0.39
19,67,5,0.01
19,71,5,0.83
19,72,5,0.61
19,77,5,0.32
19,79,5,0.23
19,86,5,0.16
19,99,5,0.66
20,11,18,0.97
20,20,18,0
20,37,18,0.24
20,51,18,0.64
20,57,18,0.08
20,60,18,0.17
20,66,18,0.65
20,75,18,0.64
20,79,18,0.93
20,82,18,0.54
20,84,18,0.76
20,94,18,0.06
20,95,18,0.94
20,98,18,0.46
20,4,6,0.47
20,18,6,0.05
20,20,6,0
20,22,6,0.5
20,31,6,0.78
20,35,6,0.72
20,41,6,0.7
20,49,6,0.33
20,51,6,0.6
20,53,6,0.13
20,54,6,0.15
20,55,6,0.22
20,63,6,0.5
20,65,6,0.77
20,67,6,0.4
20,77,6,0.93
20,91,6,0.27
21,3,0,0.51
21,9,0,0.12
21,21,0,0
21,43,0,0.65
21,47,0,0.55
21,51,0,0.21
21,53,0,0.33
21,57,0,0.9
21,60,0,0.83
21,79,0,0.56
21,85,0,0.7
21,88,0,0.69
21,7,7,0.43
21,12,7,0.8
21,21,7,0
21,23,7,0.56
21,24,7,0.2
21,28,7,0.06
21,38,7,0.92
21,39,7,0.19
21,42,7,0.53
21,53,7,0.61
21,64,7,0.79
21,10,19,0.68
21,21,19,0
21,22,19,0.74
21,26,19,0.37
21,29,19,0.28
21,35,19,0.27
21,41,19,0.24
21,50,19,0.92
21,55,19,0.47
21,56,19,0.68
21,59,19,0.8
21,62,19,0.96
21,72,19,0.11
21,85,19,0.85
21,86,19,0.17
21,95,19,0.64
21,9,16,0.72
21,13,16,0.4
21,14,16,0.46
21,21,16,0
21,22,16,0.39
21,25,16,0.65
21,45,16,0.23
21,59,16,0.26
21,65,16,0.82
21,75,16,0.39
21,88,16,0.11
21,90,16,0.81
21,98,16,0.99
22,9,16,0.9
22,13,16,0.26
22,14,16,0.41
22,21,16,0.73
22,22,16,0
22,25,16,0.79
22,45,16,0.81
22,59,16,0.39
22,65,16,0.72
22,75,16,0.25
22,88,16,0.69
22,90,16,0.7
22,98,16,0.82
22,4,6,0.46
22,18,6,0.79
22,20,6,0.76
22,22,6,0
22,31,6,0.48
22,35,6,0.88
22,41,6,0.01
22,49,6,0.78
22,51,6,0.34
22,53,6,0.06
22,54,6,0.66
22,55,6,0.58
22,63,6,0.83
22,65,6,0.59
22,67,6,0.31
22,77,6,0.16
22,91,6,0.81
22,10,19,0.04
22,21,19,0.77
22,22,19,0
22,26,19,0.77
22,29,19,0.83
22,35,19,0.56
22,41,19,0.75
22,50,19,0.23
22,55,19,0.39
22,56,19,0.52
22,59,19,0.66
22,62,19,0.92
22,72,19,0.33
22,85,19,0.14
22,86,19,0.02
22,95,19,0.36
23,13,4,0.04
23,14,4,0.94
23,15,4,0.32
23,17,4,0.86
23,23,4,0
23,26,4,0.74
23,38,4,0.79
23,40,4,0.03
23,50,4,0.35
23,55,4,0.58
23,70,4,0.29
23,80,4,0.98
23,93,4,0.72
23,94,4,0.58
23,7,7,0.41
23,12,7,0.21
23,21,7,0.32
23,23,7,0
23,24,7,0.16
23,28,7,0.08
23,38,7,0.02
23,39,7,0.72
23,42,7,0.83
23,53,7,0.03
23,64,7,0.66
24,7,7,0.29
24,12,7,0.97
24,21,7,0.89
24,23,7,0.32
24,24,7,0
24,28,7,0.85
24,38,7,0.25
24,39,7,0.2
24,42,7,0.33
24,53,7,0.11
24,64,7,0.84
24,0,14,0.5
24,5,14,0.09
24,13,14,0.62
24,18,14,0.69
24,24,14,0
24,31,14,0.87
24,33,14,0.69
24,44,14,0.31
24,47,14,0.95
24,69,14,0.97
24,76,14,0.52
24,78,14,0.03
24,87,14,0.33
24,95,14,0.67
24,99,14,0.22
24,2,15,0.9
24,17,15,0.38
24,24,15,0
24,28,15,0.21
24,44,15,0.99
24,50,15,0.72
24,52,15,0.14
24,56,15,0.27
24,59,15,0.0
24,74,15,0.94
24,75,15,0.29
24,77,15,0.02
24,83,15,0.76
24,89,15,0.33
24,97,15,0.69
24,3,8,0.95
24,8,8,0.88
24,11,8,0.32
24,15,8,0.72
24,24,8,0
24,25,8,0.83
24,29,8,0.04
24,30,8,0.24
24,34,8,0.83
24,47,8,0.0
24,56,8,0.49
24,61,8,0.14
24,62,8,0.25
24,64,8,0.32
24,70,8,0.51
24,76,8,0.11
24,80,8,0.42
24,89,8,0.72
24,93,8,0.25
25,3,8,0.78
25,8,8,0.65
25,11,8,0.16
25,15,8,0.71
25,24,8,0.63
25,25,8,0
25,29,8,0.41
25,30,8,0.33
25,34,8,0.63
25,47,8,0.32
25,56,8,0.06
25,61,8,0.2
25,62,8,0.59
25,64,8,0.53
25,70,8,0.7
25,76,8,0.19
25,80,8,0.39
25,89,8,0.68
25,93,8,0.51
25,9,16,0.66
25,13,16,0.6
25,14,16,0.46
25,21,16,0.86
25,22,16,0.99
25,25,16,0
25,45,16,0.12
25,59,16,0.82
25,65,16,0.96
25,75,16,0.74
25,88,16,0.04
25,90,16,0.01
25,98,16,0.44
26,0,13,0.19
26,4,13,0.78
26,14,13,0.43
26,26,13,0
26,32,13,0.76
26,34,13,0.52
26,38,13,0.97
26,39,13,0.88
26,41,13,0.24
26,59,13,0.69
26,61,13,0.51
26,68,13,0.31
26,78,13,0.57
26,81,13,0.59
26,96,13,0.53
26,10,19,0.92
26,21,19,0.64
26,22,19,0.17
26,26,19,0
26,29,19,0.96
26,35,19,0.21
26,41,19,0.62
26,50,19,0.61
26,55,19,0.91
26,56,19,0.55
26,59,19,0.2
26,62,19,0.37
26,72,19,0.15
26,85,19,0.51
26,86,19,0.44
26,95,19,0.32
26,1,11,0.44
26,4,11,0.15
26,7,11,0.46
26,8,11,0.54
26,19,11,0.31
26,26,11,0
26,27,11,0.1
26,45,11,0.11
26,58,11,0.78
26,65,11,0.86
26,71,11,0.09
26,73,11,0.53
26,77,11,0.94
26,81,11,0.51
26,84,11,0.25
26,86,11,0.97
26,89,11,0.55
26,92,11,0.68
26,93,11,0.06
26,13,4,0.65
26,14,4,0.04
26,15,4,0.23
26,17,4,0.68
26,23,4,0.55
26,26,4,0
26,38,4,0.65
26,40,4,0.72
26,50,4,0.27
26,55,4,0.8
26,70,4,0.85
26,80,4,0.67
26,93,4,0.38
26,94,4,0.95
27,10,1,0.58
27,27,1,0
27,30,1,0.01
27,35,1,0.85
27,39,1,0.67
27,40,1,0.27
27,60,1,0.03
27,68,1,0.07
27,70,1,0.06
27,73,1,0.08
27,76,1,0.33
27,80,1,0.89
27,81,1,0.93
27,87,1,0.96
27,1,11,0.85
27,4,11,0.71
27,7,11,0.74
27,8,11,0.86
27,19,11,0.68
27,26,11,0.6
27,27,11,0
27,45,11,0.01
27,58,11,0.08
27,65,11,0.85
27,71,11,0.69
27,73,11,0.35
27,77,11,0.71
27,81,11,0.25
27,84,11,0.61
27,86,11,0.97
27,89,11,0.14
27,92,11,0.95
27,93,11,0.61
28,0,9,0.12
28,7,9,0.52
28,11,9,0.12
28,28,9,0
28,30,9,0.31
28,31,9,0.18
28,34,9,0.27
28,46,9,0.72
28,54,9,0.95
28,57,9,0.22
28,58,9,0.27
28,61,9,0.41
28,63,9,0.97
28,87,9,0.98
28,94,9,0.39
28,1,10,0.93
28,14,10,0.59
28,15,10,0.42
28,16,10,0.39
28,28,10,0
28,30,10,0.78
28,35,10,0.76
28,36,10,0.95
28,37,10,0.13
28,58,10,0.06
28,78,10,0.26
28,87,10,0.4
28,91,10,0.06
28,92,10,0.91
28,7,7,0.3
28,12,7,0.4
28,21,7,0.74
28,23,7,0.36
28,24,7,0.55
28,28,7,0
28,38,7,0.44
28,39,7,0.69
28,42,7,0.12
28,53,7,0.23
28,64,7,0.29
28,2,15,0.64
28,17,15,0.26
28,24,15,0.29
28,28,15,0
28,44,15,0.94
28,50,15,0.78
28,52,15,0.47
28,56,15,0.88
28,59,15,0.22
28,74,15,0.15
28,75,15,0.14
28,77,15,0.56
28,83,15,0.4
28,89,15,0.81
28,97,15,0.1
29,3,8,0.12
29,8,8,0.35
29,11,8,0.46
29,15,8,0.65
29,24,8,0.06
29,25,8,0.38
29,29,8,0
29,30,8,0.66
29,34,8,0.36
29,47,8,0.23
29,56,8,0.76
29,61,8,0.34
29,62,8,0.0
29,64,8,0.79
29,70,8,0.11
29,76,8,0.97
29,80,8,0.2
29,89,8,0.01
29,93,8,0.82
29,10,19,0.29
29,21,19,0.91
29,22,19,0.41
29,26,19,0.7
29,29,19,0
29,35,19,0.37
29,41,19,0.44
29,50,19,0.1
29,55,19,0.33
29,56,19,0.57
29,59,19,0.64
29,62,19,0.26
29,72,19,0.58
29,85,19,0.03
29,86,19,0.36
29,95,19,0.9
30,1,10,0.32
30,14,10,0.38
30,15,10,0.56
30,16,10,0.85
30,28,10,0.04
30,30,10,0
30,35,10,0.97
30,36,10,0.3
30,37,10,0.39
30,58,10,0.59
30,78,10,0.52
30,87,10,0.07
30,91,10,0.25
30,92,10,0.78
30,10,1,0.41
30,27,1,0.04
30,30,1,0
30,35,1,0.01
30,39,1,0.28
30,40,1,0.28
30,60,1,0.34
30,68,1,0.08
30,70,1,0.22
30,73,1,0.14
30,76,1,0.9
30,80,1,0.74
30,81,1,0.19
30,87,1,0.29
30,0,9,0.09
30,7,9,0.04
30,11,9,0.14
30,28,9,0.48
30,30,9,0
30,31,9,0.48
30,34,9,0.77
30,46,9,0.66
30,54,9,0.89
30,57,9,0.51
30,58,9,0.72
30,61,9,0.38
30,63,9,0.72
30,87,9,0.52
30,94,9,0.75
30,3,8,0.29
30,8,8,0.65
30,11,8,0.46
30,15,8,0.99
30,24,8,0.35
30,25,8,0.32
30,29,8,0.66
30,30,8,0
30,34,8,0.68
30,47,8,0.76
30,56,8,0.58
30,61,8,0.36
30,62,8,0.03
30,64,8,0.32
30,70,8,0.28
30,76,8,0.11
30,80,8,0.33
30,89,8,0.96
30,93,8,0.93
31,4,6,0.38
31,18,6,0.62
31,20,6,0.71
31,22,6,0.36
31,31,6,0
31,35,6,0.51
31,41,6,0.19
31,49,6,0.4
31,51,6,0.16
31,53,6,0.25
31,54,6,0.3
31,55,6,0.45
31,63,6,0.83
31,65,6,0.09
31,67,6,0.92
31,77,6,0.98
31,91,6,1.0
31,0,14,0.05
31,5,14,0.48
31,13,14,0.59
31,18,14,0.58
31,24,14,0.26
31,31,14,0
31,33,14,0.77
31,44,14,0.72
31,47,14,0.28
31,69,14,0.65
31,76,14,0.81
31,78,14,0.7
31,87,14,0.95
31,95,14,0.97
31,99,14,0.51
31,0,9,0.84
31,7,9,0.69
31,11,9,0.5
31,28,9,0.92
31,30,9,0.64
31,31,9,0
31,34,9,0.28
31,46,9,0.54
31,54,9,0.76
31,57,9,0.89
31,58,9,0.71
31,61,9,0.39
31,63,9,0.4
31,87,9,0.74
31,94,9,0.21
32,12,2,0.45
32,15,2,0.21
32,16,2,0.31
32,32,2,0
32,33,2,0.18
32,48,2,0.16
32,49,2,0.1
32,57,2,0.63
32,58,2,0.04
32,61,2,0.86
32,62,2,0.19
32,66,2,0.94
32,88,2,0.35
32,92,2,0.42
32,98,2,0.38
32,99,2,0.82
32,0,13,0.26
32,4,13,0.68
32,14,13,0.54
32,26,13,0.71
32,32,13,0
32,34,13,0.56
32,38,13,0.82
32,39,13,0.15
32,41,13,0.29
32,59,13,0.85
32,61,13,0.49
32,68,13,0.99
32,78,13,0.4
32,81,13,0.22
32,96,13,0.31
33,12,2,0.68
33,15,2,0.59
33,16,2,0.25
33,32,2,0.47
33,33,2,0
33,48,2,0.66
33,49,2,0.72
33,57,2,0.76
33,58,2,0.73
33,61,2,0.48
33,62,2,0.57
33,66,2,0.7
33,88,2,0.58
33,92,2,0.62
33,98,2,0.1
33,99,2,0.04
33,0,14,0.19
33,5,14,0.62
33,13,14,0.96
33,18,14,0.58
33,24,14,0.15
33,31,14,0.79
33,33,14,0
33,44,14,0.03
33,47,14,0.64
33,69,14,0.52
33,76,14,0.16
33,78,14,0.64
33,87,14,0.03
33,95,14,0.97
33,99,14,0.82
34,0,13,0.98
34,4,13,0.7
34,14,13,0.29
34,26,13,0.47
34,32,13,0.39
34,34,13,0
34,38,13,0.19
34,39,13,0.31
34,41,13,0.25
34,59,13,0.39
34,61,13,0.65
34,68,13,0.32
34,78,13,0.67
34,81,13,0.01
34,96,13,0.66
34,0,9,0.12
34,7,9,0.75
34,11,9,0.83
34,28,9,0.81
34,30,9,0.06
34,31,9,0.56
34,34,9,0
34,46,9,0.48
34,54,9,0.79
34,57,9,0.22
34,58,9,0.33
34,61,9,0.07
34,63,9,0.83
34,87,9,0.22
34,94,9,0.84
34,3,8,0.34
34,8,8,0.37
34,11,8,0.81
34,15,8,0.57
34,24,8,0.26
34,25,8,0.41
34,29,8,0.1
34,30,8,0.29
34,34,8,0
34,47,8,0.75
34,56,8,0.29
34,61,8,0.8
34,62,8,0.8
34,64,8,0.14
34,70,8,0.45
34,76,8,0.58
34,80,8,0.37
34,89,8,0.35
34,93,8,0.58
34,2,17,0.05
34,4,17,0.49
34,6,17,0.97
34,8,17,0.76
34,34,17,0
34,48,17,0.1
34,50,17,0.98
34,60,17,0.85
34,63,17,1.0
34,66,17,0.96
34,72,17,0.69
34,74,17,0.69
34,79,17,0.23
34,83,17,0.45
34,90,17,0.58
34,91,17,0.53
34,97,17,0.29
35,10,1,0.87
35,27,1,0.73
35,30,1,0.44
35,35,1,0
35,39,1,0.59
35,40,1,0.28
35,60,1,0.4
35,68,1,0.61
35,70,1,0.92
35,73,1,0.79
35,76,1,0.68
35,80,1,0.26
35,81,1,0.44
35,87,1,0.25
35,4,6,0.34
35,18,6,0.7
35,20,6,0.71
35,22,6,0.47
35,31,6,0.22
35,35,6,0
35,41,6,0.61
35,49,6,0.35
35,51,6,0.28
35,53,6,0.21
35,54,6,0.2
35,55,6,0.95
35,63,6,0.8
35,65,6,0.93
35,67,6,0.57
35,77,6,0.94
35,91,6,0.37
35,1,10,0.93
35,14,10,0.2
35,15,10,0.75
35,16,10,0.45
35,28,10,0.53
35,30,10,0.1
35,35,10,0
35,36,10,0.57
35,37,10,0.32
35,58,10,0.6
35,78,10,0.09
35,87,10,0.55
35,91,10,0.93
35,92,10,0.68
35,10,19,0.73
35,21,19,0.56
35,22,19,0.29
35,26,19,0.97
35,29,19,0.07
35,35,19,0
35,41,19,0.34
35,50,19,0.7
35,55,19,0.66
35,56,19,0.5
35,59,19,0.99
35,62,19,0.58
35,72,19,0.45
35,85,19,0.01
35,86,19,0.19
35,95,19,0.22
36,5,5,0.79
36,19,5,0.01
36,36,5,0
36,42,5,0.35
36,43,5,0.3
36,51,5,0.98
36,67,5,0.87
36,71,5,0.33
36,72,5,0.05
36,77,5,0.56
36,79,5,0.51
36,86,5,0.96
36,99,5,0.66
36,1,10,0.74
36,14,10,0.41
36,15,10,0.43
36,16,10,0.53
36,28,10,0.87
36,30,10,0.67
36,35,10,0.6
36,36,10,0
36,37,10,0.24
36,58,10,0.88
36,78,10,0.59
36,87,10,0.88
36,91,10,0.68
36,92,10,0.57
36,3,12,0.66
36,9,12,0.12
36,36,12,0
36,39,12,0.27
36,52,12,0.76
36,69,12,0.79
36,70,12,0.58
36,73,12,0.89
36,74,12,0.45
36,83,12,0.77
36,86,12,0.71
36,88,12,0.87
36,92,12,0.14
36,94,12,0.77
37,1,10,0.19
37,14,10,0.83
37,15,10,0.67
37,16,10,0.7
37,28,10,0.63
37,30,10,0.18
37,35,10,0.52
37,36,10,0.95
37,37,10,0
37,58,10,0.66
37,78,10,0.05
37,87,10,0.17
37,91,10,0.22
37,92,10,0.12
37,11,18,0.56
37,20,18,0.55
37,37,18,0
37,51,18,0.03
37,57,18,0.62
37,60,18,0.86
37,66,18,0.07
37,75,18,0.95
37,79,18,0.01
37,82,18,0.86
37,84,18,0.61
37,94,18,0.18
37,95,18,0.17
37,98,18,0.53
38,3,3,0.83
38,6,3,0.96
38,13,3,0.46
38,38,3,0
38,41,3,0.58
38,44,3,0.15
38,46,3,0.48
38,47,3,0.16
38,53,3,0.95
38,65,3,0.09
38,68,3,0.24
38,82,3,0.62
38,84,3,0.45
38,85,3,0.26
38,96,3,0.71
38,7,7,0.05
38,12,7,0.4
38,21,7,0.71
38,23,7,0.87
38,24,7,0.94
38,28,7,0.63
38,38,7,0
38,39,7,0.89
38,42,7,0.02
38,53,7,0.49
38,64,7,0.57
38,13,4,0.31
38,14,4,0.97
38,15,4,0.86
38,17,4,0.39
38,23,4,0.66
38,26,4,0.75
38,38,4,0
38,40,4,0.65
38,50,4,0.64
38,55,4,0.31
38,70,4,0.6
38,80,4,0.53
38,93,4,0.9
38,94,4,0.1
38,0,13,0.15
38,4,13,0.88
38,14,13,0.68
38,26,13,0.55
38,32,13,0.5
38,34,13,0.08
38,38,13,0
38,39,13,0.9
38,41,13,0.92
38,59,13,0.68
38,61,13,0.43
38,68,13,0.59
38,78,13,0.07
38,81,13,0.54
38,96,13,0.77
39,10,1,0.69
39,27,1,0.43
39,30,1,0.41
39,35,1,0.48
39,39,1,0
39,40,1,0.54
39,60,1,0.79
39,68,1,0.86
39,70,1,0.49
39,73,1,0.74
39,76,1,0.16
39,80,1,0.86
39,81,1,0.36
39,87,1,0.64
39,0,13,0.97
39,4,13,0.72
39,14,13,0.6
39,26,13,0.63
39,32,13,0.08
39,34,13,0.41
39,38,13,0.3
39,39,13,0
39,41,13,0.14
39,59,13,0.58
39,61,13,0.82
39,68,13,0.38
39,78,13,0.06
39,81,13,0.6
39,96,13,0.68
39,3,12,0.19
39,9,12,0.04
39,36,12,0.51
39,39,12,0
39,52,12,0.07
39,69,12,0.84
39,70,12,0.05
39,73,12,0.02
39,74,12,0.59
39,83,12,0.02
39,86,12,0.4
39,88,12,0.68
39,92,12,0.26
39,94,12,0.3
39,7,7,0.98
39,12,7,0.19
39,21,7,0.51
39,23,7,0.86
39,24,7,0.71
39,28,7,0.79
39,38,7,0.81
39,39,7,0
39,42,7,0.21
39,53,7,0.42
39,64,7,0.32
40,13,4,0.01
40,14,4,0.75
40,15,4,0.32
40,17,4,0.71
40,23,4,0.51
40,26,4,0.14
40,38,4,0.71
40,40,4,0
40,50,4,0.57
40,55,4,0.37
40,70,4,0.47
40,80,4,0.24
40,93,4,0.28
40,94,4,0.48
40,10,1,0.34
40,27,1,0.04
40,30,1,0.62
40,35,1,0.29
40,39,1,0.42
40,40,1,0
40,60,1,0.67
40,68,1,0.8
40,70,1,0.44
40,73,1,0.51
40,76,1,0.14
40,80,1,0.11
40,81,1,0.36
40,87,1,0.21
41,10,19,0.34
41,21,19,0.62
41,22,19,0.63
41,26,19,0.45
41,29,19,0.61
41,35,19,0.27
41,41,19,0
41,50,19,0.74
41,55,19,0.45
41,56,19,0.88
41,59,19,0.7
41,62,19,0.25
41,72,19,0.27
41,85,19,0.96
41,86,19,0.44
41,95,19,0.07
41,3,3,0.79
41,6,3,0.91
41,13,3,0.49
41,38,3,0.57
41,41,3,0
41,44,3,0.13
41,46,3,0.35
41,47,3,0.19
41,53,3,0.18
41,65,3,0.71
41,68,3,1.0
41,82,3,0.52
41,84,3,0.12
41,85,3,0.57
41,96,3,0.06
41,0,13,0.79
41,4,13,0.28
41,14,13,0.7
41,26,13,0.19
41,32,13,0.79
41,34,13,0.54
41,38,13,0.46
41,39,13,0.76
41,41,13,0
41,59,13,0.61
41,61,13,0.41
41,68,13,0.08
41,78,13,0.14
41,81,13,0.96
41,96,13,0.46
41,4,6,0.95
41,18,6,0.15
41,20,6,0.87
41,22,6,0.02
41,31,6,0.23
41,35,6,0.6
41,41,6,0
41,49,6,0.45
41,51,6,0.86
41,53,6,0.63
41,54,6,0.07
41,55,6,0.92
41,63,6,0.99
41,65,6,0.14
41,67,6,0.59
41,77,6,0.52
41,91,6,0.14
42,5,5,0.5
42,19,5,0.19
42,36,5,0.21
42,42,5,0
42,43,5,0.4
42,51,5,0.46
42,67,5,0.85
42,71,5,0.93
42,72,5,0.12
42,77,5,0.6
42,79,5,0.29
42,86,5,0.59
42,99,5,0.52
42,7,7,0.87
42,12,7,0.24
42,21,7,0.16
42,23,7,0.66
42,24,7,0.58
42,28,7,0.11
42,38,7,0.16
42,39,7,0.77
42,42,7,0
42,53,7,0.32
42,64,7,0.31
43,3,0,0.99
43,9,0,0.53
43,21,0,0.98
43,43,0,0
43,47,0,0.79
43,51,0,0.08
43,53,0,0.03
43,57,0,0.89
43,60,0,0.06
43,79,0,0.43
43,85,0,0.7
43,88,0,0.56
43,5,5,0.62
43,19,5,0.42
43,36,5,0.8
43,42,5,0.32
43,43,5,0
43,51,5,0.61
43,67,5,0.24
43,71,5,0.97
43,72,5,0.96
43,77,5,0.57
43,79,5,0.79
43,86,5,0.47
43,99,5,0.02
44,3,3,0.72
44,6,3,0.88
44,13,3,0.15
44,38,3,0.82
44,41,3,0.35
44,44,3,0
44,46,3,0.09
44,47,3,0.85
44,53,3,0.69
44,65,3,0.45
44,68,3,0.8
44,82,3,0.33
44,84,3,0.39
44,85,3,0.37
44,96,3,0.14
44,2,15,0.07
44,17,15,0.8
44,24,15,0.12
44,28,15,0.17
44,44,15,0
44,50,15,0.42
44,52,15,0.02
44,56,15,0.95
44,59,15,0.9
44,74,15,0.68
44,75,15,0.78
44,77,15,1.0
44,83,15,0.91
44,89,15,0.58
44,97,15,0.05
44,0,14,0.96
44,5,14,0.23
44,13,14,0.39
44,18,14,0.29
44,24,14,0.6
44,31,14,0.16
44,33,14,0.07
44,44,14,0
44,47,14,0.68
44,69,14,0.3
44,76,14,0.78
44,78,14,0.22
44,87,14,0.01
44,95,14,0.42
44,99,14,0.51
45,1,11,0.48
45,4,11,0.54
45,7,11,0.48
45,8,11,0.47
45,19,11,0.04
45,26,11,0.3
45,27,11,0.28
45,45,11,0
45,58,11,0.15
45,65,11,0.3
45,71,11,0.02
45,73,11,0.04
45,77,11,0.11
45,81,11,0.81
45,84,11,0.31
45,86,11,0.8
45,89,11,0.43
45,92,11,0.32
45,93,11,0.27
45,9,16,0.03
45,13,16,0.3
45,14,16,0.3
45,21,16,0.03
45,22,16,0.78
45,25,16,0.25
45,45,16,0
45,59,16,0.8
45,65,16,0.68
45,75,16,0.12
45,88,16,0.3
45,90,16,0.92
45,98,16,0.15
46,3,3,0.16
46,6,3,0.41
46,13,3,0.4
46,38,3,0.79
46,41,3,0.42
46,44,3,0.57
46,46,3,0
46,47,3,0.79
46,53,3,0.05
46,65,3,0.54
46,68,3,0.98
46,82,3,0.68
46,84,3,0.7
46,85,3,0.53
46,96,3,0.06
46,0,9,0.44
46,7,9,0.27
46,11,9,0.16
46,28,9,0.64
46,30,9,0.72
46,31,9,0.56
46,34,9,0.87
46,46,9,0
46,54,9,0.84
46,57,9,0.79
46,58,9,0.77
46,61,9,0.61
46,63,9,0.01
46,87,9,0.33
46,94,9,0.72
47,3,8,0.65
47,8,8,0.75
47,11,8,0.43
47,15,8,0.63
47,24,8,0.18
47,25,8,0.88
47,29,8,0.96
47,30,8,0.11
47,34,8,0.74
47,47,8,0
47,56,8,0.35
47,61,8,0.94
47,62,8,0.0
47,64,8,0.25
47,70,8,0.83
47,76,8,0.81
47,80,8,0.83
47,89,8,0.75
47,93,8,0.89
47,0,14,0.31
47,5,14,0.23
47,13,14,0.98
47,18,14,0.14
47,24,14,0.2
47,31,14,0.05
47,33,14,0.64
47,44,14,0.23
47,47,14,0
47,69,14,0.99
47,76,14,0.77
47,78,14,0.02
47,87,14,0.58
47,95,14,0.22
47,99,14,0.45
47,3,3,0.91
47,6,3,0.03
47,13,3,0.44
47,38,3,0.89
47,41,3,0.78
47,44,3,0.94
47,46,3,0.21
47,47,3,0
47,53,3,0.88
47,65,3,0.1
47,68,3,0.51
47,82,3,0.19
47,84,3,0.68
47,85,3,0.38
47,96,3,0.07
47,3,0,0.69
47,9,0,0.84
47,21,0,0.78
47,43,0,0.73
47,47,0,0
47,51,0,0.17
47,53,0,0.04
47,57,0,0.28
47,60,0,0.95
47,79,0,0.01
47,85,0,0.56
47,88,0,0.53
48,12,2,0.78
48,15,2,0.3
48,16,2,0.13
48,32,2,0.37
48,33,2,0.07
48,48,2,0
48,49,2,0.99
48,57,2,0.6
48,58,2,0.77
48,61,2,0.83
48,62,2,0.7
48,66,2,0.44
48,88,2,0.19
48,92,2,0.02
48,98,2,0.77
48,99,2,0.56
48,2,17,0.74
48,4,17,0.78
48,6,17,0.14
48,8,17,0.61
48,34,17,0.6
48,48,17,0
48,50,17,0.98
48,60,17,0.09
48,63,17,0.65
48,66,17,0.49
48,72,17,0.12
48,74,17,0.15
48,79,17,0.35
48,83,17,0.01
48,90,17,0.62
48,91,17,0.07
48,97,17,0.8
49,4,6,0.08
49,18,6,0.42
49,20,6,0.55
49,22,6,0.49
49,31,6,0.53
49,35,6,0.67
49,41,6,0.23
49,49,6,0
49,51,6,0.84
49,53,6,0.08
49,54,6,0.39
49,55,6,0.6
49,63,6,0.14
49,65,6,0.24
49,67,6,0.47
49,77,6,0.69
49,91,6,0.5
49,12,2,0.74
49,15,2,0.66
49,16,2,0.64
49,32,2,0.77
49,33,2,0.02
49,48,2,0.42
49,49,2,0
49,57,2,0.18
49,58,2,0.15
49,61,2,0.42
49,62,2,0.73
49,66,2,0.79
49,88,2,0.72
49,92,2,0.25
49,98,2,0.3
49,99,2,0.96
50,2,17,0.22
50,4,17,0.92
50,6,17,0.99
50,8,17,0.2
50,34,17,0.98
50,48,17,0.71
50,50,17,0
50,60,17,0.41
50,63,17,0.23
50,66,17,0.61
50,72,17,0.92
50,74,17,0.93
50,79,17,0.83
50,83,17,0.39
50,90,17,0.25
50,91,17,0.43
50,97,17,0.48
50,2,15,0.01
50,17,15,0.81
50,24,15,0.13
50,28,15,0.27
50,44,15,0.6
50,50,15,0
50,52,15,0.1
50,56,15,0.23
50,59,15,0.28
50,74,15,0.82
50,75,15,0.25
50,77,15,0.5
50,83,15,0.28
50,89,15,0.97
50,97,15,0.87
50,13,4,0.47
50,14,4,0.05
50,15,4,0.32
50,17,4,0.52
50,23,4,0.87
50,26,4,0.5
50,38,4,0.3
50,40,4,0.42
50,50,4,0
50,55,4,0.72
50,70,4,0.13
50,80,4,0.38
50,93,4,0.86
50,94,4,0.68
50,10,19,0.93
50,21,19,0.93
50,22,19,0.61
50,26,19,0.18
50,29,19,0.83
50,35,19,0.34
50,41,19,0.28
50,50,19,0
50,55,19,0.92
50,56,19,0.5
50,59,19,0.95
50,62,19,0.2
50,72,19,0.58
50,85,19,0.86
50,86,19,0.24
50,95,19,0.31
51,4,6,0.37
51,18,6,0.24
51,20,6,0.19
51,22,6,0.12
51,31,6,0.93
51,35,6,0.37
51,41,6,0.75
51,49,6,0.98
51,51,6,0
51,53,6,0.72
51,54,6,0.16
51,55,6,0.5
51,63,6,0.23
51,65,6,0.14
51,67,6,0.7
51,77,6,0.98
51,91,6,0.2
51,3,0,0.59
51,9,0,0.2
51,21,0,0.34
51,43,0,0.08
51,47,0,0.95
51,51,0,0
51,53,0,0.68
51,57,0,0.47
51,60,0,0.14
51,79,0,0.42
51,85,0,0.51
51,88,0,0.28
51,5,5,0.43
51,19,5,0.37
51,36,5,0.52
51,42,5,0.86
51,43,5,0.17
51,51,5,0
51,67,5,0.28
51,71,5,0.33
51,72,5,0.91
51,77,5,0.27
51,79,5,0.32
51,86,5,0.53
51,99,5,0.07
51,11,18,0.49
51,20,18,0.66
51,37,18,0.32
51,51,18,0
51,57,18,0.04
51,60,18,0.22
51,66,18,0.47
51,75,18,0.53
51,79,18,0.95
51,82,18,0.47
51,84,18,0.29
51,94,18,0.27
51,95,18,0.06
51,98,18,0.97
52,2,15,0.72
52,17,15,0.89
52,24,15,0.63
52,28,15,0.3
52,44,15,0.36
52,50,15,0.28
52,52,15,0
52,56,15,0.25
52,59,15,0.12
52,74,15,0.15
52,75,15,0.92
52,77,15,0.19
52,83,15,0.32
52,89,15,0.1
52,97,15,0.42
52,3,12,0.31
52,9,12,0.36
52,36,12,0.48
52,39,12,0.55
52,52,12,0
52,69,12,0.17
52,70,12,0.88
52,73,12,0.26
52,74,12,0.51
52,83,12,0.78
52,86,12,0.9
52,88,12,0.25
52,92,12,0.74
52,94,12,0.64
53,3,0,0.28
53,9,0,0.3
53,21,0,0.67
53,43,0,0.67
53,47,0,0.44
53,51,0,0.77
53,53,0,0
53,57,0,0.21
53,60,0,0.31
53,79,0,0.9
53,85,0,0.82
53,88,0,0.35
53,4,6,0.01
53,18,6,0.2
53,20,6,0.51
53,22,6,0.4
53,31,6,0.38
53,35,6,0.71
53,41,6,0.26
53,49,6,0.19
53,51,6,0.67
53,53,6,0
53,54,6,0.03
53,55,6,0.1
53,63,6,0.26
53,65,6,0.65
53,67,6,1.0
53,77,6,0.69
53,91,6,0.86
53,7,7,0.12
53,12,7,0.6
53,21,7,0.86
53,23,7,0.29
53,24,7,0.9
53,28,7,0.9
53,38,7,0.05
53,39,7,0.97
53,42,7,0.34
53,53,7,0
53,64,7,0.87
53,3,3,0.13
53,6,3,0.58
53,13,3,0.41
53,38,3,0.86
53,41,3,0.38
53,44,3,0.22
53,46,3,0.39
53,47,3,0.3
53,53,3,0
53,65,3,0.58
53,68,3,0.07
53,82,3,0.34
53,84,3,0.21
53,85,3,0.71
53,96,3,0.79
54,0,9,0.98
54,7,9,0.63
54,11,9,0.26
54,28,9,0.47
54,30,9,0.72
54,31,9,0.6
54,34,9,0.02
54,46,9,0.19
54,54,9,0
54,57,9,0.9
54,58,9,0.74
54,61,9,0.84
54,63,9,0.79
54,87,9,0.98
54,94,9,0.18
54,4,6,0.62
54,18,6,0.6
54,20,6,0.88
54,22,6,0.5
54,31,6,0.34
54,35,6,0.12
54,41,6,0.78
54,49,6,0.83
54,51,6,0.28
54,53,6,0.56
54,54,6,0
54,55,6,0.89
54,63,6,0.2
54,65,6,0.72
54,67,6,0.76
54,77,6,0.12
54,91,6,0.06
55,10,19,0.84
55,21,19,0.22
55,22,19,0.03
55,26,19,0.41
55,29,19,0.02
55,35,19,0.04
55,41,19,0.78
55,50,19,0.6
55,55,19,0
55,56,19,0.23
55,59,19,0.7
55,62,19,0.6
55,72,19,0.16
55,85,19,0.82
55,86,19,0.94
55,95,19,0.58
55,4,6,0.29
55,18,6,0.79
55,20,6,0.98
55,22,6,0.37
55,31,6,0.96
55,35,6,0.25
55,41,6,0.45
55,49,6,0.08
55,51,6,0.13
55,53,6,0.69
55,54,6,0.41
55,55,6,0
55,63,6,0.47
55,65,6,0.66
55,67,6,0.1
55,77,6,0.89
55,91,6,0.66
55,13,4,0.35
55,14,4,0.11
55,15,4,0.86
55,17,4,0.18
55,23,4,0.34
55,26,4,0.55
55,38,4,0.51
55,40,4,0.85
55,50,4,0.6
55,55,4,0
55,70,4,0.89
55,80,4,0.46
55,93,4,0.02
55,94,4,0.4
56,10,19,0.83
56,21,19,0.41
56,22,19,0.4
56,26,19,0.11
56,29,19,0.65
56,35,19,0.53
56,41,19,0.37
56,50,19,0.18
56,55,19,0.09
56,56,19,0
56,59,19,0.89
56,62,19,0.43
56,72,19,0.24
56,85,19,0.06
56,86,19,0.05
56,95,19,0.3
56,3,8,0.96
56,8,8,0.62
56,11,8,0.26
56,15,8,0.22
56,24,8,0.37
56,25,8,0.18
56,29,8,0.33
56,30,8,0.75
56,34,8,0.96
56,47,8,0.96
56,56,8,0
56,61,8,0.55
56,62,8,0.44
56,64,8,0.29
56,70,8,0.49
56,76,8,0.67
56,80,8,0.23
56,89,8,0.73
56,93,8,0.43
56,2,15,0.14
56,17,15,0.63
56,24,15,0.25
56,28,15,0.04
56,44,15,0.86
56,50,15,0.92
56,52,15,0.89
56,56,15,0
56,59,15,0.68
56,74,15,0.26
56,75,15,0.6
56,77,15,0.29
56,83,15,0.39
56,89,15,0.55
56,97,15,0.76
57,12,2,0.7
57,15,2,0.28
57,16,2,0.25
57,32,2,0.96
57,33,2,0.33
57,48,2,0.5
57,49,2,0.6
57,57,2,0
57,58,2,0.08
57,61,2,0.3
57,62,2,0.53
57,66,2,0.68
57,88,2,0.19
57,92,2,0.21
57,98,2,0.17
57,99,2,0.96
57,11,18,0.91
57,20,18,0.82
57,37,18,0.79
57,51,18,0.8
57,57,18,0
57,60,18,0.56
57,66,18,0.23
57,75,18,0.2
57,79,18,0.61
57,82,18,0.34
57,84,18,0.6
57,94,18,0.52
57,95,18,0.84
57,98,18,0.67
57,0,9,0.45
57,7,9,0.3
57,11,9,0.94
57,28,9,0.64
57,30,9,0.54
57,31,9,0.79
57,34,9,0.5
57,46,9,0.37
57,54,9,0.65
57,57,9,0
57,58,9,0.32
57,61,9,0.86
57,63,9,0.96
57,87,9,0.5
57,94,9,0.31
57,3,0,0.96
57,9,0,0.14
57,21,0,0.63
57,43,0,0.42
57,47,0,0.94
57,51,0,0.92
57,53,0,0.65
57,57,0,0
57,60,0,0.28
57,79,0,0.87
57,85,0,0.77
57,88,0,0.31
58,1,11,0.45
58,4,11,0.69
58,7,11,0.65
58,8,11,0.65
58,19,11,0.73
58,26,11,0.04
58,27,11,0.65
58,45,11,0.02
58,58,11,0
58,65,11,0.81
58,71,11,0.73
58,73,11,0.2
58,77,11,0.58
58,81,11,0.53
58,84,11,0.05
58,86,11,0.2
58,89,11,0.49
58,92,11,0.87
58,93,11,0.8
58,0,9,0.3
58,7,9,0.68
58,11,9,0.88
58,28,9,0.72
58,30,9,0.47
58,31,9,0.93
58,34,9,0.04
58,46,9,0.51
58,54,9,0.19
58,57,9,0.49
58,58,9,0
58,61,9,0.53
58,63,9,0.09
58,87,9,0.47
58,94,9,0.48
58,1,10,0.02
58,14,10,0.35
58,15,10,1.0
58,16,10,0.06
58,28,10,0.55
58,30,10,0.38
58,35,10,0.28
58,36,10,0.71
58,37,10,0.65
58,58,10,0
58,78,10,0.66
58,87,10,0.0
58,91,10,0.12
58,92,10,0.99
58,12,2,0.14
58,15,2,0.54
58,16,2,0.45
58,32,2,0.34
58,33,2,0.39
58,48,2,0.49
58,49,2,0.78
58,57,2,0.41
58,58,2,0
58,61,2,0.24
58,62,2,0.53
58,66,2,0.58
58,88,2,0.14
58,92,2,0.06
58,98,2,0.89
58,99,2,0.5
59,10,19,0.78
59,21,19,0.67
59,22,19,0.84
59,26,19,0.57
59,29,19,0.65
59,35,19,1.0
59,41,19,0.75
59,50,19,0.8
59,55,19,0.72
59,56,19,0.01
59,59,19,0
59,62,19,0.27
59,72,19,0.88
59,85,19,0.85
59,86,19,0.15
59,95,19,0.13
59,0,13,0.55
59,4,13,0.59
59,14,13,0.81
59,26,13,0.46
59,32,13,0.49
59,34,13,0.17
59,38,13,0.58
59,39,13,0.09
59,41,13,0.72
59,59,13,0
59,61,13,0.79
59,68,13,0.34
59,78,13,0.31
59,81,13,0.07
59,96,13,0.83
59,2,15,0.57
59,17,15,0.91
59,24,15,0.05
59,28,15,0.28
59,44,15,0.58
59,50,15,0.06
59,52,15,0.78
59,56,15,0.58
59,59,15,0
59,74,15,0.69
59,75,15,0.16
59,77,15,0.57
59,83,15,0.93
59,89,15,0.57
59,97,15,0.49
59,9,16,0.67
59,13,16,0.87
59,14,16,0.29
59,21,16,0.79
59,22,16,0.52
59,25,16,0.94
59,45,16,0.5
59,59,16,0
59,65,16,0.77
59,75,16,0.61
59,88,16,0.03
59,90,16,0.31
59,98,16,0.87
60,11,18,0.51
60,20,18,0.34
60,37,18,0.38
60,51,18,0.3
60,57,18,0.36
60,60,18,0
60,66,18,0.74
60,75,18,0.62
60,79,18,0.55
60,82,18,0.37
60,84,18,0.28
60,94,18,0.51
60,95,18,0.65
60,98,18,0.71
60,10,1,0.74
60,27,1,0.2
60,30,1,0.85
60,35,1,0.22
60,39,1,0.99
60,40,1,0.97
60,60,1,0
60,68,1,0.86
60,70,1,0.86
60,73,1,0.34
60,76,1,0.4
60,80,1,0.23
60,81,1,1.0
60,87,1,0.87
60,3,0,0.62
60,9,0,0.16
60,21,0,0.29
60,43,0,0.12
60,47,0,0.35
60,51,0,0.89
60,53,0,0.94
60,57,0,0.45
60,60,0,0
60,79,0,0.72
60,85,0,0.82
60,88,0,0.5
60,2,17,0.09
60,4,17,0.38
60,6,17,0.74
60,8,17,0.87
60,34,17,0.69
60,48,17,0.77
60,50,17,0.16
60,60,17,0
60,63,17,0.73
60,66,17,0.91
60,72,17,0.22
60,74,17,0.81
60,79,17,0.13
60,83,17,0.14
60,90,17,0.1
60,91,17,0.56
60,97,17,0.98
61,3,8,0.49
61,8,8,0.66
61,11,8,0.66
61,15,8,0.24
61,24,8,0.8
61,25,8,0.34
61,29,8,0.65
61,30,8,0.58
61,34,8,0.35
61,47,8,0.87
61,56,8,0.14
61,61,8,0
61,62,8,0.81
61,64,8,0.26
61,70,8,0.41
61,76,8,0.91
61,80,8,0.8
61,89,8,0.11
61,93,8,0.55
61,0,9,0.94
61,7,9,0.69
61,11,9,0.67
61,28,9,0.85
61,30,9,0.11
61,31,9,0.43
61,34,9,0.24
61,46,9,0.04
61,54,9,0.29
61,57,9,0.66
61,58,9,0.39
61,61,9,0
61,63,9,0.93
61,87,9,0.46
61,94,9,0.65
61,12,2,0.25
61,15,2,0.78
61,16,2,0.7
61,32,2,0.69
61,33,2,0.81
61,48,2,0.82
61,49,2,0.9
61,57,2,0.48
61,58,2,0.12
61,61,2,0
61,62,2,0.39
61,66,2,0.15
61,88,2,0.58
61,92,2,0.12
61,98,2,0.86
61,99,2,0.25
61,0,13,0.22
61,4,13,0.97
61,14,13,0.53
61,26,13,0.88
61,32,13,0.3
61,34,13,0.33
61,38,13,0.19
61,39,13,0.25
61,41,13,0.92
61,59,13,0.41
61,61,13,0
61,68,13,0.05
61,78,13,0.01
61,81,13,0.16
61,96,13,0.18
62,10,19,0.35
62,21,19,0.82
62,22,19,0.23
62,26,19,0.59
62,29,19,0.23
62,35,19,0.04
62,41,19,0.14
62,50,19,0.16
62,55,19,0.9
62,56,19,0.02
62,59,19,0.7
62,62,19,0
62,72,19,0.61
62,85,19,0.3
62,86,19,1.0
62,95,19,0.27
62,3,8,0.92
62,8,8,0.88
62,11,8,0.13
62,15,8,0.75
62,24,8,0.23
62,25,8,0.3
62,29,8,0.31
62,30,8,0.84
62,34,8,0.34
62,47,8,0.77
62,56,8,0.85
62,61,8,0.69
62,62,8,0
62,64,8,0.24
62,70,8,0.25
62,76,8,0.49
62,80,8,0.9
62,89,8,0.32
62,93,8,0.24
62,12,2,0.29
62,15,2,0.28
62,16,2,0.65
62,32,2,0.75
62,33,2,0.65
62,48,2,0.24
62,49,2,0.89
62,57,2,0.06
62,58,2,0.52
62,61,2,0.66
62,62,2,0
62,66,2,0.86
62,88,2,0.9
62,92,2,0.57
62,98,2,0.95
62,99,2,0.29
63,4,6,0.98
63,18,6,0.2
63,20,6,0.46
63,22,6,0.38
63,31,6,0.09
63,35,6,0.05
63,41,6,0.39
63,49,6,0.81
63,51,6,0.99
63,53,6,0.94
63,54,6,0.42
63,55,6,0.11
63,63,6,0
63,65,6,0.45
63,67,6,0.46
63,77,6,0.13
63,91,6,0.18
63,2,17,0.64
63,4,17,0.08
63,6,17,0.68
63,8,17,0.62
63,34,17,0.81
63,48,17,0.2
63,50,17,0.44
63,60,17,0.19
63,63,17,0
63,66,17,0.52
63,72,17,0.47
63,74,17,0.91
63,79,17,0.36
63,83,17,0.97
63,90,17,0.29
63,91,17,0.58
63,97,17,0.37
63,0,9,0.6
63,7,9,0.63
63,11,9,0.23
63,28,9,0.83
63,30,9,0.67
63,31,9,0.23
63,34,9,0.65
63,46,9,0.61
63,54,9,0.98
63,57,9,0.95
63,58,9,0.78
63,61,9,0.68
63,63,9,0
63,87,9,0.8
63,94,9,0.78
64,7,7,0.32
64,12,7,0.31
64,21,7,0.92
64,23,7,0.08
64,24,7,0.37
64,28,7,0.2
64,38,7,0.27
64,39,7,0.31
64,42,7,0.11
64,53,7,0.59
64,64,7,0
64,3,8,0.53
64,8,8,0.77
64,11,8,0.31
64,15,8,1.0
64,24,8,0.47
64,25,8,0.7
64,29,8,0.88
64,30,8,0.11
64,34,8,0.8
64,47,8,0.11
64,56,8,0.46
64,61,8,0.47
64,62,8,1.0
64,64,8,0
64,70,8,0.19
64,76,8,0.88
64,80,8,0.58
64,89,8,0.18
64,93,8,0.65
65,4,6,0.18
65,18,6,0.17
65,20,6,0.07
65,22,6,0.68
65,31,6,0.79
65,35,6,0.64
65,41,6,0.76
65,49,6,0.92
65,51,6,0.56
65,53,6,0.32
65,54,6,0.09
65,55,6,0.72
65,63,6,0.89
65,65,6,0
65,67,6,0.79
65,77,6,0.1
65,91,6,0.13
65,1,11,0.93
65,4,11,0.91
65,7,11,0.02
65,8,11,0.8
65,19,11,0.76
65,26,11,0.16
65,27,11,0.73
65,45,11,0.59
65,58,11,0.98
65,65,11,0
65,71,11,0.09
65,73,11,0.11
65,77,11,0.55
65,81,11,0.24
65,84,11,0.13
65,86,11,0.97
65,89,11,0.21
65,92,11,0.21
65,93,11,0.16
65,9,16,0.06
65,13,16,0.1
65,14,16,0.84
65,21,16,0.52
65,22,16,0.25
65,25,16,0.88
65,45,16,0.52
65,59,16,0.39
65,65,16,0
65,75,16,0.72
65,88,16,0.55
65,90,16,0.42
65,98,16,0.13
65,3,3,0.71
65,6,3,0.09
65,13,3,0.75
65,38,3,0.4
65,41,3,0.29
65,44,3,0.25
65,46,3,0.84
65,47,3,0.91
65,53,3,0.6
65,65,3,0
65,68,3,0.09
65,82,3,0.98
65,84,3,0.45
65,85,3,0.38
65,96,3,0.91
66,2,17,0.33
66,4,17,0.19
66,6,17,0.81
66,8,17,0.05
66,34,17,0.84
66,48,17,0.27
66,50,17,0.86
66,60,17,0.56
66,63,17,0.23
66,66,17,0
66,72,17,0.06
66,74,17,0.56
66,79,17,0.18
66,83,17,0.12
66,90,17,0.81
66,91,17,0.34
66,97,17,0.95
66,12,2,0.85
66,15,2,0.62
66,16,2,0.29
66,32,2,0.45
66,33,2,0.8
66,48,2,0.94
66,49,2,0.63
66,57,2,0.38
66,58,2,0.82
66,61,2,0.52
66,62,2,0.48
66,66,2,0
66,88,2,0.63
66,92,2,0.78
66,98,2,0.95
66,99,2,0.2
66,11,18,0.88
66,20,18,0.49
66,37,18,0.83
66,51,18,0.1
66,57,18,0.8
66,60,18,0.8
66,66,18,0
66,75,18,0.39
66,79,18,0.29
66,82,18,0.77
66,84,18,0.08
66,94,18,0.5
66,95,18,0.88
66,98,18,0.55
67,5,5,0.71
67,19,5,0.73
67,36,5,0.79
67,42,5,0.21
67,43,5,0.47
67,51,5,0.9
67,67,5,0
67,71,5,0.6
67,72,5,0.72
67,77,5,0.41
67,79,5,0.62
67,86,5,0.48
67,99,5,0.69
67,4,6,0.6
67,18,6,0.29
67,20,6,0.83
67,22,6,0.72
67,31,6,0.92
67,35,6,0.88
67,41,6,0.79
67,49,6,0.86
67,51,6,0.16
67,53,6,0.94
67,54,6,0.63
67,55,6,0.47
67,63,6,0.18
67,65,6,0.41
67,67,6,0
67,77,6,0.42
67,91,6,0.84
68,10,1,0.59
68,27,1,0.39
68,30,1,0.89
68,35,1,0.33
68,39,1,0.25
68,40,1,0.13
68,60,1,0.85
68,68,1,0
68,70,1,0.76
68,73,1,0.59
68,76,1,0.7
68,80,1,0.06
68,81,1,0.92
68,87,1,0.19
68,0,13,0.2
68,4,13,0.19
68,14,13,0.48
68,26,13,0.74
68,32,13,0.15
68,34,13,0.49
68,38,13,0.18
68,39,13,0.26
68,41,13,0.38
68,59,13,0.13
68,61,13,0.55
68,68,13,0
68,78,13,0.88
68,81,13,0.52
68,96,13,0.64
68,3,3,0.59
68,6,3,0.0
68,13,3,0.88
68,38,3,0.93
68,41,3,0.55
68,44,3,0.15
68,46,3,0.14
68,47,3,0.1
68,53,3,0.58
68,65,3,0.53
68,68,3,0
68,82,3,0.31
68,84,3,0.04
68,85,3,0.18
68,96,3,0.35
69,0,14,0.53
69,5,14,0.57
69,13,14,0.0
69,18,14,0.55
69,24,14,0.17
69,31,14,0.11
69,33,14,0.52
69,44,14,0.56
69,47,14,0.33
69,69,14,0
69,76,14,0.63
69,78,14,0.25
69,87,14,0.48
69,95,14,0.73
69,99,14,0.75
69,3,12,0.54
69,9,12,0.7
69,36,12,0.27
69,39,12,0.08
69,52,12,0.84
69,69,12,0
69,70,12,0.6
69,73,12,0.92
69,74,12,0.36
69,83,12,0.18
69,86,12,0.12
69,88,12,0.28
69,92,12,0.74
69,94,12,0.89
70,3,12,0.6
70,9,12,0.17
70,36,12,0.02
70,39,12,0.56
70,52,12,0.05
70,69,12,0.43
70,70,12,0
70,73,12,0.63
70,74,12,0.09
70,83,12,0.83
70,86,12,0.32
70,88,12,0.91
70,92,12,0.2
70,94,12,0.38
70,13,4,0.55
70,14,4,0.23
70,15,4,0.87
70,17,4,1.0
70,23,4,0.27
70,26,4,0.38
70,38,4,0.66
70,40,4,0.29
70,50,4,0.51
70,55,4,0.09
70,70,4,0
70,80,4,0.27
70,93,4,0.72
70,94,4,0.03
70,10,1,0.79
70,27,1,0.08
70,30,1,0.2
70,35,1,0.82
70,39,1,0.88
70,40,1,0.11
70,60,1,0.71
70,68,1,0.82
70,70,1,0
70,73,1,0.7
70,76,1,0.1
70,80,1,0.56
70,81,1,0.69
70,87,1,0.38
70,3,8,0.61
70,8,8,0.89
70,11,8,0.12
70,15,8,0.16
70,24,8,0.85
70,25,8,0.66
70,29,8,0.93
70,30,8,0.88
70,34,8,0.09
70,47,8,0.33
70,56,8,0.93
70,61,8,0.89
70,62,8,0.93
70,64,8,0.8
70,70,8,0
70,76,8,0.11
70,80,8,0.42
70,89,8,0.28
70,93,8,0.76
71,5,5,0.21
71,19,5,0.07
71,36,5,0.57
71,42,5,0.3
71,43,5,0.21
71,51,5,0.1
71,67,5,0.06
71,71,5,0
71,72,5,0.58
71,77,5,0.53
71,79,5,0.53
71,86,5,0.79
71,99,5,0.61
71,1,11,0.92
71,4,11,0.24
71,7,11,0.53
71,8,11,0.47
71,19,11,0.97
71,26,11,0.88
71,27,11,0.1
71,45,11,0.75
71,58,11,0.35
71,65,11,0.05
71,71,11,0
71,73,11,0.56
71,77,11,0.72
71,81,11,0.88
71,84,11,0.36
71,86,11,0.53
71,89,11,0.94
71,92,11,0.07
71,93,11,0.05
72,2,17,0.95
72,4,17,0.29
72,6,17,0.1
72,8,17,0.95
72,34,17,0.91
72,48,17,0.9
72,50,17,0.62
72,60,17,0.23
72,63,17,0.83
72,66,17,0.46
72,72,17,0
72,74,17,0.28
72,79,17,0.21
72,83,17,0.54
72,90,17,0.66
72,91,17,0.39
72,97,17,0.07
72,10,19,0.73
72,21,19,0.27
72,22,19,0.1
72,26,19,0.35
72,29,19,0.89
72,35,19,0.94
72,41,19,0.84
72,50,19,0.55
72,55,19,0.55
72,56,19,0.98
72,59,19,0.45
72,62,19,0.12
72,72,19,0
72,85,19,0.87
72,86,19,0.89
72,95,19,0.09
72,5,5,0.23
72,19,5,0.42
72,36,5,0.57
72,42,5,0.67
72,43,5,0.25
72,51,5,0.43
72,67,5,0.44
72,71,5,0.63
72,72,5,0
72,77,5,0.08
72,79,5,0.71
72,86,5,0.61
72,99,5,0.23
73,10,1,0.97
73,27,1,0.7
73,30,1,0.96
73,35,1,0.86
73,39,1,0.83
73,40,1,0.28
73,60,1,0.59
73,68,1,0.32
73,70,1,0.94
73,73,1,0
73,76,1,0.64
73,80,1,0.22
73,81,1,0.22
73,87,1,0.94
73,3,12,0.16
73,9,12,0.98
73,36,12,0.6
73,39,12,0.73
73,52,12,0.4
73,69,12,0.68
73,70,12,0.97
73,73,12,0
73,74,12,0.19
73,83,12,0.0
73,86,12,0.26
73,88,12,0.29
73,92,12,0.46
73,94,12,0.6
73,1,11,0.6
73,4,11,0.13
73,7,11,0.93
73,8,11,0.52
73,19,11,0.35
73,26,11,0.11
73,27,11,0.86
73,45,11,0.58
73,58,11,0.4
73,65,11,0.56
73,71,11,0.18
73,73,11,0
73,77,11,0.78
73,81,11,0.19
73,84,11,0.84
73,86,11,0.43
73,89,11,0.89
73,92,11,0.25
73,93,11,0.4
74,3,12,0.53
74,9,12,0.21
74,36,12,0.37
74,39,12,0.33
74,52,12,0.22
74,69,12,0.61
74,70,12,0.55
74,73,12,0.76
74,74,12,0
74,83,12,0.06
74,86,12,0.43
74,88,12,0.14
74,92,12,0.43
74,94,12,0.03
74,2,17,0.13
74,4,17,0.18
74,6,17,0.43
74,8,17,0.96
74,34,17,0.83
74,48,17,0.51
74,50,17,0.31
74,60,17,0.43
74,63,17,0.2
74,66,17,0.32
74,72,17,0.5
74,74,17,0
74,79,17,0.58
74,83,17,0.35
74,90,17,0.16
74,91,17,0.18
74,97,17,0.28
74,2,15,0.77
74,17,15,0.73
74,24,15,0.41
74,28,15,0.77
74,44,15,0.54
74,50,15,0.4
74,52,15,0.96
74,56,15,0.66
74,59,15,0.78
74,74,15,0
74,75,15,0.39
74,77,15,0.77
74,83,15,0.55
74,89,15,0.13
74,97,15,0.05
75,2,15,0.75
75,17,15,0.03
75,24,15,0.84
75,28,15,0.64
75,44,15,0.52
75,50,15,0.74
75,52,15,0.8
75,56,15,0.62
75,59,15,0.1
75,74,15,0.93
75,75,15,0
75,77,15,0.15
75,83,15,0.15
75,89,15,0.42
75,97,15,0.26
75,9,16,0.69
75,13,16,0.63
75,14,16,0.73
75,21,16,0.9
75,22,16,0.68
75,25,16,0.26
75,45,16,0.01
75,59,16,0.82
75,65,16,0.91
75,75,16,0
75,88,16,0.55
75,90,16,0.71
75,98,16,0.59
75,11,18,0.64
75,20,18,0.59
75,37,18,0.51
75,51,18,0.04
75,57,18,0.92
75,60,18,0.12
75,66,18,0.18
75,75,18,0
75,79,18,0.5
75,82,18,0.16
75,84,18,0.37
75,94,18,0.61
75,95,18,0.52
75,98,18,0.68
76,0,14,0.15
76,5,14,0.82
76,13,14,0.22
76,18,14,0.32
76,24,14,0.01
76,31,14,0.35
76,33,14,0.34
76,44,14,0.91
76,47,14,0.4
76,69,14,0.67
76,76,14,0
76,78,14,0.24
76,87,14,0.77
76,95,14,0.51
76,99,14,0.42
76,10,1,0.14
76,27,1,0.44
76,30,1,0.26
76,35,1,0.59
76,39,1,0.91
76,40,1,0.92
76,60,1,0.26
76,68,1,0.96
76,70,1,0.87
76,73,1,0.85
76,76,1,0
76,80,1,0.5
76,81,1,0.67
76,87,1,0.26
76,3,8,0.09
76,8,8,0.76
76,11,8,0.59
76,15,8,0.06
76,24,8,0.57
76,25,8,0.01
76,29,8,0.63
76,30,8,0.79
76,34,8,0.33
76,47,8,0.8
76,56,8,0.75
76,61,8,0.9
76,62,8,0.04
76,64,8,0.7
76,70,8,0.54
76,76,8,0
76,80,8,0.32
76,89,8,0.48
76,93,8,0.36
77,4,6,0.33
77,18,6,0.71
77,20,6,0.04
77,22,6,0.79
77,31,6,0.37
77,35,6,0.73
77,41,6,0.4
77,49,6,0.72
77,51,6,0.38
77,53,6,0.08
77,54,6,0.98
77,55,6,0.52
77,63,6,0.51
77,65,6,0.3
77,67,6,0.31
77,77,6,0
77,91,6,0.91
77,2,15,0.09
77,17,15,0.38
77,24,15,0.41
77,28,15,0.79
77,44,15,0.67
77,50,15,0.18
77,52,15,0.43
77,56,15,0.05
77,59,15,0.37
77,74,15,0.58
77,75,15,0.14
77,77,15,0
77,83,15,0.72
77,89,15,0.19
77,97,15,0.59
77,5,5,0.14
77,19,5,0.31
77,36,5,0.92
77,42,5,0.63
77,43,5,0.84
77,51,5,0.54
77,67,5,0.21
77,71,5,0.0
77,72,5,0.5
77,77,5,0
77,79,5,0.41
77,86,5,0.68
77,99,5,0.9
77,1,11,0.67
77,4,11,0.09
77,7,11,0.73
77,8,11,0.87
77,19,11,0.23
77,26,11,0.27
77,27,11,0.04
77,45,11,0.53
77,58,11,0.29
77,65,11,0.77
77,71,11,0.71
77,73,11,0.21
77,77,11,0
77,81,11,0.74
77,84,11,0.1
77,86,11,0.45
77,89,11,0.84
77,92,11,0.08
77,93,11,0.54
78,0,14,0.6
78,5,14,0.61
78,13,14,0.25
78,18,14,0.34
78,24,14,0.04
78,31,14,0.38
78,33,14,0.43
78,44,14,0.82
78,47,14,0.59
78,69,14,0.83
78,76,14,0.67
78,78,14,0
78,87,14,0.56
78,95,14,0.26
78,99,14,0.99
78,1,10,0.72
78,14,10,0.07
78,15,10,0.46
78,16,10,0.31
78,28,10,0.63
78,30,10,0.9
78,35,10,0.31
78,36,10,0.06
78,37,10,0.57
78,58,10,0.22
78,78,10,0
78,87,10,0.79
78,91,10,0.95
78,92,10,0.34
78,0,13,0.75
78,4,13,0.54
78,14,13,0.61
78,26,13,0.07
78,32,13,0.93
78,34,13,0.48
78,38,13,0.43
78,39,13,0.99
78,41,13,0.09
78,59,13,0.93
78,61,13,0.44
78,68,13,0.69
78,78,13,0
78,81,13,0.47
78,96,13,0.32
79,3,0,0.28
79,9,0,0.68
79,21,0,0.9
79,43,0,0.54
79,47,0,0.2
79,51,0,0.01
79,53,0,0.12
79,57,0,0.93
79,60,0,0.69
79,79,0,0
79,85,0,0.27
79,88,0,0.17
79,11,18,0.82
79,20,18,0.06
79,37,18,0.03
79,51,18,0.36
79,57,18,0.91
79,60,18,0.83
79,66,18,0.26
79,75,18,0.02
79,79,18,0
79,82,18,0.81
79,84,18,0.58
79,94,18,0.94
79,95,18,0.79
79,98,18,0.82
79,2,17,0.32
79,4,17,0.62
79,6,17,0.62
79,8,17,0.86
79,34,17,0.37
79,48,17,0.33
79,50,17,0.38
79,60,17,0.68
79,63,17,0.62
79,66,17,0.07
79,72,17,0.66
79,74,17,0.7
79,79,17,0
79,83,17,0.52
79,90,17,0.57
79,91,17,0.72
79,97,17,0.11
79,5,5,0.99
79,19,5,0.59
79,36,5,0.39
79,42,5,0.15
79,43,5,0.58
79,51,5,0.59
79,67,5,0.08
79,71,5,0.85
79,72,5,0.1
79,77,5,0.93
79,79,5,0
79,86,5,0.88
79,99,5,0.42
80,13,4,0.12
80,14,4,0.72
80,15,4,0.4
80,17,4,0.96
80,23,4,0.03
80,26,4,0.97
80,38,4,0.89
80,40,4,0.27
80,50,4,0.02
80,55,4,0.79
80,70,4,0.72
80,80,4,0
80,93,4,0.34
80,94,4,0.73
80,3,8,0.11
80,8,8,1.0
80,11,8,0.36
80,15,8,0.27
80,24,8,0.59
80,25,8,0.59
80,29,8,0.07
80,30,8,0.74
80,34,8,0.81
80,47,8,0.61
80,56,8,0.75
80,61,8,0.33
80,62,8,0.86
80,64,8,0.47
80,70,8,0.8
80,76,8,0.45
80,80,8,0
80,89,8,0.08
80,93,8,0.12
80,10,1,0.48
80,27,1,0.37
80,30,1,0.98
80,35,1,0.38
80,39,1,0.64
80,40,1,0.29
80,60,1,0.75
80,68,1,0.47
80,70,1,0.79
80,73,1,0.78
80,76,1,0.72
80,80,1,0
80,81,1,0.69
80,87,1,0.5
81,0,13,0.8
81,4,13,0.4
81,14,13,0.85
81,26,13,0.38
81,32,13,0.12
81,34,13,0.01
81,38,13,0.85
81,39,13,0.43
81,41,13,0.21
81,59,13,0.31
81,61,13,0.81
81,68,13,0.85
81,78,13,0.59
81,81,13,0
81,96,13,0.02
81,10,1,0.22
81,27,1,0.2
81,30,1,0.97
81,35,1,0.87
81,39,1,0.46
81,40,1,0.21
81,60,1,0.04
81,68,1,0.97
81,70,1,0.32
81,73,1,0.37
81,76,1,0.55
81,80,1,0.78
81,81,1,0
81,87,1,0.18
81,1,11,0.04
81,4,11,0.05
81,7,11,0.44
81,8,11,0.82
81,19,11,0.98
81,26,11,0.57
81,27,11,0.09
81,45,11,0.71
81,58,11,0.92
81,65,11,0.66
81,71,11,0.54
81,73,11,0.97
81,77,11,0.92
81,81,11,0
81,84,11,0.65
81,86,11,0.24
81,89,11,0.85
81,92,11,0.88
81,93,11,0.04
82,11,18,0.53
82,20,18,0.9
82,37,18,0.6
82,51,18,0.67
82,57,18,0.3
82,60,18,0.51
82,66,18,0.96
82,75,18,0.92
82,79,18,0.75
82,82,18,0
82,84,18,0.8
82,94,18,0.48
82,95,18,0.6
82,98,18,0.0
82,3,3,0.14
82,6,3,0.07
82,13,3,0.09
82,38,3,0.31
82,41,3,0.35
82,44,3,0.49
82,46,3,0.06
82,47,3,0.8
82,53,3,0.56
82,65,3,0.7
82,68,3,0.15
82,82,3,0
82,84,3,0.03
82,85,3,0.54
82,96,3,1.0
83,3,12,0.63
83,9,12,0.09
83,36,12,0.51
83,39,12,0.4
83,52,12,0.93
83,69,12,0.61
83,70,12,0.6
83,73,12,0.07
83,74,12,0.12
83,83,12,0
83,86,12,0.45
83,88,12,0.26
83,92,12,0.56
83,94,12,0.96
83,2,15,0.18
83,17,15,1.0
83,24,15,0.43
83,28,15,0.59
83,44,15,0.54
83,50,15,0.52
83,52,15,0.3
83,56,15,0.74
83,59,15,0.94
83,74,15,0.65
83,75,15,0.18
83,77,15,0.83
83,83,15,0
83,89,15,0.6
83,97,15,0.81
83,2,17,0.25
83,4,17,0.15
83,6,17,0.38
83,8,17,0.06
83,34,17,0.24
83,48,17,0.63
83,50,17,0.81
83,60,17,0.3
83,63,17,0.98
83,66,17,0.05
83,72,17,0.19
83,74,17,0.57
83,79,17,0.05
83,83,17,0
83,90,17,0.74
83,91,17,0.22
83,97,17,0.98
84,3,3,0.57
84,6,3,0.77
84,13,3,0.71
84,38,3,0.83
84,41,3,0.87
84,44,3,0.96
84,46,3,0.71
84,47,3,0.79
84,53,3,0.79
84,65,3,0.03
84,68,3,0.32
84,82,3,0.86
84,84,3,0
84,85,3,0.09
84,96,3,0.5
84,1,11,0.66
84,4,11,0.7
84,7,11,0.27
84,8,11,0.27
84,19,11,0.93
84,26,11,0.69
84,27,11,0.44
84,45,11,0.83
84,58,11,0.31
84,65,11,0.21
84,71,11,0.91
84,73,11,0.06
84,77,11,0.52
84,81,11,0.9
84,84,11,0
84,86,11,0.27
84,89,11,0.39
84,92,11,0.92
84,93,11,0.1
84,11,18,0.28
84,20,18,0.76
84,37,18,0.27
84,51,18,0.39
84,57,18,0.7
84,60,18,0.96
84,66,18,0.39
84,75,18,0.7
84,79,18,0.28
84,82,18,0.0
84,84,18,0
84,94,18,0.6
84,95,18,0.14
84,98,18,0.42
85,3,3,0.05
85,6,3,0.74
85,13,3,0.57
85,38,3,0.82
85,41,3,0.03
85,44,3,0.69
85,46,3,0.88
85,47,3,0.83
85,53,3,0.56
85,65,3,0.19
85,68,3,0.47
85,82,3,0.0
85,84,3,0.2
85,85,3,0
85,96,3,0.76
85,3,0,0.52
85,9,0,0.99
85,21,0,0.57
85,43,0,0.63
85,47,0,0.13
85,51,0,0.37
85,53,0,0.29
85,57,0,0.33
85,60,0,0.87
85,79,0,0.91
85,85,0,0
85,88,0,0.0
85,10,19,0.9
85,21,19,0.16
85,22,19,0.21
85,26,19,0.81
85,29,19,0.17
85,35,19,0.71
85,41,19,0.64
85,50,19,0.4
85,55,19,0.06
85,56,19,0.7
85,59,19,0.05
85,62,19,0.93
85,72,19,0.26
85,85,19,0
85,86,19,0.82
85,95,19,0.4
86,1,11,0.43
86,4,11,0.93
86,7,11,0.9
86,8,11,0.49
86,19,11,0.23
86,26,11,0.69
86,27,11,0.76
86,45,11,0.97
86,58,11,0.1
86,65,11,0.22
86,71,11,0.66
86,73,11,0.06
86,77,11,0.5
86,81,11,0.09
86,84,11,0.6
86,86,11,0
86,89,11,0.12
86,92,11,0.26
86,93,11,0.73
86,5,5,0.34
86,19,5,0.41
86,36,5,0.96
86,42,5,0.93
86,43,5,0.13
86,51,5,0.14
86,67,5,0.26
86,71,5,0.67
86,72,5,0.85
86,77,5,0.65
86,79,5,0.43
86,86,5,0
86,99,5,0.69
86,3,12,0.85
86,9,12,0.91
86,36,12,0.64
86,39,12,0.86
86,52,12,0.39
86,69,12,0.2
86,70,12,0.82
86,73,12,0.78
86,74,12,0.72
86,83,12,0.63
86,86,12,0
86,88,12,0.57
86,92,12,0.7
86,94,12,0.07
86,10,19,0.95
86,21,19,0.34
86,22,19,0.79
86,26,19,0.66
86,29,19,0.63
86,35,19,0.27
86,41,19,1.0
86,50,19,0.89
86,55,19,0.92
86,56,19,0.18
86,59,19,0.14
86,62,19,0.31
86,72,19,0.97
86,85,19,0.35
86,86,19,0
86,95,19,0.44
87,0,14,0.79
87,5,14,0.89
87,13,14,0.45
87,18,14,0.25
87,24,14,0.64
87,31,14,0.5
87,33,14,0.4
87,44,14,0.17
87,47,14,0.44
87,69,14,0.84
87,76,14,0.04
87,78,14,0.05
87,87,14,0
87,95,14,0.64
87,99,14,0.54
87,1,10,0.53
87,14,10,0.22
87,15,10,0.94
87,16,10,0.15
87,28,10,0.11
87,30,10,0.47
87,35,10,0.86
87,36,10,0.54
87,37,10,0.48
87,58,10,0.82
87,78,10,0.06
87,87,10,0
87,91,10,0.81
87,92,10,0.56
87,0,9,0.84
87,7,9,0.83
87,11,9,0.46
87,28,9,0.05
87,30,9,0.64
87,31,9,0.71
87,34,9,0.99
87,46,9,0.18
87,54,9,0.8
87,57,9,0.5
87,58,9,0.5
87,61,9,0.95
87,63,9,0.1
87,87,9,0
87,94,9,0.63
87,10,1,0.53
87,27,1,0.29
87,30,1,0.1
87,35,1,0.88
87,39,1,0.83
87,40,1,0.97
87,60,1,0.83
87,68,1,0.95
87,70,1,0.6
87,73,1,0.42
87,76,1,0.24
87,80,1,0.19
87,81,1,0.21
87,87,1,0
88,3,12,0.25
88,9,12,0.52
88,36,12,0.29
88,39,12,0.12
88,52,12,0.3
88,69,12,0.85
88,70,12,0.01
88,73,12,0.53
88,74,12,0.53
88,83,12,0.95
88,86,12,0.08
88,88,12,0
88,92,12,0.33
88,94,12,0.92
88,9,16,0.7
88,13,16,0.16
88,14,16,0.78
88,21,16,0.19
88,22,16,0.49
88,25,16,0.02
88,45,16,0.55
88,59,16,0.88
88,65,16,0.53
88,75,16,0.4
88,88,16,0
88,90,16,0.36
88,98,16,0.36
88,12,2,0.77
88,15,2,0.09
88,16,2,0.8
88,32,2,0.24
88,33,2,0.6
88,48,2,0.83
88,49,2,0.66
88,57,2,0.82
88,58,2,0.18
88,61,2,0.53
88,62,2,0.09
88,66,2,0.14
88,88,2,0
88,92,2,0.33
88,98,2,0.32
88,99,2,0.79
88,3,0,0.38
88,9,0,0.7
88,21,0,0.14
88,43,0,0.09
88,47,0,0.67
88,51,0,0.1
88,53,0,0.27
88,57,0,0.25
88,60,0,0.28
88,79,0,0.36
88,85,0,0.38
88,88,0,0
89,2,15,0.11
89,17,15,0.78
89,24,15,0.55
89,28,15,0.01
89,44,15,0.64
89,50,15,0.49
89,52,15,0.86
89,56,15,0.6
89,59,15,0.76
89,74,15,0.17
89,75,15,0.76
89,77,15,0.59
89,83,15,0.29
89,89,15,0
89,97,15,0.52
89,3,8,0.05
89,8,8,0.02
89,11,8,0.65
89,15,8,0.99
89,24,8,0.45
89,25,8,0.52
89,29,8,0.57
89,30,8,0.72
89,34,8,0.85
89,47,8,0.03
89,56,8,0.09
89,61,8,0.27
89,62,8,0.06
89,64,8,0.1
89,70,8,0.16
89,76,8,0.37
89,80,8,0.28
89,89,8,0
89,93,8,0.01
89,1,11,0.78
89,4,11,0.82
89,7,11,1.0
89,8,11,0.23
89,19,11,0.34
89,26,11,0.01
89,27,11,0.09
89,45,11,0.23
89,58,11,0.49
89,65,11,0.81
89,71,11,0.55
89,73,11,0.86
89,77,11,0.93
89,81,11,0.53
89,84,11,0.07
89,86,11,0.04
89,89,11,0
89,92,11,0.88
89,93,11,0.09
90,9,16,0.25
90,13,16,0.95
90,14,16,0.39
90,21,16,0.24
90,22,16,0.11
90,25,16,0.81
90,45,16,0.26
90,59,16,0.14
90,65,16,0.72
90,75,16,0.54
90,88,16,0.24
90,90,16,0
90,98,16,0.38
90,2,17,0.94
90,4,17,0.44
90,6,17,0.78
90,8,17,0.77
90,34,17,0.71
90,48,17,0.69
90,50,17,0.39
90,60,17,0.91
90,63,17,0.92
90,66,17,0.0
90,72,17,0.1
90,74,17,0.02
90,79,17,0.99
90,83,17,0.14
90,90,17,0
90,91,17,0.52
90,97,17,0.83
91,1,10,0.15
91,14,10,0.76
91,15,10,0.79
91,16,10,0.41
91,28,10,0.74
91,30,10,0.7
91,35,10,0.96
91,36,10,0.55
91,37,10,0.08
91,58,10,0.86
91,78,10,0.26
91,87,10,0.1
91,91,10,0
91,92,10,0.81
91,4,6,0.16
91,18,6,0.53
91,20,6,0.4
91,22,6,0.58
91,31,6,0.85
91,35,6,0.66
91,41,6,0.82
91,49,6,0.73
91,51,6,0.09
91,53,6,0.22
91,54,6,0.06
91,55,6,0.35
91,63,6,0.94
91,65,6,0.8
91,67,6,0.01
91,77,6,0.4
91,91,6,0
91,2,17,0.06
91,4,17,0.71
91,6,17,0.31
91,8,17,0.34
91,34,17,0.63
91,48,17,0.48
91,50,17,0.64
91,60,17,0.42
91,63,17,0.26
91,66,17,0.16
91,72,17,1.0
91,74,17,0.85
91,79,17,0.59
91,83,17,0.38
91,90,17,0.84
91,91,17,0
91,97,17,0.3
92,1,10,0.49
92,14,10,0.85
92,15,10,0.56
92,16,10,0.54
92,28,10,0.18
92,30,10,0.06
92,35,10,0.3
92,36,10,0.22
92,37,10,0.33
92,58,10,0.06
92,78,10,0.93
92,87,10,0.42
92,91,10,0.48
92,92,10,0
92,1,11,0.12
92,4,11,0.46
92,7,11,0.04
92,8,11,0.35
92,19,11,0.03
92,26,11,0.49
92,27,11,0.17
92,45,11,0.34
92,58,11,0.96
92,65,11,0.13
92,71,11,0.4
92,73,11,0.78
92,77,11,0.6
92,81,11,0.76
92,84,11,0.02
92,86,11,0.09
92,89,11,0.31
92,92,11,0
92,93,11,0.36
92,12,2,0.76
92,15,2,0.93
92,16,2,0.61
92,32,2,0.06
92,33,2,0.52
92,48,2,0.07
92,49,2,0.39
92,57,2,0.16
92,58,2,0.88
92,61,2,0.78
92,62,2,0.06
92,66,2,0.69
92,88,2,0.62
92,92,2,0
92,98,2,0.18
92,99,2,0.98
92,3,12,0.96
92,9,12,0.39
92,36,12,0.56
92,39,12,0.32
92,52,12,0.63
92,69,12,0.14
92,70,12,0.74
92,73,12,0.02
92,74,12,0.46
92,83,12,0.1
92,86,12,0.76
92,88,12,0.92
92,92,12,0
92,94,12,0.83
93,13,4,0.74
93,14,4,0.25
93,15,4,0.98
93,17,4,0.39
93,23,4,0.68
93,26,4,0.81
93,38,4,0.87
93,40,4,0.15
93,50,4,0.16
93,55,4,0.12
93,70,4,0.37
93,80,4,0.05
93,93,4,0
93,94,4,0.2
93,1,11,0.97
93,4,11,0.26
93,7,11,0.14
93,8,11,0.1
93,19,11,0.96
93,26,11,0.66
93,27,11,0.38
93,45,11,0.27
93,58,11,0.64
93,65,11,0.68
93,71,11,0.64
93,73,11,0.02
93,77,11,0.28
93,81,11,0.71
93,84,11,0.99
93,86,11,0.78
93,89,11,0.14
93,92,11,0.71
93,93,11,0
93,3,8,0.39
93,8,8,0.0
93,11,8,0.77
93,15,8,0.04
93,24,8,0.88
93,25,8,0.66
93,29,8,0.93
93,30,8,0.65
93,34,8,0.32
93,47,8,0.99
93,56,8,0.08
93,61,8,0.62
93,62,8,0.96
93,64,8,0.62
93,70,8,0.37
93,76,8,0.06
93,80,8,0.09
93,89,8,0.36
93,93,8,0
94,13,4,0.26
94,14,4,0.72
94,15,4,0.69
94,17,4,0.91
94,23,4,0.56
94,26,4,0.37
94,38,4,0.48
94,40,4,0.26
94,50,4,0.34
94,55,4,0.98
94,70,4,0.03
94,80,4,0.66
94,93,4,0.21
94,94,4,0
94,11,18,0.23
94,20,18,0.9
94,37,18,0.82
94,51,18,0.0
94,57,18,0.7
94,60,18,0.44
94,66,18,0.87
94,75,18,0.04
94,79,18,0.2
94,82,18,0.57
94,84,18,0.17
94,94,18,0
94,95,18,0.27
94,98,18,0.72
94,0,9,0.57
94,7,9,0.49
94,11,9,0.98
94,28,9,0.3
94,30,9,0.71
94,31,9,1.0
94,34,9,0.13
94,46,9,0.04
94,54,9,0.14
94,57,9,0.87
94,58,9,0.28
94,61,9,0.18
94,63,9,0.11
94,87,9,0.35
94,94,9,0
94,3,12,0.94
94,9,12,0.73
94,36,12,0.66
94,39,12,0.68
94,52,12,0.62
94,69,12,0.64
94,70,12,0.84
94,73,12,0.32
94,74,12,0.54
94,83,12,0.76
94,86,12,0.77
94,88,12,0.59
94,92,12,0.8
94,94,12,0
95,0,14,0.92
95,5,14,0.29
95,13,14,0.32
95,18,14,0.65
95,24,14,0.01
95,31,14,0.73
95,33,14,0.11
95,44,14,0.04
95,47,14,0.48
95,69,14,0.37
95,76,14,0.5
95,78,14,0.31
95,87,14,0.04
95,95,14,0
95,99,14,0.56
95,11,18,0.3
95,20,18,0.4
95,37,18,0.02
95,51,18,0.34
95,57,18,0.51
95,60,18,0.22
95,66,18,0.28
95,75,18,0.74
95,79,18,0.91
95,82,18,0.73
95,84,18,0.33
95,94,18,0.35
95,95,18,0
95,98,18,0.33
95,10,19,0.36
95,21,19,0.3
95,22,19,0.6
95,26,19,0.14
95,29,19,0.3
95,35,19,0.52
95,41,19,0.1
95,50,19,0.94
95,55,19,0.81
95,56,19,0.63
95,59,19,0.79
95,62,19,0.41
95,72,19,0.68
95,85,19,0.92
95,86,19,0.47
95,95,19,0
96,3,3,0.39
96,6,3,0.01
96,13,3,0.32
96,38,3,0.2
96,41,3,0.76
96,44,3,0.42
96,46,3,0.8
96,47,3,0.09
96,53,3,0.14
96,65,3,0.69
96,68,3,0.92
96,82,3,0.15
96,84,3,0.37
96,85,3,0.91
96,96,3,0
96,0,13,0.27
96,4,13,0.28
96,14,13,0.36
96,26,13,0.08
96,32,13,0.39
96,34,13,0.55
96,38,13,0.78
96,39,13,0.63
96,41,13,0.01
96,59,13,0.8
96,61,13,0.9
96,68,13,0.89
96,78,13,0.71
96,81,13,0.18
96,96,13,0
97,2,17,0.91
97,4,17,0.11
97,6,17,1.0
97,8,17,0.42
97,34,17,0.83
97,48,17,0.76
97,50,17,0.08
97,60,17,0.0
97,63,17,0.26
97,66,17,0.95
97,72,17,0.11
97,74,17,0.85
97,79,17,0.27
97,83,17,0.87
97,90,17,0.99
97,91,17,0.3
97,97,17,0
97,2,15,0.31
97,17,15,0.73
97,24,15,0.83
97,28,15,0.44
97,44,15,0.39
97,50,15,0.33
97,52,15,0.16
97,56,15,0.93
97,59,15,0.75
97,74,15,0.62
97,75,15,0.77
97,77,15,0.85
97,83,15,0.53
97,89,15,0.29
97,97,15,0
98,11,18,0.85
98,20,18,0.35
98,37,18,0.72
98,51,18,0.3
98,57,18,0.55
98,60,18,0.86
98,66,18,0.59
98,75,18,0.15
98,79,18,0.93
98,82,18,0.05
98,84,18,0.52
98,94,18,0.17
98,95,18,0.16
98,98,18,0
98,9,16,0.64
98,13,16,0.19
98,14,16,0.3
98,21,16,0.0
98,22,16,0.97
98,25,16,0.15
98,45,16,0.5
98,59,16,0.12
98,65,16,0.19
98,75,16,0.5
98,88,16,0.95
98,90,16,0.02
98,98,16,0
98,12,2,0.65
98,15,2,0.26
98,16,2,0.37
98,32,2,0.73
98,33,2,0.35
98,48,2,0.47
98,49,2,0.64
98,57,2,0.21
98,58,2,0.5
98,61,2,0.57
98,62,2,0.11
98,66,2,0.3
98,88,2,0.5
98,92,2,0.18
98,98,2,0
98,99,2,0.43
99,5,5,0.01
99,19,5,0.09
99,36,5,0.63
99,42,5,0.51
99,43,5,0.42
99,51,5,0.19
99,67,5,0.47
99,71,5,0.8
99,72,5,0.32
99,77,5,0.06
99,79,5,0.73
99,86,5,0.68
99,99,5,0
99,0,14,0.86
99,5,14,0.72
99,13,14,0.6
99,18,14,0.29
99,24,14,0.86
99,31,14,0.1
99,33,14,0.13
99,44,14,0.14
99,47,14,0.78
99,69,14,0.04
99,76,14,0.71
99,78,14,0.44
99,87,14,0.49
99,95,14,0.11
99,99,14,0
99,12,2,0.11
99,15,2,0.6
99,16,2,0.02
99,32,2,0.77
99,33,2,0.51
99,48,2,0.87
99,49,2,0.84
99,57,2,0.24
99,58,2,0.41
99,61,2,0.98
99,62,2,0.44
99,66,2,0.01
99,88,2,0.69
99,92,2,0.95
99,98,2,0.63
99,99,2,0