M,100,P,30,Q,100000,targetS,0.1,targetW,0.1

Resources name, resource id, current workload and max workload
R_0,0,0.74,1
R_1,1,0.8,1
R_2,2,0.69,1
R_3,3,0.72,1
R_4,4,0.77,1
R_5,5,0.79,1
R_6,6,0.76,1
R_7,7,0.79,1
R_8,8,0.76,1
R_9,9,0.73,1
R_10,10,0.65,1
R_11,11,0.64,1
R_12,12,0.78,1
R_13,13,0.61,1
R_14,14,0.75,1
R_15,15,0.78,1
R_16,16,0.76,1
R_17,17,0.75,1
R_18,18,0.61,1
R_19,19,0.76,1
R_20,20,0.72,1
R_21,21,0.8,1
R_22,22,0.62,1
R_23,23,0.68,1
R_24,24,0.63,1
R_25,25,0.65,1
R_26,26,0.74,1
R_27,27,0.63,1
R_28,28,0.61,1
R_29,29,0.69,1
R_30,30,0.61,1
R_31,31,0.63,1
R_32,32,0.64,1
R_33,33,0.72,1
R_34,34,0.8,1
R_35,35,0.75,1
R_36,36,0.78,1
R_37,37,0.62,1
R_38,38,0.78,1
R_39,39,0.79,1
R_40,40,0.75,1
R_41,41,0.68,1
R_42,42,0.65,1
R_43,43,0.6,1
R_44,44,0.67,1
R_45,45,0.66,1
R_46,46,0.64,1
R_47,47,0.67,1
R_48,48,0.79,1
R_49,49,0.74,1
R_50,50,0.67,1
R_51,51,0.79,1
R_52,52,0.8,1
R_53,53,0.71,1
R_54,54,0.62,1
R_55,55,0.6,1
R_56,56,0.78,1
R_57,57,0.75,1
R_58,58,0.69,1
R_59,59,0.74,1
R_60,60,0.75,1
R_61,61,0.66,1
R_62,62,0.72,1
R_63,63,0.72,1
R_64,64,0.65,1
R_65,65,0.69,1
R_66,66,0.73,1
R_67,67,0.75,1
R_68,68,0.77,1
R_69,69,0.7,1
R_70,70,0.74,1
R_71,71,0.65,1
R_72,72,0.63,1
R_73,73,0.62,1
R_74,74,0.73,1
R_75,75,0.8,1
R_76,76,0.65,1
R_77,77,0.61,1
R_78,78,0.74,1
R_79,79,0.77,1
R_80,80,0.66,1
R_81,81,0.71,1
R_82,82,0.63,1
R_83,83,0.7,1
R_84,84,0.61,1
R_85,85,0.67,1
R_86,86,0.74,1
R_87,87,0.78,1
R_88,88,0.64,1
R_89,89,0.64,1
R_90,90,0.74,1
R_91,91,0.73,1
R_92,92,0.73,1
R_93,93,0.73,1
R_94,94,0.68,1
R_95,95,0.64,1
R_96,96,0.62,1
R_97,97,0.65,1
R_98,98,0.7,1
R_99,99,0.73,1

Activities name, activity id, lambda, stress, resource id, priority, rifiutato
act_8,8,0.24,0.67,0,293,0
act_2,2,0.05,0.63,1,191,1
act_2,2,0.05,0.63,1,144,1
act_2,2,0.05,0.63,1,78,1
act_2,2,0.05,0.63,1,151,1
act_2,2,0.05,0.63,2,51,1
act_2,2,0.05,0.63,2,256,1
act_12,12,0.15,0.38,2,169,1
act_2,2,0.05,0.63,2,30,1
act_5,5,0.11,0.09,3,284,0
act_16,16,0.15,0.89,3,312,0
act_12,12,0.15,0.38,4,208,0
act_17,17,0.04,0.39,4,112,1
act_17,17,0.04,0.39,4,296,1
act_11,11,0.09,0.88,5,232,1
act_11,11,0.09,0.88,5,70,1
act_2,2,0.05,0.63,6,283,1
act_16,16,0.15,0.89,6,282,1
act_4,4,0.11,0.66,7,176,1
act_2,2,0.05,0.63,7,137,1
act_0,0,0.04,0.59,8,97,1
act_3,3,0.18,0.48,8,129,0
act_7,7,0.21,0.88,9,36,0
act_1,1,0.21,0.9,10,4,0
act_7,7,0.21,0.88,11,289,0
act_10,10,0.21,0.51,12,227,0
act_0,0,0.04,0.59,13,155,0
act_16,16,0.15,0.89,13,98,1
act_16,16,0.15,0.89,13,186,1
act_0,0,0.04,0.59,13,213,0
act_11,11,0.09,0.88,14,180,0
act_16,16,0.15,0.89,14,141,0
act_5,5,0.11,0.09,15,243,0
act_5,5,0.11,0.09,15,157,0
act_5,5,0.11,0.09,16,298,0
act_5,5,0.11,0.09,16,297,0
act_15,15,0.02,0.26,17,135,0
act_15,15,0.02,0.26,17,23,0
act_16,16,0.15,0.89,17,76,0
act_15,15,0.02,0.26,17,96,0
act_15,15,0.02,0.26,17,181,0
act_2,2,0.05,0.63,18,88,1
act_2,2,0.05,0.63,18,222,1
act_0,0,0.04,0.59,18,237,1
act_7,7,0.21,0.88,18,161,1
act_0,0,0.04,0.59,18,31,1
act_1,1,0.21,0.9,19,267,0
act_3,3,0.18,0.48,20,55,0
act_0,0,0.04,0.59,20,105,1
act_0,0,0.04,0.59,20,168,1
act_17,17,0.04,0.39,21,260,1
act_15,15,0.02,0.26,21,148,0
act_15,15,0.02,0.26,21,170,0
act_17,17,0.04,0.39,21,156,1
act_17,17,0.04,0.39,21,281,1
act_15,15,0.02,0.26,21,34,0
act_15,15,0.02,0.26,21,229,0
act_10,10,0.21,0.51,22,255,0
act_13,13,0.14,0.78,22,130,1
act_2,2,0.05,0.63,23,108,0
act_11,11,0.09,0.88,23,84,0
act_15,15,0.02,0.26,23,106,0
act_15,15,0.02,0.26,23,114,0
act_15,15,0.02,0.26,23,216,0
act_11,11,0.09,0.88,23,310,0
act_15,15,0.02,0.26,23,127,0
act_14,14,0.23,0.72,24,178,0
act_8,8,0.24,0.67,25,234,0
act_15,15,0.02,0.26,25,179,0
act_19,19,0.04,0.23,25,209,0
act_15,15,0.02,0.26,25,280,0
act_15,15,0.02,0.26,25,171,0
act_4,4,0.11,0.66,26,314,1
act_0,0,0.04,0.59,26,94,0
act_4,4,0.11,0.66,26,149,1
act_16,16,0.15,0.89,27,269,0
act_16,16,0.15,0.89,27,2,0
act_1,1,0.21,0.9,28,286,0
act_12,12,0.15,0.38,28,302,0
act_10,10,0.21,0.51,29,95,0
act_10,10,0.21,0.51,30,18,0
act_11,11,0.09,0.88,30,254,0
act_16,16,0.15,0.89,31,27,1
act_16,16,0.15,0.89,31,236,1
act_19,19,0.04,0.23,31,288,0
act_16,16,0.15,0.89,32,139,0
act_16,16,0.15,0.89,32,91,0
act_15,15,0.02,0.26,33,122,0
act_14,14,0.23,0.72,33,54,0
act_15,15,0.02,0.26,33,194,0
act_13,13,0.14,0.78,34,125,0
act_15,15,0.02,0.26,34,0,0
act_15,15,0.02,0.26,34,308,0
act_15,15,0.02,0.26,34,107,0
act_14,14,0.23,0.72,35,6,0
act_15,15,0.02,0.26,36,66,0
act_15,15,0.02,0.26,36,271,0
act_15,15,0.02,0.26,36,159,0
act_15,15,0.02,0.26,36,110,0
act_15,15,0.02,0.26,36,175,0
act_15,15,0.02,0.26,36,182,0
act_15,15,0.02,0.26,36,33,0
act_15,15,0.02,0.26,36,239,0
act_15,15,0.02,0.26,36,174,0
act_15,15,0.02,0.26,36,28,0
act_15,15,0.02,0.26,36,183,0
act_10,10,0.21,0.51,37,188,0
act_4,4,0.11,0.66,38,85,0
act_11,11,0.09,0.88,38,65,0
act_4,4,0.11,0.66,39,38,0
act_17,17,0.04,0.39,39,252,0
act_17,17,0.04,0.39,39,246,0
act_15,15,0.02,0.26,40,241,0
act_15,15,0.02,0.26,40,71,0
act_17,17,0.04,0.39,40,142,0
act_15,15,0.02,0.26,40,201,0
act_17,17,0.04,0.39,40,198,0
act_15,15,0.02,0.26,40,47,0
act_15,15,0.02,0.26,40,131,0
act_15,15,0.02,0.26,40,49,0
act_15,15,0.02,0.26,40,290,0
act_15,15,0.02,0.26,40,164,0
act_7,7,0.21,0.88,41,1,1
act_17,17,0.04,0.39,41,119,1
act_19,19,0.04,0.23,41,9,0
act_18,18,0.2,0.2,42,165,0
act_12,12,0.15,0.38,42,8,0
act_4,4,0.11,0.66,43,257,0
act_1,1,0.21,0.9,43,83,0
act_5,5,0.11,0.09,44,118,0
act_11,11,0.09,0.88,44,192,0
act_5,5,0.11,0.09,44,117,0
act_15,15,0.02,0.26,45,273,0
act_14,14,0.23,0.72,45,295,0
act_15,15,0.02,0.26,45,228,0
act_15,15,0.02,0.26,45,136,0
act_15,15,0.02,0.26,45,230,0
act_15,15,0.02,0.26,45,313,0
act_7,7,0.21,0.88,46,190,0
act_19,19,0.04,0.23,46,221,0
act_19,19,0.04,0.23,46,87,0
act_19,19,0.04,0.23,46,121,0
act_8,8,0.24,0.67,47,233,1
act_17,17,0.04,0.39,47,42,1
act_17,17,0.04,0.39,47,158,1
act_5,5,0.11,0.09,48,259,0
act_7,7,0.21,0.88,49,61,0
act_15,15,0.02,0.26,49,99,0
act_15,15,0.02,0.26,49,197,0
act_2,2,0.05,0.63,50,29,1
act_2,2,0.05,0.63,50,104,1
act_2,2,0.05,0.63,50,146,1
act_2,2,0.05,0.63,50,39,1
act_2,2,0.05,0.63,50,37,1
act_2,2,0.05,0.63,50,132,1
act_12,12,0.15,0.38,51,44,0
act_19,19,0.04,0.23,51,207,0
act_15,15,0.02,0.26,52,134,0
act_15,15,0.02,0.26,52,26,0
act_0,0,0.04,0.59,52,193,0
act_15,15,0.02,0.26,52,177,0
act_15,15,0.02,0.26,52,102,0
act_15,15,0.02,0.26,52,58,0
act_15,15,0.02,0.26,52,184,0
act_15,15,0.02,0.26,52,203,0
act_15,15,0.02,0.26,52,206,0
act_14,14,0.23,0.72,53,291,0
act_16,16,0.15,0.89,54,126,1
act_16,16,0.15,0.89,54,279,1
act_19,19,0.04,0.23,54,205,0
act_19,19,0.04,0.23,54,113,0
act_16,16,0.15,0.89,55,41,0
act_11,11,0.09,0.88,55,202,0
act_16,16,0.15,0.89,55,62,0
act_12,12,0.15,0.38,56,73,0
act_8,8,0.24,0.67,57,185,0
act_0,0,0.04,0.59,58,253,0
act_14,14,0.23,0.72,58,123,0
act_17,17,0.04,0.39,58,262,0
act_10,10,0.21,0.51,59,214,0
act_3,3,0.18,0.48,60,20,0
act_11,11,0.09,0.88,61,306,0
act_11,11,0.09,0.88,61,250,0
act_19,19,0.04,0.23,61,72,0
act_4,4,0.11,0.66,61,187,0
act_10,10,0.21,0.51,62,238,0
act_15,15,0.02,0.26,62,75,0
act_17,17,0.04,0.39,62,116,0
act_3,3,0.18,0.48,63,46,0
act_15,15,0.02,0.26,63,285,0
act_15,15,0.02,0.26,63,220,0
act_15,15,0.02,0.26,63,5,0
act_15,15,0.02,0.26,63,278,0
act_6,6,0.21,0.51,64,11,0
act_19,19,0.04,0.23,64,263,0
act_19,19,0.04,0.23,64,272,0
act_19,19,0.04,0.23,64,100,0
act_18,18,0.2,0.2,65,101,0
act_11,11,0.09,0.88,65,268,0
act_15,15,0.02,0.26,66,235,0
act_15,15,0.02,0.26,66,86,0
act_15,15,0.02,0.26,66,111,0
act_15,15,0.02,0.26,66,89,0
act_15,15,0.02,0.26,66,57,0
act_15,15,0.02,0.26,66,277,0
act_15,15,0.02,0.26,66,173,0
act_15,15,0.02,0.26,66,225,0
act_15,15,0.02,0.26,66,120,0
act_15,15,0.02,0.26,66,212,0
act_15,15,0.02,0.26,66,215,0
act_15,15,0.02,0.26,66,14,0
act_15,15,0.02,0.26,66,217,0
act_17,17,0.04,0.39,67,167,1
act_17,17,0.04,0.39,67,43,1
act_17,17,0.04,0.39,67,172,1
act_17,17,0.04,0.39,67,292,1
act_17,17,0.04,0.39,67,251,1
act_17,17,0.04,0.39,67,245,1
act_13,13,0.14,0.78,68,21,0
act_18,18,0.2,0.2,69,45,0
act_15,15,0.02,0.26,70,82,0
act_2,2,0.05,0.63,70,303,1
act_2,2,0.05,0.63,70,25,1
act_15,15,0.02,0.26,70,3,0
act_15,15,0.02,0.26,70,199,0
act_15,15,0.02,0.26,70,50,0
act_2,2,0.05,0.63,70,258,1
act_15,15,0.02,0.26,70,304,0
act_4,4,0.11,0.66,71,92,1
act_4,4,0.11,0.66,71,204,1
act_0,0,0.04,0.59,71,19,0
act_0,0,0.04,0.59,71,240,0
act_0,0,0.04,0.59,71,115,0
act_3,3,0.18,0.48,72,231,0
act_3,3,0.18,0.48,72,109,0
act_13,13,0.14,0.78,73,80,1
act_13,13,0.14,0.78,73,249,1
act_6,6,0.21,0.51,74,163,0
act_16,16,0.15,0.89,75,309,0
act_15,15,0.02,0.26,75,300,0
act_15,15,0.02,0.26,75,35,0
act_10,10,0.21,0.51,76,7,0
act_5,5,0.11,0.09,76,265,0
act_8,8,0.24,0.67,77,315,0
act_10,10,0.21,0.51,78,261,1
act_17,17,0.04,0.39,78,77,0
act_18,18,0.2,0.2,79,152,0
act_15,15,0.02,0.26,80,275,0
act_15,15,0.02,0.26,80,145,0
act_18,18,0.2,0.2,80,24,0
act_15,15,0.02,0.26,80,69,0
act_15,15,0.02,0.26,80,162,0
act_15,15,0.02,0.26,80,224,0
act_15,15,0.02,0.26,80,68,0
act_15,15,0.02,0.26,80,311,0
act_1,1,0.21,0.9,81,10,0
act_6,6,0.21,0.51,82,74,0
act_12,12,0.15,0.38,83,270,1
act_12,12,0.15,0.38,83,32,1
act_17,17,0.04,0.39,84,223,0
act_11,11,0.09,0.88,84,103,1
act_11,11,0.09,0.88,84,22,1
act_11,11,0.09,0.88,84,16,1
act_17,17,0.04,0.39,84,247,0
act_17,17,0.04,0.39,84,147,0
act_6,6,0.21,0.51,85,210,0
act_0,0,0.04,0.59,85,200,1
act_0,0,0.04,0.59,85,166,1
act_0,0,0.04,0.59,85,12,1
act_12,12,0.15,0.38,86,93,0
act_6,6,0.21,0.51,87,128,0
act_16,16,0.15,0.89,88,226,0
act_16,16,0.15,0.89,88,248,0
act_3,3,0.18,0.48,89,219,1
act_17,17,0.04,0.39,89,81,1
act_17,17,0.04,0.39,89,195,1
act_17,17,0.04,0.39,89,90,1
act_17,17,0.04,0.39,89,13,1
act_13,13,0.14,0.78,90,133,0
act_13,13,0.14,0.78,91,79,1
act_2,2,0.05,0.63,91,196,1
act_2,2,0.05,0.63,91,218,1
act_5,5,0.11,0.09,92,56,0
act_5,5,0.11,0.09,92,305,0
act_15,15,0.02,0.26,93,124,0
act_15,15,0.02,0.26,93,138,0
act_15,15,0.02,0.26,93,143,0
act_15,15,0.02,0.26,93,64,0
act_15,15,0.02,0.26,93,150,0
act_15,15,0.02,0.26,93,287,0
act_15,15,0.02,0.26,93,264,0
act_15,15,0.02,0.26,93,242,0
act_15,15,0.02,0.26,93,63,0
act_15,15,0.02,0.26,93,17,0
act_15,15,0.02,0.26,93,48,0
act_15,15,0.02,0.26,93,276,0
act_15,15,0.02,0.26,93,211,0
act_6,6,0.21,0.51,94,40,0
act_19,19,0.04,0.23,95,160,0
act_2,2,0.05,0.63,95,15,1
act_2,2,0.05,0.63,95,67,1
act_6,6,0.21,0.51,95,52,0
act_8,8,0.24,0.67,96,60,0
act_11,11,0.09,0.88,96,153,1
act_6,6,0.21,0.51,97,154,0
act_2,2,0.05,0.63,97,53,1
act_2,2,0.05,0.63,97,189,1
act_3,3,0.18,0.48,98,244,0
act_17,17,0.04,0.39,99,307,1
act_17,17,0.04,0.39,99,59,1
act_17,17,0.04,0.39,99,274,1
act_17,17,0.04,0.39,99,140,1
act_15,15,0.02,0.26,99,299,0
act_17,17,0.04,0.39,99,294,1
act_15,15,0.02,0.26,99,301,0
act_15,15,0.02,0.26,99,266,0

Alpha (resource id, list of activity ids)
0:5,3,8
1:10,6,2
2:12,2
3:16,3,5
4:1,17,12
5:8,7,11
6:2,16,7,5
7:13,4,2
8:0,1,3
9:13,7
10:1,16
11:7,3
12:8,10,13
13:6,18,16,0
14:1,16,11,0
15:5,6,8
16:5,3,10
17:13,16,15
18:7,12,2,0
19:3,1,16
20:1,3,0
21:15,17,10
22:10,13
23:15,2,11
24:14,18
25:19,8,7,15
26:1,4,0
27:4,16
28:1,2,6,12
29:10,8
30:7,11,3,10
31:14,19,16
32:16,12,8
33:14,15,6
34:6,15,13
35:14,0,10
36:15,14
37:18,10
38:6,11,4,10
39:4,14,17
40:17,15
41:7,19,17
42:18,12
43:4,1
44:11,7,2,5
45:6,11,14,15
46:19,7,6,10
47:5,2,8,17
48:10,5
49:15,7
50:2,3
51:19,12,7
52:0,15,18
53:14,18
54:19,16,6
55:11,16
56:1,6,12
57:4,3,8,1
58:0,14,17
59:10,5
60:10,3
61:11,19,4
62:10,11,17,15
63:16,15,3
64:6,19,18
65:18,11,10
66:15
67:17,6
68:13,3
69:7,18
70:2,15
71:4,0
72:7,3
73:13,8
74:6
75:7,1,15,16
76:10,5
77:10,8
78:3,10,12,17
79:2,10,14,18
80:18,3,15
81:3,12,1
82:10,6
83:12,7,6
84:11,17
85:0,6
86:12,3
87:14,6
88:11,16
89:17,3,15
90:13,14
91:13,8,2
92:14,18,5
93:15
94:12,6,13
95:6,19,2
96:7,8,11
97:2,6
98:1,3,14
99:17,15,10

Costs (resource, resource to replace, activity, cost)
0,0,5,0
0,3,5,0.86
0,6,5,0.37
0,15,5,0.52
0,16,5,0.46
0,44,5,0.02
0,47,5,0.99
0,48,5,0.96
0,59,5,0.3
0,76,5,0.57
0,92,5,0.68
0,0,3,0
0,3,3,0.27
0,8,3,0.75
0,11,3,0.84
0,16,3,0.17
0,19,3,0.78
0,20,3,0.98
0,30,3,0.55
0,50,3,0.91
0,57,3,0.93
0,60,3,0.82
0,63,3,0.99
0,68,3,0.41
0,72,3,0.39
0,78,3,0.4
0,80,3,0.8
0,81,3,0.49
0,86,3,0.25
0,89,3,0.17
0,98,3,0.75
0,0,8,0
0,5,8,0.97
0,12,8,0.56
0,15,8,0.37
0,25,8,0.73
0,29,8,0.56
0,32,8,0.57
0,47,8,0.09
0,57,8,0.22
0,73,8,0.12
0,77,8,0.48
0,91,8,0.33
0,96,8,0.92
1,1,10,0
1,12,10,0.43
1,16,10,0.43
1,21,10,0.71
1,22,10,0.49
1,29,10,0.79
1,30,10,0.91
1,35,10,0.67
1,37,10,0.4
1,38,10,0.21
1,46,10,0.07
1,48,10,0.74
1,59,10,0.47
1,60,10,0.2
1,62,10,0.41
1,65,10,0.0
1,76,10,0.67
1,77,10,0.81
1,78,10,0.1
1,79,10,0.17
1,82,10,0.71
1,99,10,0.51
1,1,6,0
1,13,6,0.3
1,15,6,0.31
1,28,6,0.13
1,33,6,0.61
1,34,6,0.23
1,38,6,0.08
1,45,6,0.74
1,46,6,0.7
1,54,6,0.62
1,56,6,0.41
1,64,6,0.77
1,67,6,0.43
1,74,6,0.5
1,82,6,0.01
1,83,6,0.65
1,85,6,0.76
1,87,6,0.43
1,94,6,0.49
1,95,6,0.66
1,97,6,0.73
1,1,2,0
1,2,2,0.4
1,6,2,0.34
1,7,2,0.51
1,18,2,0.01
1,23,2,0.66
1,28,2,0.24
1,44,2,0.51
1,47,2,0.87
1,50,2,0.05
1,70,2,0.68
1,79,2,0.62
1,91,2,0.42
1,95,2,0.75
1,97,2,0.08
2,2,12,0
2,4,12,0.17
2,18,12,0.43
2,28,12,0.13
2,32,12,0.98
2,42,12,0.69
2,51,12,0.91
2,56,12,0.49
2,78,12,0.52
2,81,12,0.92
2,83,12,0.56
2,86,12,0.82
2,94,12,0.95
2,1,2,0.04
2,2,2,0
2,6,2,0.0
2,7,2,0.94
2,18,2,0.28
2,23,2,0.85
2,28,2,0.39
2,44,2,0.26
2,47,2,0.76
2,50,2,0.36
2,70,2,0.04
2,79,2,0.7
2,91,2,0.27
2,95,2,0.72
2,97,2,0.3
3,3,16,0
3,6,16,0.43
3,10,16,0.61
3,13,16,0.62
3,14,16,0.91
3,17,16,0.36
3,19,16,0.67
3,27,16,0.1
3,31,16,0.94
3,32,16,0.5
3,54,16,0.2
3,55,16,0.68
3,63,16,0.71
3,75,16,0.64
3,88,16,0.59
3,0,3,0.28
3,3,3,0
3,8,3,0.61
3,11,3,0.37
3,16,3,0.24
3,19,3,0.52
3,20,3,0.81
3,30,3,0.88
3,50,3,0.28
3,57,3,0.18
3,60,3,0.42
3,63,3,0.21
3,68,3,0.14
3,72,3,0.55
3,78,3,0.5
3,80,3,0.56
3,81,3,0.7
3,86,3,0.9
3,89,3,0.48
3,98,3,0.79
3,0,5,0.67
3,3,5,0
3,6,5,0.71
3,15,5,0.97
3,16,5,0.6
3,44,5,0.5
3,47,5,0.83
3,48,5,0.83
3,59,5,0.97
3,76,5,1.0
3,92,5,0.47
4,4,1,0
4,8,1,0.91
4,10,1,0.4
4,14,1,0.91
4,19,1,0.68
4,20,1,0.43
4,26,1,0.95
4,28,1,0.84
4,43,1,0.74
4,56,1,0.97
4,57,1,0.72
4,75,1,0.71
4,81,1,0.52
4,98,1,0.43
4,4,17,0
4,21,17,0.63
4,39,17,0.55
4,40,17,0.01
4,41,17,0.29
4,47,17,0.81
4,58,17,0.64
4,62,17,0.06
4,67,17,0.19
4,78,17,0.49
4,84,17,0.76
4,89,17,0.45
4,99,17,0.97
4,2,12,0.14
4,4,12,0
4,18,12,0.92
4,28,12,0.47
4,32,12,0.94
4,42,12,0.12
4,51,12,0.39
4,56,12,0.27
4,78,12,0.93
4,81,12,0.97
4,83,12,0.68
4,86,12,0.78
4,94,12,0.3
4,4,9,0
4,12,9,0.05
4,24,9,0.77
4,33,9,0.15
4,39,9,0.53
4,40,9,0.73
4,42,9,0.13
4,49,9,0.44
4,51,9,0.06
4,56,9,0.35
4,63,9,0.99
4,66,9,0.88
4,74,9,0.26
4,86,9,0.23
4,93,9,0.49
5,0,8,0.14
5,5,8,0
5,12,8,0.2
5,15,8,0.36
5,25,8,0.93
5,29,8,0.57
5,32,8,0.15
5,47,8,0.04
5,57,8,0.53
5,73,8,0.01
5,77,8,0.44
5,91,8,0.65
5,96,8,0.32
5,5,7,0
5,6,7,0.02
5,9,7,0.95
5,11,7,0.3
5,18,7,0.68
5,25,7,0.22
5,30,7,0.28
5,41,7,0.72
5,44,7,0.16
5,46,7,0.69
5,49,7,0.68
5,51,7,0.01
5,69,7,0.69
5,72,7,0.51
5,75,7,0.73
5,83,7,0.02
5,96,7,0.99
5,5,11,0
5,14,11,0.8
5,23,11,0.67
5,30,11,0.33
5,38,11,0.53
5,44,11,0.18
5,45,11,0.72
5,55,11,0.47
5,61,11,0.3
5,62,11,0.6
5,65,11,0.01
5,84,11,0.48
5,88,11,0.12
5,96,11,0.58
6,1,2,0.93
6,2,2,0.41
6,6,2,0
6,7,2,0.81
6,18,2,0.08
6,23,2,0.08
6,28,2,0.08
6,44,2,0.91
6,47,2,0.14
6,50,2,0.85
6,70,2,0.6
6,79,2,0.54
6,91,2,0.21
6,95,2,0.08
6,97,2,0.5
6,3,16,0.76
6,6,16,0
6,10,16,0.49
6,13,16,0.55
6,14,16,0.25
6,17,16,0.96
6,19,16,0.1
6,27,16,0.45
6,31,16,0.85
6,32,16,0.5
6,54,16,0.26
6,55,16,0.26
6,63,16,0.46
6,75,16,0.52
6,88,16,0.34
6,5,7,0.19
6,6,7,0
6,9,7,0.98
6,11,7,0.21
6,18,7,0.04
6,25,7,0.91
6,30,7,0.64
6,41,7,0.3
6,44,7,0.62
6,46,7,0.9
6,49,7,0.71
6,51,7,0.5
6,69,7,0.54
6,72,7,0.03
6,75,7,0.1
6,83,7,0.16
6,96,7,0.45
6,0,5,0.66
6,3,5,0.54
6,6,5,0
6,15,5,0.6
6,16,5,0.45
6,44,5,0.18
6,47,5,0.52
6,48,5,0.36
6,59,5,0.73
6,76,5,0.18
6,92,5,0.69
7,7,13,0
7,9,13,0.12
7,12,13,0.08
7,17,13,0.81
7,22,13,0.14
7,34,13,0.24
7,68,13,0.03
7,73,13,0.75
7,90,13,0.09
7,91,13,0.45
7,94,13,0.95
7,7,4,0
7,26,4,0.24
7,27,4,0.04
7,38,4,0.8
7,39,4,0.12
7,43,4,0.49
7,57,4,0.34
7,61,4,0.6
7,71,4,0.75
7,1,2,0.51
7,2,2,0.37
7,6,2,0.35
7,7,2,0
7,18,2,0.09
7,23,2,0.11
7,28,2,0.84
7,44,2,0.98
7,47,2,0.64
7,50,2,0.97
7,70,2,0.17
7,79,2,0.03
7,91,2,0.16
7,95,2,0.09
7,97,2,0.54
8,8,0,0
8,13,0,0.39
8,14,0,0.81
8,18,0,0.93
8,20,0,0.52
8,26,0,0.76
8,35,0,0.62
8,52,0,0.53
8,58,0,0.02
8,71,0,0.02
8,85,0,0.15
8,4,1,0.3
8,8,1,0
8,10,1,0.76
8,14,1,0.64
8,19,1,0.28
8,20,1,0.43
8,26,1,0.22
8,28,1,0.13
8,43,1,0.44
8,56,1,0.25
8,57,1,0.43
8,75,1,0.79
8,81,1,0.77
8,98,1,0.48
8,0,3,0.04
8,3,3,0.27
8,8,3,0
8,11,3,0.96
8,16,3,0.55
8,19,3,0.23
8,20,3,0.54
8,30,3,0.88
8,50,3,0.66
8,57,3,0.39
8,60,3,0.17
8,63,3,0.42
8,68,3,0.99
8,72,3,0.74
8,78,3,0.91
8,80,3,0.95
8,81,3,0.84
8,86,3,0.42
8,89,3,0.16
8,98,3,0.1
9,7,13,0.67
9,9,13,0
9,12,13,0.71
9,17,13,0.67
9,22,13,0.2
9,34,13,0.27
9,68,13,0.33
9,73,13,0.14
9,90,13,0.46
9,91,13,0.01
9,94,13,0.52
9,5,7,0.84
9,6,7,0.77
9,9,7,0
9,11,7,0.59
9,18,7,0.66
9,25,7,0.43
9,30,7,0.39
9,41,7,0.22
9,44,7,0.06
9,46,7,0.5
9,49,7,0.49
9,51,7,0.59
9,69,7,0.11
9,72,7,0.54
9,75,7,0.01
9,83,7,0.87
9,96,7,0.35
10,4,1,0.22
10,8,1,0.2
10,10,1,0
10,14,1,0.33
10,19,1,0.02
10,20,1,0.71
10,26,1,0.16
10,28,1,0.71
10,43,1,0.59
10,56,1,0.6
10,57,1,0.07
10,75,1,0.54
10,81,1,0.43
10,98,1,0.71
10,3,16,0.2
10,6,16,0.17
10,10,16,0
10,13,16,0.98
10,14,16,0.33
10,17,16,0.43
10,19,16,0.57
10,27,16,0.21
10,31,16,0.92
10,32,16,0.17
10,54,16,0.86
10,55,16,0.18
10,63,16,0.94
10,75,16,0.55
10,88,16,0.9
11,5,7,0.32
11,6,7,0.18
11,9,7,0.12
11,11,7,0
11,18,7,0.13
11,25,7,0.91
11,30,7,0.84
11,41,7,0.62
11,44,7,0.71
11,46,7,1.0
11,49,7,0.88
11,51,7,0.7
11,69,7,0.65
11,72,7,0.03
11,75,7,0.88
11,83,7,0.99
11,96,7,0.17
11,0,3,0.39
11,3,3,0.51
11,8,3,0.14
11,11,3,0
11,16,3,0.69
11,19,3,0.47
11,20,3,0.58
11,30,3,0.77
11,50,3,0.12
11,57,3,0.9
11,60,3,0.67
11,63,3,0.57
11,68,3,0.67
11,72,3,0.01
11,78,3,0.22
11,80,3,0.21
11,81,3,0.69
11,86,3,0.18
11,89,3,0.91
11,98,3,0.01
12,4,9,0.52
12,12,9,0
12,24,9,0.33
12,33,9,0.62
12,39,9,0.45
12,40,9,0.97
12,42,9,0.53
12,49,9,0.29
12,51,9,0.01
12,56,9,0.7
12,63,9,0.12
12,66,9,0.18
12,74,9,0.4
12,86,9,0.06
12,93,9,0.4
12,0,8,0.52
12,5,8,0.97
12,12,8,0
12,15,8,0.48
12,25,8,0.25
12,29,8,0.16
12,32,8,0.9
12,47,8,0.23
12,57,8,0.58
12,73,8,0.83
12,77,8,0.56
12,91,8,0.39
12,96,8,0.14
12,1,10,0.42
12,12,10,0
12,16,10,0.93
12,21,10,0.88
12,22,10,0.62
12,29,10,0.97
12,30,10,0.57
12,35,10,0.94
12,37,10,0.05
12,38,10,0.65
12,46,10,0.46
12,48,10,0.45
12,59,10,0.08
12,60,10,0.28
12,62,10,0.28
12,65,10,0.43
12,76,10,0.63
12,77,10,0.43
12,78,10,0.3
12,79,10,0.7
12,82,10,0.92
12,99,10,0.9
12,7,13,0.69
12,9,13,0.12
12,12,13,0
12,17,13,0.67
12,22,13,0.83
12,34,13,0.04
12,68,13,0.29
12,73,13,0.7
12,90,13,0.8
12,91,13,0.37
12,94,13,0.38
13,1,6,0.24
13,13,6,0
13,15,6,0.84
13,28,6,0.17
13,33,6,0.44
13,34,6,0.71
13,38,6,0.64
13,45,6,0.07
13,46,6,1.0
13,54,6,0.68
13,56,6,0.57
13,64,6,0.07
13,67,6,0.8
13,74,6,0.32
13,82,6,0.82
13,83,6,0.14
13,85,6,0.55
13,87,6,0.47
13,94,6,0.19
13,95,6,0.18
13,97,6,0.27
13,13,18,0
13,24,18,0.96
13,37,18,0.09
13,42,18,0.24
13,52,18,0.14
13,53,18,0.61
13,64,18,0.51
13,65,18,0.78
13,69,18,0.76
13,79,18,0.49
13,80,18,0.73
13,92,18,0.66
13,3,16,0.02
13,6,16,0.05
13,10,16,0.71
13,13,16,0
13,14,16,0.32
13,17,16,0.79
13,19,16,0.39
13,27,16,0.68
13,31,16,0.25
13,32,16,0.63
13,54,16,0.88
13,55,16,0.04
13,63,16,0.22
13,75,16,0.06
13,88,16,0.98
13,8,0,0.73
13,13,0,0
13,14,0,0.83
13,18,0,0.5
13,20,0,0.99
13,26,0,0.16
13,35,0,0.45
13,52,0,0.43
13,58,0,0.28
13,71,0,0.61
13,85,0,0.64
14,4,1,0.62
14,8,1,0.09
14,10,1,0.55
14,14,1,0
14,19,1,0.24
14,20,1,0.57
14,26,1,0.13
14,28,1,0.44
14,43,1,0.82
14,56,1,0.41
14,57,1,0.07
14,75,1,0.87
14,81,1,0.99
14,98,1,0.41
14,3,16,0.44
14,6,16,0.6
14,10,16,0.7
14,13,16,0.21
14,14,16,0
14,17,16,0.95
14,19,16,0.74
14,27,16,0.5
14,31,16,0.69
14,32,16,0.42
14,54,16,0.97
14,55,16,0.8
14,63,16,0.56
14,75,16,0.06
14,88,16,0.54
14,5,11,0.7
14,14,11,0
14,23,11,0.72
14,30,11,0.95
14,38,11,0.49
14,44,11,0.83
14,45,11,0.87
14,55,11,0.63
14,61,11,0.05
14,62,11,0.63
14,65,11,0.04
14,84,11,0.64
14,88,11,0.11
14,96,11,0.24
14,8,0,0.45
14,13,0,0.9
14,14,0,0
14,18,0,0.77
14,20,0,0.83
14,26,0,0.08
14,35,0,0.03
14,52,0,0.52
14,58,0,0.37
14,71,0,0.76
14,85,0,0.92
15,0,5,0.21
15,3,5,0.4
15,6,5,0.75
15,15,5,0
15,16,5,0.83
15,44,5,0.03
15,47,5,0.47
15,48,5,0.41
15,59,5,0.55
15,76,5,0.91
15,92,5,0.75
15,1,6,0.39
15,13,6,0.22
15,15,6,0
15,28,6,0.32
15,33,6,0.99
15,34,6,0.97
15,38,6,0.11
15,45,6,0.53
15,46,6,0.65
15,54,6,0.1
15,56,6,0.71
15,64,6,0.35
15,67,6,0.57
15,74,6,0.06
15,82,6,0.01
15,83,6,0.51
15,85,6,0.38
15,87,6,0.53
15,94,6,0.66
15,95,6,0.51
15,97,6,0.12
15,0,8,0.94
15,5,8,0.97
15,12,8,0.03
15,15,8,0
15,25,8,0.97
15,29,8,0.37
15,32,8,0.66
15,47,8,0.16
15,57,8,0.8
15,73,8,0.52
15,77,8,0.25
15,91,8,0.06
15,96,8,0.6
16,0,5,0.79
16,3,5,0.21
16,6,5,0.93
16,15,5,0.77
16,16,5,0
16,44,5,0.39
16,47,5,0.41
16,48,5,0.68
16,59,5,0.59
16,76,5,0.04
16,92,5,0.06
16,0,3,0.1
16,3,3,0.88
16,8,3,0.04
16,11,3,0.57
16,16,3,0
16,19,3,0.83
16,20,3,0.56
16,30,3,0.07
16,50,3,0.48
16,57,3,0.62
16,60,3,0.16
16,63,3,0.51
16,68,3,0.7
16,72,3,0.58
16,78,3,0.22
16,80,3,0.74
16,81,3,0.16
16,86,3,0.21
16,89,3,0.86
16,98,3,0.45
16,1,10,0.12
16,12,10,0.27
16,16,10,0
16,21,10,0.23
16,22,10,0.85
16,29,10,0.83
16,30,10,0.18
16,35,10,0.42
16,37,10,0.36
16,38,10,0.74
16,46,10,0.51
16,48,10,0.16
16,59,10,0.53
16,60,10,0.15
16,62,10,0.14
16,65,10,0.58
16,76,10,0.76
16,77,10,0.61
16,78,10,0.88
16,79,10,0.76
16,82,10,0.37
16,99,10,0.94
17,7,13,0.64
17,9,13,0.62
17,12,13,0.35
17,17,13,0
17,22,13,0.71
17,34,13,0.42
17,68,13,0.67
17,73,13,0.17
17,90,13,0.11
17,91,13,0.81
17,94,13,0.05
17,3,16,0.89
17,6,16,0.1
17,10,16,0.98
17,13,16,0.88
17,14,16,0.96
17,17,16,0
17,19,16,0.76
17,27,16,0.03
17,31,16,0.38
17,32,16,0.18
17,54,16,0.74
17,55,16,0.14
17,63,16,0.88
17,75,16,0.38
17,88,16,0.47
17,17,15,0
17,21,15,0.82
17,23,15,0.61
17,25,15,0.68
17,33,15,0.88
17,34,15,0.82
17,36,15,0.12
17,40,15,0.56
17,45,15,0.38
17,49,15,0.66
17,52,15,0.08
17,62,15,0.65
17,63,15,0.13
17,66,15,0.76
17,70,15,0.27
17,75,15,0.14
17,80,15,0.53
17,89,15,0.87
17,93,15,0.64
17,99,15,0.16
18,5,7,0.2
18,6,7,0.01
18,9,7,0.97
18,11,7,0.43
18,18,7,0
18,25,7,0.49
18,30,7,0.38
18,41,7,0.23
18,44,7,0.59
18,46,7,0.52
18,49,7,0.93
18,51,7,0.55
18,69,7,0.1
18,72,7,0.89
18,75,7,0.18
18,83,7,0.89
18,96,7,0.8
18,2,12,0.55
18,4,12,0.73
18,18,12,0
18,28,12,0.95
18,32,12,0.42
18,42,12,0.1
18,51,12,0.82
18,56,12,0.57
18,78,12,0.46
18,81,12,0.8
18,83,12,0.14
18,86,12,0.89
18,94,12,0.91
18,1,2,0.51
18,2,2,0.82
18,6,2,0.64
18,7,2,0.63
18,18,2,0
18,23,2,0.76
18,28,2,0.8
18,44,2,0.26
18,47,2,0.23
18,50,2,0.79
18,70,2,0.78
18,79,2,0.39
18,91,2,0.21
18,95,2,0.2
18,97,2,0.06
18,8,0,0.58
18,13,0,0.21
18,14,0,0.51
18,18,0,0
18,20,0,0.14
18,26,0,0.52
18,35,0,0.54
18,52,0,0.93
18,58,0,0.97
18,71,0,0.87
18,85,0,0.22
19,0,3,0.24
19,3,3,0.16
19,8,3,0.84
19,11,3,0.66
19,16,3,0.48
19,19,3,0
19,20,3,1.0
19,30,3,0.32
19,50,3,0.72
19,57,3,0.38
19,60,3,0.45
19,63,3,0.29
19,68,3,0.62
19,72,3,0.45
19,78,3,0.82
19,80,3,0.43
19,81,3,0.57
19,86,3,0.84
19,89,3,0.72
19,98,3,0.74
19,4,1,0.42
19,8,1,0.44
19,10,1,0.38
19,14,1,0.33
19,19,1,0
19,20,1,0.41
19,26,1,0.07
19,28,1,0.69
19,43,1,0.17
19,56,1,0.62
19,57,1,0.46
19,75,1,0.97
19,81,1,0.09
19,98,1,0.38
19,3,16,0.13
19,6,16,0.69
19,10,16,0.75
19,13,16,0.85
19,14,16,0.28
19,17,16,0.9
19,19,16,0
19,27,16,0.34
19,31,16,0.96
19,32,16,0.98
19,54,16,0.31
19,55,16,0.57
19,63,16,1.0
19,75,16,0.55
19,88,16,0.79
20,4,1,0.27
20,8,1,0.11
20,10,1,0.82
20,14,1,0.66
20,19,1,0.38
20,20,1,0
20,26,1,0.08
20,28,1,0.41
20,43,1,0.69
20,56,1,0.95
20,57,1,0.73
20,75,1,0.85
20,81,1,0.75
20,98,1,0.64
20,0,3,0.84
20,3,3,0.8
20,8,3,0.32
20,11,3,0.89
20,16,3,0.86
20,19,3,0.95
20,20,3,0
20,30,3,0.94
20,50,3,0.82
20,57,3,0.02
20,60,3,0.21
20,63,3,0.73
20,68,3,0.37
20,72,3,0.23
20,78,3,0.63
20,80,3,0.62
20,81,3,0.77
20,86,3,0.71
20,89,3,0.97
20,98,3,0.5
20,8,0,0.73
20,13,0,0.11
20,14,0,0.79
20,18,0,0.86
20,20,0,0
20,26,0,0.59
20,35,0,0.54
20,52,0,0.66
20,58,0,0.52
20,71,0,0.4
20,85,0,0.34
21,17,15,0.98
21,21,15,0
21,23,15,0.36
21,25,15,0.17
21,33,15,0.56
21,34,15,0.91
21,36,15,0.26
21,40,15,0.17
21,45,15,0.37
21,49,15,0.53
21,52,15,0.24
21,62,15,0.45
21,63,15,0.88
21,66,15,0.43
21,70,15,0.09
21,75,15,0.38
21,80,15,0.97
21,89,15,0.02
21,93,15,0.42
21,99,15,0.06
21,4,17,0.35
21,21,17,0
21,39,17,0.54
21,40,17,0.36
21,41,17,0.21
21,47,17,0.63
21,58,17,0.55
21,62,17,0.14
21,67,17,0.57
21,78,17,0.8
21,84,17,0.37
21,89,17,0.31
21,99,17,0.09
21,1,10,0.79
21,12,10,0.11
21,16,10,0.37
21,21,10,0
21,22,10,0.4
21,29,10,0.61
21,30,10,0.39
21,35,10,0.42
21,37,10,0.22
21,38,10,0.65
21,46,10,0.86
21,48,10,0.92
21,59,10,0.55
21,60,10,0.45
21,62,10,0.1
21,65,10,0.79
21,76,10,0.97
21,77,10,0.98
21,78,10,0.5
21,79,10,0.91
21,82,10,0.59
21,99,10,0.02
22,1,10,0.11
22,12,10,0.14
22,16,10,0.5
22,21,10,1.0
22,22,10,0
22,29,10,0.56
22,30,10,0.75
22,35,10,0.21
22,37,10,0.67
22,38,10,0.41
22,46,10,0.31
22,48,10,0.97
22,59,10,0.35
22,60,10,0.09
22,62,10,0.12
22,65,10,0.83
22,76,10,0.71
22,77,10,0.28
22,78,10,0.78
22,79,10,0.75
22,82,10,0.4
22,99,10,0.87
22,7,13,0.4
22,9,13,0.83
22,12,13,0.55
22,17,13,0.5
22,22,13,0
22,34,13,0.06
22,68,13,0.45
22,73,13,0.74
22,90,13,0.67
22,91,13,0.44
22,94,13,0.91
23,17,15,0.29
23,21,15,0.93
23,23,15,0
23,25,15,0.04
23,33,15,0.45
23,34,15,0.61
23,36,15,0.29
23,40,15,0.06
23,45,15,0.68
23,49,15,0.08
23,52,15,0.81
23,62,15,0.21
23,63,15,0.49
23,66,15,0.21
23,70,15,0.72
23,75,15,0.44
23,80,15,0.96
23,89,15,0.93
23,93,15,0.16
23,99,15,0.53
23,1,2,0.9
23,2,2,0.41
23,6,2,0.22
23,7,2,0.34
23,18,2,0.54
23,23,2,0
23,28,2,0.32
23,44,2,0.38
23,47,2,0.38
23,50,2,0.54
23,70,2,0.27
23,79,2,0.24
23,91,2,1.0
23,95,2,0.81
23,97,2,0.0
23,5,11,0.59
23,14,11,0.95
23,23,11,0
23,30,11,0.89
23,38,11,0.05
23,44,11,0.11
23,45,11,0.36
23,55,11,0.95
23,61,11,0.25
23,62,11,0.31
23,65,11,0.34
23,84,11,0.18
23,88,11,0.09
23,96,11,0.16
24,24,14,0
24,31,14,0.37
24,33,14,0.63
24,35,14,0.33
24,36,14,0.49
24,39,14,0.7
24,45,14,0.87
24,53,14,0.57
24,58,14,0.91
24,79,14,0.24
24,87,14,0.57
24,90,14,0.42
24,92,14,0.34
24,98,14,0.75
24,13,18,0.48
24,24,18,0
24,37,18,0.7
24,42,18,0.9
24,52,18,0.61
24,53,18,0.35
24,64,18,0.54
24,65,18,0.76
24,69,18,0.43
24,79,18,0.03
24,80,18,0.38
24,92,18,0.72
24,4,9,0.19
24,12,9,0.85
24,24,9,0
24,33,9,0.33
24,39,9,0.84
24,40,9,0.57
24,42,9,0.54
24,49,9,0.27
24,51,9,0.69
24,56,9,0.13
24,63,9,0.51
24,66,9,0.9
24,74,9,0.39
24,86,9,0.91
24,93,9,0.31
25,25,19,0
25,31,19,0.05
25,41,19,0.45
25,46,19,0.71
25,51,19,0.05
25,54,19,0.96
25,61,19,0.86
25,64,19,0.35
25,95,19,0.22
25,0,8,0.43
25,5,8,0.21
25,12,8,0.1
25,15,8,0.64
25,25,8,0
25,29,8,0.17
25,32,8,0.59
25,47,8,0.35
25,57,8,0.49
25,73,8,0.7
25,77,8,0.26
25,91,8,0.77
25,96,8,0.81
25,5,7,0.58
25,6,7,0.41
25,9,7,0.63
25,11,7,0.45
25,18,7,0.4
25,25,7,0
25,30,7,0.79
25,41,7,0.72
25,44,7,0.53
25,46,7,0.44
25,49,7,0.46
25,51,7,0.73
25,69,7,0.84
25,72,7,0.76
25,75,7,0.07
25,83,7,0.51
25,96,7,0.33
25,17,15,0.72
25,21,15,0.94
25,23,15,0.64
25,25,15,0
25,33,15,0.45
25,34,15,0.53
25,36,15,0.77
25,40,15,0.51
25,45,15,0.27
25,49,15,0.96
25,52,15,0.29
25,62,15,0.8
25,63,15,0.51
25,66,15,0.4
25,70,15,0.83
25,75,15,0.33
25,80,15,0.58
25,89,15,0.02
25,93,15,0.68
25,99,15,0.61
26,4,1,0.13
26,8,1,0.44
26,10,1,0.19
26,14,1,0.14
26,19,1,0.34
26,20,1,0.72
26,26,1,0
26,28,1,0.76
26,43,1,0.97
26,56,1,0.63
26,57,1,0.94
26,75,1,0.27
26,81,1,0.68
26,98,1,0.31
26,7,4,0.05
26,26,4,0
26,27,4,0.87
26,38,4,0.51
26,39,4,0.21
26,43,4,0.93
26,57,4,0.02
26,61,4,0.54
26,71,4,0.84
26,8,0,0.19
26,13,0,0.35
26,14,0,0.15
26,18,0,0.76
26,20,0,0.04
26,26,0,0
26,35,0,0.58
26,52,0,0.95
26,58,0,0.68
26,71,0,0.11
26,85,0,0.75
27,7,4,0.16
27,26,4,0.17
27,27,4,0
27,38,4,0.27
27,39,4,0.96
27,43,4,0.64
27,57,4,0.46
27,61,4,0.25
27,71,4,0.17
27,3,16,0.09
27,6,16,0.07
27,10,16,0.06
27,13,16,0.73
27,14,16,0.3
27,17,16,0.37
27,19,16,0.57
27,27,16,0
27,31,16,0.28
27,32,16,0.32
27,54,16,0.43
27,55,16,0.81
27,63,16,0.17
27,75,16,0.05
27,88,16,0.62
28,4,1,0.67
28,8,1,0.63
28,10,1,0.37
28,14,1,0.98
28,19,1,0.75
28,20,1,0.98
28,26,1,0.7
28,28,1,0
28,43,1,0.32
28,56,1,0.56
28,57,1,0.72
28,75,1,0.52
28,81,1,0.61
28,98,1,0.15
28,1,2,0.39
28,2,2,0.25
28,6,2,0.64
28,7,2,0.87
28,18,2,0.49
28,23,2,0.15
28,28,2,0
28,44,2,0.57
28,47,2,0.99
28,50,2,0.44
28,70,2,0.41
28,79,2,0.06
28,91,2,0.49
28,95,2,0.51
28,97,2,0.72
28,1,6,0.76
28,13,6,0.49
28,15,6,0.72
28,28,6,0
28,33,6,0.51
28,34,6,0.33
28,38,6,0.96
28,45,6,0.06
28,46,6,0.59
28,54,6,0.92
28,56,6,0.31
28,64,6,0.51
28,67,6,0.72
28,74,6,0.98
28,82,6,0.53
28,83,6,0.02
28,85,6,0.17
28,87,6,0.93
28,94,6,0.66
28,95,6,0.03
28,97,6,0.61
28,2,12,0.86
28,4,12,0.41
28,18,12,0.88
28,28,12,0
28,32,12,0.64
28,42,12,0.43
28,51,12,0.62
28,56,12,0.85
28,78,12,0.5
28,81,12,0.32
28,83,12,0.22
28,86,12,0.94
28,94,12,0.66
29,1,10,0.08
29,12,10,1.0
29,16,10,0.5
29,21,10,0.68
29,22,10,0.27
29,29,10,0
29,30,10,0.94
29,35,10,0.87
29,37,10,0.96
29,38,10,0.64
29,46,10,0.85
29,48,10,0.39
29,59,10,0.32
29,60,10,0.56
29,62,10,0.25
29,65,10,0.11
29,76,10,0.18
29,77,10,0.95
29,78,10,0.14
29,79,10,0.11
29,82,10,0.28
29,99,10,0.8
29,0,8,0.74
29,5,8,0.47
29,12,8,0.65
29,15,8,0.64
29,25,8,0.52
29,29,8,0
29,32,8,0.72
29,47,8,0.83
29,57,8,0.5
29,73,8,0.85
29,77,8,0.4
29,91,8,0.48
29,96,8,0.35
30,5,7,0.69
30,6,7,0.11
30,9,7,0.91
30,11,7,0.08
30,18,7,0.4
30,25,7,0.35
30,30,7,0
30,41,7,0.17
30,44,7,0.15
30,46,7,0.78
30,49,7,0.28
30,51,7,0.56
30,69,7,0.21
30,72,7,0.19
30,75,7,0.64
30,83,7,0.2
30,96,7,0.9
30,5,11,0.41
30,14,11,0.23
30,23,11,0.7
30,30,11,0
30,38,11,0.14
30,44,11,0.7
30,45,11,0.46
30,55,11,0.25
30,61,11,0.32
30,62,11,0.95
30,65,11,0.19
30,84,11,0.13
30,88,11,0.1
30,96,11,0.72
30,0,3,0.45
30,3,3,0.12
30,8,3,0.01
30,11,3,0.41
30,16,3,0.68
30,19,3,0.31
30,20,3,0.81
30,30,3,0
30,50,3,0.53
30,57,3,0.39
30,60,3,0.36
30,63,3,0.45
30,68,3,0.54
30,72,3,0.62
30,78,3,0.8
30,80,3,0.59
30,81,3,0.81
30,86,3,0.55
30,89,3,0.87
30,98,3,0.47
30,1,10,0.82
30,12,10,0.28
30,16,10,0.61
30,21,10,0.96
30,22,10,0.25
30,29,10,0.62
30,30,10,0
30,35,10,0.58
30,37,10,0.04
30,38,10,0.45
30,46,10,0.69
30,48,10,0.86
30,59,10,0.83
30,60,10,0.19
30,62,10,0.21
30,65,10,0.72
30,76,10,0.12
30,77,10,0.5
30,78,10,0.95
30,79,10,0.11
30,82,10,0.04
30,99,10,0.79
31,24,14,0.05
31,31,14,0
31,33,14,0.08
31,35,14,0.81
31,36,14,0.47
31,39,14,0.72
31,45,14,0.81
31,53,14,0.11
31,58,14,0.89
31,79,14,0.7
31,87,14,0.62
31,90,14,0.44
31,92,14,0.24
31,98,14,0.68
31,25,19,0.26
31,31,19,0
31,41,19,0.26
31,46,19,0.12
31,51,19,0.69
31,54,19,0.5
31,61,19,0.08
31,64,19,0.92
31,95,19,0.49
31,3,16,0.72
31,6,16,0.83
31,10,16,0.51
31,13,16,0.29
31,14,16,0.18
31,17,16,0.52
31,19,16,0.5
31,27,16,0.21
31,31,16,0
31,32,16,0.8
31,54,16,0.61
31,55,16,0.7
31,63,16,0.51
31,75,16,0.57
31,88,16,0.09
32,3,16,0.94
32,6,16,0.87
32,10,16,0.45
32,13,16,0.56
32,14,16,0.69
32,17,16,0.02
32,19,16,0.21
32,27,16,0.48
32,31,16,0.73
32,32,16,0
32,54,16,0.71
32,55,16,0.37
32,63,16,0.36
32,75,16,0.2
32,88,16,0.15
32,2,12,0.8
32,4,12,0.72
32,18,12,0.58
32,28,12,0.23
32,32,12,0
32,42,12,0.88
32,51,12,0.14
32,56,12,0.7
32,78,12,0.05
32,81,12,0.93
32,83,12,0.86
32,86,12,0.81
32,94,12,0.31
32,0,8,0.88
32,5,8,0.46
32,12,8,0.44
32,15,8,0.28
32,25,8,0.9
32,29,8,0.59
32,32,8,0
32,47,8,0.65
32,57,8,0.2
32,73,8,0.27
32,77,8,0.56
32,91,8,0.33
32,96,8,0.41
33,24,14,0.43
33,31,14,0.97
33,33,14,0
33,35,14,0.63
33,36,14,0.41
33,39,14,0.48
33,45,14,0.13
33,53,14,0.03
33,58,14,0.44
33,79,14,0.93
33,87,14,0.27
33,90,14,0.92
33,92,14,0.77
33,98,14,0.68
33,17,15,0.98
33,21,15,0.94
33,23,15,0.14
33,25,15,0.68
33,33,15,0
33,34,15,0.76
33,36,15,0.7
33,40,15,0.67
33,45,15,0.94
33,49,15,0.23
33,52,15,0.32
33,62,15,0.45
33,63,15,0.0
33,66,15,0.83
33,70,15,0.04
33,75,15,0.7
33,80,15,0.76
33,89,15,0.74
33,93,15,0.21
33,99,15,0.95
33,4,9,0.12
33,12,9,0.82
33,24,9,0.64
33,33,9,0
33,39,9,0.78
33,40,9,0.81
33,42,9,0.85
33,49,9,0.66
33,51,9,0.1
33,56,9,0.87
33,63,9,0.32
33,66,9,0.21
33,74,9,0.42
33,86,9,0.87
33,93,9,0.89
33,1,6,0.99
33,13,6,0.71
33,15,6,0.47
33,28,6,0.03
33,33,6,0
33,34,6,0.42
33,38,6,0.84
33,45,6,0.77
33,46,6,0.43
33,54,6,0.99
33,56,6,0.21
33,64,6,0.5
33,67,6,0.97
33,74,6,0.49
33,82,6,0.56
33,83,6,0.59
33,85,6,0.18
33,87,6,0.96
33,94,6,0.02
33,95,6,0.22
33,97,6,0.91
34,1,6,0.35
34,13,6,0.47
34,15,6,0.67
34,28,6,0.96
34,33,6,0.25
34,34,6,0
34,38,6,0.95
34,45,6,0.61
34,46,6,0.75
34,54,6,0.25
34,56,6,0.2
34,64,6,0.89
34,67,6,0.39
34,74,6,0.92
34,82,6,0.15
34,83,6,0.61
34,85,6,0.31
34,87,6,0.6
34,94,6,0.76
34,95,6,0.52
34,97,6,0.01
34,17,15,0.48
34,21,15,0.39
34,23,15,0.42
34,25,15,0.59
34,33,15,0.62
34,34,15,0
34,36,15,0.47
34,40,15,0.45
34,45,15,0.21
34,49,15,0.52
34,52,15,0.81
34,62,15,0.16
34,63,15,0.32
34,66,15,0.1
34,70,15,0.9
34,75,15,0.5
34,80,15,0.91
34,89,15,0.67
34,93,15,0.32
34,99,15,0.49
34,7,13,0.37
34,9,13,0.11
34,12,13,0.24
34,17,13,0.84
34,22,13,0.95
34,34,13,0
34,68,13,0.71
34,73,13,0.45
34,90,13,0.84
34,91,13,0.62
34,94,13,0.45
35,24,14,0.56
35,31,14,0.07
35,33,14,0.63
35,35,14,0
35,36,14,0.7
35,39,14,0.11
35,45,14,0.63
35,53,14,0.28
35,58,14,0.42
35,79,14,0.93
35,87,14,0.32
35,90,14,0.41
35,92,14,0.22
35,98,14,0.21
35,8,0,0.72
35,13,0,0.64
35,14,0,0.9
35,18,0,0.9
35,20,0,0.53
35,26,0,0.36
35,35,0,0
35,52,0,0.51
35,58,0,0.49
35,71,0,0.43
35,85,0,0.55
35,1,10,0.64
35,12,10,0.05
35,16,10,0.27
35,21,10,0.66
35,22,10,0.99
35,29,10,0.93
35,30,10,0.28
35,35,10,0
35,37,10,0.48
35,38,10,0.2
35,46,10,0.27
35,48,10,0.1
35,59,10,0.38
35,60,10,0.79
35,62,10,0.01
35,65,10,0.42
35,76,10,0.39
35,77,10,0.6
35,78,10,0.72
35,79,10,0.46
35,82,10,0.41
35,99,10,0.59
36,17,15,0.46
36,21,15,0.72
36,23,15,0.36
36,25,15,0.15
36,33,15,0.0
36,34,15,0.81
36,36,15,0
36,40,15,0.62
36,45,15,0.43
36,49,15,0.38
36,52,15,0.27
36,62,15,0.79
36,63,15,0.85
36,66,15,0.24
36,70,15,0.56
36,75,15,0.69
36,80,15,0.95
36,89,15,0.13
36,93,15,0.09
36,99,15,0.94
36,24,14,0.16
36,31,14,0.27
36,33,14,0.09
36,35,14,0.19
36,36,14,0
36,39,14,0.67
36,45,14,0.64
36,53,14,0.13
36,58,14,0.05
36,79,14,0.22
36,87,14,0.69
36,90,14,0.38
36,92,14,0.85
36,98,14,0.13
37,13,18,0.3
37,24,18,0.35
37,37,18,0
37,42,18,0.19
37,52,18,0.24
37,53,18,0.9
37,64,18,0.38
37,65,18,0.84
37,69,18,0.23
37,79,18,0.93
37,80,18,0.42
37,92,18,0.64
37,1,10,0.82
37,12,10,0.9
37,16,10,0.36
37,21,10,0.39
37,22,10,0.84
37,29,10,0.3
37,30,10,0.56
37,35,10,0.74
37,37,10,0
37,38,10,0.02
37,46,10,0.81
37,48,10,0.25
37,59,10,0.96
37,60,10,0.21
37,62,10,0.87
37,65,10,0.63
37,76,10,0.09
37,77,10,0.76
37,78,10,0.2
37,79,10,0.45
37,82,10,0.3
37,99,10,0.8
38,1,6,0.37
38,13,6,0.12
38,15,6,0.41
38,28,6,0.91
38,33,6,0.79
38,34,6,0.01
38,38,6,0
38,45,6,0.11
38,46,6,0.58
38,54,6,0.62
38,56,6,0.72
38,64,6,0.69
38,67,6,0.66
38,74,6,0.7
38,82,6,0.47
38,83,6,0.36
38,85,6,0.23
38,87,6,0.67
38,94,6,0.31
38,95,6,0.36
38,97,6,0.81
38,5,11,0.44
38,14,11,0.61
38,23,11,0.69
38,30,11,0.21
38,38,11,0
38,44,11,0.95
38,45,11,0.05
38,55,11,0.08
38,61,11,0.72
38,62,11,0.59
38,65,11,0.32
38,84,11,0.71
38,88,11,0.76
38,96,11,0.13
38,7,4,0.67
38,26,4,0.29
38,27,4,0.78
38,38,4,0
38,39,4,0.73
38,43,4,0.89
38,57,4,0.74
38,61,4,0.25
38,71,4,0.85
38,1,10,0.51
38,12,10,0.29
38,16,10,0.05
38,21,10,0.77
38,22,10,0.45
38,29,10,0.99
38,30,10,0.07
38,35,10,0.19
38,37,10,0.95
38,38,10,0
38,46,10,0.11
38,48,10,0.52
38,59,10,0.06
38,60,10,0.16
38,62,10,0.04
38,65,10,0.18
38,76,10,0.97
38,77,10,0.49
38,78,10,0.77
38,79,10,0.11
38,82,10,0.89
38,99,10,0.03
39,7,4,0.19
39,26,4,0.22
39,27,4,1.0
39,38,4,0.86
39,39,4,0
39,43,4,0.51
39,57,4,0.52
39,61,4,0.93
39,71,4,0.77
39,24,14,0.99
39,31,14,0.66
39,33,14,0.09
39,35,14,0.33
39,36,14,0.92
39,39,14,0
39,45,14,0.23
39,53,14,0.14
39,58,14,0.13
39,79,14,0.86
39,87,14,0.27
39,90,14,0.25
39,92,14,0.68
39,98,14,0.98
39,4,9,0.56
39,12,9,0.01
39,24,9,0.72
39,33,9,0.63
39,39,9,0
39,40,9,0.06
39,42,9,0.8
39,49,9,0.33
39,51,9,0.85
39,56,9,0.85
39,63,9,0.77
39,66,9,0.87
39,74,9,0.73
39,86,9,0.43
39,93,9,0.18
39,4,17,0.82
39,21,17,0.9
39,39,17,0
39,40,17,0.29
39,41,17,0.53
39,47,17,0.67
39,58,17,0.55
39,62,17,0.25
39,67,17,0.07
39,78,17,0.49
39,84,17,0.54
39,89,17,0.79
39,99,17,0.87
40,4,17,0.33
40,21,17,0.66
40,39,17,0.11
40,40,17,0
40,41,17,0.77
40,47,17,0.55
40,58,17,0.69
40,62,17,0.16
40,67,17,0.56
40,78,17,0.5
40,84,17,0.78
40,89,17,0.7
40,99,17,0.22
40,4,9,0.74
40,12,9,0.78
40,24,9,0.79
40,33,9,0.07
40,39,9,0.86
40,40,9,0
40,42,9,0.98
40,49,9,0.26
40,51,9,0.58
40,56,9,0.27
40,63,9,0.83
40,66,9,0.17
40,74,9,0.44
40,86,9,0.61
40,93,9,0.78
40,17,15,0.84
40,21,15,0.43
40,23,15,0.19
40,25,15,0.5
40,33,15,0.43
40,34,15,0.46
40,36,15,0.03
40,40,15,0
40,45,15,0.27
40,49,15,0.52
40,52,15,0.18
40,62,15,0.48
40,63,15,0.57
40,66,15,0.99
40,70,15,0.96
40,75,15,0.01
40,80,15,0.66
40,89,15,0.56
40,93,15,0.16
40,99,15,0.25
41,5,7,0.99
41,6,7,0.74
41,9,7,0.12
41,11,7,0.85
41,18,7,0.89
41,25,7,0.78
41,30,7,0.7
41,41,7,0
41,44,7,0.13
41,46,7,0.72
41,49,7,0.37
41,51,7,0.67
41,69,7,0.99
41,72,7,0.5
41,75,7,0.9
41,83,7,0.1
41,96,7,0.86
41,25,19,0.55
41,31,19,0.65
41,41,19,0
41,46,19,0.73
41,51,19,0.99
41,54,19,0.01
41,61,19,0.64
41,64,19,0.23
41,95,19,0.55
41,4,17,0.61
41,21,17,0.01
41,39,17,0.36
41,40,17,0.57
41,41,17,0
41,47,17,0.08
41,58,17,0.34
41,62,17,0.54
41,67,17,0.18
41,78,17,0.79
41,84,17,0.87
41,89,17,0.45
41,99,17,0.86
42,13,18,0.47
42,24,18,0.02
42,37,18,0.25
42,42,18,0
42,52,18,0.37
42,53,18,0.75
42,64,18,0.85
42,65,18,0.84
42,69,18,0.42
42,79,18,0.96
42,80,18,0.95
42,92,18,0.25
42,4,9,0.63
42,12,9,0.68
42,24,9,0.2
42,33,9,0.2
42,39,9,0.87
42,40,9,0.22
42,42,9,0
42,49,9,0.26
42,51,9,0.37
42,56,9,0.07
42,63,9,0.24
42,66,9,0.83
42,74,9,0.06
42,86,9,0.59
42,93,9,0.91
42,2,12,0.07
42,4,12,0.14
42,18,12,0.39
42,28,12,0.75
42,32,12,0.32
42,42,12,0
42,51,12,0.66
42,56,12,0.48
42,78,12,0.54
42,81,12,0.85
42,83,12,0.81
42,86,12,0.32
42,94,12,0.82
43,7,4,0.82
43,26,4,0.52
43,27,4,0.57
43,38,4,0.27
43,39,4,0.67
43,43,4,0
43,57,4,0.05
43,61,4,0.78
43,71,4,0.85
43,4,1,0.14
43,8,1,0.08
43,10,1,0.74
43,14,1,0.85
43,19,1,0.73
43,20,1,0.83
43,26,1,0.71
43,28,1,0.14
43,43,1,0
43,56,1,0.34
43,57,1,0.73
43,75,1,0.43
43,81,1,0.47
43,98,1,0.37
44,5,11,0.79
44,14,11,0.49
44,23,11,0.17
44,30,11,0.98
44,38,11,0.94
44,44,11,0
44,45,11,0.89
44,55,11,0.66
44,61,11,0.99
44,62,11,0.08
44,65,11,0.82
44,84,11,0.87
44,88,11,0.61
44,96,11,0.75
44,5,7,0.8
44,6,7,0.12
44,9,7,0.92
44,11,7,0.93
44,18,7,0.85
44,25,7,0.87
44,30,7,0.88
44,41,7,0.11
44,44,7,0
44,46,7,0.52
44,49,7,0.04
44,51,7,0.56
44,69,7,0.52
44,72,7,0.04
44,75,7,0.54
44,83,7,0.76
44,96,7,0.47
44,1,2,0.1
44,2,2,0.45
44,6,2,0.15
44,7,2,0.38
44,18,2,0.48
44,23,2,0.04
44,28,2,0.65
44,44,2,0
44,47,2,0.12
44,50,2,0.74
44,70,2,0.18
44,79,2,0.6
44,91,2,0.91
44,95,2,0.86
44,97,2,0.71
44,0,5,0.05
44,3,5,0.15
44,6,5,0.43
44,15,5,0.79
44,16,5,0.11
44,44,5,0
44,47,5,0.3
44,48,5,0.92
44,59,5,0.4
44,76,5,0.28
44,92,5,0.71
45,1,6,0.86
45,13,6,0.07
45,15,6,0.19
45,28,6,0.8
45,33,6,0.74
45,34,6,0.97
45,38,6,0.19
45,45,6,0
45,46,6,0.76
45,54,6,0.55
45,56,6,0.63
45,64,6,0.42
45,67,6,0.67
45,74,6,0.35
45,82,6,0.42
45,83,6,0.79
45,85,6,0.08
45,87,6,0.11
45,94,6,0.15
45,95,6,0.24
45,97,6,0.34
45,5,11,0.65
45,14,11,0.27
45,23,11,0.37
45,30,11,0.35
45,38,11,0.97
45,44,11,0.44
45,45,11,0
45,55,11,0.29
45,61,11,0.97
45,62,11,0.23
45,65,11,0.01
45,84,11,0.2
45,88,11,0.28
45,96,11,0.63
45,24,14,0.01
45,31,14,0.11
45,33,14,0.34
45,35,14,0.71
45,36,14,0.09
45,39,14,0.13
45,45,14,0
45,53,14,0.44
45,58,14,0.92
45,79,14,0.18
45,87,14,0.06
45,90,14,0.12
45,92,14,0.83
45,98,14,0.37
45,17,15,0.51
45,21,15,0.15
45,23,15,0.93
45,25,15,0.6
45,33,15,0.41
45,34,15,0.19
45,36,15,0.69
45,40,15,0.28
45,45,15,0
45,49,15,0.97
45,52,15,0.14
45,62,15,0.73
45,63,15,0.36
45,66,15,0.29
45,70,15,0.75
45,75,15,0.28
45,80,15,0.43
45,89,15,0.28
45,93,15,0.46
45,99,15,0.75
46,25,19,0.34
46,31,19,0.99
46,41,19,0.02
46,46,19,0
46,51,19,0.45
46,54,19,0.93
46,61,19,0.45
46,64,19,0.95
46,95,19,0.21
46,5,7,0.99
46,6,7,0.59
46,9,7,0.46
46,11,7,0.66
46,18,7,0.92
46,25,7,0.66
46,30,7,0.43
46,41,7,0.71
46,44,7,0.34
46,46,7,0
46,49,7,0.09
46,51,7,0.17
46,69,7,0.52
46,72,7,0.02
46,75,7,0.92
46,83,7,0.36
46,96,7,0.14
46,1,6,0.32
46,13,6,0.18
46,15,6,0.39
46,28,6,0.91
46,33,6,0.19
46,34,6,0.7
46,38,6,0.31
46,45,6,0.4
46,46,6,0
46,54,6,0.38
46,56,6,0.59
46,64,6,0.62
46,67,6,0.63
46,74,6,0.1
46,82,6,0.05
46,83,6,0.09
46,85,6,0.0
46,87,6,0.79
46,94,6,0.55
46,95,6,0.96
46,97,6,0.48
46,1,10,0.7
46,12,10,0.43
46,16,10,0.58
46,21,10,0.68
46,22,10,0.81
46,29,10,0.72
46,30,10,0.86
46,35,10,0.35
46,37,10,0.18
46,38,10,0.37
46,46,10,0
46,48,10,0.02
46,59,10,0.57
46,60,10,0.58
46,62,10,0.7
46,65,10,0.11
46,76,10,0.94
46,77,10,0.01
46,78,10,0.47
46,79,10,0.11
46,82,10,0.56
46,99,10,0.35
47,0,5,0.09
47,3,5,0.73
47,6,5,0.51
47,15,5,0.42
47,16,5,0.23
47,44,5,0.52
47,47,5,0
47,48,5,0.47
47,59,5,0.58
47,76,5,0.71
47,92,5,0.48
47,1,2,0.76
47,2,2,0.11
47,6,2,0.01
47,7,2,0.22
47,18,2,0.0
47,23,2,0.28
47,28,2,0.21
47,44,2,0.2
47,47,2,0
47,50,2,0.52
47,70,2,0.64
47,79,2,0.42
47,91,2,0.47
47,95,2,0.93
47,97,2,0.03
47,0,8,0.37
47,5,8,0.39
47,12,8,0.23
47,15,8,0.67
47,25,8,0.48
47,29,8,0.88
47,32,8,0.83
47,47,8,0
47,57,8,0.05
47,73,8,0.55
47,77,8,0.88
47,91,8,0.49
47,96,8,0.52
47,4,17,0.29
47,21,17,0.49
47,39,17,0.19
47,40,17,0.55
47,41,17,0.92
47,47,17,0
47,58,17,0.21
47,62,17,0.88
47,67,17,0.27
47,78,17,0.39
47,84,17,0.51
47,89,17,0.64
47,99,17,0.28
48,1,10,0.3
48,12,10,0.23
48,16,10,0.67
48,21,10,0.82
48,22,10,0.22
48,29,10,0.18
48,30,10,0.37
48,35,10,0.21
48,37,10,0.98
48,38,10,0.35
48,46,10,0.43
48,48,10,0
48,59,10,0.12
48,60,10,0.86
48,62,10,0.36
48,65,10,0.49
48,76,10,0.56
48,77,10,0.14
48,78,10,0.4
48,79,10,0.46
48,82,10,0.01
48,99,10,0.8
48,0,5,0.05
48,3,5,0.25
48,6,5,0.34
48,15,5,0.98
48,16,5,0.72
48,44,5,0.68
48,47,5,0.31
48,48,5,0
48,59,5,0.74
48,76,5,0.5
48,92,5,0.84
49,4,9,0.61
49,12,9,0.08
49,24,9,0.76
49,33,9,0.03
49,39,9,0.57
49,40,9,0.87
49,42,9,0.85
49,49,9,0
49,51,9,0.84
49,56,9,0.95
49,63,9,0.11
49,66,9,0.25
49,74,9,0.31
49,86,9,0.2
49,93,9,0.62
49,17,15,0.46
49,21,15,0.13
49,23,15,0.41
49,25,15,0.44
49,33,15,0.08
49,34,15,0.12
49,36,15,0.03
49,40,15,0.46
49,45,15,0.96
49,49,15,0
49,52,15,0.51
49,62,15,0.12
49,63,15,0.04
49,66,15,0.68
49,70,15,0.46
49,75,15,0.12
49,80,15,0.36
49,89,15,0.2
49,93,15,0.77
49,99,15,0.06
49,5,7,0.04
49,6,7,0.9
49,9,7,0.62
49,11,7,0.29
49,18,7,0.3
49,25,7,0.5
49,30,7,0.07
49,41,7,0.86
49,44,7,0.62
49,46,7,0.15
49,49,7,0
49,51,7,0.47
49,69,7,0.92
49,72,7,0.94
49,75,7,0.08
49,83,7,0.65
49,96,7,0.04
50,1,2,0.25
50,2,2,0.72
50,6,2,0.77
50,7,2,0.87
50,18,2,1.0
50,23,2,0.65
50,28,2,0.64
50,44,2,0.87
50,47,2,0.9
50,50,2,0
50,70,2,0.0
50,79,2,0.0
50,91,2,0.15
50,95,2,0.51
50,97,2,0.23
50,0,3,0.05
50,3,3,0.86
50,8,3,0.61
50,11,3,0.44
50,16,3,0.56
50,19,3,0.44
50,20,3,0.74
50,30,3,0.59
50,50,3,0
50,57,3,0.81
50,60,3,0.47
50,63,3,0.63
50,68,3,0.93
50,72,3,0.22
50,78,3,0.99
50,80,3,0.79
50,81,3,0.86
50,86,3,0.65
50,89,3,0.77
50,98,3,0.01
51,25,19,0.25
51,31,19,0.36
51,41,19,0.3
51,46,19,0.81
51,51,19,0
51,54,19,0.94
51,61,19,0.31
51,64,19,0.47
51,95,19,0.92
51,2,12,0.9
51,4,12,0.94
51,18,12,0.7
51,28,12,0.13
51,32,12,0.82
51,42,12,0.22
51,51,12,0
51,56,12,0.07
51,78,12,0.55
51,81,12,0.99
51,83,12,0.68
51,86,12,0.79
51,94,12,0.34
51,4,9,0.09
51,12,9,0.22
51,24,9,0.11
51,33,9,0.21
51,39,9,0.06
51,40,9,0.06
51,42,9,0.96
51,49,9,0.73
51,51,9,0
51,56,9,0.54
51,63,9,0.56
51,66,9,0.42
51,74,9,0.87
51,86,9,0.12
51,93,9,0.1
51,5,7,0.18
51,6,7,0.46
51,9,7,0.57
51,11,7,0.08
51,18,7,0.99
51,25,7,0.54
51,30,7,0.04
51,41,7,0.68
51,44,7,0.77
51,46,7,0.7
51,49,7,0.46
51,51,7,0
51,69,7,0.36
51,72,7,0.86
51,75,7,0.35
51,83,7,0.45
51,96,7,0.35
52,8,0,0.32
52,13,0,0.37
52,14,0,0.24
52,18,0,0.98
52,20,0,0.61
52,26,0,0.77
52,35,0,0.87
52,52,0,0
52,58,0,0.79
52,71,0,0.66
52,85,0,0.23
52,17,15,0.66
52,21,15,0.1
52,23,15,0.19
52,25,15,0.26
52,33,15,0.02
52,34,15,0.52
52,36,15,0.71
52,40,15,0.11
52,45,15,0.41
52,49,15,0.6
52,52,15,0
52,62,15,0.06
52,63,15,0.09
52,66,15,0.14
52,70,15,1.0
52,75,15,0.05
52,80,15,0.79
52,89,15,0.89
52,93,15,0.83
52,99,15,0.27
52,13,18,0.92
52,24,18,0.56
52,37,18,0.11
52,42,18,0.24
52,52,18,0
52,53,18,0.6
52,64,18,0.03
52,65,18,0.05
52,69,18,0.02
52,79,18,0.49
52,80,18,0.89
52,92,18,0.68
53,24,14,0.82
53,31,14,0.08
53,33,14,0.73
53,35,14,0.93
53,36,14,0.56
53,39,14,0.56
53,45,14,0.19
53,53,14,0
53,58,14,0.47
53,79,14,0.31
53,87,14,0.24
53,90,14,0.36
53,92,14,0.52
53,98,14,0.15
53,13,18,0.91
53,24,18,0.38
53,37,18,0.27
53,42,18,0.41
53,52,18,0.96
53,53,18,0
53,64,18,0.76
53,65,18,0.8
53,69,18,0.24
53,79,18,0.49
53,80,18,0.13
53,92,18,0.09
54,25,19,0.59
54,31,19,0.29
54,41,19,0.87
54,46,19,0.71
54,51,19,0.7
54,54,19,0
54,61,19,0.17
54,64,19,0.85
54,95,19,0.58
54,3,16,0.99
54,6,16,0.55
54,10,16,0.51
54,13,16,0.72
54,14,16,0.43
54,17,16,0.15
54,19,16,0.78
54,27,16,0.77
54,31,16,0.62
54,32,16,0.04
54,54,16,0
54,55,16,0.07
54,63,16,0.61
54,75,16,0.11
54,88,16,0.98
54,1,6,0.14
54,13,6,0.47
54,15,6,0.95
54,28,6,0.9
54,33,6,0.61
54,34,6,0.87
54,38,6,0.9
54,45,6,0.94
54,46,6,0.82
54,54,6,0
54,56,6,0.93
54,64,6,0.71
54,67,6,0.89
54,74,6,0.19
54,82,6,0.74
54,83,6,0.91
54,85,6,0.79
54,87,6,0.65
54,94,6,0.84
54,95,6,0.39
54,97,6,0.2
55,5,11,0.92
55,14,11,0.44
55,23,11,0.83
55,30,11,0.52
55,38,11,0.39
55,44,11,0.71
55,45,11,0.88
55,55,11,0
55,61,11,0.08
55,62,11,0.58
55,65,11,0.84
55,84,11,0.18
55,88,11,0.36
55,96,11,0.17
55,3,16,0.04
55,6,16,0.42
55,10,16,0.76
55,13,16,0.4
55,14,16,0.26
55,17,16,0.7
55,19,16,0.44
55,27,16,0.22
55,31,16,0.07
55,32,16,0.2
55,54,16,0.65
55,55,16,0
55,63,16,0.69
55,75,16,0.18
55,88,16,0.5
56,4,9,0.84
56,12,9,0.69
56,24,9,0.66
56,33,9,0.64
56,39,9,0.17
56,40,9,0.34
56,42,9,0.83
56,49,9,0.05
56,51,9,0.94
56,56,9,0
56,63,9,0.03
56,66,9,0.95
56,74,9,0.26
56,86,9,0.46
56,93,9,0.66
56,4,1,0.03
56,8,1,0.91
56,10,1,0.5
56,14,1,0.74
56,19,1,0.89
56,20,1,0.5
56,26,1,0.56
56,28,1,0.76
56,43,1,0.38
56,56,1,0
56,57,1,0.35
56,75,1,0.1
56,81,1,0.31
56,98,1,0.73
56,1,6,0.17
56,13,6,0.89
56,15,6,0.21
56,28,6,0.05
56,33,6,0.07
56,34,6,0.3
56,38,6,0.94
56,45,6,0.32
56,46,6,0.61
56,54,6,0.22
56,56,6,0
56,64,6,0.97
56,67,6,0.97
56,74,6,0.52
56,82,6,0.86
56,83,6,0.88
56,85,6,0.14
56,87,6,0.83
56,94,6,0.97
56,95,6,0.82
56,97,6,0.7
56,2,12,0.12
56,4,12,0.34
56,18,12,0.17
56,28,12,0.51
56,32,12,0.2
56,42,12,0.67
56,51,12,0.94
56,56,12,0
56,78,12,0.04
56,81,12,0.66
56,83,12,0.5
56,86,12,0.48
56,94,12,0.57
57,7,4,0.83
57,26,4,0.01
57,27,4,0.86
57,38,4,0.11
57,39,4,0.79
57,43,4,0.53
57,57,4,0
57,61,4,0.67
57,71,4,0.04
57,0,3,0.39
57,3,3,0.23
57,8,3,0.72
57,11,3,0.98
57,16,3,0.56
57,19,3,0.67
57,20,3,0.62
57,30,3,0.96
57,50,3,0.37
57,57,3,0
57,60,3,0.66
57,63,3,0.89
57,68,3,0.62
57,72,3,0.39
57,78,3,0.01
57,80,3,0.67
57,81,3,0.78
57,86,3,0.09
57,89,3,0.91
57,98,3,0.22
57,0,8,0.89
57,5,8,0.9
57,12,8,0.27
57,15,8,0.99
57,25,8,0.87
57,29,8,0.3
57,32,8,0.11
57,47,8,0.26
57,57,8,0
57,73,8,0.77
57,77,8,0.94
57,91,8,0.16
57,96,8,0.06
57,4,1,0.59
57,8,1,0.06
57,10,1,0.45
57,14,1,0.48
57,19,1,0.64
57,20,1,0.5
57,26,1,0.2
57,28,1,0.73
57,43,1,0.06
57,56,1,0.05
57,57,1,0
57,75,1,0.11
57,81,1,0.72
57,98,1,0.63
58,8,0,0.43
58,13,0,0.92
58,14,0,0.52
58,18,0,0.7
58,20,0,0.22
58,26,0,0.5
58,35,0,0.72
58,52,0,0.0
58,58,0,0
58,71,0,0.04
58,85,0,0.83
58,24,14,0.11
58,31,14,0.4
58,33,14,0.44
58,35,14,0.47
58,36,14,0.95
58,39,14,0.8
58,45,14,0.8
58,53,14,0.99
58,58,14,0
58,79,14,0.48
58,87,14,0.76
58,90,14,0.17
58,92,14,0.59
58,98,14,0.27
58,4,17,0.38
58,21,17,0.78
58,39,17,0.24
58,40,17,0.06
58,41,17,0.53
58,47,17,0.24
58,58,17,0
58,62,17,0.46
58,67,17,0.25
58,78,17,0.75
58,84,17,0.64
58,89,17,0.72
58,99,17,0.73
59,1,10,0.49
59,12,10,0.63
59,16,10,0.72
59,21,10,0.15
59,22,10,0.82
59,29,10,0.55
59,30,10,0.09
59,35,10,0.97
59,37,10,0.7
59,38,10,0.15
59,46,10,0.66
59,48,10,0.02
59,59,10,0
59,60,10,0.0
59,62,10,0.51
59,65,10,0.82
59,76,10,0.82
59,77,10,0.1
59,78,10,0.05
59,79,10,0.07
59,82,10,0.8
59,99,10,1.0
59,0,5,0.74
59,3,5,0.21
59,6,5,0.34
59,15,5,0.41
59,16,5,0.21
59,44,5,0.04
59,47,5,0.59
59,48,5,0.88
59,59,5,0
59,76,5,0.23
59,92,5,0.77
60,1,10,0.08
60,12,10,0.88
60,16,10,0.68
60,21,10,0.65
60,22,10,0.07
60,29,10,0.88
60,30,10,0.72
60,35,10,0.78
60,37,10,0.14
60,38,10,0.79
60,46,10,0.99
60,48,10,0.49
60,59,10,0.37
60,60,10,0
60,62,10,0.95
60,65,10,0.94
60,76,10,0.58
60,77,10,0.67
60,78,10,0.89
60,79,10,0.71
60,82,10,0.64
60,99,10,0.36
60,0,3,0.88
60,3,3,0.74
60,8,3,0.32
60,11,3,0.74
60,16,3,0.64
60,19,3,0.22
60,20,3,0.45
60,30,3,0.02
60,50,3,0.75
60,57,3,0.51
60,60,3,0
60,63,3,0.71
60,68,3,0.45
60,72,3,0.76
60,78,3,0.69
60,80,3,0.39
60,81,3,0.56
60,86,3,0.44
60,89,3,0.7
60,98,3,0.91
61,5,11,0.15
61,14,11,0.35
61,23,11,0.85
61,30,11,0.57
61,38,11,0.37
61,44,11,0.99
61,45,11,0.43
61,55,11,0.82
61,61,11,0
61,62,11,0.38
61,65,11,0.59
61,84,11,0.75
61,88,11,0.33
61,96,11,0.22
61,25,19,0.27
61,31,19,0.09
61,41,19,0.81
61,46,19,0.89
61,51,19,0.41
61,54,19,0.78
61,61,19,0
61,64,19,0.89
61,95,19,0.32
61,7,4,0.43
61,26,4,0.49
61,27,4,0.08
61,38,4,0.4
61,39,4,0.84
61,43,4,0.93
61,57,4,0.08
61,61,4,0
61,71,4,0.85
62,1,10,0.95
62,12,10,0.7
62,16,10,0.26
62,21,10,0.12
62,22,10,0.53
62,29,10,0.56
62,30,10,0.08
62,35,10,0.64
62,37,10,0.57
62,38,10,0.83
62,46,10,0.43
62,48,10,0.38
62,59,10,0.76
62,60,10,0.16
62,62,10,0
62,65,10,0.01
62,76,10,0.6
62,77,10,0.37
62,78,10,0.37
62,79,10,0.47
62,82,10,0.58
62,99,10,0.85
62,5,11,0.98
62,14,11,1.0
62,23,11,0.42
62,30,11,0.8
62,38,11,0.36
62,44,11,0.68
62,45,11,0.24
62,55,11,0.82
62,61,11,0.4
62,62,11,0
62,65,11,0.66
62,84,11,0.6
62,88,11,0.45
62,96,11,0.02
62,4,17,0.6
62,21,17,0.13
62,39,17,0.21
62,40,17,0.6
62,41,17,0.74
62,47,17,0.3
62,58,17,0.7
62,62,17,0
62,67,17,0.68
62,78,17,0.78
62,84,17,0.6
62,89,17,0.8
62,99,17,0.23
62,17,15,0.18
62,21,15,0.45
62,23,15,0.59
62,25,15,0.98
62,33,15,0.34
62,34,15,0.51
62,36,15,0.78
62,40,15,0.17
62,45,15,0.76
62,49,15,0.92
62,52,15,0.43
62,62,15,0
62,63,15,0.95
62,66,15,0.17
62,70,15,0.25
62,75,15,0.31
62,80,15,0.24
62,89,15,0.87
62,93,15,0.09
62,99,15,0.96
63,4,9,0.85
63,12,9,0.74
63,24,9,0.21
63,33,9,0.15
63,39,9,0.83
63,40,9,0.51
63,42,9,0.45
63,49,9,0.88
63,51,9,0.78
63,56,9,0.39
63,63,9,0
63,66,9,0.85
63,74,9,0.81
63,86,9,0.2
63,93,9,0.31
63,3,16,0.04
63,6,16,0.44
63,10,16,0.14
63,13,16,0.47
63,14,16,0.93
63,17,16,0.71
63,19,16,0.08
63,27,16,0.53
63,31,16,0.28
63,32,16,0.93
63,54,16,0.22
63,55,16,0.1
63,63,16,0
63,75,16,0.75
63,88,16,0.82
63,17,15,0.88
63,21,15,0.75
63,23,15,0.2
63,25,15,1.0
63,33,15,0.54
63,34,15,0.46
63,36,15,0.18
63,40,15,0.87
63,45,15,0.73
63,49,15,0.34
63,52,15,0.66
63,62,15,0.26
63,63,15,0
63,66,15,0.16
63,70,15,0.35
63,75,15,0.91
63,80,15,0.67
63,89,15,0.27
63,93,15,0.83
63,99,15,0.34
63,0,3,0.8
63,3,3,0.49
63,8,3,0.07
63,11,3,0.75
63,16,3,0.52
63,19,3,0.46
63,20,3,0.81
63,30,3,0.28
63,50,3,0.29
63,57,3,0.5
63,60,3,0.63
63,63,3,0
63,68,3,0.73
63,72,3,0.89
63,78,3,0.58
63,80,3,0.07
63,81,3,0.87
63,86,3,0.96
63,89,3,0.16
63,98,3,0.09
64,1,6,0.08
64,13,6,0.35
64,15,6,0.81
64,28,6,0.58
64,33,6,0.8
64,34,6,0.78
64,38,6,0.58
64,45,6,0.88
64,46,6,0.53
64,54,6,0.78
64,56,6,0.43
64,64,6,0
64,67,6,0.96
64,74,6,0.41
64,82,6,0.39
64,83,6,0.23
64,85,6,0.03
64,87,6,0.75
64,94,6,0.68
64,95,6,0.92
64,97,6,0.8
64,25,19,0.39
64,31,19,0.36
64,41,19,0.99
64,46,19,0.13
64,51,19,0.79
64,54,19,0.6
64,61,19,0.62
64,64,19,0
64,95,19,0.65
64,13,18,0.25
64,24,18,0.37
64,37,18,0.35
64,42,18,0.75
64,52,18,0.65
64,53,18,0.94
64,64,18,0
64,65,18,0.02
64,69,18,0.04
64,79,18,0.47
64,80,18,0.21
64,92,18,0.01
65,13,18,0.63
65,24,18,0.42
65,37,18,0.45
65,42,18,0.04
65,52,18,0.88
65,53,18,0.1
65,64,18,0.75
65,65,18,0
65,69,18,0.38
65,79,18,0.66
65,80,18,0.91
65,92,18,0.56
65,5,11,0.15
65,14,11,0.11
65,23,11,0.12
65,30,11,0.14
65,38,11,0.38
65,44,11,0.36
65,45,11,0.16
65,55,11,0.18
65,61,11,0.38
65,62,11,0.86
65,65,11,0
65,84,11,0.78
65,88,11,0.89
65,96,11,0.33
65,1,10,0.16
65,12,10,0.81
65,16,10,0.67
65,21,10,0.2
65,22,10,0.69
65,29,10,0.88
65,30,10,0.58
65,35,10,0.83
65,37,10,0.71
65,38,10,0.69
65,46,10,0.68
65,48,10,0.75
65,59,10,0.19
65,60,10,0.51
65,62,10,0.81
65,65,10,0
65,76,10,0.51
65,77,10,0.94
65,78,10,0.96
65,79,10,0.97
65,82,10,0.76
65,99,10,0.65
66,4,9,0.88
66,12,9,0.75
66,24,9,0.53
66,33,9,0.96
66,39,9,0.28
66,40,9,0.07
66,42,9,0.62
66,49,9,0.34
66,51,9,1.0
66,56,9,0.48
66,63,9,0.61
66,66,9,0
66,74,9,0.6
66,86,9,0.87
66,93,9,0.24
66,17,15,0.68
66,21,15,0.38
66,23,15,0.89
66,25,15,0.73
66,33,15,0.28
66,34,15,0.55
66,36,15,0.9
66,40,15,0.42
66,45,15,0.06
66,49,15,0.56
66,52,15,0.3
66,62,15,0.67
66,63,15,0.11
66,66,15,0
66,70,15,0.34
66,75,15,0.25
66,80,15,0.76
66,89,15,0.17
66,93,15,0.25
66,99,15,0.66
67,4,17,0.91
67,21,17,0.06
67,39,17,0.72
67,40,17,0.84
67,41,17,0.02
67,47,17,0.08
67,58,17,0.43
67,62,17,0.14
67,67,17,0
67,78,17,0.42
67,84,17,0.97
67,89,17,0.22
67,99,17,0.08
67,1,6,0.54
67,13,6,0.28
67,15,6,0.71
67,28,6,0.74
67,33,6,0.0
67,34,6,0.31
67,38,6,0.56
67,45,6,0.94
67,46,6,0.44
67,54,6,0.52
67,56,6,0.36
67,64,6,0.31
67,67,6,0
67,74,6,0.01
67,82,6,0.91
67,83,6,0.14
67,85,6,0.84
67,87,6,0.15
67,94,6,0.68
67,95,6,0.29
67,97,6,0.26
68,7,13,0.76
68,9,13,0.82
68,12,13,0.55
68,17,13,0.71
68,22,13,0.77
68,34,13,0.99
68,68,13,0
68,73,13,0.86
68,90,13,0.35
68,91,13,0.17
68,94,13,0.24
68,0,3,0.9
68,3,3,0.93
68,8,3,0.68
68,11,3,0.87
68,16,3,0.21
68,19,3,0.58
68,20,3,0.19
68,30,3,0.81
68,50,3,0.83
68,57,3,0.15
68,60,3,0.12
68,63,3,0.79
68,68,3,0
68,72,3,0.51
68,78,3,0.73
68,80,3,0.09
68,81,3,0.75
68,86,3,0.19
68,89,3,0.15
68,98,3,0.94
69,5,7,0.35
69,6,7,0.57
69,9,7,0.59
69,11,7,0.44
69,18,7,0.66
69,25,7,0.85
69,30,7,0.48
69,41,7,0.83
69,44,7,0.15
69,46,7,0.89
69,49,7,0.72
69,51,7,0.67
69,69,7,0
69,72,7,0.44
69,75,7,0.11
69,83,7,0.52
69,96,7,0.04
69,13,18,0.08
69,24,18,0.99
69,37,18,0.45
69,42,18,0.75
69,52,18,0.61
69,53,18,0.87
69,64,18,0.77
69,65,18,0.35
69,69,18,0
69,79,18,0.8
69,80,18,0.54
69,92,18,0.38
70,1,2,0.92
70,2,2,0.87
70,6,2,0.97
70,7,2,0.56
70,18,2,0.46
70,23,2,0.62
70,28,2,0.58
70,44,2,0.24
70,47,2,0.13
70,50,2,0.23
70,70,2,0
70,79,2,0.26
70,91,2,0.11
70,95,2,0.63
70,97,2,0.2
70,17,15,0.19
70,21,15,0.42
70,23,15,0.2
70,25,15,0.86
70,33,15,0.64
70,34,15,0.66
70,36,15,0.22
70,40,15,0.83
70,45,15,0.73
70,49,15,0.28
70,52,15,0.85
70,62,15,0.7
70,63,15,0.47
70,66,15,0.11
70,70,15,0
70,75,15,0.88
70,80,15,0.32
70,89,15,0.67
70,93,15,0.52
70,99,15,0.04
71,7,4,0.74
71,26,4,0.09
71,27,4,0.22
71,38,4,0.9
71,39,4,0.81
71,43,4,0.33
71,57,4,0.85
71,61,4,0.87
71,71,4,0
71,8,0,0.91
71,13,0,0.56
71,14,0,0.19
71,18,0,0.36
71,20,0,0.72
71,26,0,0.87
71,35,0,0.23
71,52,0,0.04
71,58,0,0.89
71,71,0,0
71,85,0,0.62
72,5,7,0.42
72,6,7,0.38
72,9,7,0.78
72,11,7,0.14
72,18,7,0.13
72,25,7,0.14
72,30,7,0.06
72,41,7,0.29
72,44,7,0.43
72,46,7,0.93
72,49,7,0.23
72,51,7,0.95
72,69,7,0.85
72,72,7,0
72,75,7,0.42
72,83,7,0.99
72,96,7,0.06
72,0,3,0.89
72,3,3,0.1
72,8,3,0.77
72,11,3,0.94
72,16,3,0.74
72,19,3,0.09
72,20,3,0.96
72,30,3,0.12
72,50,3,0.88
72,57,3,0.39
72,60,3,0.57
72,63,3,0.96
72,68,3,0.5
72,72,3,0
72,78,3,0.01
72,80,3,0.09
72,81,3,0.18
72,86,3,0.35
72,89,3,0.62
72,98,3,0.96
73,7,13,0.34
73,9,13,0.65
73,12,13,0.05
73,17,13,0.25
73,22,13,0.06
73,34,13,0.08
73,68,13,0.66
73,73,13,0
73,90,13,0.84
73,91,13,0.42
73,94,13,0.51
73,0,8,0.46
73,5,8,0.21
73,12,8,0.08
73,15,8,0.69
73,25,8,0.06
73,29,8,0.63
73,32,8,0.43
73,47,8,0.62
73,57,8,0.86
73,73,8,0
73,77,8,0.57
73,91,8,0.76
73,96,8,0.67
74,1,6,0.89
74,13,6,0.91
74,15,6,0.16
74,28,6,0.97
74,33,6,0.96
74,34,6,0.75
74,38,6,0.61
74,45,6,0.49
74,46,6,0.19
74,54,6,0.4
74,56,6,0.49
74,64,6,0.12
74,67,6,0.57
74,74,6,0
74,82,6,0.42
74,83,6,0.62
74,85,6,0.52
74,87,6,0.99
74,94,6,0.83
74,95,6,0.69
74,97,6,0.42
74,4,9,0.2
74,12,9,0.61
74,24,9,0.1
74,33,9,0.93
74,39,9,0.68
74,40,9,0.14
74,42,9,0.27
74,49,9,0.86
74,51,9,0.89
74,56,9,0.61
74,63,9,0.83
74,66,9,0.56
74,74,9,0
74,86,9,0.45
74,93,9,0.5
75,5,7,0.12
75,6,7,0.76
75,9,7,0.91
75,11,7,0.99
75,18,7,0.65
75,25,7,0.89
75,30,7,0.2
75,41,7,0.35
75,44,7,0.62
75,46,7,0.12
75,49,7,0.09
75,51,7,0.19
75,69,7,0.9
75,72,7,0.47
75,75,7,0
75,83,7,0.15
75,96,7,0.84
75,4,1,0.93
75,8,1,0.7
75,10,1,0.81
75,14,1,0.61
75,19,1,0.44
75,20,1,0.59
75,26,1,1.0
75,28,1,0.54
75,43,1,0.97
75,56,1,0.28
75,57,1,0.45
75,75,1,0
75,81,1,0.5
75,98,1,0.22
75,17,15,0.52
75,21,15,0.04
75,23,15,0.86
75,25,15,0.84
75,33,15,0.15
75,34,15,0.74
75,36,15,0.33
75,40,15,0.56
75,45,15,0.67
75,49,15,0.79
75,52,15,0.19
75,62,15,0.02
75,63,15,0.21
75,66,15,0.96
75,70,15,0.03
75,75,15,0
75,80,15,0.06
75,89,15,0.89
75,93,15,0.62
75,99,15,0.0
75,3,16,0.76
75,6,16,0.08
75,10,16,0.93
75,13,16,0.37
75,14,16,0.58
75,17,16,0.14
75,19,16,0.4
75,27,16,0.24
75,31,16,0.41
75,32,16,0.66
75,54,16,0.23
75,55,16,0.76
75,63,16,0.03
75,75,16,0
75,88,16,0.46
76,1,10,0.5
76,12,10,0.61
76,16,10,0.93
76,21,10,0.3
76,22,10,0.48
76,29,10,0.57
76,30,10,0.47
76,35,10,0.85
76,37,10,0.63
76,38,10,0.67
76,46,10,0.6
76,48,10,0.17
76,59,10,0.13
76,60,10,0.41
76,62,10,0.04
76,65,10,0.87
76,76,10,0
76,77,10,0.63
76,78,10,0.51
76,79,10,0.51
76,82,10,0.73
76,99,10,0.16
76,0,5,0.13
76,3,5,0.2
76,6,5,0.71
76,15,5,0.25
76,16,5,0.12
76,44,5,0.76
76,47,5,0.33
76,48,5,0.14
76,59,5,0.63
76,76,5,0
76,92,5,0.41
77,1,10,0.93
77,12,10,0.4
77,16,10,0.49
77,21,10,0.39
77,22,10,0.97
77,29,10,0.19
77,30,10,0.82
77,35,10,0.61
77,37,10,0.24
77,38,10,0.36
77,46,10,0.15
77,48,10,0.65
77,59,10,0.5
77,60,10,0.3
77,62,10,0.47
77,65,10,0.94
77,76,10,0.23
77,77,10,0
77,78,10,0.77
77,79,10,0.53
77,82,10,0.39
77,99,10,0.43
77,0,8,0.73
77,5,8,0.35
77,12,8,0.81
77,15,8,0.99
77,25,8,0.4
77,29,8,0.74
77,32,8,0.86
77,47,8,0.51
77,57,8,0.22
77,73,8,0.07
77,77,8,0
77,91,8,0.16
77,96,8,0.25
78,0,3,0.96
78,3,3,0.77
78,8,3,0.93
78,11,3,0.48
78,16,3,0.05
78,19,3,0.86
78,20,3,0.88
78,30,3,0.64
78,50,3,0.62
78,57,3,0.18
78,60,3,0.78
78,63,3,0.91
78,68,3,0.74
78,72,3,0.4
78,78,3,0
78,80,3,0.11
78,81,3,0.85
78,86,3,0.62
78,89,3,0.18
78,98,3,0.13
78,1,10,0.58
78,12,10,0.84
78,16,10,0.49
78,21,10,0.55
78,22,10,0.51
78,29,10,0.58
78,30,10,0.5
78,35,10,0.75
78,37,10,0.07
78,38,10,0.48
78,46,10,0.03
78,48,10,0.16
78,59,10,0.59
78,60,10,0.37
78,62,10,0.16
78,65,10,0.2
78,76,10,0.43
78,77,10,0.09
78,78,10,0
78,79,10,0.3
78,82,10,0.67
78,99,10,0.49
78,2,12,0.14
78,4,12,0.9
78,18,12,0.26
78,28,12,0.14
78,32,12,0.05
78,42,12,0.94
78,51,12,0.86
78,56,12,0.87
78,78,12,0
78,81,12,0.21
78,83,12,0.89
78,86,12,0.27
78,94,12,0.18
78,4,17,0.61
78,21,17,0.6
78,39,17,0.82
78,40,17,0.28
78,41,17,0.29
78,47,17,0.31
78,58,17,0.8
78,62,17,0.09
78,67,17,0.17
78,78,17,0
78,84,17,0.91
78,89,17,0.25
78,99,17,0.87
79,1,2,0.8
79,2,2,0.0
79,6,2,0.37
79,7,2,0.93
79,18,2,0.13
79,23,2,0.24
79,28,2,0.29
79,44,2,0.05
79,47,2,0.02
79,50,2,0.11
79,70,2,0.65
79,79,2,0
79,91,2,0.76
79,95,2,0.77
79,97,2,0.83
79,1,10,0.91
79,12,10,0.98
79,16,10,0.93
79,21,10,0.54
79,22,10,0.46
79,29,10,0.6
79,30,10,0.24
79,35,10,0.21
79,37,10,0.72
79,38,10,0.89
79,46,10,0.15
79,48,10,0.66
79,59,10,0.93
79,60,10,0.46
79,62,10,0.32
79,65,10,0.08
79,76,10,0.42
79,77,10,0.64
79,78,10,0.14
79,79,10,0
79,82,10,0.41
79,99,10,0.4
79,24,14,0.93
79,31,14,0.17
79,33,14,0.4
79,35,14,0.32
79,36,14,0.05
79,39,14,0.2
79,45,14,0.12
79,53,14,0.73
79,58,14,0.53
79,79,14,0
79,87,14,0.47
79,90,14,0.08
79,92,14,0.97
79,98,14,0.72
79,13,18,0.55
79,24,18,0.61
79,37,18,1.0
79,42,18,0.54
79,52,18,0.67
79,53,18,0.49
79,64,18,0.72
79,65,18,0.64
79,69,18,0.2
79,79,18,0
79,80,18,0.59
79,92,18,0.48
80,13,18,0.36
80,24,18,0.66
80,37,18,0.49
80,42,18,0.95
80,52,18,0.23
80,53,18,0.16
80,64,18,0.85
80,65,18,0.32
80,69,18,0.82
80,79,18,0.69
80,80,18,0
80,92,18,0.63
80,0,3,0.11
80,3,3,0.97
80,8,3,0.24
80,11,3,0.43
80,16,3,0.04
80,19,3,0.86
80,20,3,0.19
80,30,3,0.85
80,50,3,0.03
80,57,3,0.43
80,60,3,0.44
80,63,3,0.28
80,68,3,0.32
80,72,3,0.11
80,78,3,0.1
80,80,3,0
80,81,3,1.0
80,86,3,0.81
80,89,3,0.09
80,98,3,0.42
80,17,15,0.8
80,21,15,0.06
80,23,15,0.67
80,25,15,0.22
80,33,15,0.03
80,34,15,0.96
80,36,15,0.14
80,40,15,0.19
80,45,15,0.48
80,49,15,0.99
80,52,15,0.04
80,62,15,0.95
80,63,15,0.84
80,66,15,0.88
80,70,15,0.75
80,75,15,0.99
80,80,15,0
80,89,15,0.79
80,93,15,0.9
80,99,15,0.94
81,0,3,0.85
81,3,3,0.97
81,8,3,0.86
81,11,3,0.61
81,16,3,0.99
81,19,3,0.36
81,20,3,0.7
81,30,3,0.96
81,50,3,0.61
81,57,3,0.85
81,60,3,0.08
81,63,3,0.29
81,68,3,0.95
81,72,3,0.61
81,78,3,0.35
81,80,3,0.7
81,81,3,0
81,86,3,0.05
81,89,3,0.55
81,98,3,0.04
81,2,12,0.73
81,4,12,0.55
81,18,12,0.36
81,28,12,0.77
81,32,12,0.31
81,42,12,0.85
81,51,12,0.14
81,56,12,1.0
81,78,12,0.33
81,81,12,0
81,83,12,0.77
81,86,12,0.29
81,94,12,0.03
81,4,1,0.48
81,8,1,0.57
81,10,1,0.32
81,14,1,0.08
81,19,1,0.48
81,20,1,0.36
81,26,1,0.51
81,28,1,0.98
81,43,1,0.74
81,56,1,0.45
81,57,1,0.81
81,75,1,0.8
81,81,1,0
81,98,1,0.74
82,1,10,0.28
82,12,10,0.32
82,16,10,0.72
82,21,10,0.54
82,22,10,0.6
82,29,10,0.13
82,30,10,0.58
82,35,10,0.98
82,37,10,0.3
82,38,10,0.48
82,46,10,0.45
82,48,10,0.64
82,59,10,0.75
82,60,10,0.29
82,62,10,0.05
82,65,10,0.03
82,76,10,0.56
82,77,10,0.1
82,78,10,0.84
82,79,10,0.98
82,82,10,0
82,99,10,0.33
82,1,6,0.96
82,13,6,0.82
82,15,6,0.35
82,28,6,0.76
82,33,6,0.79
82,34,6,0.86
82,38,6,0.51
82,45,6,0.18
82,46,6,0.81
82,54,6,0.33
82,56,6,0.15
82,64,6,0.87
82,67,6,0.8
82,74,6,0.45
82,82,6,0
82,83,6,0.49
82,85,6,0.62
82,87,6,0.38
82,94,6,0.8
82,95,6,0.15
82,97,6,0.29
83,2,12,0.28
83,4,12,0.32
83,18,12,0.08
83,28,12,0.63
83,32,12,0.31
83,42,12,0.81
83,51,12,0.93
83,56,12,0.75
83,78,12,0.64
83,81,12,0.08
83,83,12,0
83,86,12,0.95
83,94,12,0.48
83,5,7,0.96
83,6,7,0.3
83,9,7,0.18
83,11,7,0.9
83,18,7,0.54
83,25,7,0.79
83,30,7,0.72
83,41,7,0.39
83,44,7,0.81
83,46,7,0.35
83,49,7,0.66
83,51,7,0.24
83,69,7,0.55
83,72,7,0.49
83,75,7,0.39
83,83,7,0
83,96,7,0.55
83,1,6,0.64
83,13,6,0.77
83,15,6,0.55
83,28,6,0.12
83,33,6,0.58
83,34,6,0.22
83,38,6,0.66
83,45,6,0.02
83,46,6,0.37
83,54,6,0.43
83,56,6,0.47
83,64,6,0.03
83,67,6,0.84
83,74,6,0.3
83,82,6,0.9
83,83,6,0
83,85,6,0.48
83,87,6,0.4
83,94,6,0.18
83,95,6,0.92
83,97,6,0.45
84,5,11,0.19
84,14,11,0.14
84,23,11,0.95
84,30,11,0.64
84,38,11,0.22
84,44,11,0.27
84,45,11,0.59
84,55,11,0.17
84,61,11,0.88
84,62,11,0.04
84,65,11,0.74
84,84,11,0
84,88,11,0.18
84,96,11,0.55
84,4,17,0.76
84,21,17,0.24
84,39,17,0.23
84,40,17,0.33
84,41,17,0.2
84,47,17,0.79
84,58,17,0.27
84,62,17,0.54
84,67,17,0.41
84,78,17,0.86
84,84,17,0
84,89,17,0.15
84,99,17,0.0
85,8,0,0.77
85,13,0,0.68
85,14,0,0.77
85,18,0,0.13
85,20,0,0.51
85,26,0,0.68
85,35,0,0.25
85,52,0,0.93
85,58,0,0.21
85,71,0,0.33
85,85,0,0
85,1,6,0.28
85,13,6,0.73
85,15,6,0.8
85,28,6,0.23
85,33,6,0.75
85,34,6,0.31
85,38,6,0.53
85,45,6,0.79
85,46,6,0.41
85,54,6,0.21
85,56,6,0.61
85,64,6,0.12
85,67,6,0.5
85,74,6,0.0
85,82,6,0.4
85,83,6,0.02
85,85,6,0
85,87,6,0.48
85,94,6,0.51
85,95,6,0.57
85,97,6,0.54
86,2,12,0.47
86,4,12,0.49
86,18,12,1.0
86,28,12,0.23
86,32,12,0.2
86,42,12,0.3
86,51,12,0.54
86,56,12,0.16
86,78,12,0.89
86,81,12,0.51
86,83,12,0.66
86,86,12,0
86,94,12,0.81
86,0,3,0.79
86,3,3,0.57
86,8,3,0.13
86,11,3,0.2
86,16,3,0.33
86,19,3,0.97
86,20,3,0.59
86,30,3,0.79
86,50,3,0.0
86,57,3,0.65
86,60,3,0.41
86,63,3,0.53
86,68,3,0.42
86,72,3,0.04
86,78,3,0.75
86,80,3,0.9
86,81,3,0.66
86,86,3,0
86,89,3,0.17
86,98,3,0.18
86,4,9,0.19
86,12,9,0.49
86,24,9,0.99
86,33,9,0.64
86,39,9,0.81
86,40,9,0.56
86,42,9,0.46
86,49,9,0.11
86,51,9,0.89
86,56,9,0.2
86,63,9,0.7
86,66,9,0.01
86,74,9,0.74
86,86,9,0
86,93,9,0.02
87,24,14,0.58
87,31,14,0.28
87,33,14,0.57
87,35,14,0.9
87,36,14,0.1
87,39,14,0.81
87,45,14,0.32
87,53,14,0.54
87,58,14,0.86
87,79,14,0.82
87,87,14,0
87,90,14,0.87
87,92,14,0.53
87,98,14,0.78
87,1,6,0.04
87,13,6,0.5
87,15,6,0.88
87,28,6,0.73
87,33,6,0.92
87,34,6,0.04
87,38,6,0.31
87,45,6,0.69
87,46,6,0.5
87,54,6,0.58
87,56,6,0.11
87,64,6,0.03
87,67,6,0.97
87,74,6,0.16
87,82,6,0.62
87,83,6,0.76
87,85,6,0.51
87,87,6,0
87,94,6,0.87
87,95,6,0.23
87,97,6,0.45
88,5,11,0.73
88,14,11,0.06
88,23,11,0.91
88,30,11,0.19
88,38,11,0.43
88,44,11,0.66
88,45,11,0.44
88,55,11,0.84
88,61,11,0.51
88,62,11,0.99
88,65,11,0.02
88,84,11,0.62
88,88,11,0
88,96,11,0.61
88,3,16,0.76
88,6,16,0.74
88,10,16,0.85
88,13,16,0.77
88,14,16,0.74
88,17,16,0.74
88,19,16,0.04
88,27,16,0.34
88,31,16,0.59
88,32,16,0.73
88,54,16,0.73
88,55,16,0.65
88,63,16,0.67
88,75,16,0.04
88,88,16,0
89,4,17,0.42
89,21,17,0.91
89,39,17,0.57
89,40,17,0.11
89,41,17,0.67
89,47,17,0.52
89,58,17,0.0
89,62,17,0.35
89,67,17,0.99
89,78,17,0.85
89,84,17,0.03
89,89,17,0
89,99,17,0.4
89,0,3,0.8
89,3,3,0.83
89,8,3,0.49
89,11,3,0.34
89,16,3,0.07
89,19,3,0.23
89,20,3,0.44
89,30,3,0.95
89,50,3,0.15
89,57,3,0.51
89,60,3,0.2
89,63,3,0.61
89,68,3,0.17
89,72,3,0.74
89,78,3,0.5
89,80,3,0.7
89,81,3,0.92
89,86,3,0.6
89,89,3,0
89,98,3,0.41
89,17,15,0.62
89,21,15,0.13
89,23,15,0.03
89,25,15,0.4
89,33,15,0.76
89,34,15,0.13
89,36,15,0.28
89,40,15,0.72
89,45,15,0.32
89,49,15,0.3
89,52,15,0.4
89,62,15,0.14
89,63,15,0.96
89,66,15,0.99
89,70,15,0.47
89,75,15,0.12
89,80,15,0.63
89,89,15,0
89,93,15,0.91
89,99,15,0.39
90,7,13,0.29
90,9,13,0.54
90,12,13,0.56
90,17,13,0.08
90,22,13,0.71
90,34,13,0.39
90,68,13,0.19
90,73,13,0.33
90,90,13,0
90,91,13,0.99
90,94,13,0.12
90,24,14,0.38
90,31,14,0.14
90,33,14,0.41
90,35,14,0.55
90,36,14,0.47
90,39,14,0.53
90,45,14,0.02
90,53,14,0.49
90,58,14,0.11
90,79,14,0.02
90,87,14,0.69
90,90,14,0
90,92,14,0.28
90,98,14,0.41
91,7,13,0.34
91,9,13,0.59
91,12,13,0.33
91,17,13,0.48
91,22,13,0.19
91,34,13,0.11
91,68,13,0.39
91,73,13,0.61
91,90,13,0.93
91,91,13,0
91,94,13,0.28
91,0,8,0.23
91,5,8,0.97
91,12,8,0.68
91,15,8,0.73
91,25,8,0.84
91,29,8,0.33
91,32,8,0.34
91,47,8,0.44
91,57,8,0.54
91,73,8,0.67
91,77,8,0.32
91,91,8,0
91,96,8,0.53
91,1,2,0.93
91,2,2,0.7
91,6,2,0.52
91,7,2,0.86
91,18,2,0.71
91,23,2,0.25
91,28,2,0.15
91,44,2,0.24
91,47,2,0.07
91,50,2,0.49
91,70,2,0.88
91,79,2,0.97
91,91,2,0
91,95,2,0.8
91,97,2,0.99
92,24,14,0.39
92,31,14,0.26
92,33,14,0.34
92,35,14,0.33
92,36,14,0.47
92,39,14,0.13
92,45,14,0.01
92,53,14,0.95
92,58,14,0.09
92,79,14,0.97
92,87,14,0.02
92,90,14,0.36
92,92,14,0
92,98,14,0.41
92,13,18,0.02
92,24,18,0.98
92,37,18,0.46
92,42,18,0.5
92,52,18,0.59
92,53,18,0.32
92,64,18,0.62
92,65,18,0.95
92,69,18,0.92
92,79,18,0.01
92,80,18,0.32
92,92,18,0
92,0,5,0.53
92,3,5,0.01
92,6,5,0.72
92,15,5,0.5
92,16,5,0.29
92,44,5,0.48
92,47,5,0.87
92,48,5,0.79
92,59,5,0.97
92,76,5,0.05
92,92,5,0
93,4,9,0.62
93,12,9,0.72
93,24,9,0.17
93,33,9,0.25
93,39,9,0.41
93,40,9,0.7
93,42,9,0.04
93,49,9,0.12
93,51,9,0.23
93,56,9,0.94
93,63,9,0.51
93,66,9,0.78
93,74,9,0.63
93,86,9,0.24
93,93,9,0
93,17,15,0.96
93,21,15,0.46
93,23,15,0.57
93,25,15,0.72
93,33,15,0.89
93,34,15,0.37
93,36,15,0.72
93,40,15,0.89
93,45,15,0.78
93,49,15,0.85
93,52,15,0.29
93,62,15,0.07
93,63,15,0.36
93,66,15,0.16
93,70,15,0.25
93,75,15,0.48
93,80,15,0.54
93,89,15,0.19
93,93,15,0
93,99,15,0.99
94,2,12,0.25
94,4,12,0.94
94,18,12,0.09
94,28,12,0.73
94,32,12,0.64
94,42,12,0.9
94,51,12,0.09
94,56,12,0.05
94,78,12,0.15
94,81,12,0.74
94,83,12,0.94
94,86,12,0.2
94,94,12,0
94,1,6,0.24
94,13,6,0.92
94,15,6,0.41
94,28,6,0.16
94,33,6,0.02
94,34,6,0.44
94,38,6,0.41
94,45,6,0.49
94,46,6,0.0
94,54,6,0.62
94,56,6,0.1
94,64,6,0.67
94,67,6,0.25
94,74,6,0.37
94,82,6,0.86
94,83,6,0.42
94,85,6,0.02
94,87,6,0.73
94,94,6,0
94,95,6,0.03
94,97,6,0.02
94,7,13,0.6
94,9,13,0.28
94,12,13,0.62
94,17,13,0.44
94,22,13,0.23
94,34,13,0.68
94,68,13,0.94
94,73,13,0.65
94,90,13,0.49
94,91,13,0.75
94,94,13,0
95,1,6,0.86
95,13,6,0.69
95,15,6,0.54
95,28,6,0.12
95,33,6,0.96
95,34,6,0.31
95,38,6,0.42
95,45,6,0.76
95,46,6,0.87
95,54,6,0.38
95,56,6,0.55
95,64,6,0.32
95,67,6,0.08
95,74,6,0.67
95,82,6,0.4
95,83,6,0.06
95,85,6,0.73
95,87,6,0.13
95,94,6,0.19
95,95,6,0
95,97,6,0.59
95,25,19,0.4
95,31,19,0.4
95,41,19,0.17
95,46,19,0.72
95,51,19,0.66
95,54,19,0.11
95,61,19,0.43
95,64,19,0.5
95,95,19,0
95,1,2,0.77
95,2,2,0.3
95,6,2,0.52
95,7,2,0.77
95,18,2,0.76
95,23,2,0.56
95,28,2,0.92
95,44,2,0.69
95,47,2,0.03
95,50,2,0.67
95,70,2,0.88
95,79,2,0.07
95,91,2,0.69
95,95,2,0
95,97,2,0.88
96,5,7,0.98
96,6,7,0.63
96,9,7,0.38
96,11,7,0.88
96,18,7,0.51
96,25,7,0.84
96,30,7,0.67
96,41,7,0.37
96,44,7,0.73
96,46,7,0.58
96,49,7,0.95
96,51,7,0.47
96,69,7,0.18
96,72,7,0.48
96,75,7,0.81
96,83,7,0.87
96,96,7,0
96,0,8,0.81
96,5,8,0.04
96,12,8,0.19
96,15,8,0.1
96,25,8,0.22
96,29,8,0.99
96,32,8,0.16
96,47,8,0.66
96,57,8,0.57
96,73,8,0.37
96,77,8,0.6
96,91,8,0.42
96,96,8,0
96,5,11,0.51
96,14,11,0.57
96,23,11,0.54
96,30,11,0.12
96,38,11,0.78
96,44,11,0.94
96,45,11,0.6
96,55,11,0.56
96,61,11,0.33
96,62,11,0.07
96,65,11,0.08
96,84,11,0.97
96,88,11,0.78
96,96,11,0
97,1,2,0.66
97,2,2,0.1
97,6,2,0.84
97,7,2,0.22
97,18,2,0.6
97,23,2,0.92
97,28,2,0.18
97,44,2,0.14
97,47,2,0.97
97,50,2,0.25
97,70,2,0.37
97,79,2,0.99
97,91,2,0.54
97,95,2,0.68
97,97,2,0
97,1,6,0.14
97,13,6,0.89
97,15,6,0.83
97,28,6,0.77
97,33,6,0.05
97,34,6,0.67
97,38,6,0.92
97,45,6,0.73
97,46,6,0.47
97,54,6,0.36
97,56,6,0.87
97,64,6,0.54
97,67,6,0.4
97,74,6,0.41
97,82,6,0.02
97,83,6,0.79
97,85,6,0.38
97,87,6,0.64
97,94,6,0.96
97,95,6,0.9
97,97,6,0
98,4,1,0.49
98,8,1,1.0
98,10,1,0.97
98,14,1,0.96
98,19,1,0.16
98,20,1,0.46
98,26,1,0.63
98,28,1,0.39
98,43,1,0.68
98,56,1,0.49
98,57,1,0.8
98,75,1,0.99
98,81,1,1.0
98,98,1,0
98,0,3,0.59
98,3,3,0.97
98,8,3,0.13
98,11,3,0.47
98,16,3,0.09
98,19,3,0.19
98,20,3,0.57
98,30,3,0.46
98,50,3,0.68
98,57,3,0.64
98,60,3,0.62
98,63,3,0.81
98,68,3,0.37
98,72,3,0.42
98,78,3,0.24
98,80,3,0.84
98,81,3,0.07
98,86,3,0.44
98,89,3,0.33
98,98,3,0
98,24,14,0.46
98,31,14,0.84
98,33,14,0.9
98,35,14,0.61
98,36,14,0.35
98,39,14,0.88
98,45,14,0.88
98,53,14,0.78
98,58,14,0.91
98,79,14,0.47
98,87,14,0.88
98,90,14,0.8
98,92,14,0.49
98,98,14,0
99,4,17,0.13
99,21,17,0.78
99,39,17,0.97
99,40,17,0.23
99,41,17,0.68
99,47,17,0.26
99,58,17,0.55
99,62,17,0.93
99,67,17,0.06
99,78,17,0.01
99,84,17,0.85
99,89,17,0.3
99,99,17,0
99,17,15,0.54
99,21,15,0.24
99,23,15,0.52
99,25,15,0.1
99,33,15,0.1
99,34,15,0.91
99,36,15,0.44
99,40,15,0.7
99,45,15,0.24
99,49,15,0.69
99,52,15,0.6
99,62,15,0.96
99,63,15,0.93
99,66,15,0.73
99,70,15,0.6
99,75,15,0.73
99,80,15,0.31
99,89,15,0.16
99,93,15,0.78
99,99,15,0
99,1,10,0.45
99,12,10,0.68
99,16,10,0.57
99,21,10,0.49
99,22,10,0.83
99,29,10,0.44
99,30,10,0.33
99,35,10,0.72
99,37,10,0.23
99,38,10,0.04
99,46,10,0.11
99,48,10,0.9
99,59,10,0.46
99,60,10,0.41
99,62,10,0.77
99,65,10,0.16
99,76,10,0.38
99,77,10,0.69
99,78,10,0.22
99,79,10,0.37
99,82,10,0.35
99,99,10,0