M,100,P,30,Q,100000,targetS,0.1,targetW,0.1

Resources name, resource id, current workload and max workload
R_0,0,0.57,1
R_1,1,0.51,1
R_2,2,0.78,1
R_3,3,0.22,1
R_4,4,0.56,1
R_5,5,0.74,1
R_6,6,0.75,1
R_7,7,0.38,1
R_8,8,0.63,1
R_9,9,0.31,1
R_10,10,0.38,1
R_11,11,0.28,1
R_12,12,0.34,1
R_13,13,0.2,1
R_14,14,0.55,1
R_15,15,0.44,1
R_16,16,0.33,1
R_17,17,0.78,1
R_18,18,0.64,1
R_19,19,0.49,1
R_20,20,0.57,1
R_21,21,0.51,1
R_22,22,0.55,1
R_23,23,0.21,1
R_24,24,0.41,1
R_25,25,0.64,1
R_26,26,0.45,1
R_27,27,0.57,1
R_28,28,0.52,1
R_29,29,0.42,1
R_30,30,0.32,1
R_31,31,0.37,1
R_32,32,0.76,1
R_33,33,0.66,1
R_34,34,0.69,1
R_35,35,0.69,1
R_36,36,0.54,1
R_37,37,0.64,1
R_38,38,0.6,1
R_39,39,0.58,1
R_40,40,0.49,1
R_41,41,0.58,1
R_42,42,0.57,1
R_43,43,0.51,1
R_44,44,0.26,1
R_45,45,0.44,1
R_46,46,0.74,1
R_47,47,0.28,1
R_48,48,0.27,1
R_49,49,0.43,1
R_50,50,0.49,1
R_51,51,0.74,1
R_52,52,0.61,1
R_53,53,0.24,1
R_54,54,0.77,1
R_55,55,0.39,1
R_56,56,0.35,1
R_57,57,0.23,1
R_58,58,0.34,1
R_59,59,0.26,1
R_60,60,0.77,1
R_61,61,0.57,1
R_62,62,0.52,1
R_63,63,0.29,1
R_64,64,0.73,1
R_65,65,0.24,1
R_66,66,0.33,1
R_67,67,0.52,1
R_68,68,0.76,1
R_69,69,0.34,1
R_70,70,0.57,1
R_71,71,0.47,1
R_72,72,0.68,1
R_73,73,0.43,1
R_74,74,0.44,1
R_75,75,0.64,1
R_76,76,0.38,1
R_77,77,0.61,1
R_78,78,0.68,1
R_79,79,0.78,1
R_80,80,0.5,1
R_81,81,0.57,1
R_82,82,0.52,1
R_83,83,0.62,1
R_84,84,0.5,1
R_85,85,0.21,1
R_86,86,0.48,1
R_87,87,0.23,1
R_88,88,0.73,1
R_89,89,0.45,1
R_90,90,0.43,1
R_91,91,0.62,1
R_92,92,0.25,1
R_93,93,0.79,1
R_94,94,0.74,1
R_95,95,0.64,1
R_96,96,0.59,1
R_97,97,0.29,1
R_98,98,0.52,1
R_99,99,0.43,1

Activities name, activity id, lambda, stress, resource id, priority, rifiutato
act_9,9,0.08,0.85,0,414,0
act_2,2,0.24,0.66,0,312,0
act_9,9,0.08,0.85,0,105,0
act_19,19,0.15,0.58,1,383,1
act_6,6,0.13,0.56,1,29,1
act_6,6,0.13,0.56,1,330,1
act_7,7,0.06,0.49,2,266,1
act_7,7,0.06,0.49,2,348,1
act_7,7,0.06,0.49,2,6,1
act_15,15,0.15,0.29,3,445,0
act_0,0,0.08,0.7,3,320,1
act_15,15,0.15,0.29,3,466,0
act_8,8,0.15,0.57,3,428,1
act_8,8,0.15,0.57,3,298,1
act_0,0,0.08,0.7,3,200,1
act_12,12,0.08,0.96,4,316,0
act_12,12,0.08,0.96,4,224,0
act_10,10,0.15,0.77,4,393,0
act_12,12,0.08,0.96,4,478,0
act_3,3,0.22,0.3,5,354,0
act_15,15,0.15,0.29,6,67,0
act_9,9,0.08,0.85,6,187,0
act_7,7,0.06,0.49,7,136,0
act_5,5,0.04,0.46,7,132,0
act_4,4,0.04,0.86,7,358,0
act_7,7,0.06,0.49,7,284,0
act_4,4,0.04,0.86,7,458,0
act_4,4,0.04,0.86,7,45,0
act_7,7,0.06,0.49,7,101,0
act_7,7,0.06,0.49,7,302,0
act_4,4,0.04,0.86,7,406,0
act_7,7,0.06,0.49,7,334,0
act_5,5,0.04,0.46,7,474,0
act_5,5,0.04,0.46,7,440,0
act_2,2,0.24,0.66,8,186,1
act_0,0,0.08,0.7,8,157,1
act_17,17,0.2,0.42,9,430,0
act_19,19,0.15,0.58,9,305,0
act_17,17,0.2,0.42,9,355,0
act_13,13,0.12,0.94,9,344,0
act_4,4,0.04,0.86,10,368,0
act_4,4,0.04,0.86,10,265,0
act_11,11,0.03,0.97,10,33,0
act_17,17,0.2,0.42,10,164,0
act_18,18,0.04,0.11,10,66,0
act_18,18,0.04,0.11,10,160,0
act_11,11,0.03,0.97,10,84,0
act_11,11,0.03,0.97,10,299,0
act_18,18,0.04,0.11,10,175,0
act_4,4,0.04,0.86,10,20,0
act_11,11,0.03,0.97,10,156,0
act_11,11,0.03,0.97,10,472,0
act_11,11,0.03,0.97,10,118,0
act_19,19,0.15,0.58,11,202,1
act_12,12,0.08,0.96,11,148,1
act_12,12,0.08,0.96,11,76,1
act_5,5,0.04,0.46,11,426,1
act_18,18,0.04,0.11,11,271,0
act_12,12,0.08,0.96,11,243,1
act_19,19,0.15,0.58,11,380,1
act_12,12,0.08,0.96,11,147,1
act_8,8,0.15,0.57,12,190,0
act_14,14,0.16,0.69,12,415,1
act_14,14,0.16,0.69,12,331,1
act_14,14,0.16,0.69,12,295,1
act_0,0,0.08,0.7,13,153,0
act_19,19,0.15,0.58,13,367,0
act_0,0,0.08,0.7,13,155,0
act_0,0,0.08,0.7,13,477,0
act_0,0,0.08,0.7,13,432,0
act_11,11,0.03,0.97,13,492,0
act_19,19,0.15,0.58,13,388,0
act_0,0,0.08,0.7,13,71,0
act_11,11,0.03,0.97,13,38,0
act_11,11,0.03,0.97,13,407,0
act_1,1,0.26,0.24,14,304,0
act_6,6,0.13,0.56,15,327,0
act_6,6,0.13,0.56,15,314,0
act_14,14,0.16,0.69,15,96,0
act_7,7,0.06,0.49,15,361,0
act_7,7,0.06,0.49,15,122,0
act_10,10,0.15,0.77,16,425,1
act_10,10,0.15,0.77,16,398,1
act_6,6,0.13,0.56,16,237,1
act_10,10,0.15,0.77,16,291,1
act_5,5,0.04,0.46,16,70,1
act_5,5,0.04,0.46,16,5,1
act_15,15,0.15,0.29,17,282,0
act_7,7,0.06,0.49,18,154,0
act_17,17,0.2,0.42,18,487,0
act_7,7,0.06,0.49,18,145,0
act_14,14,0.16,0.69,19,28,0
act_18,18,0.04,0.11,19,245,0
act_13,13,0.12,0.94,19,226,0
act_14,14,0.16,0.69,19,115,0
act_17,17,0.2,0.42,20,143,0
act_3,3,0.22,0.3,20,79,0
act_12,12,0.08,0.96,21,55,1
act_15,15,0.15,0.29,21,35,0
act_15,15,0.15,0.29,21,216,0
act_12,12,0.08,0.96,21,30,1
act_9,9,0.08,0.85,22,219,0
act_9,9,0.08,0.85,22,238,0
act_16,16,0.09,0.3,22,362,0
act_9,9,0.08,0.85,22,468,0
act_9,9,0.08,0.85,22,41,0
act_5,5,0.04,0.46,22,123,0
act_13,13,0.12,0.94,23,89,0
act_0,0,0.08,0.7,23,453,0
act_0,0,0.08,0.7,23,119,0
act_0,0,0.08,0.7,23,394,0
act_0,0,0.08,0.7,23,436,0
act_13,13,0.12,0.94,23,65,0
act_0,0,0.08,0.7,23,133,0
act_13,13,0.12,0.94,23,476,0
act_3,3,0.22,0.3,24,69,0
act_19,19,0.15,0.58,24,201,1
act_19,19,0.15,0.58,24,142,1
act_18,18,0.04,0.11,25,402,0
act_7,7,0.06,0.49,25,131,1
act_7,7,0.06,0.49,25,339,1
act_18,18,0.04,0.11,25,124,0
act_18,18,0.04,0.11,25,212,0
act_7,7,0.06,0.49,25,332,1
act_7,7,0.06,0.49,25,259,1
act_0,0,0.08,0.7,26,62,0
act_12,12,0.08,0.96,26,258,0
act_0,0,0.08,0.7,26,129,0
act_12,12,0.08,0.96,26,329,0
act_12,12,0.08,0.96,26,297,0
act_0,0,0.08,0.7,26,139,0
act_1,1,0.26,0.24,27,19,0
act_4,4,0.04,0.86,27,465,1
act_4,4,0.04,0.86,27,152,1
act_0,0,0.08,0.7,27,121,1
act_4,4,0.04,0.86,28,277,0
act_16,16,0.09,0.3,28,410,0
act_14,14,0.16,0.69,28,294,0
act_14,14,0.16,0.69,28,448,0
act_6,6,0.13,0.56,29,17,1
act_6,6,0.13,0.56,29,36,1
act_6,6,0.13,0.56,29,343,1
act_11,11,0.03,0.97,29,247,1
act_6,6,0.13,0.56,29,211,1
act_11,11,0.03,0.97,29,15,1
act_19,19,0.15,0.58,30,189,1
act_0,0,0.08,0.7,30,72,1
act_19,19,0.15,0.58,30,404,1
act_19,19,0.15,0.58,30,134,1
act_9,9,0.08,0.85,30,32,1
act_5,5,0.04,0.46,30,116,0
act_3,3,0.22,0.3,31,337,0
act_0,0,0.08,0.7,31,184,0
act_18,18,0.04,0.11,31,246,0
act_0,0,0.08,0.7,31,158,0
act_18,18,0.04,0.11,31,494,0
act_18,18,0.04,0.11,31,290,0
act_12,12,0.08,0.96,31,446,0
act_18,18,0.04,0.11,31,353,0
act_15,15,0.15,0.29,32,207,0
act_12,12,0.08,0.96,32,457,0
act_16,16,0.09,0.3,33,215,0
act_16,16,0.09,0.3,33,167,0
act_16,16,0.09,0.3,33,137,0
act_5,5,0.04,0.46,33,78,0
act_11,11,0.03,0.97,34,308,1
act_8,8,0.15,0.57,34,461,0
act_11,11,0.03,0.97,34,180,1
act_12,12,0.08,0.96,34,289,0
act_18,18,0.04,0.11,35,117,0
act_13,13,0.12,0.94,35,85,1
act_13,13,0.12,0.94,35,360,1
act_15,15,0.15,0.29,36,340,0
act_14,14,0.16,0.69,36,421,0
act_15,15,0.15,0.29,36,288,0
act_10,10,0.15,0.77,37,46,0
act_12,12,0.08,0.96,37,382,1
act_12,12,0.08,0.96,37,100,1
act_12,12,0.08,0.96,38,49,1
act_6,6,0.13,0.56,38,252,1
act_12,12,0.08,0.96,38,413,1
act_12,12,0.08,0.96,38,162,1
act_5,5,0.04,0.46,39,37,1
act_8,8,0.15,0.57,39,484,1
act_15,15,0.15,0.29,39,374,0
act_5,5,0.04,0.46,39,9,1
act_5,5,0.04,0.46,39,106,1
act_11,11,0.03,0.97,40,483,1
act_12,12,0.08,0.96,40,172,0
act_11,11,0.03,0.97,40,418,1
act_11,11,0.03,0.97,40,372,1
act_11,11,0.03,0.97,40,449,1
act_13,13,0.12,0.94,40,113,0
act_13,13,0.12,0.94,40,74,0
act_11,11,0.03,0.97,40,218,1
act_11,11,0.03,0.97,40,296,1
act_18,18,0.04,0.11,41,231,0
act_9,9,0.08,0.85,41,443,0
act_8,8,0.15,0.57,41,42,0
act_8,8,0.15,0.57,41,278,0
act_4,4,0.04,0.86,42,248,0
act_11,11,0.03,0.97,42,16,0
act_18,18,0.04,0.11,42,107,0
act_4,4,0.04,0.86,42,318,0
act_18,18,0.04,0.11,42,473,0
act_11,11,0.03,0.97,42,427,0
act_11,11,0.03,0.97,42,181,0
act_11,11,0.03,0.97,42,220,0
act_11,11,0.03,0.97,42,51,0
act_4,4,0.04,0.86,42,114,0
act_4,4,0.04,0.86,42,233,0
act_11,11,0.03,0.97,42,239,0
act_5,5,0.04,0.46,43,108,1
act_5,5,0.04,0.46,43,280,1
act_1,1,0.26,0.24,43,127,0
act_5,5,0.04,0.46,43,166,1
act_5,5,0.04,0.46,43,470,1
act_5,5,0.04,0.46,43,352,1
act_13,13,0.12,0.94,44,14,1
act_8,8,0.15,0.57,44,183,0
act_1,1,0.26,0.24,44,241,0
act_8,8,0.15,0.57,44,196,0
act_2,2,0.24,0.66,45,345,0
act_2,2,0.24,0.66,45,150,0
act_6,6,0.13,0.56,46,120,0
act_4,4,0.04,0.86,47,286,1
act_4,4,0.04,0.86,47,34,1
act_4,4,0.04,0.86,47,110,1
act_12,12,0.08,0.96,47,268,1
act_12,12,0.08,0.96,47,161,1
act_16,16,0.09,0.3,47,405,0
act_4,4,0.04,0.86,47,462,1
act_16,16,0.09,0.3,47,455,0
act_16,16,0.09,0.3,47,359,0
act_4,4,0.04,0.86,47,469,1
act_16,16,0.09,0.3,47,227,0
act_19,19,0.15,0.58,48,230,1
act_19,19,0.15,0.58,48,409,1
act_19,19,0.15,0.58,48,447,1
act_19,19,0.15,0.58,48,57,1
act_0,0,0.08,0.7,48,99,1
act_14,14,0.16,0.69,49,228,1
act_14,14,0.16,0.69,49,311,1
act_5,5,0.04,0.46,49,59,0
act_14,14,0.16,0.69,49,88,1
act_5,5,0.04,0.46,49,165,0
act_4,4,0.04,0.86,50,412,0
act_9,9,0.08,0.85,50,272,0
act_6,6,0.13,0.56,50,269,0
act_4,4,0.04,0.86,50,249,0
act_4,4,0.04,0.86,50,263,0
act_4,4,0.04,0.86,50,217,0
act_4,4,0.04,0.86,50,159,0
act_4,4,0.04,0.86,50,244,0
act_4,4,0.04,0.86,50,103,0
act_11,11,0.03,0.97,51,435,1
act_0,0,0.08,0.7,51,370,0
act_11,11,0.03,0.97,51,209,1
act_11,11,0.03,0.97,51,324,1
act_11,11,0.03,0.97,51,285,1
act_11,11,0.03,0.97,51,456,1
act_3,3,0.22,0.3,52,417,0
act_16,16,0.09,0.3,52,480,0
act_4,4,0.04,0.86,52,444,1
act_4,4,0.04,0.86,52,369,1
act_13,13,0.12,0.94,53,52,0
act_13,13,0.12,0.94,53,56,0
act_7,7,0.06,0.49,53,61,0
act_13,13,0.12,0.94,53,4,0
act_13,13,0.12,0.94,53,141,0
act_13,13,0.12,0.94,53,53,0
act_7,7,0.06,0.49,53,438,0
act_8,8,0.15,0.57,54,182,1
act_5,5,0.04,0.46,54,424,1
act_13,13,0.12,0.94,55,482,0
act_9,9,0.08,0.85,55,267,0
act_13,13,0.12,0.94,55,317,0
act_13,13,0.12,0.94,55,50,0
act_9,9,0.08,0.85,55,140,0
act_0,0,0.08,0.7,55,40,0
act_12,12,0.08,0.96,56,92,1
act_12,12,0.08,0.96,56,13,1
act_12,12,0.08,0.96,56,336,1
act_12,12,0.08,0.96,56,213,1
act_14,14,0.16,0.69,56,276,1
act_12,12,0.08,0.96,56,325,1
act_12,12,0.08,0.96,56,437,1
act_13,13,0.12,0.94,57,391,0
act_13,13,0.12,0.94,57,191,0
act_13,13,0.12,0.94,57,451,0
act_13,13,0.12,0.94,57,481,0
act_3,3,0.22,0.3,57,491,0
act_15,15,0.15,0.29,58,264,0
act_0,0,0.08,0.7,58,225,0
act_2,2,0.24,0.66,58,177,0
act_15,15,0.15,0.29,58,270,0
act_15,15,0.15,0.29,59,75,0
act_15,15,0.15,0.29,59,452,0
act_17,17,0.2,0.42,59,323,0
act_15,15,0.15,0.29,59,321,0
act_13,13,0.12,0.94,60,363,0
act_15,15,0.15,0.29,61,399,0
act_0,0,0.08,0.7,61,23,0
act_15,15,0.15,0.29,61,310,0
act_9,9,0.08,0.85,62,326,1
act_9,9,0.08,0.85,62,27,1
act_8,8,0.15,0.57,62,68,0
act_9,9,0.08,0.85,62,333,1
act_9,9,0.08,0.85,62,442,1
act_5,5,0.04,0.46,63,273,0
act_7,7,0.06,0.49,63,433,0
act_7,7,0.06,0.49,63,3,0
act_5,5,0.04,0.46,63,146,0
act_7,7,0.06,0.49,63,21,0
act_5,5,0.04,0.46,63,250,0
act_5,5,0.04,0.46,63,379,0
act_7,7,0.06,0.49,63,489,0
act_7,7,0.06,0.49,63,206,0
act_7,7,0.06,0.49,63,377,0
act_5,5,0.04,0.46,63,194,0
act_5,5,0.04,0.46,63,195,0
act_7,7,0.06,0.49,63,86,0
act_5,5,0.04,0.46,63,173,0
act_0,0,0.08,0.7,64,441,1
act_0,0,0.08,0.7,64,48,1
act_0,0,0.08,0.7,64,349,1
act_19,19,0.15,0.58,65,450,0
act_18,18,0.04,0.11,65,125,0
act_1,1,0.26,0.24,65,292,0
act_1,1,0.26,0.24,65,22,0
act_18,18,0.04,0.11,65,459,0
act_0,0,0.08,0.7,66,346,1
act_7,7,0.06,0.49,66,429,0
act_7,7,0.06,0.49,66,342,0
act_0,0,0.08,0.7,66,1,1
act_0,0,0.08,0.7,66,419,1
act_7,7,0.06,0.49,66,179,0
act_7,7,0.06,0.49,66,232,0
act_7,7,0.06,0.49,66,80,0
act_7,7,0.06,0.49,66,390,0
act_7,7,0.06,0.49,66,431,0
act_7,7,0.06,0.49,67,90,0
act_7,7,0.06,0.49,67,257,0
act_7,7,0.06,0.49,67,251,0
act_7,7,0.06,0.49,67,454,0
act_13,13,0.12,0.94,67,97,0
act_7,7,0.06,0.49,67,281,0
act_18,18,0.04,0.11,68,365,0
act_6,6,0.13,0.56,68,303,0
act_18,18,0.04,0.11,68,381,0
act_16,16,0.09,0.3,69,235,0
act_0,0,0.08,0.7,69,185,0
act_16,16,0.09,0.3,69,169,0
act_16,16,0.09,0.3,69,392,0
act_0,0,0.08,0.7,69,25,0
act_0,0,0.08,0.7,69,274,0
act_16,16,0.09,0.3,69,408,0
act_9,9,0.08,0.85,70,486,1
act_3,3,0.22,0.3,70,256,0
act_9,9,0.08,0.85,70,210,1
act_4,4,0.04,0.86,71,151,0
act_16,16,0.09,0.3,71,385,0
act_4,4,0.04,0.86,71,493,0
act_11,11,0.03,0.97,71,375,0
act_16,16,0.09,0.3,71,44,0
act_16,16,0.09,0.3,71,347,0
act_4,4,0.04,0.86,71,401,0
act_16,16,0.09,0.3,71,376,0
act_6,6,0.13,0.56,72,242,0
act_6,6,0.13,0.56,72,95,0
act_18,18,0.04,0.11,72,479,0
act_12,12,0.08,0.96,73,403,0
act_17,17,0.2,0.42,73,411,0
act_17,17,0.2,0.42,73,63,0
act_12,12,0.08,0.96,73,261,0
act_1,1,0.26,0.24,74,357,0
act_1,1,0.26,0.24,74,82,0
act_1,1,0.26,0.24,75,31,0
act_16,16,0.09,0.3,75,26,0
act_10,10,0.15,0.77,76,205,1
act_13,13,0.12,0.94,76,467,1
act_10,10,0.15,0.77,76,471,1
act_10,10,0.15,0.77,76,47,1
act_5,5,0.04,0.46,76,300,0
act_4,4,0.04,0.86,77,373,1
act_15,15,0.15,0.29,77,397,0
act_15,15,0.15,0.29,77,83,0
act_4,4,0.04,0.86,77,144,1
act_6,6,0.13,0.56,78,420,1
act_9,9,0.08,0.85,78,366,1
act_9,9,0.08,0.85,78,221,1
act_7,7,0.06,0.49,79,93,0
act_7,7,0.06,0.49,79,301,0
act_7,7,0.06,0.49,79,91,0
act_9,9,0.08,0.85,80,275,0
act_9,9,0.08,0.85,80,60,0
act_9,9,0.08,0.85,80,313,0
act_9,9,0.08,0.85,80,8,0
act_7,7,0.06,0.49,80,193,0
act_9,9,0.08,0.85,80,176,0
act_12,12,0.08,0.96,81,262,1
act_12,12,0.08,0.96,81,253,1
act_3,3,0.22,0.3,81,0,0
act_9,9,0.08,0.85,82,24,0
act_9,9,0.08,0.85,82,58,0
act_3,3,0.22,0.3,82,10,0
act_9,9,0.08,0.85,82,260,0
act_4,4,0.04,0.86,83,109,1
act_4,4,0.04,0.86,83,126,1
act_18,18,0.04,0.11,83,198,0
act_4,4,0.04,0.86,83,130,1
act_4,4,0.04,0.86,83,64,1
act_18,18,0.04,0.11,83,395,0
act_4,4,0.04,0.86,83,315,1
act_18,18,0.04,0.11,83,389,0
act_18,18,0.04,0.11,83,149,0
act_2,2,0.24,0.66,84,319,1
act_7,7,0.06,0.49,84,111,0
act_10,10,0.15,0.77,84,94,1
act_3,3,0.22,0.3,85,396,0
act_3,3,0.22,0.3,85,223,0
act_3,3,0.22,0.3,85,11,0
act_9,9,0.08,0.85,85,338,0
act_3,3,0.22,0.3,86,464,0
act_18,18,0.04,0.11,86,102,0
act_18,18,0.04,0.11,86,7,0
act_18,18,0.04,0.11,86,490,0
act_0,0,0.08,0.7,86,229,0
act_18,18,0.04,0.11,86,234,0
act_18,18,0.04,0.11,86,335,0
act_0,0,0.08,0.7,87,73,0
act_0,0,0.08,0.7,87,43,0
act_0,0,0.08,0.7,87,199,0
act_8,8,0.15,0.57,87,356,0
act_0,0,0.08,0.7,87,475,0
act_0,0,0.08,0.7,87,460,0
act_8,8,0.15,0.57,87,128,0
act_17,17,0.2,0.42,88,328,0
act_12,12,0.08,0.96,89,98,0
act_0,0,0.08,0.7,89,434,0
act_9,9,0.08,0.85,89,208,0
act_9,9,0.08,0.85,89,171,0
act_0,0,0.08,0.7,89,378,0
act_0,0,0.08,0.7,89,283,0
act_1,1,0.26,0.24,90,168,0
act_1,1,0.26,0.24,90,279,0
act_1,1,0.26,0.24,91,39,0
act_12,12,0.08,0.96,91,400,0
act_11,11,0.03,0.97,91,81,0
act_18,18,0.04,0.11,92,350,0
act_4,4,0.04,0.86,92,214,0
act_18,18,0.04,0.11,92,416,0
act_18,18,0.04,0.11,92,439,0
act_18,18,0.04,0.11,92,112,0
act_1,1,0.26,0.24,92,188,0
act_4,4,0.04,0.86,92,423,0
act_18,18,0.04,0.11,92,170,0
act_18,18,0.04,0.11,92,293,0
act_18,18,0.04,0.11,92,240,0
act_4,4,0.04,0.86,92,485,0
act_18,18,0.04,0.11,92,163,0
act_18,18,0.04,0.11,92,12,0
act_14,14,0.16,0.69,93,222,0
act_19,19,0.15,0.58,94,138,0
act_5,5,0.04,0.46,95,387,1
act_1,1,0.26,0.24,95,309,0
act_5,5,0.04,0.46,95,87,1
act_6,6,0.13,0.56,96,307,0
act_8,8,0.15,0.57,96,341,0
act_4,4,0.04,0.86,96,306,1
act_4,4,0.04,0.86,96,236,1
act_4,4,0.04,0.86,96,104,1
act_12,12,0.08,0.96,97,463,0
act_5,5,0.04,0.46,97,255,0
act_5,5,0.04,0.46,97,422,0
act_5,5,0.04,0.46,97,203,0
act_5,5,0.04,0.46,97,135,0
act_5,5,0.04,0.46,97,178,0
act_12,12,0.08,0.96,97,254,0
act_12,12,0.08,0.96,97,192,0
act_12,12,0.08,0.96,97,2,0
act_5,5,0.04,0.46,97,287,0
act_5,5,0.04,0.46,97,322,0
act_12,12,0.08,0.96,97,197,0
act_1,1,0.26,0.24,98,18,0
act_18,18,0.04,0.11,98,371,0
act_18,18,0.04,0.11,98,204,0
act_18,18,0.04,0.11,98,77,0
act_18,18,0.04,0.11,98,488,0
act_18,18,0.04,0.11,98,386,0
act_7,7,0.06,0.49,99,351,1
act_7,7,0.06,0.49,99,174,1
act_10,10,0.15,0.77,99,54,1
act_3,3,0.22,0.3,99,364,0
act_7,7,0.06,0.49,99,384,1

Alpha (resource id, list of activity ids)
0:9,2,5,13
1:19,6
2:7,14
3:0,15,10,8
4:12,10
5:3,10,4,12
6:9,12,10,15
7:7,5,4
8:0,2
9:19,13,15,17
10:4,18,11,17
11:19,5,18,12
12:8,14
13:0,19,8,11
14:3,1,2
15:14,0,6,7
16:1,5,6,10
17:8,14,15
18:17,19,3,7
19:13,5,14,18
20:3,17
21:12,15
22:5,4,16,9
23:0,13,1
24:3,19,14
25:18,7
26:0,12
27:13,0,4,1
28:14,4,16
29:11,6
30:9,19,5,0
31:3,18,0,12
32:2,12,15,16
33:5,16
34:8,12,11
35:17,18,13
36:0,14,15
37:10,12
38:6,15,12
39:15,8,16,5
40:13,11,12
41:8,18,5,9
42:11,18,4
43:5,13,1
44:8,1,13
45:13,19,17,2
46:6,17
47:4,1,16,12
48:19,0
49:5,14,1
50:9,4,6
51:15,11,0,7
52:4,9,3,16
53:13,7
54:5,8
55:9,0,13
56:12,14
57:3,13,15
58:2,15,16,0
59:17,15
60:13,3,8
61:8,1,0,15
62:9,8,0
63:7,5
64:0,11
65:18,19,1
66:0,7
67:13,7,19
68:6,16,18
69:0,16
70:19,9,3
71:11,4,2,16
72:18,6
73:11,17,12,7
74:8,1
75:1,17,16,18
76:10,17,5,13
77:15,2,4
78:6,9,0
79:7,13,15,6
80:9,7
81:3,12,0
82:9,11,5,3
83:4,18
84:10,7,2
85:3,9
86:3,0,18
87:8,0,1
88:19,17
89:9,12,0
90:2,1,7
91:17,11,1,12
92:18,7,1,4
93:14,13
94:8,2,19
95:1,6,5
96:8,6,19,4
97:5,12
98:18,1
99:10,3,17,7

Costs (resource, resource to replace, activity, cost)
0,0,9,0
0,6,9,0.75
0,22,9,0.53
0,30,9,0.65
0,41,9,0.33
0,50,9,0.15
0,52,9,0.22
0,55,9,0.37
0,62,9,0.84
0,70,9,0.62
0,78,9,0.32
0,80,9,0.79
0,82,9,0.44
0,85,9,0.19
0,89,9,0.79
0,0,2,0
0,8,2,0.07
0,14,2,0.72
0,32,2,0.87
0,45,2,0.45
0,58,2,0.52
0,71,2,0.68
0,77,2,0.25
0,84,2,0.72
0,90,2,0.7
0,94,2,0.1
0,0,5,0
0,7,5,0.46
0,11,5,0.72
0,16,5,0.18
0,19,5,0.71
0,22,5,0.88
0,30,5,0.7
0,33,5,0.6
0,39,5,0.87
0,41,5,0.74
0,43,5,0.55
0,49,5,0.14
0,54,5,0.59
0,63,5,0.35
0,76,5,0.8
0,82,5,0.64
0,95,5,0.85
0,97,5,0.83
0,0,13,0
0,9,13,0.89
0,19,13,0.73
0,23,13,0.96
0,27,13,0.93
0,35,13,0.91
0,40,13,0.52
0,43,13,0.6
0,44,13,0.72
0,45,13,0.32
0,53,13,0.44
0,55,13,0.59
0,57,13,0.28
0,60,13,0.61
0,67,13,0.43
0,76,13,0.1
0,79,13,0.97
0,93,13,0.34
1,1,19,0
1,9,19,0.2
1,11,19,0.02
1,13,19,0.75
1,18,19,0.45
1,24,19,0.95
1,30,19,0.6
1,45,19,0.57
1,48,19,0.5
1,65,19,0.81
1,67,19,0.21
1,70,19,0.02
1,88,19,0.48
1,94,19,0.26
1,96,19,0.05
1,1,6,0
1,15,6,0.17
1,16,6,0.95
1,29,6,0.57
1,38,6,0.93
1,46,6,0.31
1,50,6,0.36
1,68,6,0.24
1,72,6,0.99
1,78,6,0.89
1,79,6,0.7
1,95,6,0.07
1,96,6,0.8
2,2,7,0
2,7,7,0.07
2,15,7,0.49
2,18,7,0.5
2,25,7,0.71
2,51,7,0.75
2,53,7,0.85
2,63,7,0.98
2,66,7,0.99
2,67,7,0.31
2,73,7,0.09
2,79,7,0.68
2,80,7,0.1
2,84,7,0.5
2,90,7,0.89
2,92,7,0.61
2,99,7,0.21
2,2,14,0
2,12,14,0.22
2,15,14,0.87
2,17,14,0.81
2,19,14,0.01
2,24,14,0.58
2,28,14,0.99
2,36,14,0.45
2,49,14,0.14
2,56,14,0.75
2,93,14,0.61
3,3,0,0
3,8,0,0.81
3,13,0,0.61
3,15,0,0.9
3,23,0,0.24
3,26,0,0.09
3,27,0,0.48
3,30,0,0.63
3,31,0,0.37
3,36,0,0.06
3,48,0,0.57
3,51,0,0.6
3,55,0,0.65
3,58,0,0.87
3,61,0,0.35
3,62,0,0.08
3,64,0,0.52
3,66,0,0.19
3,69,0,0.32
3,78,0,0.19
3,81,0,0.79
3,86,0,0.5
3,87,0,0.9
3,89,0,0.4
3,3,15,0
3,6,15,0.72
3,9,15,0.74
3,17,15,0.37
3,21,15,0.5
3,32,15,0.43
3,36,15,0.83
3,38,15,0.15
3,39,15,0.24
3,51,15,0.88
3,57,15,0.93
3,58,15,0.32
3,59,15,0.04
3,61,15,0.12
3,77,15,0.2
3,79,15,0.56
3,3,10,0
3,4,10,0.14
3,5,10,0.07
3,6,10,0.53
3,16,10,0.25
3,37,10,0.67
3,76,10,0.23
3,84,10,0.44
3,99,10,0.5
3,3,8,0
3,12,8,0.83
3,13,8,0.46
3,17,8,0.25
3,34,8,0.01
3,39,8,0.12
3,41,8,0.71
3,44,8,0.2
3,54,8,0.46
3,60,8,0.9
3,61,8,0.45
3,62,8,0.43
3,74,8,0.06
3,87,8,0.66
3,94,8,0.32
3,96,8,0.43
4,4,12,0
4,5,12,0.93
4,6,12,0.08
4,11,12,0.51
4,21,12,0.61
4,26,12,0.45
4,31,12,0.24
4,32,12,0.7
4,34,12,0.82
4,37,12,0.28
4,38,12,0.96
4,40,12,0.75
4,47,12,0.22
4,56,12,0.93
4,73,12,0.18
4,81,12,0.13
4,89,12,0.13
4,91,12,0.62
4,97,12,0.91
4,3,10,0.06
4,4,10,0
4,5,10,0.54
4,6,10,0.92
4,16,10,0.84
4,37,10,0.43
4,76,10,0.07
4,84,10,0.97
4,99,10,0.2
5,5,3,0
5,14,3,0.87
5,18,3,0.69
5,20,3,0.19
5,24,3,0.38
5,31,3,0.77
5,52,3,0.49
5,57,3,0.52
5,60,3,0.33
5,70,3,0.85
5,81,3,0.93
5,82,3,0.34
5,85,3,0.75
5,86,3,0.7
5,99,3,0.84
5,3,10,0.74
5,4,10,0.15
5,5,10,0
5,6,10,0.47
5,16,10,0.72
5,37,10,0.02
5,76,10,0.76
5,84,10,0.22
5,99,10,0.67
5,5,4,0
5,7,4,0.6
5,10,4,0.89
5,22,4,0.6
5,27,4,0.66
5,28,4,0.97
5,42,4,0.11
5,47,4,0.81
5,50,4,0.9
5,52,4,0.28
5,71,4,0.47
5,77,4,0.85
5,83,4,0.19
5,92,4,0.31
5,96,4,0.81
5,4,12,0.31
5,5,12,0
5,6,12,0.93
5,11,12,0.67
5,21,12,0.54
5,26,12,0.68
5,31,12,0.52
5,32,12,0.64
5,34,12,0.22
5,37,12,0.88
5,38,12,0.85
5,40,12,0.71
5,47,12,0.74
5,56,12,0.17
5,73,12,0.61
5,81,12,0.81
5,89,12,0.66
5,91,12,0.38
5,97,12,0.14
6,0,9,0.54
6,6,9,0
6,22,9,0.92
6,30,9,0.48
6,41,9,0.81
6,50,9,0.2
6,52,9,0.06
6,55,9,0.1
6,62,9,0.55
6,70,9,0.68
6,78,9,0.05
6,80,9,0.07
6,82,9,0.88
6,85,9,0.67
6,89,9,0.89
6,4,12,0.71
6,5,12,0.3
6,6,12,0
6,11,12,0.3
6,21,12,0.87
6,26,12,0.18
6,31,12,0.73
6,32,12,0.28
6,34,12,0.56
6,37,12,0.04
6,38,12,0.41
6,40,12,0.58
6,47,12,0.2
6,56,12,0.17
6,73,12,0.31
6,81,12,0.26
6,89,12,0.33
6,91,12,0.68
6,97,12,0.81
6,3,10,0.78
6,4,10,0.32
6,5,10,0.82
6,6,10,0
6,16,10,0.27
6,37,10,0.46
6,76,10,0.47
6,84,10,0.42
6,99,10,0.69
6,3,15,0.06
6,6,15,0
6,9,15,0.97
6,17,15,0.03
6,21,15,0.39
6,32,15,0.13
6,36,15,0.26
6,38,15,0.73
6,39,15,0.88
6,51,15,0.75
6,57,15,0.07
6,58,15,0.05
6,59,15,0.82
6,61,15,0.29
6,77,15,0.43
6,79,15,0.62
7,2,7,0.18
7,7,7,0
7,15,7,0.88
7,18,7,0.55
7,25,7,0.04
7,51,7,0.82
7,53,7,0.81
7,63,7,0.1
7,66,7,0.33
7,67,7,0.22
7,73,7,0.03
7,79,7,0.95
7,80,7,0.5
7,84,7,0.92
7,90,7,0.76
7,92,7,0.62
7,99,7,0.82
7,0,5,0.34
7,7,5,0
7,11,5,0.64
7,16,5,0.79
7,19,5,0.07
7,22,5,0.2
7,30,5,0.43
7,33,5,0.09
7,39,5,0.43
7,41,5,0.42
7,43,5,0.74
7,49,5,0.15
7,54,5,0.27
7,63,5,0.65
7,76,5,0.48
7,82,5,0.85
7,95,5,0.45
7,97,5,0.83
7,5,4,0.33
7,7,4,0
7,10,4,0.56
7,22,4,0.42
7,27,4,0.57
7,28,4,0.44
7,42,4,0.04
7,47,4,0.89
7,50,4,0.82
7,52,4,0.18
7,71,4,0.19
7,77,4,0.05
7,83,4,0.87
7,92,4,0.61
7,96,4,0.49
8,3,0,0.84
8,8,0,0
8,13,0,0.82
8,15,0,0.11
8,23,0,0.42
8,26,0,0.88
8,27,0,0.89
8,30,0,0.64
8,31,0,0.31
8,36,0,0.35
8,48,0,0.45
8,51,0,0.31
8,55,0,0.08
8,58,0,0.51
8,61,0,0.68
8,62,0,0.42
8,64,0,0.01
8,66,0,0.03
8,69,0,0.55
8,78,0,0.78
8,81,0,0.78
8,86,0,0.95
8,87,0,0.81
8,89,0,0.27
8,0,2,0.34
8,8,2,0
8,14,2,0.03
8,32,2,0.32
8,45,2,0.14
8,58,2,0.82
8,71,2,0.86
8,77,2,0.87
8,84,2,0.44
8,90,2,0.71
8,94,2,0.07
9,1,19,0.27
9,9,19,0
9,11,19,0.97
9,13,19,0.39
9,18,19,0.11
9,24,19,0.82
9,30,19,0.29
9,45,19,0.73
9,48,19,0.6
9,65,19,0.08
9,67,19,0.14
9,70,19,0.52
9,88,19,0.81
9,94,19,0.55
9,96,19,0.51
9,0,13,0.97
9,9,13,0
9,19,13,0.84
9,23,13,0.08
9,27,13,0.15
9,35,13,0.11
9,40,13,0.43
9,43,13,0.16
9,44,13,0.94
9,45,13,0.69
9,53,13,0.65
9,55,13,0.81
9,57,13,0.14
9,60,13,0.45
9,67,13,0.77
9,76,13,0.92
9,79,13,0.28
9,93,13,0.05
9,3,15,0.98
9,6,15,0.34
9,9,15,0
9,17,15,0.07
9,21,15,0.15
9,32,15,0.58
9,36,15,0.39
9,38,15,0.49
9,39,15,0.15
9,51,15,0.88
9,57,15,0.78
9,58,15,0.88
9,59,15,0.21
9,61,15,0.33
9,77,15,0.52
9,79,15,0.76
9,9,17,0
9,10,17,0.07
9,18,17,0.76
9,20,17,0.45
9,35,17,0.46
9,45,17,0.55
9,46,17,0.55
9,59,17,0.81
9,73,17,0.36
9,75,17,0.84
9,76,17,0.05
9,88,17,0.22
9,91,17,0.52
9,99,17,0.86
10,5,4,0.04
10,7,4,0.98
10,10,4,0
10,22,4,0.04
10,27,4,0.43
10,28,4,0.68
10,42,4,0.89
10,47,4,0.64
10,50,4,0.81
10,52,4,0.59
10,71,4,0.22
10,77,4,0.11
10,83,4,0.85
10,92,4,0.9
10,96,4,0.58
10,10,18,0
10,11,18,0.89
10,19,18,0.65
10,25,18,0.26
10,31,18,0.04
10,35,18,0.71
10,41,18,0.63
10,42,18,0.69
10,65,18,0.72
10,68,18,0.39
10,72,18,0.82
10,75,18,0.67
10,83,18,0.69
10,86,18,0.06
10,92,18,0.27
10,98,18,0.19
10,10,11,0
10,13,11,0.49
10,29,11,0.74
10,34,11,0.11
10,40,11,0.0
10,42,11,0.68
10,51,11,0.61
10,64,11,0.73
10,71,11,0.82
10,73,11,0.57
10,82,11,0.29
10,91,11,0.28
10,9,17,0.65
10,10,17,0
10,18,17,0.94
10,20,17,0.69
10,35,17,0.26
10,45,17,0.99
10,46,17,0.44
10,59,17,0.42
10,73,17,0.9
10,75,17,0.97
10,76,17,0.86
10,88,17,0.05
10,91,17,0.32
10,99,17,0.06
11,1,19,0.11
11,9,19,0.07
11,11,19,0
11,13,19,0.77
11,18,19,0.67
11,24,19,0.27
11,30,19,0.97
11,45,19,0.38
11,48,19,0.69
11,65,19,0.75
11,67,19,0.71
11,70,19,0.78
11,88,19,0.47
11,94,19,0.85
11,96,19,0.91
11,0,5,0.1
11,7,5,0.25
11,11,5,0
11,16,5,0.35
11,19,5,0.16
11,22,5,0.11
11,30,5,0.02
11,33,5,0.67
11,39,5,0.64
11,41,5,0.54
11,43,5,0.08
11,49,5,0.85
11,54,5,0.59
11,63,5,0.88
11,76,5,0.85
11,82,5,0.66
11,95,5,0.08
11,97,5,0.01
11,10,18,0.83
11,11,18,0
11,19,18,0.06
11,25,18,0.53
11,31,18,0.54
11,35,18,0.01
11,41,18,0.04
11,42,18,0.4
11,65,18,0.35
11,68,18,0.15
11,72,18,0.62
11,75,18,1.0
11,83,18,0.34
11,86,18,0.9
11,92,18,0.05
11,98,18,0.82
11,4,12,0.15
11,5,12,0.06
11,6,12,0.84
11,11,12,0
11,21,12,0.3
11,26,12,0.84
11,31,12,0.87
11,32,12,0.44
11,34,12,0.47
11,37,12,0.82
11,38,12,0.39
11,40,12,0.17
11,47,12,0.0
11,56,12,0.88
11,73,12,0.06
11,81,12,0.23
11,89,12,0.4
11,91,12,0.58
11,97,12,0.42
12,3,8,0.28
12,12,8,0
12,13,8,0.32
12,17,8,0.75
12,34,8,0.8
12,39,8,0.25
12,41,8,0.89
12,44,8,0.31
12,54,8,0.3
12,60,8,0.19
12,61,8,0.84
12,62,8,0.52
12,74,8,0.77
12,87,8,0.48
12,94,8,0.19
12,96,8,0.37
12,2,14,0.08
12,12,14,0
12,15,14,0.36
12,17,14,0.16
12,19,14,0.06
12,24,14,0.71
12,28,14,0.63
12,36,14,0.12
12,49,14,0.76
12,56,14,0.28
12,93,14,0.42
13,3,0,0.5
13,8,0,0.91
13,13,0,0
13,15,0,0.17
13,23,0,0.21
13,26,0,0.83
13,27,0,0.59
13,30,0,0.53
13,31,0,0.33
13,36,0,0.37
13,48,0,0.39
13,51,0,0.57
13,55,0,0.66
13,58,0,0.05
13,61,0,0.27
13,62,0,0.29
13,64,0,0.06
13,66,0,0.16
13,69,0,0.75
13,78,0,0.79
13,81,0,0.52
13,86,0,0.47
13,87,0,0.19
13,89,0,0.36
13,1,19,0.75
13,9,19,0.85
13,11,19,0.77
13,13,19,0
13,18,19,0.47
13,24,19,0.98
13,30,19,0.96
13,45,19,0.31
13,48,19,0.98
13,65,19,0.82
13,67,19,0.32
13,70,19,0.86
13,88,19,0.05
13,94,19,0.21
13,96,19,0.76
13,3,8,0.04
13,12,8,0.66
13,13,8,0
13,17,8,0.07
13,34,8,0.27
13,39,8,0.44
13,41,8,0.37
13,44,8,0.04
13,54,8,0.5
13,60,8,0.73
13,61,8,0.75
13,62,8,0.0
13,74,8,0.88
13,87,8,0.42
13,94,8,0.84
13,96,8,0.86
13,10,11,0.54
13,13,11,0
13,29,11,0.91
13,34,11,0.38
13,40,11,0.18
13,42,11,0.88
13,51,11,0.07
13,64,11,0.68
13,71,11,0.25
13,73,11,0.19
13,82,11,0.47
13,91,11,0.31
14,5,3,0.03
14,14,3,0
14,18,3,0.34
14,20,3,0.26
14,24,3,0.57
14,31,3,0.88
14,52,3,0.2
14,57,3,0.83
14,60,3,0.75
14,70,3,0.07
14,81,3,0.32
14,82,3,0.07
14,85,3,0.62
14,86,3,0.46
14,99,3,0.89
14,14,1,0
14,16,1,0.88
14,23,1,0.41
14,27,1,0.4
14,43,1,0.97
14,44,1,0.16
14,47,1,0.26
14,49,1,0.76
14,61,1,0.69
14,65,1,0.97
14,74,1,0.94
14,75,1,0.28
14,87,1,0.03
14,90,1,0.12
14,91,1,0.71
14,92,1,0.38
14,95,1,0.26
14,98,1,0.3
14,0,2,0.81
14,8,2,0.07
14,14,2,0
14,32,2,0.73
14,45,2,0.61
14,58,2,0.69
14,71,2,0.44
14,77,2,0.11
14,84,2,0.94
14,90,2,0.31
14,94,2,0.12
15,2,14,0.33
15,12,14,0.68
15,15,14,0
15,17,14,0.11
15,19,14,0.83
15,24,14,0.65
15,28,14,0.71
15,36,14,0.54
15,49,14,0.57
15,56,14,0.4
15,93,14,0.87
15,3,0,0.11
15,8,0,0.33
15,13,0,0.46
15,15,0,0
15,23,0,0.35
15,26,0,0.87
15,27,0,0.76
15,30,0,0.5
15,31,0,0.24
15,36,0,0.24
15,48,0,0.6
15,51,0,0.74
15,55,0,1.0
15,58,0,0.55
15,61,0,0.29
15,62,0,0.89
15,64,0,0.41
15,66,0,0.55
15,69,0,0.06
15,78,0,0.06
15,81,0,0.25
15,86,0,0.54
15,87,0,0.49
15,89,0,0.95
15,1,6,0.36
15,15,6,0
15,16,6,0.99
15,29,6,0.99
15,38,6,0.96
15,46,6,0.99
15,50,6,0.13
15,68,6,0.53
15,72,6,0.56
15,78,6,0.06
15,79,6,0.72
15,95,6,0.83
15,96,6,0.01
15,2,7,0.27
15,7,7,0.32
15,15,7,0
15,18,7,0.79
15,25,7,0.26
15,51,7,0.33
15,53,7,0.3
15,63,7,0.02
15,66,7,0.1
15,67,7,0.79
15,73,7,0.16
15,79,7,0.55
15,80,7,0.25
15,84,7,0.61
15,90,7,0.32
15,92,7,0.4
15,99,7,0.77
16,14,1,0.23
16,16,1,0
16,23,1,0.48
16,27,1,0.8
16,43,1,0.96
16,44,1,0.66
16,47,1,0.92
16,49,1,0.94
16,61,1,0.17
16,65,1,0.41
16,74,1,0.63
16,75,1,0.75
16,87,1,0.01
16,90,1,0.92
16,91,1,0.33
16,92,1,0.57
16,95,1,0.4
16,98,1,0.41
16,0,5,0.46
16,7,5,0.09
16,11,5,0.33
16,16,5,0
16,19,5,0.35
16,22,5,0.81
16,30,5,0.38
16,33,5,0.39
16,39,5,0.17
16,41,5,0.9
16,43,5,0.49
16,49,5,0.91
16,54,5,0.92
16,63,5,0.1
16,76,5,0.35
16,82,5,0.83
16,95,5,0.74
16,97,5,0.91
16,1,6,0.13
16,15,6,0.14
16,16,6,0
16,29,6,0.13
16,38,6,0.42
16,46,6,0.24
16,50,6,0.43
16,68,6,0.68
16,72,6,0.95
16,78,6,0.69
16,79,6,0.27
16,95,6,0.47
16,96,6,0.56
16,3,10,0.29
16,4,10,0.35
16,5,10,0.81
16,6,10,0.45
16,16,10,0
16,37,10,0.99
16,76,10,0.19
16,84,10,0.1
16,99,10,0.71
17,3,8,0.53
17,12,8,0.39
17,13,8,0.37
17,17,8,0
17,34,8,0.33
17,39,8,0.46
17,41,8,0.1
17,44,8,0.59
17,54,8,0.68
17,60,8,0.25
17,61,8,0.23
17,62,8,0.33
17,74,8,0.16
17,87,8,0.65
17,94,8,0.88
17,96,8,0.4
17,2,14,0.77
17,12,14,0.14
17,15,14,0.46
17,17,14,0
17,19,14,0.87
17,24,14,0.43
17,28,14,0.82
17,36,14,0.74
17,49,14,0.33
17,56,14,0.03
17,93,14,0.72
17,3,15,0.8
17,6,15,0.46
17,9,15,0.81
17,17,15,0
17,21,15,0.42
17,32,15,0.45
17,36,15,0.45
17,38,15,0.66
17,39,15,1.0
17,51,15,0.45
17,57,15,0.43
17,58,15,0.1
17,59,15,0.87
17,61,15,0.06
17,77,15,0.54
17,79,15,0.6
18,9,17,0.75
18,10,17,0.56
18,18,17,0
18,20,17,0.1
18,35,17,0.23
18,45,17,0.04
18,46,17,0.88
18,59,17,0.95
18,73,17,0.63
18,75,17,0.47
18,76,17,0.57
18,88,17,0.05
18,91,17,0.62
18,99,17,0.04
18,1,19,0.92
18,9,19,0.94
18,11,19,0.72
18,13,19,0.57
18,18,19,0
18,24,19,0.81
18,30,19,0.49
18,45,19,0.02
18,48,19,0.2
18,65,19,0.48
18,67,19,0.69
18,70,19,0.04
18,88,19,0.07
18,94,19,0.79
18,96,19,0.81
18,5,3,0.16
18,14,3,0.8
18,18,3,0
18,20,3,0.87
18,24,3,0.43
18,31,3,0.08
18,52,3,0.54
18,57,3,0.15
18,60,3,0.63
18,70,3,0.14
18,81,3,0.93
18,82,3,0.39
18,85,3,0.25
18,86,3,0.32
18,99,3,0.22
18,2,7,0.86
18,7,7,0.69
18,15,7,0.27
18,18,7,0
18,25,7,0.36
18,51,7,0.3
18,53,7,0.86
18,63,7,0.77
18,66,7,0.03
18,67,7,0.67
18,73,7,0.67
18,79,7,0.99
18,80,7,0.42
18,84,7,0.18
18,90,7,0.45
18,92,7,0.05
18,99,7,0.48
19,0,13,0.69
19,9,13,0.43
19,19,13,0
19,23,13,0.08
19,27,13,0.46
19,35,13,0.15
19,40,13,0.77
19,43,13,0.7
19,44,13,0.43
19,45,13,0.21
19,53,13,0.23
19,55,13,0.43
19,57,13,0.21
19,60,13,0.55
19,67,13,0.49
19,76,13,0.96
19,79,13,0.37
19,93,13,0.46
19,0,5,0.16
19,7,5,0.62
19,11,5,0.89
19,16,5,0.82
19,19,5,0
19,22,5,0.23
19,30,5,1.0
19,33,5,0.19
19,39,5,0.72
19,41,5,0.06
19,43,5,0.61
19,49,5,0.67
19,54,5,0.07
19,63,5,0.97
19,76,5,0.85
19,82,5,0.49
19,95,5,0.39
19,97,5,0.87
19,2,14,0.58
19,12,14,0.04
19,15,14,0.75
19,17,14,0.63
19,19,14,0
19,24,14,0.04
19,28,14,0.72
19,36,14,0.29
19,49,14,0.53
19,56,14,0.7
19,93,14,0.78
19,10,18,0.8
19,11,18,0.52
19,19,18,0
19,25,18,0.27
19,31,18,0.68
19,35,18,0.13
19,41,18,0.43
19,42,18,0.03
19,65,18,0.02
19,68,18,0.75
19,72,18,0.01
19,75,18,0.38
19,83,18,0.51
19,86,18,0.96
19,92,18,0.34
19,98,18,0.61
20,5,3,0.5
20,14,3,0.71
20,18,3,0.27
20,20,3,0
20,24,3,0.51
20,31,3,0.17
20,52,3,0.34
20,57,3,0.83
20,60,3,0.32
20,70,3,0.57
20,81,3,0.16
20,82,3,0.83
20,85,3,0.03
20,86,3,0.06
20,99,3,0.13
20,9,17,0.49
20,10,17,0.14
20,18,17,0.12
20,20,17,0
20,35,17,0.41
20,45,17,0.08
20,46,17,0.15
20,59,17,0.67
20,73,17,0.7
20,75,17,0.58
20,76,17,0.26
20,88,17,0.32
20,91,17,0.25
20,99,17,0.5
21,4,12,0.39
21,5,12,0.68
21,6,12,0.86
21,11,12,0.34
21,21,12,0
21,26,12,0.96
21,31,12,0.69
21,32,12,0.7
21,34,12,0.33
21,37,12,0.35
21,38,12,0.65
21,40,12,0.68
21,47,12,0.38
21,56,12,0.23
21,73,12,0.23
21,81,12,0.69
21,89,12,0.37
21,91,12,0.28
21,97,12,0.69
21,3,15,0.88
21,6,15,0.4
21,9,15,0.48
21,17,15,0.57
21,21,15,0
21,32,15,0.61
21,36,15,0.49
21,38,15,0.78
21,39,15,0.44
21,51,15,0.72
21,57,15,0.54
21,58,15,0.92
21,59,15,0.12
21,61,15,0.16
21,77,15,0.57
21,79,15,0.96
22,0,5,0.73
22,7,5,0.97
22,11,5,0.92
22,16,5,0.78
22,19,5,0.72
22,22,5,0
22,30,5,0.31
22,33,5,0.17
22,39,5,0.68
22,41,5,0.89
22,43,5,0.5
22,49,5,0.76
22,54,5,0.96
22,63,5,0.17
22,76,5,0.74
22,82,5,0.54
22,95,5,0.7
22,97,5,0.56
22,5,4,0.03
22,7,4,0.43
22,10,4,0.22
22,22,4,0
22,27,4,0.5
22,28,4,0.03
22,42,4,0.91
22,47,4,0.52
22,50,4,0.37
22,52,4,0.15
22,71,4,0.11
22,77,4,0.7
22,83,4,0.68
22,92,4,0.33
22,96,4,0.7
22,22,16,0
22,28,16,0.95
22,32,16,0.28
22,33,16,0.33
22,39,16,0.95
22,47,16,0.56
22,52,16,0.92
22,58,16,0.24
22,68,16,0.66
22,69,16,0.23
22,71,16,0.38
22,75,16,0.79
22,0,9,0.22
22,6,9,0.69
22,22,9,0
22,30,9,0.76
22,41,9,0.38
22,50,9,0.53
22,52,9,0.88
22,55,9,0.54
22,62,9,0.26
22,70,9,0.12
22,78,9,0.76
22,80,9,0.7
22,82,9,0.0
22,85,9,0.08
22,89,9,0.81
23,3,0,0.6
23,8,0,0.1
23,13,0,0.82
23,15,0,0.47
23,23,0,0
23,26,0,0.94
23,27,0,0.56
23,30,0,0.47
23,31,0,0.67
23,36,0,0.97
23,48,0,0.89
23,51,0,0.9
23,55,0,0.68
23,58,0,0.95
23,61,0,0.22
23,62,0,0.44
23,64,0,0.4
23,66,0,1.0
23,69,0,0.25
23,78,0,0.07
23,81,0,0.53
23,86,0,0.89
23,87,0,0.46
23,89,0,0.88
23,0,13,0.29
23,9,13,0.53
23,19,13,0.05
23,23,13,0
23,27,13,0.68
23,35,13,0.55
23,40,13,0.79
23,43,13,0.35
23,44,13,0.31
23,45,13,0.89
23,53,13,0.74
23,55,13,0.89
23,57,13,0.0
23,60,13,0.64
23,67,13,0.63
23,76,13,0.79
23,79,13,0.03
23,93,13,0.61
23,14,1,0.43
23,16,1,0.88
23,23,1,0
23,27,1,0.38
23,43,1,0.1
23,44,1,0.76
23,47,1,0.48
23,49,1,0.35
23,61,1,0.49
23,65,1,0.29
23,74,1,1.0
23,75,1,0.73
23,87,1,0.92
23,90,1,0.6
23,91,1,0.63
23,92,1,0.96
23,95,1,0.28
23,98,1,0.31
24,5,3,0.39
24,14,3,0.86
24,18,3,0.62
24,20,3,0.12
24,24,3,0
24,31,3,0.71
24,52,3,0.36
24,57,3,0.1
24,60,3,0.7
24,70,3,0.91
24,81,3,0.12
24,82,3,0.74
24,85,3,0.92
24,86,3,0.2
24,99,3,0.68
24,1,19,0.61
24,9,19,0.51
24,11,19,0.87
24,13,19,0.69
24,18,19,0.52
24,24,19,0
24,30,19,0.93
24,45,19,0.94
24,48,19,0.92
24,65,19,0.5
24,67,19,0.16
24,70,19,0.31
24,88,19,0.81
24,94,19,0.93
24,96,19,0.45
24,2,14,0.37
24,12,14,0.94
24,15,14,0.26
24,17,14,0.6
24,19,14,0.68
24,24,14,0
24,28,14,0.95
24,36,14,0.85
24,49,14,0.52
24,56,14,0.22
24,93,14,0.39
25,10,18,0.73
25,11,18,0.85
25,19,18,0.36
25,25,18,0
25,31,18,0.28
25,35,18,0.49
25,41,18,0.18
25,42,18,0.25
25,65,18,0.8
25,68,18,0.84
25,72,18,0.18
25,75,18,0.0
25,83,18,0.72
25,86,18,0.1
25,92,18,0.25
25,98,18,0.22
25,2,7,0.09
25,7,7,0.25
25,15,7,0.94
25,18,7,0.87
25,25,7,0
25,51,7,0.66
25,53,7,0.73
25,63,7,0.52
25,66,7,0.84
25,67,7,0.89
25,73,7,0.92
25,79,7,0.45
25,80,7,0.18
25,84,7,0.69
25,90,7,0.93
25,92,7,0.94
25,99,7,0.53
26,3,0,0.13
26,8,0,0.41
26,13,0,0.59
26,15,0,0.41
26,23,0,0.52
26,26,0,0
26,27,0,0.79
26,30,0,0.8
26,31,0,0.1
26,36,0,0.46
26,48,0,0.78
26,51,0,0.09
26,55,0,0.27
26,58,0,0.66
26,61,0,0.76
26,62,0,0.61
26,64,0,0.84
26,66,0,0.48
26,69,0,0.06
26,78,0,0.27
26,81,0,0.34
26,86,0,0.83
26,87,0,0.22
26,89,0,0.1
26,4,12,0.24
26,5,12,0.11
26,6,12,0.19
26,11,12,0.63
26,21,12,0.52
26,26,12,0
26,31,12,0.39
26,32,12,0.72
26,34,12,0.17
26,37,12,0.92
26,38,12,0.34
26,40,12,0.34
26,47,12,0.33
26,56,12,0.15
26,73,12,0.05
26,81,12,0.32
26,89,12,0.39
26,91,12,0.46
26,97,12,0.62
27,0,13,0.92
27,9,13,0.8
27,19,13,0.49
27,23,13,0.28
27,27,13,0
27,35,13,0.37
27,40,13,0.95
27,43,13,0.34
27,44,13,0.77
27,45,13,0.42
27,53,13,0.2
27,55,13,0.47
27,57,13,0.61
27,60,13,0.09
27,67,13,0.65
27,76,13,0.94
27,79,13,0.35
27,93,13,0.2
27,3,0,0.15
27,8,0,0.41
27,13,0,0.7
27,15,0,0.42
27,23,0,0.44
27,26,0,0.93
27,27,0,0
27,30,0,0.33
27,31,0,0.92
27,36,0,0.02
27,48,0,0.33
27,51,0,0.7
27,55,0,0.02
27,58,0,0.33
27,61,0,0.9
27,62,0,0.25
27,64,0,0.25
27,66,0,0.54
27,69,0,0.09
27,78,0,0.26
27,81,0,0.22
27,86,0,0.6
27,87,0,0.89
27,89,0,0.87
27,5,4,0.54
27,7,4,0.44
27,10,4,0.33
27,22,4,0.04
27,27,4,0
27,28,4,0.88
27,42,4,0.22
27,47,4,0.66
27,50,4,0.2
27,52,4,0.1
27,71,4,0.88
27,77,4,0.53
27,83,4,0.69
27,92,4,0.05
27,96,4,0.9
27,14,1,0.92
27,16,1,0.99
27,23,1,0.43
27,27,1,0
27,43,1,0.62
27,44,1,0.33
27,47,1,0.89
27,49,1,0.19
27,61,1,0.4
27,65,1,0.57
27,74,1,0.31
27,75,1,0.78
27,87,1,0.4
27,90,1,0.4
27,91,1,0.46
27,92,1,0.98
27,95,1,0.02
27,98,1,0.32
28,2,14,0.15
28,12,14,0.96
28,15,14,0.7
28,17,14,0.61
28,19,14,0.39
28,24,14,0.71
28,28,14,0
28,36,14,0.15
28,49,14,0.06
28,56,14,0.4
28,93,14,0.05
28,5,4,1.0
28,7,4,0.89
28,10,4,0.03
28,22,4,0.72
28,27,4,0.56
28,28,4,0
28,42,4,0.24
28,47,4,0.46
28,50,4,0.26
28,52,4,0.73
28,71,4,0.92
28,77,4,0.07
28,83,4,0.46
28,92,4,0.33
28,96,4,0.94
28,22,16,0.91
28,28,16,0
28,32,16,0.77
28,33,16,0.18
28,39,16,0.95
28,47,16,0.07
28,52,16,0.11
28,58,16,0.85
28,68,16,0.8
28,69,16,0.4
28,71,16,0.8
28,75,16,0.17
29,10,11,0.25
29,13,11,0.98
29,29,11,0
29,34,11,0.91
29,40,11,0.27
29,42,11,0.33
29,51,11,0.83
29,64,11,0.02
29,71,11,0.3
29,73,11,0.52
29,82,11,0.46
29,91,11,0.58
29,1,6,0.42
29,15,6,0.41
29,16,6,0.76
29,29,6,0
29,38,6,0.7
29,46,6,0.58
29,50,6,0.54
29,68,6,0.83
29,72,6,0.5
29,78,6,0.83
29,79,6,0.35
29,95,6,0.25
29,96,6,0.81
30,0,9,0.98
30,6,9,0.48
30,22,9,0.14
30,30,9,0
30,41,9,0.43
30,50,9,0.89
30,52,9,0.47
30,55,9,0.48
30,62,9,0.03
30,70,9,0.81
30,78,9,0.39
30,80,9,0.67
30,82,9,0.66
30,85,9,0.82
30,89,9,0.64
30,1,19,0.64
30,9,19,0.34
30,11,19,0.91
30,13,19,0.45
30,18,19,0.95
30,24,19,0.02
30,30,19,0
30,45,19,0.3
30,48,19,0.48
30,65,19,0.3
30,67,19,0.16
30,70,19,0.29
30,88,19,0.41
30,94,19,0.77
30,96,19,0.67
30,0,5,0.52
30,7,5,0.88
30,11,5,0.31
30,16,5,0.88
30,19,5,0.47
30,22,5,0.46
30,30,5,0
30,33,5,0.24
30,39,5,0.48
30,41,5,0.43
30,43,5,0.73
30,49,5,0.68
30,54,5,0.89
30,63,5,0.08
30,76,5,0.96
30,82,5,0.55
30,95,5,0.82
30,97,5,0.77
30,3,0,0.25
30,8,0,0.25
30,13,0,0.79
30,15,0,0.64
30,23,0,0.75
30,26,0,0.99
30,27,0,0.99
30,30,0,0
30,31,0,0.49
30,36,0,0.01
30,48,0,0.93
30,51,0,0.32
30,55,0,0.27
30,58,0,0.24
30,61,0,0.89
30,62,0,0.19
30,64,0,0.15
30,66,0,0.29
30,69,0,0.64
30,78,0,0.39
30,81,0,0.82
30,86,0,0.17
30,87,0,0.31
30,89,0,0.6
31,5,3,0.93
31,14,3,0.5
31,18,3,0.19
31,20,3,0.92
31,24,3,0.91
31,31,3,0
31,52,3,0.73
31,57,3,0.54
31,60,3,0.73
31,70,3,0.76
31,81,3,0.72
31,82,3,0.71
31,85,3,0.09
31,86,3,0.37
31,99,3,0.61
31,10,18,0.22
31,11,18,0.28
31,19,18,0.31
31,25,18,0.81
31,31,18,0
31,35,18,0.1
31,41,18,0.79
31,42,18,0.98
31,65,18,0.19
31,68,18,0.19
31,72,18,0.11
31,75,18,0.28
31,83,18,0.48
31,86,18,0.71
31,92,18,0.47
31,98,18,0.34
31,3,0,0.53
31,8,0,0.49
31,13,0,0.09
31,15,0,0.4
31,23,0,0.37
31,26,0,0.99
31,27,0,0.23
31,30,0,0.61
31,31,0,0
31,36,0,0.81
31,48,0,0.44
31,51,0,0.23
31,55,0,0.68
31,58,0,0.6
31,61,0,0.74
31,62,0,0.86
31,64,0,0.69
31,66,0,0.71
31,69,0,0.73
31,78,0,0.44
31,81,0,0.44
31,86,0,0.5
31,87,0,0.75
31,89,0,0.77
31,4,12,0.91
31,5,12,0.49
31,6,12,0.92
31,11,12,0.74
31,21,12,0.57
31,26,12,0.32
31,31,12,0
31,32,12,0.5
31,34,12,0.91
31,37,12,0.99
31,38,12,0.27
31,40,12,0.77
31,47,12,0.84
31,56,12,0.35
31,73,12,0.87
31,81,12,0.94
31,89,12,0.9
31,91,12,0.93
31,97,12,0.71
32,0,2,0.36
32,8,2,0.75
32,14,2,0.07
32,32,2,0
32,45,2,0.15
32,58,2,0.67
32,71,2,0.62
32,77,2,0.16
32,84,2,0.6
32,90,2,0.55
32,94,2,0.84
32,4,12,0.78
32,5,12,0.74
32,6,12,0.48
32,11,12,0.67
32,21,12,0.23
32,26,12,0.17
32,31,12,0.86
32,32,12,0
32,34,12,0.15
32,37,12,0.46
32,38,12,0.38
32,40,12,0.15
32,47,12,0.44
32,56,12,0.73
32,73,12,0.41
32,81,12,0.08
32,89,12,0.47
32,91,12,0.3
32,97,12,0.14
32,3,15,0.94
32,6,15,0.91
32,9,15,0.18
32,17,15,0.41
32,21,15,0.76
32,32,15,0
32,36,15,0.32
32,38,15,0.12
32,39,15,0.04
32,51,15,0.74
32,57,15,0.12
32,58,15,0.82
32,59,15,0.65
32,61,15,0.56
32,77,15,0.3
32,79,15,0.41
32,22,16,0.64
32,28,16,0.93
32,32,16,0
32,33,16,0.79
32,39,16,0.6
32,47,16,0.15
32,52,16,0.58
32,58,16,0.83
32,68,16,0.24
32,69,16,0.27
32,71,16,0.04
32,75,16,0.44
33,0,5,0.6
33,7,5,0.22
33,11,5,0.39
33,16,5,0.86
33,19,5,0.85
33,22,5,0.3
33,30,5,0.43
33,33,5,0
33,39,5,0.46
33,41,5,0.23
33,43,5,0.81
33,49,5,0.45
33,54,5,0.63
33,63,5,0.85
33,76,5,0.74
33,82,5,0.96
33,95,5,0.17
33,97,5,0.71
33,22,16,0.26
33,28,16,0.88
33,32,16,0.17
33,33,16,0
33,39,16,0.75
33,47,16,0.04
33,52,16,0.69
33,58,16,0.56
33,68,16,0.04
33,69,16,0.73
33,71,16,0.77
33,75,16,0.46
34,3,8,1.0
34,12,8,0.46
34,13,8,0.8
34,17,8,0.18
34,34,8,0
34,39,8,0.91
34,41,8,0.44
34,44,8,0.51
34,54,8,0.65
34,60,8,0.36
34,61,8,0.54
34,62,8,0.49
34,74,8,0.34
34,87,8,0.63
34,94,8,0.19
34,96,8,0.53
34,4,12,0.92
34,5,12,0.39
34,6,12,0.7
34,11,12,0.35
34,21,12,0.2
34,26,12,0.16
34,31,12,0.8
34,32,12,0.89
34,34,12,0
34,37,12,0.42
34,38,12,0.69
34,40,12,0.48
34,47,12,0.67
34,56,12,0.98
34,73,12,0.73
34,81,12,0.69
34,89,12,0.72
34,91,12,0.82
34,97,12,0.16
34,10,11,0.02
34,13,11,0.35
34,29,11,0.33
34,34,11,0
34,40,11,0.93
34,42,11,0.23
34,51,11,0.36
34,64,11,0.11
34,71,11,0.61
34,73,11,0.11
34,82,11,0.12
34,91,11,0.83
35,9,17,0.45
35,10,17,0.18
35,18,17,0.17
35,20,17,0.38
35,35,17,0
35,45,17,0.48
35,46,17,0.83
35,59,17,0.21
35,73,17,0.3
35,75,17,0.26
35,76,17,0.04
35,88,17,0.19
35,91,17,0.55
35,99,17,0.94
35,10,18,0.04
35,11,18,0.98
35,19,18,0.03
35,25,18,0.62
35,31,18,0.64
35,35,18,0
35,41,18,0.37
35,42,18,0.0
35,65,18,0.94
35,68,18,0.16
35,72,18,0.98
35,75,18,0.65
35,83,18,0.05
35,86,18,0.08
35,92,18,0.93
35,98,18,0.45
35,0,13,0.21
35,9,13,0.24
35,19,13,0.92
35,23,13,0.16
35,27,13,0.34
35,35,13,0
35,40,13,0.53
35,43,13,0.85
35,44,13,0.49
35,45,13,0.07
35,53,13,0.38
35,55,13,0.08
35,57,13,0.38
35,60,13,0.6
35,67,13,0.8
35,76,13,0.3
35,79,13,0.34
35,93,13,0.91
36,3,0,0.07
36,8,0,0.23
36,13,0,0.52
36,15,0,0.66
36,23,0,0.48
36,26,0,0.17
36,27,0,0.54
36,30,0,0.61
36,31,0,0.18
36,36,0,0
36,48,0,0.46
36,51,0,0.69
36,55,0,0.8
36,58,0,0.01
36,61,0,0.85
36,62,0,0.76
36,64,0,0.53
36,66,0,0.6
36,69,0,0.68
36,78,0,0.75
36,81,0,0.54
36,86,0,0.96
36,87,0,0.4
36,89,0,0.4
36,2,14,0.55
36,12,14,0.56
36,15,14,0.55
36,17,14,0.84
36,19,14,0.81
36,24,14,0.83
36,28,14,0.89
36,36,14,0
36,49,14,0.17
36,56,14,0.19
36,93,14,0.58
36,3,15,0.45
36,6,15,0.16
36,9,15,0.35
36,17,15,0.52
36,21,15,0.09
36,32,15,0.9
36,36,15,0
36,38,15,0.99
36,39,15,0.92
36,51,15,0.85
36,57,15,0.55
36,58,15,0.6
36,59,15,0.15
36,61,15,0.33
36,77,15,0.25
36,79,15,0.52
37,3,10,0.05
37,4,10,0.2
37,5,10,0.23
37,6,10,0.48
37,16,10,0.05
37,37,10,0
37,76,10,0.66
37,84,10,0.49
37,99,10,0.5
37,4,12,0.16
37,5,12,0.06
37,6,12,0.27
37,11,12,0.7
37,21,12,0.2
37,26,12,0.82
37,31,12,0.04
37,32,12,0.66
37,34,12,0.23
37,37,12,0
37,38,12,0.01
37,40,12,0.77
37,47,12,0.63
37,56,12,0.55
37,73,12,0.9
37,81,12,0.77
37,89,12,0.67
37,91,12,0.53
37,97,12,0.77
38,1,6,0.93
38,15,6,0.04
38,16,6,0.46
38,29,6,0.94
38,38,6,0
38,46,6,0.94
38,50,6,0.14
38,68,6,0.99
38,72,6,0.2
38,78,6,0.56
38,79,6,0.52
38,95,6,0.8
38,96,6,0.05
38,3,15,0.01
38,6,15,0.12
38,9,15,0.4
38,17,15,0.88
38,21,15,0.45
38,32,15,0.29
38,36,15,0.65
38,38,15,0
38,39,15,0.23
38,51,15,0.98
38,57,15,0.51
38,58,15,0.85
38,59,15,0.27
38,61,15,0.41
38,77,15,0.77
38,79,15,0.64
38,4,12,0.89
38,5,12,0.82
38,6,12,0.06
38,11,12,0.55
38,21,12,0.61
38,26,12,0.26
38,31,12,0.8
38,32,12,0.69
38,34,12,0.19
38,37,12,0.46
38,38,12,0
38,40,12,0.89
38,47,12,0.79
38,56,12,0.82
38,73,12,0.62
38,81,12,0.89
38,89,12,0.21
38,91,12,0.83
38,97,12,0.37
39,3,15,0.74
39,6,15,0.85
39,9,15,0.75
39,17,15,0.03
39,21,15,0.01
39,32,15,0.69
39,36,15,0.53
39,38,15,0.4
39,39,15,0
39,51,15,0.36
39,57,15,0.78
39,58,15,0.21
39,59,15,0.11
39,61,15,0.19
39,77,15,0.45
39,79,15,0.27
39,3,8,0.7
39,12,8,0.16
39,13,8,0.12
39,17,8,0.51
39,34,8,0.18
39,39,8,0
39,41,8,0.87
39,44,8,0.33
39,54,8,0.45
39,60,8,0.59
39,61,8,0.19
39,62,8,0.92
39,74,8,0.81
39,87,8,0.57
39,94,8,0.85
39,96,8,0.42
39,22,16,0.98
39,28,16,0.94
39,32,16,0.49
39,33,16,0.47
39,39,16,0
39,47,16,0.4
39,52,16,0.14
39,58,16,0.61
39,68,16,0.43
39,69,16,0.3
39,71,16,0.13
39,75,16,0.08
39,0,5,0.47
39,7,5,0.78
39,11,5,0.02
39,16,5,0.67
39,19,5,0.9
39,22,5,0.45
39,30,5,0.32
39,33,5,0.92
39,39,5,0
39,41,5,0.61
39,43,5,0.01
39,49,5,0.2
39,54,5,0.71
39,63,5,0.96
39,76,5,0.24
39,82,5,0.05
39,95,5,0.87
39,97,5,0.06
40,0,13,0.36
40,9,13,0.37
40,19,13,0.03
40,23,13,0.49
40,27,13,0.67
40,35,13,0.09
40,40,13,0
40,43,13,0.18
40,44,13,0.28
40,45,13,0.21
40,53,13,0.56
40,55,13,0.93
40,57,13,0.79
40,60,13,0.79
40,67,13,0.64
40,76,13,0.85
40,79,13,0.08
40,93,13,0.21
40,10,11,0.92
40,13,11,0.36
40,29,11,0.4
40,34,11,0.43
40,40,11,0
40,42,11,0.94
40,51,11,0.48
40,64,11,0.6
40,71,11,0.75
40,73,11,0.35
40,82,11,0.47
40,91,11,0.06
40,4,12,0.57
40,5,12,0.11
40,6,12,0.39
40,11,12,0.49
40,21,12,0.84
40,26,12,0.48
40,31,12,0.68
40,32,12,0.22
40,34,12,0.51
40,37,12,0.62
40,38,12,0.05
40,40,12,0
40,47,12,0.66
40,56,12,0.78
40,73,12,0.27
40,81,12,0.34
40,89,12,0.18
40,91,12,0.06
40,97,12,0.08
41,3,8,0.45
41,12,8,0.88
41,13,8,0.69
41,17,8,0.39
41,34,8,0.22
41,39,8,0.92
41,41,8,0
41,44,8,0.07
41,54,8,0.74
41,60,8,0.48
41,61,8,0.13
41,62,8,0.09
41,74,8,0.85
41,87,8,0.03
41,94,8,0.41
41,96,8,0.21
41,10,18,0.3
41,11,18,1.0
41,19,18,0.77
41,25,18,0.79
41,31,18,0.92
41,35,18,0.41
41,41,18,0
41,42,18,0.79
41,65,18,0.34
41,68,18,0.79
41,72,18,0.17
41,75,18,1.0
41,83,18,0.7
41,86,18,0.1
41,92,18,0.05
41,98,18,0.82
41,0,5,0.5
41,7,5,0.55
41,11,5,0.61
41,16,5,0.02
41,19,5,0.76
41,22,5,0.92
41,30,5,0.12
41,33,5,0.12
41,39,5,0.09
41,41,5,0
41,43,5,0.22
41,49,5,0.79
41,54,5,0.76
41,63,5,0.28
41,76,5,0.63
41,82,5,1.0
41,95,5,0.16
41,97,5,0.05
41,0,9,0.42
41,6,9,0.54
41,22,9,0.32
41,30,9,0.75
41,41,9,0
41,50,9,0.17
41,52,9,0.47
41,55,9,0.65
41,62,9,0.58
41,70,9,0.54
41,78,9,0.16
41,80,9,0.78
41,82,9,0.88
41,85,9,0.22
41,89,9,0.81
42,10,11,0.61
42,13,11,0.31
42,29,11,0.95
42,34,11,0.11
42,40,11,0.09
42,42,11,0
42,51,11,0.56
42,64,11,0.98
42,71,11,0.16
42,73,11,0.92
42,82,11,0.93
42,91,11,0.21
42,10,18,0.02
42,11,18,0.21
42,19,18,0.16
42,25,18,0.87
42,31,18,0.27
42,35,18,0.65
42,41,18,0.35
42,42,18,0
42,65,18,0.59
42,68,18,0.82
42,72,18,0.9
42,75,18,0.74
42,83,18,0.17
42,86,18,0.13
42,92,18,0.78
42,98,18,0.67
42,5,4,0.69
42,7,4,0.11
42,10,4,0.65
42,22,4,0.7
42,27,4,0.31
42,28,4,0.81
42,42,4,0
42,47,4,0.8
42,50,4,0.74
42,52,4,0.61
42,71,4,0.52
42,77,4,0.13
42,83,4,0.95
42,92,4,0.74
42,96,4,0.54
43,0,5,0.33
43,7,5,0.04
43,11,5,0.64
43,16,5,0.78
43,19,5,0.3
43,22,5,0.52
43,30,5,0.15
43,33,5,0.69
43,39,5,0.23
43,41,5,0.77
43,43,5,0
43,49,5,1.0
43,54,5,0.67
43,63,5,0.27
43,76,5,0.64
43,82,5,0.11
43,95,5,0.73
43,97,5,0.47
43,0,13,0.28
43,9,13,0.22
43,19,13,0.64
43,23,13,0.67
43,27,13,0.02
43,35,13,0.39
43,40,13,0.91
43,43,13,0
43,44,13,0.85
43,45,13,0.98
43,53,13,0.64
43,55,13,0.82
43,57,13,0.61
43,60,13,0.1
43,67,13,0.76
43,76,13,0.38
43,79,13,0.62
43,93,13,0.57
43,14,1,0.47
43,16,1,0.57
43,23,1,0.91
43,27,1,0.8
43,43,1,0
43,44,1,0.97
43,47,1,0.43
43,49,1,0.36
43,61,1,0.59
43,65,1,0.32
43,74,1,0.23
43,75,1,0.45
43,87,1,0.35
43,90,1,0.32
43,91,1,0.59
43,92,1,0.43
43,95,1,0.95
43,98,1,0.63
44,3,8,0.98
44,12,8,0.15
44,13,8,0.96
44,17,8,0.04
44,34,8,0.32
44,39,8,0.27
44,41,8,0.71
44,44,8,0
44,54,8,0.4
44,60,8,0.54
44,61,8,0.07
44,62,8,0.49
44,74,8,0.15
44,87,8,0.59
44,94,8,0.04
44,96,8,0.03
44,14,1,0.28
44,16,1,0.78
44,23,1,0.73
44,27,1,0.74
44,43,1,0.32
44,44,1,0
44,47,1,0.32
44,49,1,0.89
44,61,1,0.02
44,65,1,0.52
44,74,1,0.55
44,75,1,0.2
44,87,1,0.59
44,90,1,0.02
44,91,1,0.42
44,92,1,0.79
44,95,1,0.98
44,98,1,0.65
44,0,13,0.63
44,9,13,0.0
44,19,13,0.91
44,23,13,0.15
44,27,13,0.1
44,35,13,0.19
44,40,13,0.34
44,43,13,0.42
44,44,13,0
44,45,13,0.92
44,53,13,0.21
44,55,13,0.74
44,57,13,0.36
44,60,13,0.81
44,67,13,0.26
44,76,13,0.39
44,79,13,0.8
44,93,13,0.44
45,0,13,0.5
45,9,13,0.8
45,19,13,0.34
45,23,13,0.71
45,27,13,0.61
45,35,13,0.44
45,40,13,0.88
45,43,13,0.15
45,44,13,0.36
45,45,13,0
45,53,13,1.0
45,55,13,0.52
45,57,13,0.6
45,60,13,0.11
45,67,13,0.96
45,76,13,0.27
45,79,13,0.62
45,93,13,0.01
45,1,19,0.96
45,9,19,0.11
45,11,19,0.55
45,13,19,0.06
45,18,19,0.46
45,24,19,0.23
45,30,19,0.99
45,45,19,0
45,48,19,0.9
45,65,19,0.61
45,67,19,0.09
45,70,19,0.43
45,88,19,0.18
45,94,19,0.15
45,96,19,0.31
45,9,17,0.58
45,10,17,0.26
45,18,17,0.91
45,20,17,0.97
45,35,17,0.34
45,45,17,0
45,46,17,0.18
45,59,17,0.72
45,73,17,0.02
45,75,17,0.69
45,76,17,0.12
45,88,17,0.19
45,91,17,0.53
45,99,17,0.38
45,0,2,0.43
45,8,2,0.41
45,14,2,0.75
45,32,2,0.64
45,45,2,0
45,58,2,0.05
45,71,2,0.71
45,77,2,0.6
45,84,2,0.36
45,90,2,0.91
45,94,2,0.57
46,1,6,0.0
46,15,6,0.74
46,16,6,0.41
46,29,6,0.01
46,38,6,0.44
46,46,6,0
46,50,6,0.49
46,68,6,0.98
46,72,6,0.22
46,78,6,0.81
46,79,6,0.91
46,95,6,0.51
46,96,6,0.61
46,9,17,0.04
46,10,17,0.03
46,18,17,0.27
46,20,17,0.83
46,35,17,0.35
46,45,17,0.25
46,46,17,0
46,59,17,0.91
46,73,17,0.68
46,75,17,0.41
46,76,17,1.0
46,88,17,0.03
46,91,17,0.26
46,99,17,0.48
47,5,4,0.29
47,7,4,0.01
47,10,4,0.25
47,22,4,0.15
47,27,4,0.48
47,28,4,0.12
47,42,4,0.65
47,47,4,0
47,50,4,0.17
47,52,4,0.17
47,71,4,0.94
47,77,4,0.53
47,83,4,0.27
47,92,4,0.87
47,96,4,0.07
47,14,1,0.49
47,16,1,0.71
47,23,1,0.71
47,27,1,0.26
47,43,1,0.7
47,44,1,0.31
47,47,1,0
47,49,1,0.8
47,61,1,0.15
47,65,1,0.26
47,74,1,0.63
47,75,1,0.97
47,87,1,0.16
47,90,1,0.23
47,91,1,0.42
47,92,1,0.09
47,95,1,0.41
47,98,1,0.34
47,22,16,0.08
47,28,16,0.57
47,32,16,0.87
47,33,16,0.97
47,39,16,0.67
47,47,16,0
47,52,16,0.37
47,58,16,0.38
47,68,16,0.77
47,69,16,0.96
47,71,16,0.19
47,75,16,1.0
47,4,12,0.52
47,5,12,0.74
47,6,12,0.69
47,11,12,0.84
47,21,12,0.52
47,26,12,0.18
47,31,12,0.91
47,32,12,0.85
47,34,12,0.17
47,37,12,0.9
47,38,12,0.75
47,40,12,0.47
47,47,12,0
47,56,12,0.81
47,73,12,0.22
47,81,12,0.05
47,89,12,0.94
47,91,12,0.76
47,97,12,0.14
48,1,19,0.37
48,9,19,0.49
48,11,19,0.81
48,13,19,0.35
48,18,19,0.43
48,24,19,0.95
48,30,19,0.53
48,45,19,0.13
48,48,19,0
48,65,19,0.2
48,67,19,0.65
48,70,19,0.26
48,88,19,0.46
48,94,19,0.06
48,96,19,0.32
48,3,0,0.6
48,8,0,0.18
48,13,0,0.87
48,15,0,0.76
48,23,0,0.01
48,26,0,0.08
48,27,0,0.03
48,30,0,0.09
48,31,0,0.81
48,36,0,0.92
48,48,0,0
48,51,0,0.59
48,55,0,0.96
48,58,0,0.95
48,61,0,0.34
48,62,0,0.1
48,64,0,0.03
48,66,0,0.34
48,69,0,0.86
48,78,0,0.26
48,81,0,0.1
48,86,0,0.84
48,87,0,0.42
48,89,0,0.9
49,0,5,0.98
49,7,5,0.23
49,11,5,0.83
49,16,5,0.86
49,19,5,0.91
49,22,5,0.15
49,30,5,0.75
49,33,5,0.64
49,39,5,0.51
49,41,5,0.58
49,43,5,0.54
49,49,5,0
49,54,5,0.07
49,63,5,0.81
49,76,5,0.13
49,82,5,0.65
49,95,5,0.11
49,97,5,0.34
49,2,14,0.11
49,12,14,0.74
49,15,14,0.3
49,17,14,0.52
49,19,14,0.41
49,24,14,0.05
49,28,14,0.42
49,36,14,0.35
49,49,14,0
49,56,14,0.5
49,93,14,0.29
49,14,1,0.02
49,16,1,0.9
49,23,1,0.72
49,27,1,0.45
49,43,1,0.21
49,44,1,0.94
49,47,1,0.13
49,49,1,0
49,61,1,0.17
49,65,1,0.79
49,74,1,0.97
49,75,1,0.28
49,87,1,0.2
49,90,1,0.6
49,91,1,0.76
49,92,1,0.61
49,95,1,0.15
49,98,1,0.69
50,0,9,0.51
50,6,9,0.08
50,22,9,0.09
50,30,9,0.53
50,41,9,0.88
50,50,9,0
50,52,9,0.3
50,55,9,0.43
50,62,9,0.85
50,70,9,0.01
50,78,9,0.09
50,80,9,0.51
50,82,9,0.38
50,85,9,0.21
50,89,9,0.81
50,5,4,0.22
50,7,4,0.75
50,10,4,0.96
50,22,4,0.05
50,27,4,0.57
50,28,4,0.16
50,42,4,0.31
50,47,4,0.44
50,50,4,0
50,52,4,0.52
50,71,4,0.34
50,77,4,0.46
50,83,4,0.63
50,92,4,0.72
50,96,4,0.32
50,1,6,0.61
50,15,6,0.25
50,16,6,0.25
50,29,6,0.3
50,38,6,0.11
50,46,6,0.72
50,50,6,0
50,68,6,0.86
50,72,6,0.16
50,78,6,0.75
50,79,6,0.32
50,95,6,0.61
50,96,6,0.76
51,3,15,0.71
51,6,15,0.93
51,9,15,0.32
51,17,15,0.16
51,21,15,0.39
51,32,15,0.73
51,36,15,0.99
51,38,15,0.81
51,39,15,0.37
51,51,15,0
51,57,15,0.63
51,58,15,0.58
51,59,15,0.93
51,61,15,0.59
51,77,15,0.39
51,79,15,0.2
51,10,11,0.65
51,13,11,0.16
51,29,11,0.43
51,34,11,0.87
51,40,11,0.41
51,42,11,0.45
51,51,11,0
51,64,11,0.17
51,71,11,0.22
51,73,11,0.33
51,82,11,0.3
51,91,11,0.2
51,3,0,0.34
51,8,0,0.14
51,13,0,0.88
51,15,0,0.53
51,23,0,0.26
51,26,0,0.75
51,27,0,0.6
51,30,0,0.46
51,31,0,0.16
51,36,0,0.43
51,48,0,0.89
51,51,0,0
51,55,0,0.89
51,58,0,0.43
51,61,0,0.72
51,62,0,0.65
51,64,0,0.54
51,66,0,0.7
51,69,0,0.39
51,78,0,0.71
51,81,0,0.24
51,86,0,0.26
51,87,0,0.51
51,89,0,0.02
51,2,7,0.99
51,7,7,0.09
51,15,7,0.38
51,18,7,0.84
51,25,7,0.7
51,51,7,0
51,53,7,0.54
51,63,7,0.15
51,66,7,0.83
51,67,7,0.27
51,73,7,0.48
51,79,7,0.69
51,80,7,0.92
51,84,7,0.6
51,90,7,0.17
51,92,7,0.01
51,99,7,0.38
52,5,4,0.08
52,7,4,0.75
52,10,4,0.27
52,22,4,0.86
52,27,4,0.03
52,28,4,0.69
52,42,4,0.08
52,47,4,0.63
52,50,4,0.4
52,52,4,0
52,71,4,0.22
52,77,4,0.06
52,83,4,0.84
52,92,4,0.32
52,96,4,0.88
52,0,9,0.03
52,6,9,0.02
52,22,9,0.99
52,30,9,0.41
52,41,9,0.37
52,50,9,0.09
52,52,9,0
52,55,9,0.73
52,62,9,0.77
52,70,9,0.93
52,78,9,0.06
52,80,9,0.51
52,82,9,0.74
52,85,9,0.08
52,89,9,0.5
52,5,3,0.34
52,14,3,0.34
52,18,3,0.04
52,20,3,0.82
52,24,3,0.58
52,31,3,0.52
52,52,3,0
52,57,3,0.65
52,60,3,0.73
52,70,3,0.39
52,81,3,0.06
52,82,3,0.33
52,85,3,0.13
52,86,3,0.47
52,99,3,0.91
52,22,16,0.36
52,28,16,0.42
52,32,16,0.7
52,33,16,0.73
52,39,16,0.93
52,47,16,0.35
52,52,16,0
52,58,16,0.28
52,68,16,0.61
52,69,16,0.17
52,71,16,0.65
52,75,16,0.61
53,0,13,0.68
53,9,13,0.99
53,19,13,0.4
53,23,13,0.48
53,27,13,0.96
53,35,13,0.15
53,40,13,0.63
53,43,13,0.62
53,44,13,0.87
53,45,13,0.12
53,53,13,0
53,55,13,0.31
53,57,13,0.94
53,60,13,0.04
53,67,13,0.73
53,76,13,0.88
53,79,13,0.17
53,93,13,0.75
53,2,7,0.29
53,7,7,0.18
53,15,7,0.25
53,18,7,0.04
53,25,7,0.37
53,51,7,0.89
53,53,7,0
53,63,7,0.82
53,66,7,0.2
53,67,7,0.1
53,73,7,0.26
53,79,7,0.82
53,80,7,0.56
53,84,7,0.49
53,90,7,0.44
53,92,7,0.65
53,99,7,0.44
54,0,5,0.16
54,7,5,0.9
54,11,5,0.03
54,16,5,0.19
54,19,5,0.58
54,22,5,0.09
54,30,5,0.57
54,33,5,0.72
54,39,5,0.4
54,41,5,0.46
54,43,5,0.09
54,49,5,0.47
54,54,5,0
54,63,5,0.66
54,76,5,0.44
54,82,5,0.72
54,95,5,0.52
54,97,5,0.46
54,3,8,0.15
54,12,8,0.26
54,13,8,0.75
54,17,8,0.09
54,34,8,0.19
54,39,8,0.41
54,41,8,0.22
54,44,8,0.67
54,54,8,0
54,60,8,0.18
54,61,8,0.44
54,62,8,0.74
54,74,8,0.2
54,87,8,0.36
54,94,8,0.44
54,96,8,0.08
55,0,9,0.41
55,6,9,0.23
55,22,9,0.55
55,30,9,0.62
55,41,9,0.1
55,50,9,0.74
55,52,9,0.85
55,55,9,0
55,62,9,0.98
55,70,9,0.77
55,78,9,0.93
55,80,9,0.49
55,82,9,0.21
55,85,9,0.56
55,89,9,0.92
55,3,0,0.84
55,8,0,0.35
55,13,0,0.8
55,15,0,0.59
55,23,0,0.69
55,26,0,0.72
55,27,0,0.21
55,30,0,0.07
55,31,0,0.28
55,36,0,0.97
55,48,0,0.85
55,51,0,0.8
55,55,0,0
55,58,0,0.74
55,61,0,0.98
55,62,0,0.35
55,64,0,0.06
55,66,0,0.41
55,69,0,0.69
55,78,0,0.14
55,81,0,0.69
55,86,0,0.23
55,87,0,0.54
55,89,0,0.87
55,0,13,0.99
55,9,13,0.63
55,19,13,0.91
55,23,13,0.34
55,27,13,0.73
55,35,13,0.07
55,40,13,0.7
55,43,13,0.33
55,44,13,0.56
55,45,13,0.31
55,53,13,0.07
55,55,13,0
55,57,13,0.77
55,60,13,0.55
55,67,13,0.46
55,76,13,0.57
55,79,13,0.26
55,93,13,0.77
56,4,12,0.06
56,5,12,0.24
56,6,12,0.55
56,11,12,0.23
56,21,12,0.33
56,26,12,0.7
56,31,12,0.8
56,32,12,0.21
56,34,12,0.91
56,37,12,0.42
56,38,12,0.5
56,40,12,0.86
56,47,12,0.05
56,56,12,0
56,73,12,0.38
56,81,12,0.5
56,89,12,0.37
56,91,12,0.02
56,97,12,0.32
56,2,14,0.73
56,12,14,0.38
56,15,14,0.37
56,17,14,0.17
56,19,14,0.03
56,24,14,0.13
56,28,14,0.96
56,36,14,0.93
56,49,14,0.56
56,56,14,0
56,93,14,0.48
57,5,3,0.05
57,14,3,0.92
57,18,3,0.26
57,20,3,0.46
57,24,3,0.44
57,31,3,0.14
57,52,3,0.23
57,57,3,0
57,60,3,0.86
57,70,3,0.84
57,81,3,0.37
57,82,3,0.25
57,85,3,0.56
57,86,3,0.3
57,99,3,0.66
57,0,13,0.32
57,9,13,0.57
57,19,13,0.48
57,23,13,0.56
57,27,13,0.05
57,35,13,0.33
57,40,13,0.35
57,43,13,0.12
57,44,13,0.63
57,45,13,0.53
57,53,13,0.5
57,55,13,0.75
57,57,13,0
57,60,13,0.61
57,67,13,0.9
57,76,13,0.28
57,79,13,0.59
57,93,13,0.91
57,3,15,0.84
57,6,15,0.36
57,9,15,0.61
57,17,15,0.34
57,21,15,0.42
57,32,15,0.63
57,36,15,0.83
57,38,15,0.97
57,39,15,0.52
57,51,15,0.21
57,57,15,0
57,58,15,0.83
57,59,15,0.15
57,61,15,0.83
57,77,15,0.6
57,79,15,0.39
58,0,2,0.06
58,8,2,0.72
58,14,2,0.97
58,32,2,0.31
58,45,2,0.73
58,58,2,0
58,71,2,0.22
58,77,2,0.34
58,84,2,0.71
58,90,2,0.82
58,94,2,0.41
58,3,15,0.16
58,6,15,0.05
58,9,15,0.79
58,17,15,0.16
58,21,15,0.03
58,32,15,0.03
58,36,15,0.47
58,38,15,0.66
58,39,15,0.58
58,51,15,0.41
58,57,15,0.59
58,58,15,0
58,59,15,0.32
58,61,15,0.09
58,77,15,0.07
58,79,15,0.17
58,22,16,0.43
58,28,16,0.25
58,32,16,0.48
58,33,16,0.49
58,39,16,0.44
58,47,16,0.03
58,52,16,0.27
58,58,16,0
58,68,16,0.82
58,69,16,0.89
58,71,16,0.8
58,75,16,0.07
58,3,0,0.39
58,8,0,0.81
58,13,0,0.89
58,15,0,0.53
58,23,0,0.11
58,26,0,0.4
58,27,0,0.41
58,30,0,0.14
58,31,0,0.1
58,36,0,0.15
58,48,0,0.98
58,51,0,0.07
58,55,0,0.08
58,58,0,0
58,61,0,0.73
58,62,0,0.11
58,64,0,0.48
58,66,0,0.74
58,69,0,0.66
58,78,0,0.92
58,81,0,0.23
58,86,0,0.39
58,87,0,0.82
58,89,0,0.86
59,9,17,0.66
59,10,17,0.39
59,18,17,0.25
59,20,17,0.0
59,35,17,0.72
59,45,17,0.53
59,46,17,0.25
59,59,17,0
59,73,17,0.13
59,75,17,0.73
59,76,17,0.37
59,88,17,0.89
59,91,17,0.47
59,99,17,0.9
59,3,15,0.77
59,6,15,0.18
59,9,15,0.54
59,17,15,0.44
59,21,15,0.42
59,32,15,0.02
59,36,15,0.17
59,38,15,0.81
59,39,15,0.33
59,51,15,0.31
59,57,15,0.62
59,58,15,0.94
59,59,15,0
59,61,15,0.57
59,77,15,0.8
59,79,15,0.73
60,0,13,0.66
60,9,13,0.1
60,19,13,0.12
60,23,13,0.51
60,27,13,0.84
60,35,13,0.14
60,40,13,0.88
60,43,13,0.42
60,44,13,0.99
60,45,13,0.46
60,53,13,0.59
60,55,13,0.12
60,57,13,0.72
60,60,13,0
60,67,13,0.47
60,76,13,0.04
60,79,13,0.81
60,93,13,0.26
60,5,3,0.97
60,14,3,0.99
60,18,3,0.53
60,20,3,0.04
60,24,3,0.89
60,31,3,0.97
60,52,3,0.18
60,57,3,0.47
60,60,3,0
60,70,3,0.49
60,81,3,0.14
60,82,3,0.65
60,85,3,0.2
60,86,3,0.67
60,99,3,0.97
60,3,8,0.03
60,12,8,0.37
60,13,8,0.36
60,17,8,0.79
60,34,8,0.55
60,39,8,0.25
60,41,8,0.96
60,44,8,0.45
60,54,8,0.07
60,60,8,0
60,61,8,0.21
60,62,8,0.63
60,74,8,0.26
60,87,8,0.57
60,94,8,0.21
60,96,8,0.69
61,3,8,0.87
61,12,8,0.92
61,13,8,0.87
61,17,8,0.22
61,34,8,0.08
61,39,8,0.53
61,41,8,0.89
61,44,8,0.58
61,54,8,0.11
61,60,8,0.62
61,61,8,0
61,62,8,0.59
61,74,8,1.0
61,87,8,0.86
61,94,8,0.58
61,96,8,0.45
61,14,1,0.11
61,16,1,1.0
61,23,1,0.53
61,27,1,0.18
61,43,1,0.94
61,44,1,0.46
61,47,1,0.01
61,49,1,0.89
61,61,1,0
61,65,1,0.04
61,74,1,0.08
61,75,1,0.06
61,87,1,0.06
61,90,1,0.86
61,91,1,0.95
61,92,1,0.31
61,95,1,0.69
61,98,1,0.23
61,3,0,0.11
61,8,0,0.48
61,13,0,0.89
61,15,0,0.06
61,23,0,0.53
61,26,0,0.53
61,27,0,0.43
61,30,0,0.2
61,31,0,0.89
61,36,0,0.78
61,48,0,0.9
61,51,0,0.33
61,55,0,0.34
61,58,0,0.73
61,61,0,0
61,62,0,0.66
61,64,0,0.91
61,66,0,0.19
61,69,0,0.48
61,78,0,0.23
61,81,0,0.45
61,86,0,0.71
61,87,0,0.41
61,89,0,0.76
61,3,15,0.69
61,6,15,0.49
61,9,15,0.81
61,17,15,0.5
61,21,15,0.96
61,32,15,0.43
61,36,15,0.16
61,38,15,0.21
61,39,15,0.97
61,51,15,0.58
61,57,15,0.33
61,58,15,0.18
61,59,15,0.67
61,61,15,0
61,77,15,0.58
61,79,15,0.54
62,0,9,0.15
62,6,9,0.55
62,22,9,0.77
62,30,9,0.12
62,41,9,0.24
62,50,9,0.86
62,52,9,0.87
62,55,9,0.01
62,62,9,0
62,70,9,0.25
62,78,9,0.01
62,80,9,0.13
62,82,9,0.66
62,85,9,0.58
62,89,9,0.91
62,3,8,0.36
62,12,8,0.75
62,13,8,0.96
62,17,8,0.3
62,34,8,0.8
62,39,8,0.85
62,41,8,0.79
62,44,8,0.61
62,54,8,0.13
62,60,8,0.67
62,61,8,0.46
62,62,8,0
62,74,8,0.43
62,87,8,0.07
62,94,8,0.31
62,96,8,0.47
62,3,0,0.76
62,8,0,0.07
62,13,0,0.45
62,15,0,0.45
62,23,0,0.26
62,26,0,0.12
62,27,0,0.47
62,30,0,0.31
62,31,0,0.96
62,36,0,0.04
62,48,0,0.22
62,51,0,0.78
62,55,0,0.57
62,58,0,0.82
62,61,0,0.63
62,62,0,0
62,64,0,0.21
62,66,0,0.63
62,69,0,0.53
62,78,0,0.4
62,81,0,0.79
62,86,0,0.23
62,87,0,0.22
62,89,0,0.23
63,2,7,0.12
63,7,7,0.78
63,15,7,0.24
63,18,7,0.68
63,25,7,0.96
63,51,7,0.05
63,53,7,0.44
63,63,7,0
63,66,7,0.28
63,67,7,0.44
63,73,7,0.98
63,79,7,0.19
63,80,7,0.39
63,84,7,0.9
63,90,7,0.93
63,92,7,0.03
63,99,7,0.37
63,0,5,0.55
63,7,5,0.73
63,11,5,0.84
63,16,5,0.73
63,19,5,0.56
63,22,5,0.13
63,30,5,0.51
63,33,5,0.96
63,39,5,0.59
63,41,5,0.15
63,43,5,0.46
63,49,5,0.62
63,54,5,0.48
63,63,5,0
63,76,5,0.16
63,82,5,0.36
63,95,5,0.91
63,97,5,0.75
64,3,0,0.82
64,8,0,0.47
64,13,0,0.7
64,15,0,0.82
64,23,0,0.59
64,26,0,0.21
64,27,0,0.2
64,30,0,0.86
64,31,0,0.23
64,36,0,0.5
64,48,0,0.32
64,51,0,0.28
64,55,0,0.48
64,58,0,0.67
64,61,0,0.94
64,62,0,0.58
64,64,0,0
64,66,0,0.86
64,69,0,0.9
64,78,0,0.09
64,81,0,0.22
64,86,0,0.8
64,87,0,0.32
64,89,0,0.4
64,10,11,0.24
64,13,11,0.53
64,29,11,0.57
64,34,11,0.73
64,40,11,0.61
64,42,11,0.11
64,51,11,0.24
64,64,11,0
64,71,11,0.11
64,73,11,0.92
64,82,11,0.31
64,91,11,0.77
65,10,18,0.2
65,11,18,0.14
65,19,18,0.37
65,25,18,0.77
65,31,18,0.4
65,35,18,0.61
65,41,18,0.52
65,42,18,0.34
65,65,18,0
65,68,18,0.0
65,72,18,0.61
65,75,18,0.35
65,83,18,0.93
65,86,18,0.04
65,92,18,0.04
65,98,18,0.46
65,1,19,0.33
65,9,19,0.2
65,11,19,0.47
65,13,19,0.98
65,18,19,0.22
65,24,19,0.76
65,30,19,0.95
65,45,19,0.15
65,48,19,0.13
65,65,19,0
65,67,19,0.58
65,70,19,0.11
65,88,19,0.79
65,94,19,0.97
65,96,19,0.7
65,14,1,0.24
65,16,1,0.04
65,23,1,0.58
65,27,1,0.63
65,43,1,0.69
65,44,1,0.88
65,47,1,0.51
65,49,1,0.03
65,61,1,0.91
65,65,1,0
65,74,1,0.62
65,75,1,0.5
65,87,1,0.12
65,90,1,0.27
65,91,1,0.89
65,92,1,0.94
65,95,1,0.66
65,98,1,0.59
66,3,0,0.08
66,8,0,0.53
66,13,0,0.54
66,15,0,0.22
66,23,0,0.38
66,26,0,0.76
66,27,0,0.59
66,30,0,0.85
66,31,0,0.11
66,36,0,0.48
66,48,0,0.99
66,51,0,0.31
66,55,0,0.2
66,58,0,0.89
66,61,0,0.5
66,62,0,0.5
66,64,0,0.34
66,66,0,0
66,69,0,0.46
66,78,0,0.17
66,81,0,0.27
66,86,0,0.76
66,87,0,0.96
66,89,0,0.78
66,2,7,0.76
66,7,7,0.21
66,15,7,0.23
66,18,7,0.46
66,25,7,0.04
66,51,7,0.34
66,53,7,0.46
66,63,7,0.6
66,66,7,0
66,67,7,0.23
66,73,7,0.07
66,79,7,0.59
66,80,7,0.78
66,84,7,0.24
66,90,7,0.81
66,92,7,0.93
66,99,7,0.89
67,0,13,0.31
67,9,13,0.1
67,19,13,0.2
67,23,13,0.96
67,27,13,0.35
67,35,13,0.0
67,40,13,0.74
67,43,13,0.98
67,44,13,0.23
67,45,13,0.82
67,53,13,0.36
67,55,13,0.35
67,57,13,0.02
67,60,13,0.41
67,67,13,0
67,76,13,0.42
67,79,13,0.45
67,93,13,0.51
67,2,7,0.27
67,7,7,0.44
67,15,7,0.85
67,18,7,0.23
67,25,7,0.41
67,51,7,0.44
67,53,7,0.82
67,63,7,1.0
67,66,7,0.63
67,67,7,0
67,73,7,0.47
67,79,7,0.01
67,80,7,0.35
67,84,7,0.85
67,90,7,0.6
67,92,7,0.11
67,99,7,0.34
67,1,19,0.28
67,9,19,0.61
67,11,19,0.97
67,13,19,0.22
67,18,19,0.32
67,24,19,0.54
67,30,19,0.22
67,45,19,0.79
67,48,19,0.35
67,65,19,0.08
67,67,19,0
67,70,19,0.98
67,88,19,0.8
67,94,19,0.58
67,96,19,0.31
68,1,6,0.39
68,15,6,0.44
68,16,6,0.94
68,29,6,0.57
68,38,6,0.74
68,46,6,0.84
68,50,6,0.57
68,68,6,0
68,72,6,0.77
68,78,6,0.96
68,79,6,0.64
68,95,6,0.98
68,96,6,0.19
68,22,16,0.8
68,28,16,0.67
68,32,16,0.53
68,33,16,0.71
68,39,16,0.02
68,47,16,0.27
68,52,16,0.68
68,58,16,0.81
68,68,16,0
68,69,16,0.37
68,71,16,0.72
68,75,16,0.37
68,10,18,0.72
68,11,18,0.66
68,19,18,0.3
68,25,18,0.19
68,31,18,0.79
68,35,18,0.66
68,41,18,0.12
68,42,18,0.05
68,65,18,0.66
68,68,18,0
68,72,18,0.88
68,75,18,0.29
68,83,18,0.75
68,86,18,0.13
68,92,18,0.97
68,98,18,0.35
69,3,0,0.99
69,8,0,0.0
69,13,0,0.01
69,15,0,0.14
69,23,0,0.07
69,26,0,0.03
69,27,0,0.32
69,30,0,0.56
69,31,0,0.05
69,36,0,0.96
69,48,0,0.56
69,51,0,0.62
69,55,0,0.3
69,58,0,0.19
69,61,0,0.67
69,62,0,0.98
69,64,0,0.7
69,66,0,0.92
69,69,0,0
69,78,0,0.96
69,81,0,0.21
69,86,0,0.32
69,87,0,0.94
69,89,0,0.77
69,22,16,0.47
69,28,16,0.79
69,32,16,0.36
69,33,16,0.47
69,39,16,0.08
69,47,16,0.46
69,52,16,0.02
69,58,16,0.52
69,68,16,0.92
69,69,16,0
69,71,16,0.36
69,75,16,0.14
70,1,19,0.94
70,9,19,0.31
70,11,19,0.14
70,13,19,0.19
70,18,19,0.15
70,24,19,0.42
70,30,19,0.92
70,45,19,0.83
70,48,19,0.3
70,65,19,0.17
70,67,19,0.56
70,70,19,0
70,88,19,0.94
70,94,19,0.65
70,96,19,0.15
70,0,9,0.06
70,6,9,0.54
70,22,9,0.51
70,30,9,0.43
70,41,9,0.47
70,50,9,0.55
70,52,9,0.83
70,55,9,0.11
70,62,9,0.41
70,70,9,0
70,78,9,0.84
70,80,9,0.57
70,82,9,0.38
70,85,9,0.14
70,89,9,0.65
70,5,3,0.23
70,14,3,0.45
70,18,3,0.7
70,20,3,0.47
70,24,3,0.73
70,31,3,0.17
70,52,3,0.7
70,57,3,0.47
70,60,3,0.19
70,70,3,0
70,81,3,0.88
70,82,3,0.17
70,85,3,0.29
70,86,3,0.63
70,99,3,0.28
71,10,11,0.13
71,13,11,0.14
71,29,11,0.5
71,34,11,0.19
71,40,11,0.39
71,42,11,0.07
71,51,11,0.46
71,64,11,0.07
71,71,11,0
71,73,11,0.01
71,82,11,0.49
71,91,11,0.87
71,5,4,0.11
71,7,4,0.61
71,10,4,0.06
71,22,4,0.47
71,27,4,0.63
71,28,4,0.87
71,42,4,0.64
71,47,4,0.51
71,50,4,0.05
71,52,4,0.84
71,71,4,0
71,77,4,0.36
71,83,4,0.57
71,92,4,0.87
71,96,4,0.05
71,0,2,0.9
71,8,2,0.52
71,14,2,0.6
71,32,2,0.03
71,45,2,0.95
71,58,2,0.86
71,71,2,0
71,77,2,0.92
71,84,2,0.75
71,90,2,0.55
71,94,2,0.59
71,22,16,0.01
71,28,16,0.14
71,32,16,0.23
71,33,16,0.8
71,39,16,0.32
71,47,16,0.78
71,52,16,0.99
71,58,16,0.81
71,68,16,0.59
71,69,16,0.93
71,71,16,0
71,75,16,0.96
72,10,18,0.11
72,11,18,0.17
72,19,18,0.62
72,25,18,0.52
72,31,18,0.07
72,35,18,0.7
72,41,18,0.64
72,42,18,0.67
72,65,18,0.42
72,68,18,0.15
72,72,18,0
72,75,18,0.14
72,83,18,0.85
72,86,18,0.17
72,92,18,0.02
72,98,18,0.7
72,1,6,0.71
72,15,6,0.77
72,16,6,0.64
72,29,6,0.63
72,38,6,0.69
72,46,6,0.66
72,50,6,0.58
72,68,6,0.21
72,72,6,0
72,78,6,0.98
72,79,6,0.92
72,95,6,0.01
72,96,6,0.03
73,10,11,0.19
73,13,11,0.22
73,29,11,0.07
73,34,11,0.23
73,40,11,0.3
73,42,11,0.72
73,51,11,0.73
73,64,11,0.4
73,71,11,0.96
73,73,11,0
73,82,11,0.48
73,91,11,0.94
73,9,17,0.64
73,10,17,0.38
73,18,17,0.3
73,20,17,0.85
73,35,17,0.67
73,45,17,0.39
73,46,17,0.37
73,59,17,0.7
73,73,17,0
73,75,17,0.33
73,76,17,0.25
73,88,17,0.57
73,91,17,0.63
73,99,17,0.79
73,4,12,0.83
73,5,12,0.08
73,6,12,0.79
73,11,12,0.82
73,21,12,0.99
73,26,12,0.62
73,31,12,0.51
73,32,12,0.52
73,34,12,0.57
73,37,12,0.24
73,38,12,0.86
73,40,12,0.74
73,47,12,0.25
73,56,12,0.86
73,73,12,0
73,81,12,0.6
73,89,12,0.83
73,91,12,1.0
73,97,12,0.03
73,2,7,0.11
73,7,7,0.12
73,15,7,0.13
73,18,7,0.81
73,25,7,0.33
73,51,7,0.4
73,53,7,0.96
73,63,7,0.08
73,66,7,0.64
73,67,7,0.64
73,73,7,0
73,79,7,0.74
73,80,7,0.59
73,84,7,0.38
73,90,7,0.08
73,92,7,0.49
73,99,7,0.81
74,3,8,0.47
74,12,8,0.07
74,13,8,0.41
74,17,8,0.7
74,34,8,0.55
74,39,8,0.97
74,41,8,0.68
74,44,8,0.73
74,54,8,0.64
74,60,8,0.19
74,61,8,0.39
74,62,8,0.19
74,74,8,0
74,87,8,0.52
74,94,8,0.86
74,96,8,0.25
74,14,1,0.92
74,16,1,0.11
74,23,1,0.38
74,27,1,0.06
74,43,1,0.78
74,44,1,0.2
74,47,1,0.89
74,49,1,0.75
74,61,1,0.2
74,65,1,0.64
74,74,1,0
74,75,1,0.16
74,87,1,0.43
74,90,1,0.35
74,91,1,0.98
74,92,1,0.66
74,95,1,0.68
74,98,1,0.85
75,14,1,0.55
75,16,1,0.85
75,23,1,0.37
75,27,1,0.08
75,43,1,0.29
75,44,1,0.81
75,47,1,0.42
75,49,1,0.75
75,61,1,0.91
75,65,1,0.81
75,74,1,0.85
75,75,1,0
75,87,1,0.73
75,90,1,0.41
75,91,1,0.14
75,92,1,0.16
75,95,1,0.48
75,98,1,0.74
75,9,17,0.06
75,10,17,0.3
75,18,17,0.08
75,20,17,0.68
75,35,17,0.48
75,45,17,0.72
75,46,17,0.4
75,59,17,0.1
75,73,17,0.57
75,75,17,0
75,76,17,0.13
75,88,17,0.71
75,91,17,0.35
75,99,17,0.76
75,22,16,0.88
75,28,16,0.74
75,32,16,0.55
75,33,16,0.3
75,39,16,0.49
75,47,16,0.21
75,52,16,0.02
75,58,16,0.55
75,68,16,0.12
75,69,16,0.01
75,71,16,0.51
75,75,16,0
75,10,18,0.26
75,11,18,0.4
75,19,18,0.11
75,25,18,0.52
75,31,18,0.53
75,35,18,0.29
75,41,18,0.28
75,42,18,0.78
75,65,18,0.0
75,68,18,0.36
75,72,18,0.34
75,75,18,0
75,83,18,0.91
75,86,18,0.39
75,92,18,0.33
75,98,18,0.76
76,3,10,0.38
76,4,10,0.13
76,5,10,0.95
76,6,10,0.99
76,16,10,0.58
76,37,10,0.37
76,76,10,0
76,84,10,0.21
76,99,10,0.42
76,9,17,0.47
76,10,17,0.66
76,18,17,0.25
76,20,17,0.01
76,35,17,0.59
76,45,17,0.97
76,46,17,0.56
76,59,17,0.24
76,73,17,0.13
76,75,17,0.26
76,76,17,0
76,88,17,0.2
76,91,17,0.57
76,99,17,0.62
76,0,5,0.78
76,7,5,0.63
76,11,5,0.49
76,16,5,0.17
76,19,5,0.29
76,22,5,0.75
76,30,5,0.73
76,33,5,0.59
76,39,5,0.76
76,41,5,0.99
76,43,5,0.22
76,49,5,0.85
76,54,5,0.3
76,63,5,0.11
76,76,5,0
76,82,5,0.91
76,95,5,0.47
76,97,5,0.65
76,0,13,0.29
76,9,13,0.1
76,19,13,0.94
76,23,13,0.69
76,27,13,0.35
76,35,13,0.82
76,40,13,0.39
76,43,13,0.65
76,44,13,0.31
76,45,13,0.16
76,53,13,1.0
76,55,13,0.61
76,57,13,0.69
76,60,13,0.12
76,67,13,0.99
76,76,13,0
76,79,13,0.69
76,93,13,0.97
77,3,15,0.87
77,6,15,0.12
77,9,15,0.08
77,17,15,0.12
77,21,15,0.91
77,32,15,0.7
77,36,15,0.9
77,38,15,0.28
77,39,15,0.09
77,51,15,0.08
77,57,15,0.42
77,58,15,0.14
77,59,15,0.88
77,61,15,0.78
77,77,15,0
77,79,15,0.86
77,0,2,0.52
77,8,2,0.52
77,14,2,0.21
77,32,2,0.05
77,45,2,0.84
77,58,2,0.25
77,71,2,0.68
77,77,2,0
77,84,2,0.82
77,90,2,0.49
77,94,2,0.21
77,5,4,0.02
77,7,4,0.32
77,10,4,0.55
77,22,4,0.23
77,27,4,0.48
77,28,4,0.84
77,42,4,0.85
77,47,4,0.83
77,50,4,0.47
77,52,4,0.1
77,71,4,0.9
77,77,4,0
77,83,4,0.06
77,92,4,0.52
77,96,4,0.47
78,1,6,0.79
78,15,6,0.77
78,16,6,0.81
78,29,6,0.62
78,38,6,0.33
78,46,6,0.67
78,50,6,0.66
78,68,6,0.29
78,72,6,0.2
78,78,6,0
78,79,6,0.61
78,95,6,0.23
78,96,6,0.74
78,0,9,0.99
78,6,9,0.18
78,22,9,0.51
78,30,9,0.72
78,41,9,0.78
78,50,9,0.15
78,52,9,0.98
78,55,9,0.19
78,62,9,0.8
78,70,9,0.54
78,78,9,0
78,80,9,0.0
78,82,9,0.53
78,85,9,0.26
78,89,9,0.23
78,3,0,0.82
78,8,0,0.96
78,13,0,0.61
78,15,0,0.33
78,23,0,0.96
78,26,0,0.09
78,27,0,0.92
78,30,0,0.28
78,31,0,0.77
78,36,0,0.34
78,48,0,0.41
78,51,0,0.26
78,55,0,0.82
78,58,0,0.72
78,61,0,0.85
78,62,0,0.52
78,64,0,0.55
78,66,0,0.21
78,69,0,0.1
78,78,0,0
78,81,0,0.39
78,86,0,0.17
78,87,0,0.41
78,89,0,0.09
79,2,7,0.15
79,7,7,0.41
79,15,7,0.95
79,18,7,0.65
79,25,7,0.85
79,51,7,0.55
79,53,7,0.25
79,63,7,0.17
79,66,7,0.51
79,67,7,0.7
79,73,7,0.97
79,79,7,0
79,80,7,0.18
79,84,7,0.86
79,90,7,0.84
79,92,7,0.52
79,99,7,0.93
79,0,13,0.81
79,9,13,0.68
79,19,13,0.22
79,23,13,0.75
79,27,13,0.89
79,35,13,0.07
79,40,13,0.69
79,43,13,0.05
79,44,13,0.51
79,45,13,0.82
79,53,13,0.31
79,55,13,0.83
79,57,13,0.4
79,60,13,0.96
79,67,13,0.36
79,76,13,0.38
79,79,13,0
79,93,13,0.68
79,3,15,0.52
79,6,15,0.06
79,9,15,0.62
79,17,15,0.53
79,21,15,0.73
79,32,15,0.69
79,36,15,0.99
79,38,15,0.64
79,39,15,0.27
79,51,15,0.89
79,57,15,0.08
79,58,15,0.62
79,59,15,0.31
79,61,15,0.25
79,77,15,0.63
79,79,15,0
79,1,6,0.96
79,15,6,0.53
79,16,6,0.97
79,29,6,0.94
79,38,6,0.43
79,46,6,0.78
79,50,6,0.07
79,68,6,0.81
79,72,6,0.43
79,78,6,0.53
79,79,6,0
79,95,6,0.63
79,96,6,0.2
80,0,9,0.64
80,6,9,0.35
80,22,9,0.93
80,30,9,0.08
80,41,9,0.82
80,50,9,0.26
80,52,9,0.54
80,55,9,0.53
80,62,9,0.85
80,70,9,0.46
80,78,9,0.56
80,80,9,0
80,82,9,0.75
80,85,9,0.04
80,89,9,0.19
80,2,7,0.79
80,7,7,0.66
80,15,7,0.18
80,18,7,0.76
80,25,7,0.68
80,51,7,0.56
80,53,7,0.01
80,63,7,0.15
80,66,7,0.57
80,67,7,0.6
80,73,7,0.93
80,79,7,0.34
80,80,7,0
80,84,7,0.71
80,90,7,0.73
80,92,7,0.15
80,99,7,0.66
81,5,3,0.62
81,14,3,0.28
81,18,3,0.83
81,20,3,0.74
81,24,3,0.21
81,31,3,0.37
81,52,3,0.23
81,57,3,0.03
81,60,3,0.5
81,70,3,0.98
81,81,3,0
81,82,3,0.14
81,85,3,0.08
81,86,3,0.12
81,99,3,0.32
81,4,12,0.44
81,5,12,0.44
81,6,12,0.59
81,11,12,0.58
81,21,12,0.05
81,26,12,0.17
81,31,12,0.43
81,32,12,0.68
81,34,12,0.88
81,37,12,0.38
81,38,12,0.45
81,40,12,0.38
81,47,12,0.23
81,56,12,0.67
81,73,12,0.44
81,81,12,0
81,89,12,0.87
81,91,12,0.51
81,97,12,0.34
81,3,0,0.38
81,8,0,0.25
81,13,0,0.6
81,15,0,0.83
81,23,0,0.48
81,26,0,0.04
81,27,0,0.02
81,30,0,0.68
81,31,0,0.1
81,36,0,0.64
81,48,0,0.64
81,51,0,0.0
81,55,0,0.28
81,58,0,0.74
81,61,0,0.79
81,62,0,0.72
81,64,0,0.35
81,66,0,0.66
81,69,0,0.95
81,78,0,0.41
81,81,0,0
81,86,0,0.71
81,87,0,0.96
81,89,0,0.51
82,0,9,0.34
82,6,9,0.62
82,22,9,0.99
82,30,9,0.7
82,41,9,0.73
82,50,9,0.61
82,52,9,0.68
82,55,9,0.76
82,62,9,0.5
82,70,9,0.38
82,78,9,0.68
82,80,9,0.56
82,82,9,0
82,85,9,0.88
82,89,9,0.27
82,10,11,0.41
82,13,11,0.95
82,29,11,0.61
82,34,11,0.93
82,40,11,0.05
82,42,11,0.51
82,51,11,0.85
82,64,11,0.85
82,71,11,0.85
82,73,11,0.67
82,82,11,0
82,91,11,0.69
82,0,5,0.36
82,7,5,0.57
82,11,5,0.35
82,16,5,0.42
82,19,5,0.63
82,22,5,0.99
82,30,5,0.2
82,33,5,0.58
82,39,5,0.27
82,41,5,0.77
82,43,5,0.91
82,49,5,0.17
82,54,5,0.83
82,63,5,0.98
82,76,5,0.17
82,82,5,0
82,95,5,0.38
82,97,5,0.35
82,5,3,0.43
82,14,3,0.14
82,18,3,0.71
82,20,3,0.58
82,24,3,0.75
82,31,3,0.95
82,52,3,0.23
82,57,3,0.48
82,60,3,0.78
82,70,3,0.13
82,81,3,0.23
82,82,3,0
82,85,3,0.12
82,86,3,0.11
82,99,3,0.75
83,5,4,0.42
83,7,4,0.29
83,10,4,0.66
83,22,4,0.06
83,27,4,0.06
83,28,4,0.21
83,42,4,0.89
83,47,4,0.45
83,50,4,0.15
83,52,4,0.45
83,71,4,0.63
83,77,4,0.99
83,83,4,0
83,92,4,1.0
83,96,4,0.39
83,10,18,0.26
83,11,18,0.46
83,19,18,0.23
83,25,18,0.28
83,31,18,0.12
83,35,18,0.15
83,41,18,0.03
83,42,18,0.17
83,65,18,0.36
83,68,18,0.08
83,72,18,0.73
83,75,18,0.21
83,83,18,0
83,86,18,0.03
83,92,18,0.92
83,98,18,0.01
84,3,10,0.74
84,4,10,0.42
84,5,10,0.99
84,6,10,0.27
84,16,10,0.92
84,37,10,0.85
84,76,10,0.01
84,84,10,0
84,99,10,0.19
84,2,7,0.58
84,7,7,0.71
84,15,7,0.74
84,18,7,0.86
84,25,7,0.87
84,51,7,0.73
84,53,7,0.68
84,63,7,0.75
84,66,7,0.47
84,67,7,0.74
84,73,7,0.14
84,79,7,0.97
84,80,7,0.16
84,84,7,0
84,90,7,0.29
84,92,7,0.39
84,99,7,0.41
84,0,2,0.87
84,8,2,0.36
84,14,2,0.92
84,32,2,0.13
84,45,2,0.04
84,58,2,0.75
84,71,2,0.88
84,77,2,0.8
84,84,2,0
84,90,2,0.34
84,94,2,0.67
85,5,3,0.98
85,14,3,0.2
85,18,3,0.02
85,20,3,0.28
85,24,3,0.61
85,31,3,0.92
85,52,3,0.43
85,57,3,0.82
85,60,3,0.84
85,70,3,0.77
85,81,3,0.66
85,82,3,0.35
85,85,3,0
85,86,3,0.04
85,99,3,0.59
85,0,9,0.81
85,6,9,0.17
85,22,9,0.71
85,30,9,0.21
85,41,9,0.24
85,50,9,0.43
85,52,9,0.9
85,55,9,0.4
85,62,9,0.3
85,70,9,0.79
85,78,9,0.66
85,80,9,0.92
85,82,9,0.51
85,85,9,0
85,89,9,0.14
86,5,3,0.56
86,14,3,0.25
86,18,3,0.59
86,20,3,0.79
86,24,3,0.03
86,31,3,0.16
86,52,3,0.71
86,57,3,0.05
86,60,3,0.25
86,70,3,0.67
86,81,3,0.94
86,82,3,0.92
86,85,3,0.97
86,86,3,0
86,99,3,0.54
86,3,0,0.51
86,8,0,0.43
86,13,0,0.29
86,15,0,0.22
86,23,0,0.46
86,26,0,0.36
86,27,0,0.92
86,30,0,0.96
86,31,0,0.02
86,36,0,0.37
86,48,0,0.94
86,51,0,0.3
86,55,0,0.57
86,58,0,0.28
86,61,0,0.86
86,62,0,0.47
86,64,0,0.57
86,66,0,0.04
86,69,0,0.82
86,78,0,0.57
86,81,0,0.89
86,86,0,0
86,87,0,0.7
86,89,0,0.94
86,10,18,0.79
86,11,18,0.14
86,19,18,0.42
86,25,18,0.01
86,31,18,0.93
86,35,18,0.9
86,41,18,0.5
86,42,18,0.41
86,65,18,0.07
86,68,18,0.29
86,72,18,0.42
86,75,18,0.86
86,83,18,0.42
86,86,18,0
86,92,18,0.46
86,98,18,0.35
87,3,8,0.93
87,12,8,0.41
87,13,8,0.61
87,17,8,0.21
87,34,8,0.6
87,39,8,0.64
87,41,8,0.93
87,44,8,0.91
87,54,8,0.82
87,60,8,0.08
87,61,8,0.55
87,62,8,0.41
87,74,8,0.01
87,87,8,0
87,94,8,0.32
87,96,8,0.98
87,3,0,0.3
87,8,0,0.91
87,13,0,0.23
87,15,0,0.75
87,23,0,0.25
87,26,0,0.86
87,27,0,0.99
87,30,0,0.39
87,31,0,0.47
87,36,0,0.98
87,48,0,0.61
87,51,0,0.2
87,55,0,0.03
87,58,0,0.12
87,61,0,0.92
87,62,0,0.51
87,64,0,0.62
87,66,0,0.18
87,69,0,0.78
87,78,0,0.21
87,81,0,0.34
87,86,0,0.94
87,87,0,0
87,89,0,0.37
87,14,1,0.8
87,16,1,0.4
87,23,1,0.7
87,27,1,0.76
87,43,1,0.62
87,44,1,0.35
87,47,1,0.12
87,49,1,0.74
87,61,1,0.5
87,65,1,0.56
87,74,1,0.45
87,75,1,0.17
87,87,1,0
87,90,1,0.15
87,91,1,0.24
87,92,1,0.34
87,95,1,0.13
87,98,1,0.29
88,1,19,0.82
88,9,19,0.22
88,11,19,0.6
88,13,19,0.23
88,18,19,0.71
88,24,19,0.98
88,30,19,0.87
88,45,19,0.66
88,48,19,0.56
88,65,19,0.72
88,67,19,0.33
88,70,19,0.16
88,88,19,0
88,94,19,0.97
88,96,19,0.46
88,9,17,0.35
88,10,17,0.1
88,18,17,0.85
88,20,17,0.07
88,35,17,0.52
88,45,17,0.02
88,46,17,0.98
88,59,17,0.86
88,73,17,0.97
88,75,17,0.84
88,76,17,0.84
88,88,17,0
88,91,17,0.72
88,99,17,0.49
89,0,9,0.39
89,6,9,0.56
89,22,9,0.61
89,30,9,0.33
89,41,9,0.37
89,50,9,0.61
89,52,9,0.13
89,55,9,0.14
89,62,9,0.89
89,70,9,0.69
89,78,9,0.88
89,80,9,0.91
89,82,9,0.01
89,85,9,0.85
89,89,9,0
89,4,12,0.4
89,5,12,0.65
89,6,12,0.14
89,11,12,0.18
89,21,12,0.44
89,26,12,0.61
89,31,12,0.06
89,32,12,0.98
89,34,12,0.0
89,37,12,0.97
89,38,12,0.18
89,40,12,0.48
89,47,12,0.78
89,56,12,0.16
89,73,12,0.6
89,81,12,0.88
89,89,12,0
89,91,12,0.95
89,97,12,0.97
89,3,0,0.87
89,8,0,0.17
89,13,0,0.02
89,15,0,0.33
89,23,0,0.84
89,26,0,0.43
89,27,0,0.63
89,30,0,0.34
89,31,0,0.59
89,36,0,0.66
89,48,0,0.36
89,51,0,0.4
89,55,0,0.4
89,58,0,0.56
89,61,0,0.42
89,62,0,0.17
89,64,0,0.59
89,66,0,0.79
89,69,0,0.1
89,78,0,0.67
89,81,0,0.47
89,86,0,0.92
89,87,0,0.93
89,89,0,0
90,0,2,0.41
90,8,2,0.48
90,14,2,0.55
90,32,2,0.48
90,45,2,0.79
90,58,2,0.13
90,71,2,0.98
90,77,2,0.22
90,84,2,0.89
90,90,2,0
90,94,2,0.04
90,14,1,0.2
90,16,1,0.23
90,23,1,0.06
90,27,1,0.17
90,43,1,0.04
90,44,1,0.03
90,47,1,0.23
90,49,1,0.04
90,61,1,0.65
90,65,1,0.35
90,74,1,0.55
90,75,1,0.41
90,87,1,0.23
90,90,1,0
90,91,1,0.69
90,92,1,0.98
90,95,1,0.96
90,98,1,0.89
90,2,7,0.23
90,7,7,0.09
90,15,7,0.89
90,18,7,0.32
90,25,7,0.85
90,51,7,0.47
90,53,7,0.81
90,63,7,0.62
90,66,7,0.18
90,67,7,0.98
90,73,7,0.59
90,79,7,0.35
90,80,7,0.33
90,84,7,0.49
90,90,7,0
90,92,7,0.49
90,99,7,0.4
91,9,17,0.6
91,10,17,0.82
91,18,17,0.33
91,20,17,0.09
91,35,17,0.69
91,45,17,0.21
91,46,17,0.75
91,59,17,0.85
91,73,17,0.98
91,75,17,0.38
91,76,17,0.27
91,88,17,0.28
91,91,17,0
91,99,17,0.35
91,10,11,0.63
91,13,11,0.36
91,29,11,0.1
91,34,11,0.74
91,40,11,0.27
91,42,11,0.91
91,51,11,0.72
91,64,11,0.28
91,71,11,0.27
91,73,11,0.82
91,82,11,0.19
91,91,11,0
91,14,1,0.98
91,16,1,0.83
91,23,1,0.23
91,27,1,0.62
91,43,1,0.48
91,44,1,0.03
91,47,1,0.36
91,49,1,0.74
91,61,1,0.56
91,65,1,0.83
91,74,1,0.18
91,75,1,0.22
91,87,1,0.39
91,90,1,0.28
91,91,1,0
91,92,1,0.66
91,95,1,0.81
91,98,1,0.64
91,4,12,0.46
91,5,12,0.35
91,6,12,0.06
91,11,12,0.8
91,21,12,0.92
91,26,12,0.42
91,31,12,0.06
91,32,12,0.93
91,34,12,0.29
91,37,12,0.54
91,38,12,0.36
91,40,12,0.54
91,47,12,0.72
91,56,12,0.14
91,73,12,0.32
91,81,12,0.13
91,89,12,0.36
91,91,12,0
91,97,12,0.36
92,10,18,0.78
92,11,18,0.58
92,19,18,0.13
92,25,18,0.18
92,31,18,0.65
92,35,18,0.87
92,41,18,0.58
92,42,18,0.76
92,65,18,0.92
92,68,18,0.74
92,72,18,0.95
92,75,18,0.31
92,83,18,0.04
92,86,18,0.66
92,92,18,0
92,98,18,0.59
92,2,7,0.41
92,7,7,0.27
92,15,7,0.04
92,18,7,0.23
92,25,7,0.18
92,51,7,0.1
92,53,7,0.91
92,63,7,0.16
92,66,7,0.68
92,67,7,0.9
92,73,7,0.0
92,79,7,0.26
92,80,7,0.95
92,84,7,0.35
92,90,7,0.87
92,92,7,0
92,99,7,0.05
92,14,1,0.17
92,16,1,0.81
92,23,1,0.46
92,27,1,0.96
92,43,1,0.09
92,44,1,0.06
92,47,1,0.45
92,49,1,0.97
92,61,1,0.07
92,65,1,0.63
92,74,1,0.34
92,75,1,0.46
92,87,1,0.95
92,90,1,0.04
92,91,1,0.61
92,92,1,0
92,95,1,0.23
92,98,1,0.32
92,5,4,0.29
92,7,4,0.88
92,10,4,0.39
92,22,4,0.65
92,27,4,0.18
92,28,4,0.06
92,42,4,0.73
92,47,4,0.46
92,50,4,0.57
92,52,4,0.36
92,71,4,0.63
92,77,4,0.82
92,83,4,0.09
92,92,4,0
92,96,4,0.42
93,2,14,0.04
93,12,14,0.86
93,15,14,0.14
93,17,14,0.84
93,19,14,0.3
93,24,14,0.02
93,28,14,0.82
93,36,14,0.28
93,49,14,0.06
93,56,14,0.19
93,93,14,0
93,0,13,0.75
93,9,13,0.96
93,19,13,0.17
93,23,13,0.2
93,27,13,0.23
93,35,13,0.32
93,40,13,0.48
93,43,13,0.34
93,44,13,0.78
93,45,13,0.07
93,53,13,0.05
93,55,13,0.98
93,57,13,0.49
93,60,13,0.93
93,67,13,0.75
93,76,13,0.37
93,79,13,0.01
93,93,13,0
94,3,8,0.34
94,12,8,0.16
94,13,8,0.35
94,17,8,0.86
94,34,8,0.41
94,39,8,0.17
94,41,8,0.56
94,44,8,0.41
94,54,8,0.53
94,60,8,0.26
94,61,8,0.05
94,62,8,0.78
94,74,8,0.05
94,87,8,0.3
94,94,8,0
94,96,8,0.12
94,0,2,0.65
94,8,2,0.32
94,14,2,0.9
94,32,2,0.86
94,45,2,0.03
94,58,2,0.46
94,71,2,0.62
94,77,2,0.71
94,84,2,0.64
94,90,2,0.99
94,94,2,0
94,1,19,0.13
94,9,19,0.16
94,11,19,0.1
94,13,19,0.17
94,18,19,1.0
94,24,19,0.24
94,30,19,0.05
94,45,19,0.22
94,48,19,0.78
94,65,19,0.4
94,67,19,0.2
94,70,19,0.72
94,88,19,0.46
94,94,19,0
94,96,19,0.57
95,14,1,0.85
95,16,1,0.64
95,23,1,0.3
95,27,1,0.33
95,43,1,0.05
95,44,1,0.05
95,47,1,0.49
95,49,1,0.39
95,61,1,0.31
95,65,1,0.62
95,74,1,0.45
95,75,1,0.88
95,87,1,0.49
95,90,1,0.13
95,91,1,0.4
95,92,1,0.79
95,95,1,0
95,98,1,0.13
95,1,6,0.58
95,15,6,0.07
95,16,6,0.03
95,29,6,0.98
95,38,6,0.04
95,46,6,0.87
95,50,6,0.84
95,68,6,0.29
95,72,6,0.89
95,78,6,0.61
95,79,6,0.19
95,95,6,0
95,96,6,0.29
95,0,5,0.89
95,7,5,0.38
95,11,5,0.85
95,16,5,0.3
95,19,5,0.3
95,22,5,0.6
95,30,5,1.0
95,33,5,0.42
95,39,5,0.92
95,41,5,0.47
95,43,5,0.11
95,49,5,0.69
95,54,5,0.64
95,63,5,0.69
95,76,5,0.22
95,82,5,0.9
95,95,5,0
95,97,5,0.71
96,3,8,0.92
96,12,8,0.93
96,13,8,0.54
96,17,8,0.21
96,34,8,0.61
96,39,8,0.69
96,41,8,0.81
96,44,8,0.48
96,54,8,0.56
96,60,8,0.23
96,61,8,0.44
96,62,8,0.46
96,74,8,0.04
96,87,8,0.08
96,94,8,0.48
96,96,8,0
96,1,6,0.77
96,15,6,0.62
96,16,6,0.76
96,29,6,0.13
96,38,6,0.84
96,46,6,0.61
96,50,6,0.62
96,68,6,0.98
96,72,6,0.75
96,78,6,0.42
96,79,6,0.26
96,95,6,0.58
96,96,6,0
96,1,19,0.21
96,9,19,0.39
96,11,19,0.57
96,13,19,0.17
96,18,19,0.4
96,24,19,0.62
96,30,19,0.19
96,45,19,0.87
96,48,19,0.87
96,65,19,0.87
96,67,19,0.15
96,70,19,0.98
96,88,19,0.07
96,94,19,0.4
96,96,19,0
96,5,4,0.31
96,7,4,0.69
96,10,4,0.95
96,22,4,0.9
96,27,4,0.4
96,28,4,0.58
96,42,4,0.98
96,47,4,0.54
96,50,4,0.9
96,52,4,0.87
96,71,4,0.84
96,77,4,0.23
96,83,4,0.58
96,92,4,0.19
96,96,4,0
97,0,5,0.73
97,7,5,0.51
97,11,5,0.9
97,16,5,0.44
97,19,5,0.94
97,22,5,0.67
97,30,5,0.2
97,33,5,0.53
97,39,5,0.04
97,41,5,0.79
97,43,5,0.85
97,49,5,0.1
97,54,5,0.2
97,63,5,0.39
97,76,5,0.34
97,82,5,0.4
97,95,5,0.81
97,97,5,0
97,4,12,0.25
97,5,12,0.68
97,6,12,0.27
97,11,12,0.09
97,21,12,0.53
97,26,12,0.81
97,31,12,0.64
97,32,12,0.2
97,34,12,0.81
97,37,12,0.37
97,38,12,0.9
97,40,12,0.11
97,47,12,0.7
97,56,12,0.6
97,73,12,0.19
97,81,12,0.79
97,89,12,0.3
97,91,12,0.69
97,97,12,0
98,10,18,0.35
98,11,18,0.89
98,19,18,0.28
98,25,18,0.44
98,31,18,0.26
98,35,18,0.51
98,41,18,0.21
98,42,18,0.04
98,65,18,0.56
98,68,18,0.41
98,72,18,0.25
98,75,18,0.33
98,83,18,0.4
98,86,18,0.14
98,92,18,0.12
98,98,18,0
98,14,1,0.72
98,16,1,0.35
98,23,1,0.82
98,27,1,0.13
98,43,1,0.13
98,44,1,0.37
98,47,1,0.33
98,49,1,0.95
98,61,1,0.23
98,65,1,0.41
98,74,1,0.07
98,75,1,0.3
98,87,1,0.34
98,90,1,0.03
98,91,1,0.21
98,92,1,0.51
98,95,1,0.47
98,98,1,0
99,3,10,0.44
99,4,10,0.44
99,5,10,0.83
99,6,10,0.67
99,16,10,0.95
99,37,10,0.23
99,76,10,0.52
99,84,10,0.36
99,99,10,0
99,5,3,0.1
99,14,3,0.35
99,18,3,0.6
99,20,3,0.41
99,24,3,0.9
99,31,3,0.16
99,52,3,0.44
99,57,3,0.42
99,60,3,0.78
99,70,3,0.73
99,81,3,0.01
99,82,3,0.91
99,85,3,0.49
99,86,3,0.31
99,99,3,0
99,9,17,0.8
99,10,17,0.65
99,18,17,0.25
99,20,17,0.19
99,35,17,0.77
99,45,17,0.62
99,46,17,0.05
99,59,17,0.11
99,73,17,0.15
99,75,17,0.38
99,76,17,0.29
99,88,17,0.98
99,91,17,0.54
99,99,17,0
99,2,7,0.59
99,7,7,0.19
99,15,7,0.75
99,18,7,0.63
99,25,7,0.84
99,51,7,0.67
99,53,7,0.95
99,63,7,0.5
99,66,7,0.69
99,67,7,0.95
99,73,7,0.45
99,79,7,0.91
99,80,7,0.8
99,84,7,0.44
99,90,7,0.99
99,92,7,0.54
99,99,7,0