M,100,P,30,Q,100000,targetS,0.1,targetW,0.1

Resources name, resource id, current workload and max workload
R_0,0,0.74,1
R_1,1,0.74,1
R_2,2,0.79,1
R_3,3,0.57,1
R_4,4,0.56,1
R_5,5,0.71,1
R_6,6,0.65,1
R_7,7,0.45,1
R_8,8,0.67,1
R_9,9,0.46,1
R_10,10,0.47,1
R_11,11,0.71,1
R_12,12,0.77,1
R_13,13,0.4,1
R_14,14,0.68,1
R_15,15,0.57,1
R_16,16,0.57,1
R_17,17,0.45,1
R_18,18,0.49,1
R_19,19,0.44,1
R_20,20,0.71,1
R_21,21,0.6,1
R_22,22,0.58,1
R_23,23,0.73,1
R_24,24,0.4,1
R_25,25,0.7,1
R_26,26,0.76,1
R_27,27,0.52,1
R_28,28,0.6,1
R_29,29,0.48,1
R_30,30,0.8,1
R_31,31,0.58,1
R_32,32,0.6,1
R_33,33,0.49,1
R_34,34,0.53,1
R_35,35,0.73,1
R_36,36,0.75,1
R_37,37,0.72,1
R_38,38,0.47,1
R_39,39,0.68,1
R_40,40,0.62,1
R_41,41,0.62,1
R_42,42,0.52,1
R_43,43,0.45,1
R_44,44,0.53,1
R_45,45,0.65,1
R_46,46,0.53,1
R_47,47,0.74,1
R_48,48,0.65,1
R_49,49,0.79,1
R_50,50,0.57,1
R_51,51,0.58,1
R_52,52,0.42,1
R_53,53,0.45,1
R_54,54,0.5,1
R_55,55,0.74,1
R_56,56,0.54,1
R_57,57,0.68,1
R_58,58,0.46,1
R_59,59,0.78,1
R_60,60,0.51,1
R_61,61,0.57,1
R_62,62,0.67,1
R_63,63,0.41,1
R_64,64,0.76,1
R_65,65,0.69,1
R_66,66,0.78,1
R_67,67,0.68,1
R_68,68,0.62,1
R_69,69,0.58,1
R_70,70,0.6,1
R_71,71,0.59,1
R_72,72,0.79,1
R_73,73,0.47,1
R_74,74,0.6,1
R_75,75,0.47,1
R_76,76,0.67,1
R_77,77,0.6,1
R_78,78,0.58,1
R_79,79,0.46,1
R_80,80,0.53,1
R_81,81,0.68,1
R_82,82,0.6,1
R_83,83,0.45,1
R_84,84,0.79,1
R_85,85,0.58,1
R_86,86,0.67,1
R_87,87,0.71,1
R_88,88,0.69,1
R_89,89,0.65,1
R_90,90,0.61,1
R_91,91,0.72,1
R_92,92,0.62,1
R_93,93,0.52,1
R_94,94,0.53,1
R_95,95,0.59,1
R_96,96,0.64,1
R_97,97,0.69,1
R_98,98,0.75,1
R_99,99,0.45,1

Activities name, activity id, lambda, stress, resource id, priority, rifiutato
act_35,35,0.18,0.98,0,153,0
act_20,20,0.24,0.13,1,203,0
act_38,38,0.13,0.45,2,217,0
act_23,23,0.18,0.65,3,120,0
act_38,38,0.13,0.45,3,164,0
act_2,2,0.3,0.01,4,125,0
act_21,21,0.11,0.78,5,133,1
act_21,21,0.11,0.78,5,223,1
act_22,22,0.27,0.32,6,141,0
act_17,17,0.25,0.74,7,56,0
act_6,6,0.28,0.02,7,0,0
act_8,8,0.22,0.59,8,70,0
act_3,3,0.21,0.18,9,165,0
act_23,23,0.18,0.65,9,140,0
act_5,5,0.14,0.4,10,216,0
act_0,0,0.08,0.25,10,144,0
act_16,16,0.25,0.25,10,138,0
act_10,10,0.16,0.69,11,58,0
act_31,31,0.04,0.33,12,24,1
act_31,31,0.04,0.33,12,169,1
act_31,31,0.04,0.33,12,207,1
act_31,31,0.04,0.33,12,147,1
act_31,31,0.04,0.33,12,63,1
act_30,30,0.04,0.22,13,75,0
act_21,21,0.11,0.78,13,95,1
act_30,30,0.04,0.22,13,248,0
act_16,16,0.25,0.25,13,185,0
act_30,30,0.04,0.22,13,137,0
act_21,21,0.11,0.78,13,42,1
act_34,34,0.16,0.27,14,77,0
act_31,31,0.04,0.33,14,33,1
act_31,31,0.04,0.33,14,113,1
act_31,31,0.04,0.33,14,139,1
act_31,31,0.04,0.33,14,209,1
act_37,37,0.18,0.8,15,43,0
act_16,16,0.25,0.25,15,196,0
act_23,23,0.18,0.65,16,65,0
act_35,35,0.18,0.98,16,227,1
act_17,17,0.25,0.74,17,254,0
act_3,3,0.21,0.18,17,4,0
act_19,19,0.15,0.55,18,109,1
act_19,19,0.15,0.55,18,195,1
act_19,19,0.15,0.55,18,174,1
act_6,6,0.28,0.02,19,177,0
act_6,6,0.28,0.02,19,116,0
act_29,29,0.07,0.83,20,76,0
act_32,32,0.17,0.03,20,170,0
act_23,23,0.18,0.65,21,35,1
act_33,33,0.13,0.88,21,17,1
act_17,17,0.25,0.74,22,44,1
act_19,19,0.15,0.55,22,2,0
act_16,16,0.25,0.25,23,1,0
act_37,37,0.18,0.8,24,21,0
act_37,37,0.18,0.8,24,251,0
act_25,25,0.13,0.74,24,193,0
act_35,35,0.18,0.98,25,41,1
act_14,14,0.05,0.53,25,84,1
act_14,14,0.05,0.53,25,182,1
act_36,36,0.03,0.03,26,89,0
act_30,30,0.04,0.22,26,229,0
act_36,36,0.03,0.03,26,67,0
act_36,36,0.03,0.03,26,118,0
act_36,36,0.03,0.03,26,127,0
act_36,36,0.03,0.03,26,54,0
act_30,30,0.04,0.22,26,80,0
act_0,0,0.08,0.25,27,53,0
act_0,0,0.08,0.25,27,183,0
act_31,31,0.04,0.33,27,134,1
act_31,31,0.04,0.33,27,114,1
act_31,31,0.04,0.33,27,26,1
act_0,0,0.08,0.25,27,226,0
act_31,31,0.04,0.33,27,37,1
act_0,0,0.08,0.25,27,218,0
act_4,4,0.27,0.32,28,162,0
act_21,21,0.11,0.78,28,241,1
act_26,26,0.24,0.04,29,12,0
act_17,17,0.25,0.74,29,257,0
act_37,37,0.18,0.8,30,178,0
act_34,34,0.16,0.27,31,39,0
act_34,34,0.16,0.27,31,210,0
act_29,29,0.07,0.83,31,99,0
act_36,36,0.03,0.03,32,98,0
act_36,36,0.03,0.03,32,243,0
act_21,21,0.11,0.78,32,143,1
act_38,38,0.13,0.45,32,8,0
act_36,36,0.03,0.03,32,236,0
act_36,36,0.03,0.03,32,22,0
act_36,36,0.03,0.03,32,220,0
act_14,14,0.05,0.53,33,146,1
act_2,2,0.3,0.01,33,172,0
act_14,14,0.05,0.53,33,198,1
act_14,14,0.05,0.53,33,157,1
act_14,14,0.05,0.53,33,59,1
act_30,30,0.04,0.22,34,126,0
act_28,28,0.24,0.33,34,197,0
act_30,30,0.04,0.22,34,230,0
act_30,30,0.04,0.22,34,163,0
act_30,30,0.04,0.22,34,190,0
act_30,30,0.04,0.22,34,104,0
act_1,1,0.13,0.91,35,19,1
act_1,1,0.13,0.91,35,224,1
act_19,19,0.15,0.55,36,9,0
act_24,24,0.22,0.36,37,28,0
act_25,25,0.13,0.74,38,6,1
act_4,4,0.27,0.32,38,176,0
act_25,25,0.13,0.74,38,194,1
act_37,37,0.18,0.8,39,23,1
act_33,33,0.13,0.88,39,187,1
act_14,14,0.05,0.53,40,131,0
act_26,26,0.24,0.04,40,167,0
act_14,14,0.05,0.53,40,152,0
act_12,12,0.29,0.88,41,15,0
act_18,18,0.09,0.06,41,62,0
act_28,28,0.24,0.33,42,249,0
act_34,34,0.16,0.27,42,69,0
act_34,34,0.16,0.27,43,102,0
act_7,7,0.2,0.89,43,253,0
act_34,34,0.16,0.27,43,202,0
act_33,33,0.13,0.88,44,247,1
act_33,33,0.13,0.88,44,107,1
act_21,21,0.11,0.78,44,18,1
act_31,31,0.04,0.33,44,129,1
act_31,31,0.04,0.33,44,51,1
act_25,25,0.13,0.74,45,191,1
act_25,25,0.13,0.74,45,221,1
act_36,36,0.03,0.03,46,155,0
act_7,7,0.2,0.89,46,142,1
act_7,7,0.2,0.89,46,13,1
act_36,36,0.03,0.03,46,213,0
act_35,35,0.18,0.98,47,189,1
act_31,31,0.04,0.33,47,186,1
act_25,25,0.13,0.74,48,49,1
act_25,25,0.13,0.74,48,73,1
act_0,0,0.08,0.25,49,246,0
act_0,0,0.08,0.25,49,255,0
act_31,31,0.04,0.33,49,242,0
act_7,7,0.2,0.89,50,82,1
act_19,19,0.15,0.55,50,61,0
act_9,9,0.21,0.14,51,121,0
act_37,37,0.18,0.8,51,90,0
act_4,4,0.27,0.32,52,34,1
act_21,21,0.11,0.78,52,244,1
act_15,15,0.18,0.99,52,132,1
act_12,12,0.29,0.88,53,128,0
act_3,3,0.21,0.18,53,149,0
act_15,15,0.18,0.99,54,228,0
act_32,32,0.17,0.03,54,232,0
act_21,21,0.11,0.78,55,117,0
act_21,21,0.11,0.78,55,110,0
act_10,10,0.16,0.69,56,83,1
act_4,4,0.27,0.32,56,173,1
act_13,13,0.25,0.92,57,145,0
act_21,21,0.11,0.78,58,252,1
act_21,21,0.11,0.78,58,3,1
act_3,3,0.21,0.18,58,124,0
act_25,25,0.13,0.74,59,96,0
act_9,9,0.21,0.14,60,27,0
act_9,9,0.21,0.14,60,256,0
act_26,26,0.24,0.04,61,29,0
act_30,30,0.04,0.22,62,208,0
act_4,4,0.27,0.32,62,237,0
act_17,17,0.25,0.74,63,205,1
act_17,17,0.25,0.74,63,238,1
act_31,31,0.04,0.33,64,81,1
act_31,31,0.04,0.33,64,16,1
act_31,31,0.04,0.33,64,111,1
act_31,31,0.04,0.33,64,87,1
act_31,31,0.04,0.33,64,103,1
act_3,3,0.21,0.18,65,130,0
act_10,10,0.16,0.69,66,50,0
act_11,11,0.3,0.87,67,181,0
act_32,32,0.17,0.03,68,88,0
act_14,14,0.05,0.53,68,175,1
act_14,14,0.05,0.53,68,14,1
act_14,14,0.05,0.53,68,100,1
act_14,14,0.05,0.53,68,234,1
act_3,3,0.21,0.18,69,160,0
act_3,3,0.21,0.18,69,115,0
act_32,32,0.17,0.03,70,219,0
act_31,31,0.04,0.33,70,151,1
act_31,31,0.04,0.33,70,159,1
act_31,31,0.04,0.33,70,156,1
act_31,31,0.04,0.33,70,240,1
act_31,31,0.04,0.33,70,5,1
act_32,32,0.17,0.03,71,222,0
act_31,31,0.04,0.33,71,204,1
act_31,31,0.04,0.33,71,10,1
act_31,31,0.04,0.33,71,40,1
act_31,31,0.04,0.33,71,48,1
act_31,31,0.04,0.33,71,92,1
act_31,31,0.04,0.33,71,78,1
act_37,37,0.18,0.8,72,105,0
act_14,14,0.05,0.53,73,154,1
act_6,6,0.28,0.02,73,201,0
act_14,14,0.05,0.53,73,64,1
act_14,14,0.05,0.53,73,200,1
act_14,14,0.05,0.53,73,108,1
act_14,14,0.05,0.53,73,180,1
act_6,6,0.28,0.02,74,38,0
act_25,25,0.13,0.74,75,79,0
act_31,31,0.04,0.33,75,168,0
act_13,13,0.25,0.92,75,148,1
act_31,31,0.04,0.33,75,122,0
act_31,31,0.04,0.33,75,231,0
act_34,34,0.16,0.27,76,31,0
act_34,34,0.16,0.27,76,214,0
act_23,23,0.18,0.65,77,11,1
act_19,19,0.15,0.55,77,94,1
act_30,30,0.04,0.22,77,45,0
act_26,26,0.24,0.04,78,119,0
act_19,19,0.15,0.55,78,36,0
act_7,7,0.2,0.89,79,97,1
act_33,33,0.13,0.88,79,32,0
act_33,33,0.13,0.88,79,46,0
act_25,25,0.13,0.74,80,7,1
act_25,25,0.13,0.74,80,93,1
act_5,5,0.14,0.4,80,215,0
act_39,39,0.24,0.64,81,136,0
act_18,18,0.09,0.06,82,106,0
act_27,27,0.29,0.51,82,212,0
act_18,18,0.09,0.06,83,225,0
act_12,12,0.29,0.88,83,250,0
act_18,18,0.09,0.06,83,101,0
act_7,7,0.2,0.89,84,112,0
act_15,15,0.18,0.99,85,166,0
act_15,15,0.18,0.99,85,60,0
act_30,30,0.04,0.22,85,184,0
act_1,1,0.13,0.91,86,47,0
act_35,35,0.18,0.98,86,239,1
act_32,32,0.17,0.03,87,72,0
act_1,1,0.13,0.91,88,25,0
act_34,34,0.16,0.27,88,85,0
act_2,2,0.3,0.01,89,71,0
act_37,37,0.18,0.8,90,192,1
act_37,37,0.18,0.8,90,86,1
act_39,39,0.24,0.64,91,188,0
act_9,9,0.21,0.14,92,52,0
act_0,0,0.08,0.25,92,74,0
act_0,0,0.08,0.25,92,123,0
act_0,0,0.08,0.25,93,135,0
act_0,0,0.08,0.25,93,235,0
act_6,6,0.28,0.02,93,20,0
act_0,0,0.08,0.25,94,57,0
act_1,1,0.13,0.91,94,199,1
act_1,1,0.13,0.91,94,158,1
act_0,0,0.08,0.25,94,161,0
act_23,23,0.18,0.65,95,233,0
act_23,23,0.18,0.65,95,258,0
act_14,14,0.05,0.53,96,68,1
act_15,15,0.18,0.99,96,211,1
act_14,14,0.05,0.53,96,179,1
act_14,14,0.05,0.53,96,245,1
act_37,37,0.18,0.8,97,91,0
act_29,29,0.07,0.83,98,171,1
act_29,29,0.07,0.83,98,30,1
act_29,29,0.07,0.83,98,206,1
act_15,15,0.18,0.99,99,150,1
act_32,32,0.17,0.03,99,66,0
act_33,33,0.13,0.88,99,55,0

Alpha (resource id, list of activity ids)
0:27,35,22
1:29,26,20,4
2:17,38,23
3:23,38,27
4:2,7
5:27,21,32
6:22,20,9
7:2,6,17
8:32,10,8,27
9:3,24,23
10:0,16,15,5
11:11,10,28
12:31,19,26
13:30,16,21
14:31,34,33
15:25,2,16,37
16:1,35,23,4
17:3,10,15,17
18:7,19,11
19:6,11,32
20:32,29
21:17,33,23
22:17,13,19,23
23:36,11,16
24:25,11,37
25:14,3,4,35
26:6,9,30,36
27:9,0,31
28:6,21,4,32
29:26,17,24,12
30:15,32,37
31:29,27,34
32:36,21,38,0
33:14,18,2
34:30,28
35:6,1,38
36:6,19
37:24,12,10,32
38:32,4,25,23
39:11,37,33,1
40:26,13,14
41:18,11,12
42:37,28,34
43:37,7,34
44:8,21,33,31
45:22,25
46:7,36
47:35,7,31
48:25,18,10,28
49:2,0,9,31
50:7,19
51:9,5,11,37
52:21,4,15
53:12,3,27
54:15,32,37,8
55:24,21,26
56:7,3,4,10
57:25,13,4
58:21,3
59:21,25,3,6
60:7,26,9,28
61:26,4
62:4,19,30
63:8,17
64:23,31
65:23,3
66:19,4,10,28
67:11,16,8
68:32,14
69:3,4,33,21
70:31,32
71:32,31
72:37,0,5,24
73:24,6,14
74:6,2
75:33,13,25,31
76:34,29
77:23,19,39,30
78:26,7,19,20
79:7,33
80:17,5,25,8
81:12,39
82:1,25,18,27
83:18,12
84:8,25,7
85:39,30,15
86:17,35,26,1
87:33,5,39,32
88:36,1,34
89:2,28
90:10,37
91:39,9
92:0,17,9,22
93:1,6,4,0
94:17,1,0
95:23,29,37
96:14,15
97:9,37,17
98:29,22,17
99:33,32,15,9

Costs (resource, resource to replace, activity, cost)
0,0,27,0
0,3,27,0.85
0,5,27,0.81
0,8,27,0.71
0,31,27,0.03
0,53,27,0.03
0,82,27,0.5
0,0,35,0
0,16,35,0.43
0,25,35,0.07
0,47,35,0.81
0,86,35,0.33
0,0,22,0
0,6,22,0.56
0,45,22,0.02
0,92,22,0.66
0,98,22,0.48
1,1,29,0
1,20,29,0.79
1,31,29,0.31
1,76,29,0.67
1,95,29,0.67
1,98,29,0.95
1,1,26,0
1,12,26,0.92
1,29,26,0.04
1,40,26,0.55
1,55,26,0.53
1,60,26,0.36
1,61,26,0.39
1,78,26,0.89
1,86,26,0.69
1,1,20,0
1,6,20,0.1
1,78,20,0.96
1,1,4,0
1,16,4,0.63
1,25,4,0.5
1,28,4,0.03
1,38,4,0.94
1,52,4,0.91
1,56,4,0.64
1,57,4,0.49
1,61,4,0.15
1,62,4,0.72
1,66,4,0.77
1,69,4,0.67
1,93,4,0.87
2,2,17,0
2,7,17,0.85
2,17,17,0.37
2,21,17,0.11
2,22,17,0.65
2,29,17,0.81
2,63,17,0.21
2,80,17,0.01
2,86,17,0.9
2,92,17,0.31
2,94,17,0.54
2,97,17,0.72
2,98,17,0.88
2,2,38,0
2,3,38,0.22
2,32,38,0.18
2,35,38,0.19
2,2,23,0
2,3,23,0.59
2,9,23,0.89
2,16,23,0.35
2,21,23,0.3
2,22,23,0.61
2,38,23,0.78
2,64,23,0.5
2,65,23,0.09
2,77,23,0.44
2,95,23,0.35
3,2,23,0.36
3,3,23,0
3,9,23,0.57
3,16,23,0.29
3,21,23,0.74
3,22,23,0.44
3,38,23,0.21
3,64,23,0.02
3,65,23,1.0
3,77,23,0.27
3,95,23,0.18
3,2,38,0.37
3,3,38,0
3,32,38,0.98
3,35,38,0.44
3,0,27,0.32
3,3,27,0
3,5,27,0.97
3,8,27,0.51
3,31,27,0.3
3,53,27,0.74
3,82,27,0.22
4,4,2,0
4,7,2,0.07
4,15,2,0.72
4,33,2,0.62
4,49,2,0.09
4,74,2,0.95
4,89,2,0.42
4,4,7,0
4,18,7,0.28
4,43,7,0.49
4,46,7,0.54
4,47,7,0.09
4,50,7,0.37
4,56,7,0.65
4,60,7,0.88
4,78,7,0.51
4,79,7,0.51
4,84,7,0.34
5,0,27,0.28
5,3,27,0.33
5,5,27,0
5,8,27,0.36
5,31,27,0.59
5,53,27,0.36
5,82,27,0.16
5,5,21,0
5,13,21,0.29
5,28,21,0.71
5,32,21,0.01
5,44,21,0.31
5,52,21,0.54
5,55,21,0.21
5,58,21,0.61
5,59,21,0.28
5,69,21,0.7
5,5,32,0
5,8,32,0.27
5,19,32,0.0
5,20,32,0.22
5,28,32,0.75
5,30,32,0.12
5,37,32,0.36
5,38,32,0.32
5,54,32,0.6
5,68,32,0.69
5,70,32,0.95
5,71,32,0.32
5,87,32,0.23
5,99,32,0.14
6,0,22,0.29
6,6,22,0
6,45,22,0.58
6,92,22,0.6
6,98,22,0.78
6,1,20,0.57
6,6,20,0
6,78,20,0.5
6,6,9,0
6,26,9,0.89
6,27,9,0.93
6,49,9,0.76
6,51,9,0.87
6,60,9,0.01
6,91,9,0.48
6,92,9,0.02
6,97,9,0.33
6,99,9,0.31
7,4,2,0.92
7,7,2,0
7,15,2,0.64
7,33,2,0.68
7,49,2,0.3
7,74,2,0.38
7,89,2,0.29
7,7,6,0
7,19,6,0.67
7,26,6,0.67
7,28,6,0.41
7,35,6,0.6
7,36,6,0.84
7,59,6,0.34
7,73,6,0.98
7,74,6,0.4
7,93,6,0.95
7,2,17,0.61
7,7,17,0
7,17,17,0.19
7,21,17,0.63
7,22,17,0.89
7,29,17,0.96
7,63,17,0.97
7,80,17,0.98
7,86,17,0.15
7,92,17,0.46
7,94,17,0.62
7,97,17,0.2
7,98,17,0.22
8,5,32,0.16
8,8,32,0
8,19,32,0.28
8,20,32,0.34
8,28,32,0.44
8,30,32,0.57
8,37,32,0.29
8,38,32,0.69
8,54,32,0.64
8,68,32,0.71
8,70,32,0.53
8,71,32,0.62
8,87,32,0.81
8,99,32,0.53
8,8,10,0
8,11,10,0.05
8,17,10,0.02
8,37,10,0.96
8,48,10,0.39
8,56,10,0.74
8,66,10,0.28
8,90,10,0.34
8,8,8,0
8,44,8,0.43
8,54,8,0.61
8,63,8,0.83
8,67,8,0.58
8,80,8,0.48
8,84,8,0.55
8,0,27,0.61
8,3,27,0.39
8,5,27,0.6
8,8,27,0
8,31,27,0.57
8,53,27,0.43
8,82,27,0.69
9,9,3,0
9,17,3,0.39
9,25,3,0.64
9,53,3,0.44
9,56,3,0.68
9,58,3,0.64
9,59,3,0.51
9,65,3,0.37
9,69,3,0.1
9,9,24,0
9,29,24,0.72
9,37,24,0.97
9,55,24,0.02
9,72,24,0.62
9,73,24,0.48
9,2,23,0.55
9,3,23,0.89
9,9,23,0
9,16,23,0.26
9,21,23,0.31
9,22,23,0.55
9,38,23,0.0
9,64,23,0.42
9,65,23,0.97
9,77,23,0.12
9,95,23,0.33
10,10,0,0
10,27,0,0.01
10,32,0,0.84
10,49,0,0.92
10,72,0,0.41
10,92,0,0.43
10,93,0,0.66
10,94,0,1.0
10,10,16,0
10,13,16,0.07
10,15,16,0.59
10,23,16,0.05
10,67,16,0.69
10,10,15,0
10,17,15,0.57
10,30,15,0.66
10,52,15,0.99
10,54,15,0.92
10,85,15,0.69
10,96,15,0.55
10,99,15,0.7
10,10,5,0
10,51,5,0.99
10,72,5,0.02
10,80,5,0.61
10,87,5,0.68
11,11,11,0
11,18,11,0.37
11,19,11,0.0
11,23,11,0.71
11,24,11,0.89
11,39,11,0.55
11,41,11,0.32
11,51,11,0.53
11,67,11,0.45
11,8,10,0.4
11,11,10,0
11,17,10,0.87
11,37,10,0.63
11,48,10,0.96
11,56,10,0.92
11,66,10,0.79
11,90,10,0.64
11,11,28,0
11,34,28,0.53
11,42,28,0.21
11,48,28,0.21
11,60,28,0.34
11,66,28,0.13
11,89,28,0.12
12,12,31,0
12,14,31,0.61
12,27,31,0.08
12,44,31,0.14
12,47,31,0.76
12,49,31,0.09
12,64,31,0.51
12,70,31,0.84
12,71,31,0.8
12,75,31,0.92
12,12,19,0
12,18,19,0.46
12,22,19,0.11
12,36,19,0.74
12,50,19,0.28
12,62,19,0.23
12,66,19,0.97
12,77,19,0.05
12,78,19,0.3
12,1,26,0.0
12,12,26,0
12,29,26,0.57
12,40,26,0.22
12,55,26,0.72
12,60,26,0.04
12,61,26,0.9
12,78,26,0.77
12,86,26,0.42
13,13,30,0
13,26,30,0.51
13,34,30,0.78
13,62,30,0.9
13,77,30,0.7
13,85,30,0.47
13,10,16,0.74
13,13,16,0
13,15,16,0.29
13,23,16,0.08
13,67,16,0.03
13,5,21,0.15
13,13,21,0
13,28,21,0.25
13,32,21,0.71
13,44,21,0.16
13,52,21,0.41
13,55,21,0.79
13,58,21,0.49
13,59,21,0.31
13,69,21,0.12
14,12,31,0.5
14,14,31,0
14,27,31,0.99
14,44,31,0.13
14,47,31,0.84
14,49,31,0.4
14,64,31,0.39
14,70,31,0.13
14,71,31,0.43
14,75,31,0.62
14,14,34,0
14,31,34,0.76
14,42,34,0.47
14,43,34,0.36
14,76,34,0.55
14,88,34,0.21
14,14,33,0
14,21,33,0.91
14,39,33,0.09
14,44,33,0.07
14,69,33,0.69
14,75,33,0.6
14,79,33,0.23
14,87,33,0.29
14,99,33,0.77
15,15,25,0
15,24,25,0.42
15,38,25,0.32
15,45,25,0.42
15,48,25,0.09
15,57,25,0.41
15,59,25,0.86
15,75,25,0.13
15,80,25,0.22
15,82,25,0.61
15,84,25,0.49
15,4,2,0.06
15,7,2,0.33
15,15,2,0
15,33,2,0.7
15,49,2,0.25
15,74,2,0.62
15,89,2,0.89
15,10,16,0.57
15,13,16,0.73
15,15,16,0
15,23,16,0.79
15,67,16,0.02
15,15,37,0
15,24,37,0.38
15,30,37,0.41
15,39,37,0.82
15,42,37,0.72
15,43,37,0.47
15,51,37,0.86
15,54,37,0.2
15,72,37,0.54
15,90,37,0.82
15,95,37,0.94
15,97,37,0.11
16,16,1,0
16,35,1,0.86
16,39,1,0.23
16,82,1,0.23
16,86,1,0.41
16,88,1,0.19
16,93,1,0.61
16,94,1,0.69
16,0,35,0.24
16,16,35,0
16,25,35,0.89
16,47,35,0.1
16,86,35,0.65
16,2,23,0.48
16,3,23,0.89
16,9,23,0.95
16,16,23,0
16,21,23,0.77
16,22,23,0.5
16,38,23,0.95
16,64,23,0.51
16,65,23,0.68
16,77,23,0.0
16,95,23,0.08
16,1,4,0.81
16,16,4,0
16,25,4,0.98
16,28,4,0.07
16,38,4,0.35
16,52,4,0.73
16,56,4,0.45
16,57,4,0.74
16,61,4,0.46
16,62,4,0.63
16,66,4,0.49
16,69,4,0.4
16,93,4,0.34
17,9,3,0.47
17,17,3,0
17,25,3,0.48
17,53,3,0.93
17,56,3,0.09
17,58,3,0.19
17,59,3,0.86
17,65,3,0.08
17,69,3,0.41
17,8,10,0.63
17,11,10,0.99
17,17,10,0
17,37,10,0.3
17,48,10,0.41
17,56,10,0.31
17,66,10,0.86
17,90,10,0.09
17,10,15,0.47
17,17,15,0
17,30,15,0.46
17,52,15,0.2
17,54,15,0.55
17,85,15,0.81
17,96,15,0.07
17,99,15,0.48
17,2,17,0.23
17,7,17,0.92
17,17,17,0
17,21,17,0.37
17,22,17,0.78
17,29,17,0.77
17,63,17,0.08
17,80,17,0.57
17,86,17,0.3
17,92,17,0.31
17,94,17,0.09
17,97,17,0.22
17,98,17,0.83
18,4,7,0.67
18,18,7,0
18,43,7,0.14
18,46,7,0.11
18,47,7,0.67
18,50,7,0.76
18,56,7,0.24
18,60,7,0.26
18,78,7,0.06
18,79,7,0.9
18,84,7,0.93
18,12,19,0.97
18,18,19,0
18,22,19,0.09
18,36,19,0.22
18,50,19,0.23
18,62,19,0.39
18,66,19,0.41
18,77,19,0.49
18,78,19,0.04
18,11,11,0.34
18,18,11,0
18,19,11,0.62
18,23,11,0.36
18,24,11,0.57
18,39,11,0.15
18,41,11,0.16
18,51,11,0.22
18,67,11,0.7
19,7,6,0.91
19,19,6,0
19,26,6,0.87
19,28,6,0.88
19,35,6,0.49
19,36,6,0.67
19,59,6,0.68
19,73,6,0.1
19,74,6,0.82
19,93,6,0.03
19,11,11,0.96
19,18,11,0.29
19,19,11,0
19,23,11,0.74
19,24,11,0.02
19,39,11,0.1
19,41,11,0.88
19,51,11,0.91
19,67,11,0.64
19,5,32,0.21
19,8,32,0.73
19,19,32,0
19,20,32,0.18
19,28,32,0.07
19,30,32,0.28
19,37,32,0.8
19,38,32,0.09
19,54,32,0.47
19,68,32,0.67
19,70,32,0.33
19,71,32,0.93
19,87,32,0.49
19,99,32,0.15
20,5,32,0.11
20,8,32,0.04
20,19,32,0.92
20,20,32,0
20,28,32,0.43
20,30,32,0.99
20,37,32,0.57
20,38,32,0.3
20,54,32,0.62
20,68,32,0.95
20,70,32,0.88
20,71,32,0.0
20,87,32,0.53
20,99,32,0.72
20,1,29,0.37
20,20,29,0
20,31,29,0.41
20,76,29,0.91
20,95,29,0.39
20,98,29,0.63
21,2,17,0.57
21,7,17,0.54
21,17,17,0.83
21,21,17,0
21,22,17,0.19
21,29,17,0.52
21,63,17,0.22
21,80,17,0.56
21,86,17,0.28
21,92,17,0.72
21,94,17,0.93
21,97,17,0.04
21,98,17,0.92
21,14,33,0.09
21,21,33,0
21,39,33,0.09
21,44,33,0.9
21,69,33,0.06
21,75,33,0.52
21,79,33,0.25
21,87,33,0.91
21,99,33,0.3
21,2,23,0.32
21,3,23,0.55
21,9,23,0.91
21,16,23,0.99
21,21,23,0
21,22,23,0.63
21,38,23,0.21
21,64,23,0.73
21,65,23,0.42
21,77,23,0.46
21,95,23,0.98
22,2,17,0.5
22,7,17,0.76
22,17,17,0.32
22,21,17,0.4
22,22,17,0
22,29,17,0.3
22,63,17,0.12
22,80,17,0.43
22,86,17,0.63
22,92,17,0.03
22,94,17,0.82
22,97,17,0.81
22,98,17,0.61
22,22,13,0
22,40,13,0.86
22,57,13,0.19
22,75,13,0.36
22,12,19,0.43
22,18,19,0.64
22,22,19,0
22,36,19,0.24
22,50,19,0.87
22,62,19,0.59
22,66,19,0.31
22,77,19,0.72
22,78,19,0.12
22,2,23,1.0
22,3,23,0.32
22,9,23,0.1
22,16,23,0.38
22,21,23,0.78
22,22,23,0
22,38,23,0.86
22,64,23,0.39
22,65,23,0.99
22,77,23,0.95
22,95,23,0.21
23,23,36,0
23,26,36,0.06
23,32,36,0.08
23,46,36,0.51
23,88,36,0.49
23,11,11,0.11
23,18,11,0.35
23,19,11,0.17
23,23,11,0
23,24,11,0.79
23,39,11,0.14
23,41,11,0.11
23,51,11,0.73
23,67,11,0.63
23,10,16,0.94
23,13,16,0.71
23,15,16,0.34
23,23,16,0
23,67,16,0.65
24,15,25,0.96
24,24,25,0
24,38,25,0.38
24,45,25,0.22
24,48,25,0.69
24,57,25,0.36
24,59,25,0.41
24,75,25,0.52
24,80,25,0.07
24,82,25,0.92
24,84,25,0.48
24,11,11,0.63
24,18,11,0.87
24,19,11,0.76
24,23,11,0.67
24,24,11,0
24,39,11,0.47
24,41,11,0.42
24,51,11,0.36
24,67,11,0.22
24,15,37,0.26
24,24,37,0
24,30,37,0.79
24,39,37,0.45
24,42,37,0.18
24,43,37,0.09
24,51,37,0.34
24,54,37,0.81
24,72,37,0.08
24,90,37,0.13
24,95,37,0.24
24,97,37,0.74
25,25,14,0
25,33,14,0.3
25,40,14,0.72
25,68,14,0.27
25,73,14,0.43
25,96,14,0.66
25,9,3,0.04
25,17,3,0.34
25,25,3,0
25,53,3,0.34
25,56,3,0.12
25,58,3,0.68
25,59,3,0.03
25,65,3,0.1
25,69,3,0.26
25,1,4,0.42
25,16,4,0.18
25,25,4,0
25,28,4,0.05
25,38,4,0.74
25,52,4,0.36
25,56,4,0.02
25,57,4,0.51
25,61,4,0.78
25,62,4,0.82
25,66,4,0.99
25,69,4,0.5
25,93,4,0.81
25,0,35,0.76
25,16,35,0.98
25,25,35,0
25,47,35,0.84
25,86,35,0.26
26,7,6,0.2
26,19,6,0.9
26,26,6,0
26,28,6,0.12
26,35,6,0.99
26,36,6,0.62
26,59,6,0.73
26,73,6,1.0
26,74,6,0.22
26,93,6,0.95
26,6,9,1.0
26,26,9,0
26,27,9,0.99
26,49,9,0.31
26,51,9,0.64
26,60,9,0.59
26,91,9,0.94
26,92,9,0.18
26,97,9,0.18
26,99,9,0.38
26,13,30,0.68
26,26,30,0
26,34,30,0.86
26,62,30,0.78
26,77,30,0.22
26,85,30,0.98
26,23,36,0.7
26,26,36,0
26,32,36,0.82
26,46,36,0.92
26,88,36,0.86
27,6,9,0.12
27,26,9,0.01
27,27,9,0
27,49,9,0.05
27,51,9,0.21
27,60,9,1.0
27,91,9,0.46
27,92,9,0.79
27,97,9,0.36
27,99,9,0.69
27,10,0,0.55
27,27,0,0
27,32,0,0.85
27,49,0,0.72
27,72,0,0.16
27,92,0,0.69
27,93,0,0.29
27,94,0,0.38
27,12,31,0.62
27,14,31,0.0
27,27,31,0
27,44,31,0.34
27,47,31,0.39
27,49,31,0.82
27,64,31,0.23
27,70,31,0.28
27,71,31,0.89
27,75,31,0.39
28,7,6,0.58
28,19,6,0.99
28,26,6,0.23
28,28,6,0
28,35,6,0.03
28,36,6,0.15
28,59,6,0.45
28,73,6,0.16
28,74,6,0.3
28,93,6,0.92
28,5,21,0.81
28,13,21,0.6
28,28,21,0
28,32,21,0.32
28,44,21,0.34
28,52,21,0.88
28,55,21,0.89
28,58,21,0.88
28,59,21,0.83
28,69,21,0.54
28,1,4,0.57
28,16,4,0.16
28,25,4,0.39
28,28,4,0
28,38,4,0.95
28,52,4,0.84
28,56,4,0.0
28,57,4,0.9
28,61,4,0.02
28,62,4,0.32
28,66,4,0.34
28,69,4,0.13
28,93,4,0.36
28,5,32,0.49
28,8,32,0.58
28,19,32,0.33
28,20,32,0.21
28,28,32,0
28,30,32,0.78
28,37,32,0.76
28,38,32,0.83
28,54,32,0.01
28,68,32,0.22
28,70,32,0.99
28,71,32,0.04
28,87,32,0.71
28,99,32,0.48
29,1,26,0.58
29,12,26,0.58
29,29,26,0
29,40,26,0.61
29,55,26,0.6
29,60,26,0.24
29,61,26,0.69
29,78,26,0.34
29,86,26,0.83
29,2,17,0.97
29,7,17,0.23
29,17,17,0.9
29,21,17,0.98
29,22,17,0.16
29,29,17,0
29,63,17,0.27
29,80,17,0.32
29,86,17,0.28
29,92,17,0.7
29,94,17,0.88
29,97,17,0.63
29,98,17,0.86
29,9,24,0.53
29,29,24,0
29,37,24,0.24
29,55,24,0.82
29,72,24,0.73
29,73,24,0.68
29,29,12,0
29,37,12,0.38
29,41,12,0.82
29,53,12,0.6
29,81,12,0.53
29,83,12,0.64
30,10,15,0.58
30,17,15,0.54
30,30,15,0
30,52,15,0.3
30,54,15,0.07
30,85,15,0.69
30,96,15,0.78
30,99,15,0.94
30,5,32,0.51
30,8,32,0.05
30,19,32,0.6
30,20,32,0.53
30,28,32,0.53
30,30,32,0
30,37,32,0.02
30,38,32,0.71
30,54,32,0.38
30,68,32,0.98
30,70,32,0.39
30,71,32,0.91
30,87,32,0.53
30,99,32,0.64
30,15,37,0.52
30,24,37,0.03
30,30,37,0
30,39,37,0.37
30,42,37,0.69
30,43,37,0.14
30,51,37,0.01
30,54,37,0.82
30,72,37,0.75
30,90,37,0.01
30,95,37,0.38
30,97,37,0.94
31,1,29,0.55
31,20,29,0.09
31,31,29,0
31,76,29,0.81
31,95,29,0.0
31,98,29,0.24
31,0,27,0.95
31,3,27,0.68
31,5,27,0.78
31,8,27,0.74
31,31,27,0
31,53,27,0.79
31,82,27,0.45
31,14,34,0.24
31,31,34,0
31,42,34,0.64
31,43,34,0.32
31,76,34,0.27
31,88,34,0.86
32,23,36,0.82
32,26,36,0.72
32,32,36,0
32,46,36,0.07
32,88,36,0.13
32,5,21,0.89
32,13,21,0.17
32,28,21,0.97
32,32,21,0
32,44,21,0.86
32,52,21,0.07
32,55,21,0.58
32,58,21,0.1
32,59,21,0.95
32,69,21,0.79
32,2,38,0.4
32,3,38,0.17
32,32,38,0
32,35,38,0.81
32,10,0,0.73
32,27,0,0.23
32,32,0,0
32,49,0,0.18
32,72,0,0.47
32,92,0,0.06
32,93,0,0.76
32,94,0,0.67
33,25,14,0.01
33,33,14,0
33,40,14,0.2
33,68,14,0.95
33,73,14,0.55
33,96,14,0.58
33,33,18,0
33,41,18,0.19
33,48,18,0.9
33,82,18,0.51
33,83,18,0.33
33,4,2,0.37
33,7,2,0.53
33,15,2,0.79
33,33,2,0
33,49,2,0.59
33,74,2,0.78
33,89,2,0.68
34,13,30,0.58
34,26,30,0.96
34,34,30,0
34,62,30,0.73
34,77,30,0.82
34,85,30,0.01
34,11,28,0.11
34,34,28,0
34,42,28,0.65
34,48,28,0.7
34,60,28,0.15
34,66,28,0.07
34,89,28,0.3
35,7,6,0.7
35,19,6,0.75
35,26,6,0.99
35,28,6,0.62
35,35,6,0
35,36,6,0.06
35,59,6,0.71
35,73,6,0.21
35,74,6,0.97
35,93,6,0.22
35,16,1,0.28
35,35,1,0
35,39,1,0.79
35,82,1,0.44
35,86,1,0.25
35,88,1,0.11
35,93,1,0.73
35,94,1,0.38
35,2,38,0.92
35,3,38,0.09
35,32,38,0.69
35,35,38,0
36,7,6,0.22
36,19,6,0.26
36,26,6,0.4
36,28,6,0.98
36,35,6,0.25
36,36,6,0
36,59,6,0.03
36,73,6,0.25
36,74,6,0.71
36,93,6,0.25
36,12,19,0.89
36,18,19,0.68
36,22,19,0.43
36,36,19,0
36,50,19,0.61
36,62,19,0.9
36,66,19,0.69
36,77,19,0.54
36,78,19,0.53
37,9,24,0.33
37,29,24,0.56
37,37,24,0
37,55,24,0.58
37,72,24,0.42
37,73,24,0.04
37,29,12,0.01
37,37,12,0
37,41,12,0.77
37,53,12,0.64
37,81,12,0.45
37,83,12,0.48
37,8,10,0.39
37,11,10,0.69
37,17,10,0.55
37,37,10,0
37,48,10,0.1
37,56,10,0.08
37,66,10,0.58
37,90,10,0.74
37,5,32,0.18
37,8,32,0.39
37,19,32,0.27
37,20,32,0.38
37,28,32,0.72
37,30,32,0.21
37,37,32,0
37,38,32,0.23
37,54,32,0.97
37,68,32,0.02
37,70,32,0.76
37,71,32,0.02
37,87,32,0.3
37,99,32,0.08
38,5,32,1.0
38,8,32,0.62
38,19,32,0.21
38,20,32,0.9
38,28,32,0.65
38,30,32,0.1
38,37,32,0.92
38,38,32,0
38,54,32,0.64
38,68,32,0.22
38,70,32,0.44
38,71,32,0.32
38,87,32,0.83
38,99,32,0.73
38,1,4,0.78
38,16,4,0.55
38,25,4,0.97
38,28,4,0.12
38,38,4,0
38,52,4,0.97
38,56,4,0.63
38,57,4,0.46
38,61,4,0.48
38,62,4,0.05
38,66,4,0.78
38,69,4,0.31
38,93,4,0.97
38,15,25,0.64
38,24,25,0.93
38,38,25,0
38,45,25,0.8
38,48,25,0.46
38,57,25,0.66
38,59,25,0.17
38,75,25,0.17
38,80,25,0.88
38,82,25,1.0
38,84,25,0.29
38,2,23,0.63
38,3,23,0.47
38,9,23,0.67
38,16,23,0.11
38,21,23,0.01
38,22,23,0.91
38,38,23,0
38,64,23,0.42
38,65,23,0.67
38,77,23,0.44
38,95,23,0.96
39,11,11,0.0
39,18,11,0.21
39,19,11,0.8
39,23,11,0.8
39,24,11,0.87
39,39,11,0
39,41,11,0.37
39,51,11,0.23
39,67,11,0.62
39,15,37,0.98
39,24,37,0.71
39,30,37,0.71
39,39,37,0
39,42,37,0.84
39,43,37,0.18
39,51,37,0.49
39,54,37,0.85
39,72,37,0.79
39,90,37,0.7
39,95,37,0.39
39,97,37,0.03
39,14,33,0.0
39,21,33,0.3
39,39,33,0
39,44,33,0.96
39,69,33,0.24
39,75,33,0.72
39,79,33,0.7
39,87,33,0.06
39,99,33,0.67
39,16,1,0.62
39,35,1,0.99
39,39,1,0
39,82,1,0.62
39,86,1,0.47
39,88,1,0.87
39,93,1,0.45
39,94,1,0.21
40,1,26,0.51
40,12,26,0.58
40,29,26,0.74
40,40,26,0
40,55,26,0.14
40,60,26,0.34
40,61,26,0.51
40,78,26,0.46
40,86,26,0.37
40,22,13,0.11
40,40,13,0
40,57,13,0.89
40,75,13,0.69
40,25,14,0.2
40,33,14,0.12
40,40,14,0
40,68,14,0.75
40,73,14,0.54
40,96,14,0.17
41,33,18,0.81
41,41,18,0
41,48,18,0.99
41,82,18,0.24
41,83,18,0.31
41,11,11,0.75
41,18,11,0.28
41,19,11,0.24
41,23,11,0.15
41,24,11,0.9
41,39,11,0.85
41,41,11,0
41,51,11,0.02
41,67,11,0.21
41,29,12,0.21
41,37,12,0.48
41,41,12,0
41,53,12,0.47
41,81,12,0.4
41,83,12,0.05
42,15,37,0.98
42,24,37,0.34
42,30,37,0.29
42,39,37,0.7
42,42,37,0
42,43,37,0.52
42,51,37,0.96
42,54,37,0.25
42,72,37,0.62
42,90,37,0.32
42,95,37,0.86
42,97,37,0.34
42,11,28,0.49
42,34,28,0.39
42,42,28,0
42,48,28,0.79
42,60,28,0.31
42,66,28,0.04
42,89,28,0.38
42,14,34,0.34
42,31,34,0.08
42,42,34,0
42,43,34,0.46
42,76,34,0.15
42,88,34,0.09
43,15,37,0.38
43,24,37,0.61
43,30,37,0.06
43,39,37,0.8
43,42,37,0.73
43,43,37,0
43,51,37,0.44
43,54,37,0.91
43,72,37,0.98
43,90,37,0.41
43,95,37,0.69
43,97,37,0.78
43,4,7,0.04
43,18,7,0.26
43,43,7,0
43,46,7,0.3
43,47,7,0.02
43,50,7,0.82
43,56,7,0.37
43,60,7,0.75
43,78,7,0.99
43,79,7,0.04
43,84,7,0.56
43,14,34,0.69
43,31,34,0.7
43,42,34,0.31
43,43,34,0
43,76,34,0.85
43,88,34,0.04
44,8,8,0.06
44,44,8,0
44,54,8,0.67
44,63,8,0.14
44,67,8,0.79
44,80,8,0.68
44,84,8,0.51
44,5,21,0.76
44,13,21,0.27
44,28,21,0.28
44,32,21,0.8
44,44,21,0
44,52,21,0.09
44,55,21,0.77
44,58,21,0.25
44,59,21,0.04
44,69,21,0.85
44,14,33,0.09
44,21,33,0.47
44,39,33,0.5
44,44,33,0
44,69,33,0.03
44,75,33,0.17
44,79,33,0.52
44,87,33,0.88
44,99,33,0.67
44,12,31,0.7
44,14,31,0.45
44,27,31,0.43
44,44,31,0
44,47,31,0.46
44,49,31,0.83
44,64,31,0.34
44,70,31,0.12
44,71,31,0.87
44,75,31,0.94
45,0,22,0.24
45,6,22,0.18
45,45,22,0
45,92,22,0.29
45,98,22,0.77
45,15,25,0.39
45,24,25,0.21
45,38,25,0.36
45,45,25,0
45,48,25,0.99
45,57,25,0.5
45,59,25,0.73
45,75,25,0.85
45,80,25,0.2
45,82,25,0.95
45,84,25,0.7
46,4,7,0.17
46,18,7,0.86
46,43,7,0.32
46,46,7,0
46,47,7,0.63
46,50,7,0.41
46,56,7,0.24
46,60,7,0.17
46,78,7,0.3
46,79,7,0.58
46,84,7,0.0
46,23,36,0.4
46,26,36,0.57
46,32,36,0.0
46,46,36,0
46,88,36,0.0
47,0,35,0.59
47,16,35,0.04
47,25,35,0.32
47,47,35,0
47,86,35,0.47
47,4,7,0.82
47,18,7,0.65
47,43,7,0.89
47,46,7,0.1
47,47,7,0
47,50,7,0.13
47,56,7,0.43
47,60,7,0.78
47,78,7,0.89
47,79,7,0.34
47,84,7,0.79
47,12,31,0.11
47,14,31,0.18
47,27,31,0.27
47,44,31,0.38
47,47,31,0
47,49,31,0.28
47,64,31,0.87
47,70,31,0.19
47,71,31,0.72
47,75,31,0.32
48,15,25,0.26
48,24,25,0.05
48,38,25,0.95
48,45,25,0.58
48,48,25,0
48,57,25,0.5
48,59,25,0.77
48,75,25,0.79
48,80,25,0.86
48,82,25,0.42
48,84,25,0.25
48,33,18,0.49
48,41,18,0.51
48,48,18,0
48,82,18,0.59
48,83,18,0.05
48,8,10,0.77
48,11,10,0.53
48,17,10,0.22
48,37,10,0.96
48,48,10,0
48,56,10,0.85
48,66,10,0.09
48,90,10,0.56
48,11,28,0.87
48,34,28,0.53
48,42,28,0.37
48,48,28,0
48,60,28,0.55
48,66,28,0.4
48,89,28,0.8
49,4,2,0.06
49,7,2,0.78
49,15,2,0.76
49,33,2,0.04
49,49,2,0
49,74,2,0.77
49,89,2,0.99
49,10,0,0.54
49,27,0,0.22
49,32,0,0.99
49,49,0,0
49,72,0,0.45
49,92,0,0.61
49,93,0,0.28
49,94,0,0.43
49,6,9,0.12
49,26,9,0.85
49,27,9,0.02
49,49,9,0
49,51,9,0.4
49,60,9,0.38
49,91,9,0.34
49,92,9,0.84
49,97,9,0.27
49,99,9,0.42
49,12,31,0.48
49,14,31,0.69
49,27,31,0.74
49,44,31,0.57
49,47,31,0.85
49,49,31,0
49,64,31,0.85
49,70,31,0.42
49,71,31,0.72
49,75,31,0.36
50,4,7,0.6
50,18,7,0.05
50,43,7,0.66
50,46,7,0.58
50,47,7,0.91
50,50,7,0
50,56,7,0.4
50,60,7,0.1
50,78,7,0.64
50,79,7,0.22
50,84,7,0.65
50,12,19,0.18
50,18,19,0.5
50,22,19,0.22
50,36,19,0.65
50,50,19,0
50,62,19,0.64
50,66,19,0.8
50,77,19,0.05
50,78,19,0.82
51,6,9,0.81
51,26,9,0.73
51,27,9,0.95
51,49,9,0.86
51,51,9,0
51,60,9,0.05
51,91,9,0.38
51,92,9,0.85
51,97,9,0.84
51,99,9,0.35
51,10,5,0.54
51,51,5,0
51,72,5,0.97
51,80,5,0.85
51,87,5,0.24
51,11,11,0.49
51,18,11,0.67
51,19,11,0.01
51,23,11,0.44
51,24,11,0.62
51,39,11,0.92
51,41,11,0.33
51,51,11,0
51,67,11,0.23
51,15,37,0.64
51,24,37,0.41
51,30,37,0.77
51,39,37,0.89
51,42,37,0.31
51,43,37,0.09
51,51,37,0
51,54,37,0.92
51,72,37,0.71
51,90,37,0.97
51,95,37,0.22
51,97,37,0.3
52,5,21,0.12
52,13,21,0.07
52,28,21,0.74
52,32,21,0.47
52,44,21,0.32
52,52,21,0
52,55,21,0.41
52,58,21,0.6
52,59,21,0.42
52,69,21,0.94
52,1,4,0.25
52,16,4,0.39
52,25,4,0.81
52,28,4,0.2
52,38,4,0.19
52,52,4,0
52,56,4,0.41
52,57,4,0.79
52,61,4,0.95
52,62,4,0.14
52,66,4,0.83
52,69,4,0.03
52,93,4,0.48
52,10,15,0.53
52,17,15,0.61
52,30,15,0.59
52,52,15,0
52,54,15,0.52
52,85,15,0.61
52,96,15,0.52
52,99,15,0.51
53,29,12,0.23
53,37,12,0.16
53,41,12,0.52
53,53,12,0
53,81,12,0.84
53,83,12,0.49
53,9,3,0.38
53,17,3,0.47
53,25,3,0.79
53,53,3,0
53,56,3,0.68
53,58,3,0.99
53,59,3,0.42
53,65,3,0.92
53,69,3,0.59
53,0,27,0.63
53,3,27,0.18
53,5,27,0.67
53,8,27,0.34
53,31,27,0.01
53,53,27,0
53,82,27,0.98
54,10,15,0.93
54,17,15,0.62
54,30,15,0.08
54,52,15,0.7
54,54,15,0
54,85,15,0.88
54,96,15,0.23
54,99,15,0.87
54,5,32,0.8
54,8,32,0.99
54,19,32,0.92
54,20,32,0.94
54,28,32,0.19
54,30,32,0.59
54,37,32,0.71
54,38,32,0.05
54,54,32,0
54,68,32,0.87
54,70,32,0.38
54,71,32,0.04
54,87,32,0.85
54,99,32,0.57
54,15,37,0.71
54,24,37,0.67
54,30,37,0.39
54,39,37,0.07
54,42,37,0.49
54,43,37,0.11
54,51,37,0.98
54,54,37,0
54,72,37,0.52
54,90,37,0.77
54,95,37,0.96
54,97,37,0.93
54,8,8,0.41
54,44,8,0.57
54,54,8,0
54,63,8,0.26
54,67,8,0.74
54,80,8,0.44
54,84,8,0.55
55,9,24,0.41
55,29,24,0.25
55,37,24,0.3
55,55,24,0
55,72,24,0.93
55,73,24,0.17
55,5,21,0.41
55,13,21,0.81
55,28,21,0.02
55,32,21,0.79
55,44,21,0.41
55,52,21,0.78
55,55,21,0
55,58,21,0.12
55,59,21,0.25
55,69,21,0.2
55,1,26,0.5
55,12,26,0.86
55,29,26,0.63
55,40,26,0.45
55,55,26,0
55,60,26,0.11
55,61,26,0.91
55,78,26,0.59
55,86,26,0.18
56,4,7,0.1
56,18,7,0.04
56,43,7,0.94
56,46,7,0.29
56,47,7,0.77
56,50,7,0.93
56,56,7,0
56,60,7,0.72
56,78,7,0.74
56,79,7,0.4
56,84,7,0.02
56,9,3,0.39
56,17,3,0.59
56,25,3,0.07
56,53,3,0.61
56,56,3,0
56,58,3,0.96
56,59,3,0.87
56,65,3,0.13
56,69,3,0.98
56,1,4,0.35
56,16,4,0.25
56,25,4,0.66
56,28,4,0.18
56,38,4,0.13
56,52,4,0.31
56,56,4,0
56,57,4,0.48
56,61,4,0.15
56,62,4,0.54
56,66,4,0.02
56,69,4,0.49
56,93,4,0.52
56,8,10,0.47
56,11,10,0.81
56,17,10,0.69
56,37,10,0.33
56,48,10,0.49
56,56,10,0
56,66,10,0.17
56,90,10,0.91
57,15,25,0.5
57,24,25,0.76
57,38,25,0.94
57,45,25,0.62
57,48,25,0.39
57,57,25,0
57,59,25,0.47
57,75,25,0.2
57,80,25,0.76
57,82,25,0.98
57,84,25,0.29
57,22,13,0.91
57,40,13,0.87
57,57,13,0
57,75,13,0.52
57,1,4,0.88
57,16,4,0.61
57,25,4,0.87
57,28,4,0.29
57,38,4,0.08
57,52,4,0.57
57,56,4,0.05
57,57,4,0
57,61,4,0.7
57,62,4,0.77
57,66,4,0.13
57,69,4,0.62
57,93,4,0.14
58,5,21,0.64
58,13,21,0.02
58,28,21,0.61
58,32,21,0.94
58,44,21,0.31
58,52,21,0.47
58,55,21,0.35
58,58,21,0
58,59,21,0.1
58,69,21,0.64
58,9,3,0.37
58,17,3,0.93
58,25,3,0.77
58,53,3,0.17
58,56,3,0.56
58,58,3,0
58,59,3,0.78
58,65,3,0.8
58,69,3,0.31
59,5,21,0.31
59,13,21,0.94
59,28,21,0.86
59,32,21,0.3
59,44,21,0.08
59,52,21,0.45
59,55,21,0.5
59,58,21,0.87
59,59,21,0
59,69,21,0.62
59,15,25,0.19
59,24,25,0.99
59,38,25,0.31
59,45,25,0.55
59,48,25,0.69
59,57,25,0.48
59,59,25,0
59,75,25,0.8
59,80,25,0.1
59,82,25,0.11
59,84,25,0.0
59,9,3,0.6
59,17,3,0.77
59,25,3,0.92
59,53,3,0.41
59,56,3,0.26
59,58,3,0.05
59,59,3,0
59,65,3,0.29
59,69,3,0.83
59,7,6,0.85
59,19,6,0.35
59,26,6,0.82
59,28,6,0.5
59,35,6,0.04
59,36,6,0.08
59,59,6,0
59,73,6,0.49
59,74,6,0.2
59,93,6,0.2
60,4,7,0.49
60,18,7,0.8
60,43,7,0.62
60,46,7,0.99
60,47,7,0.71
60,50,7,0.74
60,56,7,0.78
60,60,7,0
60,78,7,0.72
60,79,7,0.18
60,84,7,0.37
60,1,26,0.91
60,12,26,0.94
60,29,26,0.24
60,40,26,0.57
60,55,26,0.44
60,60,26,0
60,61,26,0.67
60,78,26,0.05
60,86,26,0.41
60,6,9,0.66
60,26,9,0.73
60,27,9,0.05
60,49,9,0.19
60,51,9,0.76
60,60,9,0
60,91,9,0.75
60,92,9,0.52
60,97,9,0.19
60,99,9,0.29
60,11,28,0.93
60,34,28,0.02
60,42,28,0.32
60,48,28,0.54
60,60,28,0
60,66,28,0.35
60,89,28,0.48
61,1,26,0.09
61,12,26,1.0
61,29,26,0.07
61,40,26,0.25
61,55,26,0.42
61,60,26,0.54
61,61,26,0
61,78,26,0.25
61,86,26,0.11
61,1,4,0.78
61,16,4,0.01
61,25,4,0.46
61,28,4,0.73
61,38,4,0.03
61,52,4,0.18
61,56,4,0.89
61,57,4,0.41
61,61,4,0
61,62,4,0.56
61,66,4,0.04
61,69,4,0.04
61,93,4,0.35
62,1,4,0.13
62,16,4,0.43
62,25,4,0.31
62,28,4,0.98
62,38,4,0.58
62,52,4,0.56
62,56,4,0.59
62,57,4,0.66
62,61,4,0.16
62,62,4,0
62,66,4,0.49
62,69,4,0.26
62,93,4,0.35
62,12,19,0.61
62,18,19,0.57
62,22,19,0.19
62,36,19,0.6
62,50,19,0.46
62,62,19,0
62,66,19,0.12
62,77,19,0.22
62,78,19,0.95
62,13,30,0.94
62,26,30,0.96
62,34,30,0.39
62,62,30,0
62,77,30,0.45
62,85,30,0.56
63,8,8,0.91
63,44,8,0.61
63,54,8,0.35
63,63,8,0
63,67,8,0.65
63,80,8,0.28
63,84,8,0.85
63,2,17,0.37
63,7,17,0.47
63,17,17,0.15
63,21,17,0.13
63,22,17,0.96
63,29,17,0.67
63,63,17,0
63,80,17,0.81
63,86,17,0.22
63,92,17,0.23
63,94,17,0.36
63,97,17,0.46
63,98,17,0.86
64,2,23,0.97
64,3,23,0.41
64,9,23,0.61
64,16,23,0.68
64,21,23,0.46
64,22,23,0.73
64,38,23,0.85
64,64,23,0
64,65,23,0.21
64,77,23,0.58
64,95,23,0.32
64,12,31,0.9
64,14,31,0.94
64,27,31,0.09
64,44,31,0.61
64,47,31,0.48
64,49,31,0.75
64,64,31,0
64,70,31,0.29
64,71,31,0.25
64,75,31,0.73
65,2,23,0.97
65,3,23,0.46
65,9,23,0.79
65,16,23,0.78
65,21,23,0.34
65,22,23,0.43
65,38,23,0.26
65,64,23,0.33
65,65,23,0
65,77,23,0.32
65,95,23,0.55
65,9,3,0.79
65,17,3,0.22
65,25,3,0.66
65,53,3,0.91
65,56,3,0.26
65,58,3,0.27
65,59,3,0.57
65,65,3,0
65,69,3,0.84
66,12,19,0.25
66,18,19,0.53
66,22,19,0.08
66,36,19,0.31
66,50,19,0.54
66,62,19,0.01
66,66,19,0
66,77,19,0.13
66,78,19,0.37
66,1,4,0.6
66,16,4,0.41
66,25,4,0.51
66,28,4,0.2
66,38,4,0.59
66,52,4,0.24
66,56,4,0.09
66,57,4,0.1
66,61,4,0.71
66,62,4,0.03
66,66,4,0
66,69,4,0.95
66,93,4,0.3
66,8,10,0.81
66,11,10,0.46
66,17,10,0.15
66,37,10,0.22
66,48,10,0.7
66,56,10,0.97
66,66,10,0
66,90,10,0.73
66,11,28,0.45
66,34,28,0.92
66,42,28,0.94
66,48,28,0.59
66,60,28,0.23
66,66,28,0
66,89,28,0.97
67,11,11,0.33
67,18,11,0.67
67,19,11,0.45
67,23,11,0.48
67,24,11,0.27
67,39,11,0.36
67,41,11,0.65
67,51,11,0.69
67,67,11,0
67,10,16,0.02
67,13,16,0.83
67,15,16,0.69
67,23,16,0.86
67,67,16,0
67,8,8,0.37
67,44,8,0.29
67,54,8,0.73
67,63,8,0.93
67,67,8,0
67,80,8,0.63
67,84,8,0.28
68,5,32,0.76
68,8,32,0.23
68,19,32,0.43
68,20,32,0.2
68,28,32,0.56
68,30,32,0.33
68,37,32,0.5
68,38,32,0.22
68,54,32,0.58
68,68,32,0
68,70,32,0.41
68,71,32,0.22
68,87,32,0.47
68,99,32,0.91
68,25,14,0.54
68,33,14,0.15
68,40,14,0.51
68,68,14,0
68,73,14,0.19
68,96,14,0.34
69,9,3,0.67
69,17,3,0.26
69,25,3,0.94
69,53,3,0.26
69,56,3,0.7
69,58,3,0.69
69,59,3,0.8
69,65,3,0.78
69,69,3,0
69,1,4,0.43
69,16,4,0.16
69,25,4,0.47
69,28,4,0.15
69,38,4,0.53
69,52,4,0.58
69,56,4,0.03
69,57,4,0.09
69,61,4,0.33
69,62,4,0.03
69,66,4,0.13
69,69,4,0
69,93,4,0.25
69,14,33,0.38
69,21,33,0.43
69,39,33,0.17
69,44,33,0.73
69,69,33,0
69,75,33,0.48
69,79,33,0.38
69,87,33,0.03
69,99,33,0.3
69,5,21,0.7
69,13,21,0.85
69,28,21,0.18
69,32,21,0.55
69,44,21,0.83
69,52,21,0.23
69,55,21,0.92
69,58,21,0.69
69,59,21,0.21
69,69,21,0
70,12,31,0.56
70,14,31,0.88
70,27,31,0.31
70,44,31,0.88
70,47,31,0.98
70,49,31,0.62
70,64,31,0.99
70,70,31,0
70,71,31,0.41
70,75,31,0.76
70,5,32,0.07
70,8,32,0.13
70,19,32,0.15
70,20,32,0.53
70,28,32,0.92
70,30,32,0.05
70,37,32,0.72
70,38,32,0.81
70,54,32,0.71
70,68,32,0.58
70,70,32,0
70,71,32,1.0
70,87,32,0.81
70,99,32,0.8
71,5,32,0.57
71,8,32,0.71
71,19,32,0.07
71,20,32,0.36
71,28,32,0.23
71,30,32,0.33
71,37,32,0.58
71,38,32,0.74
71,54,32,0.8
71,68,32,0.33
71,70,32,0.6
71,71,32,0
71,87,32,0.78
71,99,32,0.96
71,12,31,0.27
71,14,31,0.28
71,27,31,0.42
71,44,31,0.18
71,47,31,0.45
71,49,31,0.52
71,64,31,0.33
71,70,31,0.36
71,71,31,0
71,75,31,0.15
72,15,37,0.61
72,24,37,0.41
72,30,37,0.11
72,39,37,0.43
72,42,37,0.25
72,43,37,0.06
72,51,37,0.31
72,54,37,0.73
72,72,37,0
72,90,37,0.18
72,95,37,0.76
72,97,37,0.89
72,10,0,0.42
72,27,0,0.0
72,32,0,0.58
72,49,0,0.29
72,72,0,0
72,92,0,0.45
72,93,0,0.5
72,94,0,0.21
72,10,5,0.39
72,51,5,0.59
72,72,5,0
72,80,5,0.6
72,87,5,0.62
72,9,24,0.4
72,29,24,0.58
72,37,24,0.94
72,55,24,0.37
72,72,24,0
72,73,24,0.85
73,9,24,0.62
73,29,24,0.88
73,37,24,0.33
73,55,24,0.46
73,72,24,0.91
73,73,24,0
73,7,6,0.91
73,19,6,0.65
73,26,6,0.43
73,28,6,0.54
73,35,6,0.56
73,36,6,0.3
73,59,6,0.15
73,73,6,0
73,74,6,0.48
73,93,6,0.86
73,25,14,0.34
73,33,14,1.0
73,40,14,0.98
73,68,14,0.17
73,73,14,0
73,96,14,0.83
74,7,6,0.71
74,19,6,0.17
74,26,6,0.06
74,28,6,0.48
74,35,6,0.95
74,36,6,0.62
74,59,6,0.55
74,73,6,0.89
74,74,6,0
74,93,6,0.34
74,4,2,0.07
74,7,2,0.77
74,15,2,0.91
74,33,2,0.06
74,49,2,0.87
74,74,2,0
74,89,2,0.91
75,14,33,0.11
75,21,33,0.36
75,39,33,0.71
75,44,33,0.8
75,69,33,0.08
75,75,33,0
75,79,33,0.62
75,87,33,0.35
75,99,33,0.16
75,22,13,0.63
75,40,13,0.94
75,57,13,0.14
75,75,13,0
75,15,25,0.69
75,24,25,0.22
75,38,25,0.03
75,45,25,0.3
75,48,25,0.82
75,57,25,0.99
75,59,25,0.82
75,75,25,0
75,80,25,0.39
75,82,25,0.19
75,84,25,0.63
75,12,31,0.96
75,14,31,0.79
75,27,31,0.57
75,44,31,0.38
75,47,31,0.03
75,49,31,0.54
75,64,31,0.71
75,70,31,0.72
75,71,31,0.47
75,75,31,0
76,14,34,0.93
76,31,34,0.15
76,42,34,0.93
76,43,34,0.62
76,76,34,0
76,88,34,0.8
76,1,29,0.41
76,20,29,0.29
76,31,29,0.76
76,76,29,0
76,95,29,0.45
76,98,29,0.9
77,2,23,0.77
77,3,23,0.79
77,9,23,0.31
77,16,23,0.18
77,21,23,0.53
77,22,23,0.31
77,38,23,0.49
77,64,23,0.01
77,65,23,0.18
77,77,23,0
77,95,23,0.59
77,12,19,0.85
77,18,19,0.14
77,22,19,0.64
77,36,19,0.63
77,50,19,0.64
77,62,19,0.11
77,66,19,0.9
77,77,19,0
77,78,19,0.03
77,77,39,0
77,81,39,0.31
77,85,39,0.09
77,87,39,0.82
77,91,39,0.12
77,13,30,0.19
77,26,30,0.01
77,34,30,0.99
77,62,30,0.56
77,77,30,0
77,85,30,0.87
78,1,26,0.68
78,12,26,0.0
78,29,26,0.63
78,40,26,0.99
78,55,26,0.96
78,60,26,0.28
78,61,26,0.06
78,78,26,0
78,86,26,0.3
78,4,7,0.89
78,18,7,0.26
78,43,7,0.55
78,46,7,0.4
78,47,7,0.83
78,50,7,0.35
78,56,7,0.35
78,60,7,0.23
78,78,7,0
78,79,7,0.25
78,84,7,0.97
78,12,19,0.9
78,18,19,0.53
78,22,19,0.47
78,36,19,0.81
78,50,19,0.09
78,62,19,0.56
78,66,19,0.03
78,77,19,0.34
78,78,19,0
78,1,20,0.49
78,6,20,0.18
78,78,20,0
79,4,7,0.55
79,18,7,0.45
79,43,7,0.64
79,46,7,0.56
79,47,7,0.24
79,50,7,0.34
79,56,7,0.96
79,60,7,0.45
79,78,7,0.72
79,79,7,0
79,84,7,0.65
79,14,33,0.8
79,21,33,0.62
79,39,33,0.27
79,44,33,0.38
79,69,33,0.72
79,75,33,0.12
79,79,33,0
79,87,33,0.89
79,99,33,0.66
80,2,17,0.47
80,7,17,0.42
80,17,17,0.32
80,21,17,0.09
80,22,17,0.08
80,29,17,0.74
80,63,17,0.62
80,80,17,0
80,86,17,0.53
80,92,17,0.32
80,94,17,0.57
80,97,17,0.92
80,98,17,0.37
80,10,5,0.25
80,51,5,0.08
80,72,5,0.97
80,80,5,0
80,87,5,0.57
80,15,25,0.03
80,24,25,0.26
80,38,25,0.15
80,45,25,0.93
80,48,25,0.27
80,57,25,0.09
80,59,25,0.99
80,75,25,0.92
80,80,25,0
80,82,25,0.31
80,84,25,0.53
80,8,8,0.65
80,44,8,0.37
80,54,8,0.74
80,63,8,0.91
80,67,8,0.38
80,80,8,0
80,84,8,0.04
81,29,12,0.33
81,37,12,0.6
81,41,12,0.85
81,53,12,0.03
81,81,12,0
81,83,12,0.01
81,77,39,0.44
81,81,39,0
81,85,39,0.1
81,87,39,0.18
81,91,39,0.45
82,16,1,0.85
82,35,1,0.57
82,39,1,0.66
82,82,1,0
82,86,1,0.6
82,88,1,0.07
82,93,1,0.37
82,94,1,0.24
82,15,25,0.52
82,24,25,0.04
82,38,25,0.67
82,45,25,0.4
82,48,25,0.83
82,57,25,0.31
82,59,25,0.83
82,75,25,0.26
82,80,25,0.8
82,82,25,0
82,84,25,0.74
82,33,18,0.31
82,41,18,0.35
82,48,18,0.62
82,82,18,0
82,83,18,0.76
82,0,27,0.61
82,3,27,0.76
82,5,27,0.88
82,8,27,0.31
82,31,27,0.33
82,53,27,0.9
82,82,27,0
83,33,18,0.38
83,41,18,0.32
83,48,18,0.66
83,82,18,0.62
83,83,18,0
83,29,12,0.47
83,37,12,0.53
83,41,12,0.58
83,53,12,0.09
83,81,12,0.33
83,83,12,0
84,8,8,0.62
84,44,8,0.96
84,54,8,0.91
84,63,8,0.92
84,67,8,0.85
84,80,8,0.68
84,84,8,0
84,15,25,0.83
84,24,25,0.86
84,38,25,0.36
84,45,25,0.99
84,48,25,0.9
84,57,25,0.71
84,59,25,0.01
84,75,25,0.41
84,80,25,0.43
84,82,25,0.52
84,84,25,0
84,4,7,0.19
84,18,7,0.87
84,43,7,0.49
84,46,7,0.56
84,47,7,0.12
84,50,7,0.35
84,56,7,0.16
84,60,7,0.78
84,78,7,0.23
84,79,7,0.12
84,84,7,0
85,77,39,0.34
85,81,39,0.58
85,85,39,0
85,87,39,0.79
85,91,39,0.15
85,13,30,0.65
85,26,30,0.77
85,34,30,0.55
85,62,30,0.08
85,77,30,0.77
85,85,30,0
85,10,15,0.99
85,17,15,0.93
85,30,15,0.14
85,52,15,0.91
85,54,15,0.41
85,85,15,0
85,96,15,0.58
85,99,15,0.16
86,2,17,0.93
86,7,17,0.55
86,17,17,0.1
86,21,17,0.96
86,22,17,0.02
86,29,17,0.44
86,63,17,0.48
86,80,17,0.84
86,86,17,0
86,92,17,0.55
86,94,17,0.31
86,97,17,0.39
86,98,17,0.99
86,0,35,0.17
86,16,35,0.43
86,25,35,0.03
86,47,35,0.26
86,86,35,0
86,1,26,0.83
86,12,26,0.49
86,29,26,0.41
86,40,26,0.35
86,55,26,0.45
86,60,26,0.5
86,61,26,0.53
86,78,26,0.62
86,86,26,0
86,16,1,0.7
86,35,1,0.89
86,39,1,0.33
86,82,1,0.24
86,86,1,0
86,88,1,0.3
86,93,1,0.31
86,94,1,0.02
87,14,33,0.54
87,21,33,0.45
87,39,33,0.8
87,44,33,0.35
87,69,33,0.51
87,75,33,0.97
87,79,33,0.77
87,87,33,0
87,99,33,0.35
87,10,5,0.22
87,51,5,0.97
87,72,5,0.89
87,80,5,0.18
87,87,5,0
87,77,39,0.36
87,81,39,0.42
87,85,39,0.03
87,87,39,0
87,91,39,0.84
87,5,32,0.53
87,8,32,0.46
87,19,32,0.49
87,20,32,0.6
87,28,32,0.91
87,30,32,0.83
87,37,32,0.45
87,38,32,0.29
87,54,32,0.47
87,68,32,0.44
87,70,32,0.46
87,71,32,0.82
87,87,32,0
87,99,32,0.44
88,23,36,0.25
88,26,36,0.8
88,32,36,0.07
88,46,36,0.19
88,88,36,0
88,16,1,0.87
88,35,1,0.84
88,39,1,0.76
88,82,1,0.89
88,86,1,0.28
88,88,1,0
88,93,1,0.85
88,94,1,0.0
88,14,34,0.5
88,31,34,0.4
88,42,34,0.33
88,43,34,0.62
88,76,34,0.35
88,88,34,0
89,4,2,0.95
89,7,2,0.66
89,15,2,0.38
89,33,2,0.8
89,49,2,0.27
89,74,2,0.49
89,89,2,0
89,11,28,0.28
89,34,28,0.75
89,42,28,0.53
89,48,28,0.95
89,60,28,0.06
89,66,28,0.94
89,89,28,0
90,8,10,0.59
90,11,10,0.71
90,17,10,0.21
90,37,10,0.52
90,48,10,0.74
90,56,10,0.05
90,66,10,0.17
90,90,10,0
90,15,37,0.52
90,24,37,0.2
90,30,37,0.87
90,39,37,0.81
90,42,37,0.4
90,43,37,0.65
90,51,37,0.13
90,54,37,0.17
90,72,37,0.31
90,90,37,0
90,95,37,0.74
90,97,37,0.7
91,77,39,0.6
91,81,39,0.62
91,85,39,0.33
91,87,39,0.72
91,91,39,0
91,6,9,0.8
91,26,9,0.51
91,27,9,0.02
91,49,9,0.44
91,51,9,0.87
91,60,9,0.98
91,91,9,0
91,92,9,0.81
91,97,9,0.12
91,99,9,0.4
92,10,0,0.57
92,27,0,0.49
92,32,0,0.58
92,49,0,0.52
92,72,0,0.8
92,92,0,0
92,93,0,0.44
92,94,0,0.64
92,2,17,0.66
92,7,17,0.7
92,17,17,0.28
92,21,17,0.36
92,22,17,0.47
92,29,17,0.28
92,63,17,0.42
92,80,17,0.38
92,86,17,0.34
92,92,17,0
92,94,17,0.3
92,97,17,0.33
92,98,17,0.15
92,6,9,0.8
92,26,9,0.34
92,27,9,0.42
92,49,9,0.94
92,51,9,0.08
92,60,9,0.11
92,91,9,0.8
92,92,9,0
92,97,9,0.63
92,99,9,0.58
92,0,22,0.1
92,6,22,0.65
92,45,22,0.31
92,92,22,0
92,98,22,0.38
93,16,1,0.03
93,35,1,0.32
93,39,1,0.78
93,82,1,0.63
93,86,1,0.38
93,88,1,0.57
93,93,1,0
93,94,1,0.84
93,7,6,0.14
93,19,6,0.58
93,26,6,0.58
93,28,6,0.78
93,35,6,0.51
93,36,6,0.65
93,59,6,0.13
93,73,6,0.6
93,74,6,0.46
93,93,6,0
93,1,4,0.15
93,16,4,0.53
93,25,4,0.06
93,28,4,0.82
93,38,4,0.4
93,52,4,0.94
93,56,4,0.26
93,57,4,0.96
93,61,4,0.73
93,62,4,0.21
93,66,4,0.32
93,69,4,0.93
93,93,4,0
93,10,0,0.03
93,27,0,0.85
93,32,0,0.44
93,49,0,0.37
93,72,0,0.4
93,92,0,0.61
93,93,0,0
93,94,0,0.06
94,2,17,0.42
94,7,17,0.65
94,17,17,0.63
94,21,17,0.05
94,22,17,0.47
94,29,17,0.82
94,63,17,0.18
94,80,17,0.64
94,86,17,0.61
94,92,17,0.15
94,94,17,0
94,97,17,0.28
94,98,17,0.32
94,16,1,0.84
94,35,1,0.23
94,39,1,0.44
94,82,1,0.7
94,86,1,0.87
94,88,1,0.68
94,93,1,0.56
94,94,1,0
94,10,0,0.29
94,27,0,0.21
94,32,0,0.11
94,49,0,0.36
94,72,0,0.57
94,92,0,0.66
94,93,0,0.17
94,94,0,0
95,2,23,0.5
95,3,23,0.94
95,9,23,0.59
95,16,23,0.99
95,21,23,0.71
95,22,23,0.72
95,38,23,0.21
95,64,23,0.94
95,65,23,0.13
95,77,23,0.31
95,95,23,0
95,1,29,0.87
95,20,29,0.74
95,31,29,0.99
95,76,29,0.1
95,95,29,0
95,98,29,0.82
95,15,37,0.14
95,24,37,0.82
95,30,37,0.7
95,39,37,0.19
95,42,37,0.81
95,43,37,0.78
95,51,37,0.17
95,54,37,0.72
95,72,37,0.18
95,90,37,0.49
95,95,37,0
95,97,37,0.71
96,25,14,0.88
96,33,14,0.03
96,40,14,0.65
96,68,14,0.13
96,73,14,0.43
96,96,14,0
96,10,15,0.94
96,17,15,0.0
96,30,15,0.73
96,52,15,0.83
96,54,15,0.72
96,85,15,0.47
96,96,15,0
96,99,15,0.79
97,6,9,0.77
97,26,9,0.91
97,27,9,0.61
97,49,9,0.92
97,51,9,0.14
97,60,9,0.46
97,91,9,0.06
97,92,9,0.27
97,97,9,0
97,99,9,0.81
97,15,37,0.77
97,24,37,0.8
97,30,37,0.28
97,39,37,0.63
97,42,37,0.83
97,43,37,0.31
97,51,37,0.19
97,54,37,0.88
97,72,37,0.41
97,90,37,0.81
97,95,37,0.86
97,97,37,0
97,2,17,0.37
97,7,17,0.41
97,17,17,0.16
97,21,17,0.39
97,22,17,0.14
97,29,17,0.58
97,63,17,0.94
97,80,17,0.96
97,86,17,0.8
97,92,17,0.33
97,94,17,0.78
97,97,17,0
97,98,17,0.76
98,1,29,0.0
98,20,29,0.61
98,31,29,0.16
98,76,29,0.25
98,95,29,0.83
98,98,29,0
98,0,22,0.16
98,6,22,0.76
98,45,22,0.14
98,92,22,0.15
98,98,22,0
98,2,17,0.93
98,7,17,0.61
98,17,17,0.68
98,21,17,0.49
98,22,17,0.96
98,29,17,0.52
98,63,17,0.05
98,80,17,0.75
98,86,17,0.89
98,92,17,0.17
98,94,17,0.14
98,97,17,0.73
98,98,17,0
99,14,33,0.49
99,21,33,0.17
99,39,33,0.91
99,44,33,0.21
99,69,33,0.73
99,75,33,0.87
99,79,33,0.87
99,87,33,0.66
99,99,33,0
99,5,32,0.37
99,8,32,0.66
99,19,32,0.29
99,20,32,0.67
99,28,32,0.8
99,30,32,0.22
99,37,32,0.41
99,38,32,0.59
99,54,32,0.38
99,68,32,0.61
99,70,32,0.74
99,71,32,0.59
99,87,32,0.47
99,99,32,0
99,10,15,0.43
99,17,15,0.37
99,30,15,0.27
99,52,15,0.2
99,54,15,0.75
99,85,15,0.96
99,96,15,0.31
99,99,15,0
99,6,9,0.67
99,26,9,0.12
99,27,9,0.82
99,49,9,0.78
99,51,9,0.84
99,60,9,0.29
99,91,9,0.36
99,92,9,0.41
99,97,9,0.52
99,99,9,0