M,100,P,30,Q,100000,targetS,0.1,targetW,0.1

Resources name, resource id, current workload and max workload
R_0,0,0.46,1
R_1,1,0.73,1
R_2,2,0.36,1
R_3,3,0.74,1
R_4,4,0.36,1
R_5,5,0.4,1
R_6,6,0.53,1
R_7,7,0.63,1
R_8,8,0.49,1
R_9,9,0.39,1
R_10,10,0.3,1
R_11,11,0.6,1
R_12,12,0.51,1
R_13,13,0.58,1
R_14,14,0.48,1
R_15,15,0.75,1
R_16,16,0.39,1
R_17,17,0.64,1
R_18,18,0.31,1
R_19,19,0.68,1
R_20,20,0.33,1
R_21,21,0.37,1
R_22,22,0.63,1
R_23,23,0.43,1
R_24,24,0.76,1
R_25,25,0.48,1
R_26,26,0.28,1
R_27,27,0.78,1
R_28,28,0.4,1
R_29,29,0.68,1
R_30,30,0.47,1
R_31,31,0.6,1
R_32,32,0.35,1
R_33,33,0.58,1
R_34,34,0.22,1
R_35,35,0.58,1
R_36,36,0.59,1
R_37,37,0.67,1
R_38,38,0.43,1
R_39,39,0.33,1
R_40,40,0.7,1
R_41,41,0.67,1
R_42,42,0.23,1
R_43,43,0.75,1
R_44,44,0.27,1
R_45,45,0.52,1
R_46,46,0.29,1
R_47,47,0.7,1
R_48,48,0.7,1
R_49,49,0.77,1
R_50,50,0.73,1
R_51,51,0.63,1
R_52,52,0.33,1
R_53,53,0.51,1
R_54,54,0.46,1
R_55,55,0.78,1
R_56,56,0.66,1
R_57,57,0.28,1
R_58,58,0.26,1
R_59,59,0.32,1
R_60,60,0.71,1
R_61,61,0.31,1
R_62,62,0.26,1
R_63,63,0.3,1
R_64,64,0.58,1
R_65,65,0.43,1
R_66,66,0.37,1
R_67,67,0.48,1
R_68,68,0.69,1
R_69,69,0.7,1
R_70,70,0.29,1
R_71,71,0.29,1
R_72,72,0.67,1
R_73,73,0.36,1
R_74,74,0.6,1
R_75,75,0.29,1
R_76,76,0.55,1
R_77,77,0.23,1
R_78,78,0.31,1
R_79,79,0.72,1
R_80,80,0.49,1
R_81,81,0.76,1
R_82,82,0.46,1
R_83,83,0.77,1
R_84,84,0.21,1
R_85,85,0.63,1
R_86,86,0.67,1
R_87,87,0.66,1
R_88,88,0.77,1
R_89,89,0.45,1
R_90,90,0.47,1
R_91,91,0.59,1
R_92,92,0.36,1
R_93,93,0.72,1
R_94,94,0.75,1
R_95,95,0.65,1
R_96,96,0.63,1
R_97,97,0.5,1
R_98,98,0.76,1
R_99,99,0.4,1

Activities name, activity id, lambda, stress, resource id, priority, rifiutato
act_27,27,0.04,0.33,0,85,0
act_18,18,0.07,0.47,0,63,0
act_18,18,0.07,0.47,0,123,0
act_27,27,0.04,0.33,0,90,0
act_26,26,0.1,0.11,0,429,0
act_26,26,0.1,0.11,0,376,0
act_16,16,0.11,0.07,0,346,0
act_21,21,0.27,0.74,1,271,0
act_17,17,0.02,0.31,2,124,1
act_29,29,0.2,0.98,2,186,1
act_17,17,0.02,0.31,2,137,1
act_16,16,0.11,0.07,2,79,0
act_17,17,0.02,0.31,2,420,1
act_17,17,0.02,0.31,2,31,1
act_16,16,0.11,0.07,2,398,0
act_16,16,0.11,0.07,2,234,0
act_17,17,0.02,0.31,2,12,1
act_38,38,0.17,0.93,3,403,0
act_24,24,0.05,0.19,3,22,0
act_3,3,0.11,0.98,4,49,1
act_3,3,0.11,0.98,4,293,1
act_19,19,0.11,0.78,4,112,0
act_19,19,0.11,0.78,4,433,0
act_3,3,0.11,0.98,4,111,1
act_31,31,0.11,0.33,5,161,0
act_16,16,0.11,0.07,5,223,0
act_16,16,0.11,0.07,5,214,0
act_15,15,0.25,0.1,5,419,0
act_22,22,0.04,0.61,6,332,0
act_10,10,0.2,0.99,6,163,1
act_10,10,0.2,0.99,6,391,1
act_1,1,0.01,0.54,7,326,1
act_1,1,0.01,0.54,7,354,1
act_28,28,0.1,0.49,7,136,0
act_5,5,0.06,0.2,7,488,0
act_32,32,0.16,0.42,7,453,0
act_1,1,0.01,0.54,7,284,1
act_1,1,0.01,0.54,7,175,1
act_1,1,0.01,0.54,7,359,1
act_30,30,0.23,0.27,8,181,0
act_26,26,0.1,0.11,8,345,0
act_26,26,0.1,0.11,8,159,0
act_36,36,0.17,0.87,9,259,1
act_36,36,0.17,0.87,9,34,1
act_9,9,0.21,0.69,9,43,1
act_27,27,0.04,0.33,10,3,0
act_18,18,0.07,0.47,10,267,0
act_18,18,0.07,0.47,10,336,0
act_11,11,0.03,0.21,10,490,0
act_11,11,0.03,0.21,10,307,0
act_18,18,0.07,0.47,10,252,0
act_4,4,0.25,0.69,10,269,1
act_11,11,0.03,0.21,10,264,0
act_18,18,0.07,0.47,10,68,0
act_27,27,0.04,0.33,10,411,0
act_5,5,0.06,0.2,11,216,0
act_10,10,0.2,0.99,11,228,0
act_5,5,0.06,0.2,11,73,0
act_5,5,0.06,0.2,11,110,0
act_21,21,0.27,0.74,12,56,0
act_3,3,0.11,0.98,12,318,1
act_3,3,0.11,0.98,12,305,1
act_26,26,0.1,0.11,13,30,0
act_27,27,0.04,0.33,13,74,1
act_27,27,0.04,0.33,13,133,1
act_26,26,0.1,0.11,13,362,0
act_26,26,0.1,0.11,13,207,0
act_17,17,0.02,0.31,13,442,1
act_5,5,0.06,0.2,14,435,0
act_5,5,0.06,0.2,14,9,0
act_5,5,0.06,0.2,14,59,0
act_17,17,0.02,0.31,14,457,1
act_17,17,0.02,0.31,14,295,1
act_13,13,0.03,0.74,14,379,1
act_13,13,0.03,0.74,14,316,1
act_5,5,0.06,0.2,14,308,0
act_5,5,0.06,0.2,14,454,0
act_17,17,0.02,0.31,14,467,1
act_17,17,0.02,0.31,14,2,1
act_17,17,0.02,0.31,14,143,1
act_13,13,0.03,0.74,14,348,1
act_17,17,0.02,0.31,14,432,1
act_16,16,0.11,0.07,15,97,0
act_16,16,0.11,0.07,15,462,0
act_6,6,0.01,0.82,15,255,0
act_6,6,0.01,0.82,15,448,0
act_6,6,0.01,0.82,15,205,0
act_16,16,0.11,0.07,16,13,0
act_16,16,0.11,0.07,16,276,0
act_21,21,0.27,0.74,16,179,1
act_13,13,0.03,0.74,16,39,1
act_13,13,0.03,0.74,16,319,1
act_13,13,0.03,0.74,16,331,1
act_6,6,0.01,0.82,17,36,1
act_9,9,0.21,0.69,17,389,0
act_6,6,0.01,0.82,17,279,1
act_6,6,0.01,0.82,17,372,1
act_6,6,0.01,0.82,17,436,1
act_26,26,0.1,0.11,17,265,0
act_6,6,0.01,0.82,17,225,1
act_25,25,0.2,0.58,18,487,1
act_25,25,0.2,0.58,18,55,1
act_31,31,0.11,0.33,18,304,0
act_31,31,0.11,0.33,18,201,0
act_25,25,0.2,0.58,19,415,0
act_4,4,0.25,0.69,20,177,1
act_4,4,0.25,0.69,20,451,1
act_25,25,0.2,0.58,21,16,0
act_27,27,0.04,0.33,21,14,0
act_3,3,0.11,0.98,21,46,0
act_3,3,0.11,0.98,21,325,0
act_3,3,0.11,0.98,21,350,0
act_27,27,0.04,0.33,21,368,0
act_29,29,0.2,0.98,22,164,0
act_15,15,0.25,0.1,23,188,0
act_5,5,0.06,0.2,23,417,0
act_15,15,0.25,0.1,23,338,0
act_19,19,0.11,0.78,24,447,1
act_19,19,0.11,0.78,24,5,1
act_4,4,0.25,0.69,25,243,1
act_4,4,0.25,0.69,25,366,1
act_36,36,0.17,0.87,26,370,0
act_36,36,0.17,0.87,26,242,0
act_36,36,0.17,0.87,26,410,0
act_36,36,0.17,0.87,26,466,0
act_12,12,0.21,0.04,27,273,0
act_25,25,0.2,0.58,28,114,0
act_34,34,0.29,0.24,28,287,0
act_27,27,0.04,0.33,29,262,0
act_6,6,0.01,0.82,29,86,0
act_27,27,0.04,0.33,29,297,0
act_6,6,0.01,0.82,29,96,0
act_6,6,0.01,0.82,29,444,0
act_27,27,0.04,0.33,29,463,0
act_27,27,0.04,0.33,29,470,0
act_39,39,0.12,0.66,29,203,0
act_6,6,0.01,0.82,29,441,0
act_9,9,0.21,0.69,30,416,0
act_12,12,0.21,0.04,30,272,0
act_25,25,0.2,0.58,31,200,0
act_39,39,0.12,0.66,31,450,0
act_38,38,0.17,0.93,32,344,0
act_13,13,0.03,0.74,32,6,0
act_20,20,0.27,0.55,32,236,0
act_38,38,0.17,0.93,32,26,0
act_20,20,0.27,0.55,33,118,0
act_28,28,0.1,0.49,33,452,0
act_11,11,0.03,0.21,34,285,0
act_13,13,0.03,0.74,34,381,0
act_13,13,0.03,0.74,34,283,0
act_13,13,0.03,0.74,34,40,0
act_11,11,0.03,0.21,34,75,0
act_11,11,0.03,0.21,34,260,0
act_27,27,0.04,0.33,34,184,0
act_8,8,0.21,0.29,34,347,0
act_27,27,0.04,0.33,34,173,0
act_11,11,0.03,0.21,34,88,0
act_27,27,0.04,0.33,34,387,0
act_13,13,0.03,0.74,34,493,0
act_13,13,0.03,0.74,34,459,0
act_13,13,0.03,0.74,34,352,0
act_13,13,0.03,0.74,34,117,0
act_13,13,0.03,0.74,34,310,0
act_27,27,0.04,0.33,34,156,0
act_11,11,0.03,0.21,34,464,0
act_32,32,0.16,0.42,35,405,0
act_32,32,0.16,0.42,35,130,0
act_13,13,0.03,0.74,35,443,0
act_13,13,0.03,0.74,35,147,0
act_13,13,0.03,0.74,35,394,0
act_39,39,0.12,0.66,36,423,0
act_32,32,0.16,0.42,36,172,0
act_39,39,0.12,0.66,36,355,0
act_21,21,0.27,0.74,37,249,0
act_11,11,0.03,0.21,38,113,0
act_35,35,0.23,0.12,38,482,0
act_35,35,0.23,0.12,38,153,0
act_11,11,0.03,0.21,38,317,0
act_11,11,0.03,0.21,38,455,0
act_13,13,0.03,0.74,39,60,0
act_13,13,0.03,0.74,39,169,0
act_31,31,0.11,0.33,39,309,0
act_13,13,0.03,0.74,39,122,0
act_13,13,0.03,0.74,39,251,0
act_31,31,0.11,0.33,39,221,0
act_13,13,0.03,0.74,39,373,0
act_31,31,0.11,0.33,39,141,0
act_13,13,0.03,0.74,39,329,0
act_31,31,0.11,0.33,39,23,0
act_13,13,0.03,0.74,39,4,0
act_33,33,0.3,0.89,40,62,0
act_18,18,0.07,0.47,41,52,1
act_22,22,0.04,0.61,41,314,1
act_18,18,0.07,0.47,41,434,1
act_22,22,0.04,0.61,41,392,1
act_22,22,0.04,0.61,41,414,1
act_18,18,0.07,0.47,41,418,1
act_13,13,0.03,0.74,42,218,0
act_24,24,0.05,0.19,42,280,0
act_3,3,0.11,0.98,42,374,1
act_24,24,0.05,0.19,42,33,0
act_13,13,0.03,0.74,42,302,0
act_13,13,0.03,0.74,42,57,0
act_13,13,0.03,0.74,42,230,0
act_13,13,0.03,0.74,42,89,0
act_13,13,0.03,0.74,42,458,0
act_3,3,0.11,0.98,42,465,1
act_13,13,0.03,0.74,42,291,0
act_24,24,0.05,0.19,42,235,0
act_24,24,0.05,0.19,42,27,0
act_3,3,0.11,0.98,42,83,1
act_13,13,0.03,0.74,42,128,0
act_7,7,0.15,0.74,43,241,0
act_37,37,0.1,0.05,43,151,0
act_16,16,0.11,0.07,44,261,0
act_2,2,0.27,0.41,44,286,0
act_16,16,0.11,0.07,44,384,0
act_16,16,0.11,0.07,44,437,0
act_16,16,0.11,0.07,44,449,0
act_24,24,0.05,0.19,45,224,0
act_24,24,0.05,0.19,45,98,0
act_1,1,0.01,0.54,45,385,1
act_24,24,0.05,0.19,45,25,0
act_16,16,0.11,0.07,45,404,0
act_16,16,0.11,0.07,45,311,0
act_24,24,0.05,0.19,45,190,0
act_1,1,0.01,0.54,45,258,1
act_1,1,0.01,0.54,45,233,1
act_1,1,0.01,0.54,45,409,1
act_1,1,0.01,0.54,45,204,1
act_17,17,0.02,0.31,46,294,1
act_24,24,0.05,0.19,46,45,0
act_24,24,0.05,0.19,46,182,0
act_17,17,0.02,0.31,46,231,1
act_7,7,0.15,0.74,46,232,1
act_17,17,0.02,0.31,46,483,1
act_24,24,0.05,0.19,46,158,0
act_24,24,0.05,0.19,46,119,0
act_17,17,0.02,0.31,46,238,1
act_17,17,0.02,0.31,46,426,1
act_7,7,0.15,0.74,46,365,1
act_24,24,0.05,0.19,46,342,0
act_24,24,0.05,0.19,46,489,0
act_9,9,0.21,0.69,47,217,0
act_21,21,0.27,0.74,48,480,0
act_28,28,0.1,0.49,49,17,0
act_28,28,0.1,0.49,49,174,0
act_17,17,0.02,0.31,49,460,0
act_30,30,0.23,0.27,50,101,0
act_6,6,0.01,0.82,50,430,1
act_6,6,0.01,0.82,50,71,1
act_6,6,0.01,0.82,50,80,1
act_6,6,0.01,0.82,50,476,1
act_36,36,0.17,0.87,51,107,1
act_11,11,0.03,0.21,51,363,0
act_19,19,0.11,0.78,51,29,0
act_11,11,0.03,0.21,51,104,0
act_39,39,0.12,0.66,52,400,1
act_0,0,0.16,0.28,52,116,0
act_0,0,0.16,0.28,52,15,0
act_36,36,0.17,0.87,52,120,1
act_3,3,0.11,0.98,53,150,1
act_4,4,0.25,0.69,53,461,1
act_3,3,0.11,0.98,53,239,1
act_23,23,0.25,0.85,54,282,1
act_9,9,0.21,0.69,54,127,0
act_27,27,0.04,0.33,55,246,0
act_27,27,0.04,0.33,55,306,0
act_13,13,0.03,0.74,55,371,0
act_13,13,0.03,0.74,55,361,0
act_13,13,0.03,0.74,55,84,0
act_13,13,0.03,0.74,55,178,0
act_4,4,0.25,0.69,56,121,0
act_10,10,0.2,0.99,57,321,1
act_27,27,0.04,0.33,57,93,1
act_4,4,0.25,0.69,57,144,1
act_27,27,0.04,0.33,57,198,1
act_27,27,0.04,0.33,57,69,1
act_27,27,0.04,0.33,57,48,1
act_27,27,0.04,0.33,57,44,1
act_27,27,0.04,0.33,57,473,1
act_36,36,0.17,0.87,58,139,1
act_9,9,0.21,0.69,58,155,0
act_9,9,0.21,0.69,58,456,0
act_20,20,0.27,0.55,59,11,1
act_24,24,0.05,0.19,59,278,0
act_20,20,0.27,0.55,59,149,1
act_17,17,0.02,0.31,59,288,1
act_17,17,0.02,0.31,59,209,1
act_24,24,0.05,0.19,59,254,0
act_36,36,0.17,0.87,60,395,0
act_5,5,0.06,0.2,60,194,0
act_5,5,0.06,0.2,60,472,0
act_11,11,0.03,0.21,61,245,0
act_21,21,0.27,0.74,61,375,1
act_11,11,0.03,0.21,61,322,0
act_11,11,0.03,0.21,61,301,0
act_21,21,0.27,0.74,61,253,1
act_11,11,0.03,0.21,61,109,0
act_25,25,0.2,0.58,62,189,0
act_0,0,0.16,0.28,62,92,0
act_25,25,0.2,0.58,62,422,0
act_0,0,0.16,0.28,62,176,0
act_3,3,0.11,0.98,63,421,1
act_3,3,0.11,0.98,63,402,1
act_6,6,0.01,0.82,63,428,1
act_6,6,0.01,0.82,63,425,1
act_6,6,0.01,0.82,63,131,1
act_6,6,0.01,0.82,63,339,1
act_6,6,0.01,0.82,63,100,1
act_3,3,0.11,0.98,63,340,1
act_3,3,0.11,0.98,63,256,1
act_3,3,0.11,0.98,63,94,1
act_6,6,0.01,0.82,63,115,1
act_6,6,0.01,0.82,63,38,1
act_6,6,0.01,0.82,63,327,1
act_6,6,0.01,0.82,63,8,1
act_6,6,0.01,0.82,63,76,1
act_6,6,0.01,0.82,63,211,1
act_6,6,0.01,0.82,63,47,1
act_6,6,0.01,0.82,63,157,1
act_6,6,0.01,0.82,63,469,1
act_6,6,0.01,0.82,63,66,1
act_30,30,0.23,0.27,64,237,0
act_15,15,0.25,0.1,65,471,0
act_15,15,0.25,0.1,65,24,0
act_36,36,0.17,0.87,66,360,1
act_36,36,0.17,0.87,66,491,1
act_15,15,0.25,0.1,66,289,0
act_7,7,0.15,0.74,67,247,0
act_4,4,0.25,0.69,67,35,0
act_24,24,0.05,0.19,67,478,0
act_24,24,0.05,0.19,67,407,0
act_3,3,0.11,0.98,68,61,0
act_3,3,0.11,0.98,68,212,0
act_5,5,0.06,0.2,69,324,0
act_32,32,0.16,0.42,69,102,0
act_5,5,0.06,0.2,69,440,0
act_19,19,0.11,0.78,70,312,0
act_15,15,0.25,0.1,70,154,0
act_15,15,0.25,0.1,70,408,0
act_13,13,0.03,0.74,70,484,0
act_13,13,0.03,0.74,70,227,0
act_13,13,0.03,0.74,70,192,0
act_35,35,0.23,0.12,71,168,0
act_31,31,0.11,0.33,71,358,0
act_35,35,0.23,0.12,71,103,0
act_6,6,0.01,0.82,71,323,1
act_31,31,0.11,0.33,71,369,0
act_6,6,0.01,0.82,71,99,1
act_19,19,0.11,0.78,72,195,1
act_9,9,0.21,0.69,72,215,0
act_27,27,0.04,0.33,73,91,1
act_1,1,0.01,0.54,73,333,1
act_27,27,0.04,0.33,73,292,1
act_1,1,0.01,0.54,73,18,1
act_1,1,0.01,0.54,73,64,1
act_27,27,0.04,0.33,73,82,1
act_1,1,0.01,0.54,73,193,1
act_1,1,0.01,0.54,73,108,1
act_27,27,0.04,0.33,73,275,1
act_1,1,0.01,0.54,73,129,1
act_27,27,0.04,0.33,73,41,1
act_27,27,0.04,0.33,73,148,1
act_1,1,0.01,0.54,73,106,1
act_1,1,0.01,0.54,73,270,1
act_1,1,0.01,0.54,73,145,1
act_27,27,0.04,0.33,73,65,1
act_1,1,0.01,0.54,73,263,1
act_27,27,0.04,0.33,73,171,1
act_1,1,0.01,0.54,73,219,1
act_1,1,0.01,0.54,73,146,1
act_27,27,0.04,0.33,73,299,1
act_27,27,0.04,0.33,73,382,1
act_27,27,0.04,0.33,73,162,1
act_1,1,0.01,0.54,73,438,1
act_1,1,0.01,0.54,73,240,1
act_27,27,0.04,0.33,73,208,1
act_1,1,0.01,0.54,73,206,1
act_1,1,0.01,0.54,73,53,1
act_5,5,0.06,0.2,74,54,0
act_2,2,0.27,0.41,74,268,0
act_5,5,0.06,0.2,74,95,0
act_20,20,0.27,0.55,75,424,1
act_29,29,0.2,0.98,75,439,1
act_16,16,0.11,0.07,75,125,0
act_16,16,0.11,0.07,75,313,0
act_6,6,0.01,0.82,76,1,0
act_6,6,0.01,0.82,76,413,0
act_29,29,0.2,0.98,76,220,0
act_6,6,0.01,0.82,76,320,0
act_29,29,0.2,0.98,76,19,0
act_6,6,0.01,0.82,76,397,0
act_15,15,0.25,0.1,77,134,0
act_15,15,0.25,0.1,77,160,0
act_27,27,0.04,0.33,77,87,0
act_10,10,0.2,0.99,77,328,0
act_13,13,0.03,0.74,77,138,0
act_8,8,0.21,0.29,78,81,0
act_23,23,0.25,0.85,78,50,0
act_8,8,0.21,0.29,78,356,0
act_1,1,0.01,0.54,79,477,0
act_31,31,0.11,0.33,79,377,0
act_31,31,0.11,0.33,79,229,0
act_1,1,0.01,0.54,79,401,0
act_1,1,0.01,0.54,79,399,0
act_1,1,0.01,0.54,79,378,0
act_1,1,0.01,0.54,79,180,0
act_10,10,0.2,0.99,80,10,1
act_2,2,0.27,0.41,80,196,0
act_38,38,0.17,0.93,81,390,0
act_8,8,0.21,0.29,82,126,0
act_8,8,0.21,0.29,82,170,0
act_25,25,0.2,0.58,83,257,0
act_22,22,0.04,0.61,84,20,0
act_10,10,0.2,0.99,84,226,0
act_21,21,0.27,0.74,84,364,0
act_10,10,0.2,0.99,84,341,0
act_22,22,0.04,0.61,84,152,0
act_34,34,0.29,0.24,85,486,0
act_22,22,0.04,0.61,85,274,0
act_37,37,0.1,0.05,86,37,0
act_26,26,0.1,0.11,86,431,0
act_26,26,0.1,0.11,86,481,0
act_28,28,0.1,0.49,87,380,0
act_27,27,0.04,0.33,87,21,0
act_27,27,0.04,0.33,87,266,0
act_27,27,0.04,0.33,87,296,0
act_27,27,0.04,0.33,87,406,0
act_27,27,0.04,0.33,87,165,0
act_35,35,0.23,0.12,88,7,0
act_28,28,0.1,0.49,89,446,1
act_28,28,0.1,0.49,89,337,1
act_22,22,0.04,0.61,89,51,1
act_28,28,0.1,0.49,89,383,1
act_28,28,0.1,0.49,89,290,1
act_28,28,0.1,0.49,89,330,1
act_8,8,0.21,0.29,90,281,0
act_26,26,0.1,0.11,90,475,0
act_8,8,0.21,0.29,90,427,0
act_16,16,0.11,0.07,91,353,0
act_16,16,0.11,0.07,91,58,0
act_28,28,0.1,0.49,91,222,0
act_24,24,0.05,0.19,91,42,0
act_24,24,0.05,0.19,92,300,0
act_34,34,0.29,0.24,92,445,0
act_24,24,0.05,0.19,92,166,0
act_24,24,0.05,0.19,92,142,0
act_24,24,0.05,0.19,92,315,0
act_11,11,0.03,0.21,92,28,0
act_24,24,0.05,0.19,92,140,0
act_11,11,0.03,0.21,92,105,0
act_11,11,0.03,0.21,92,479,0
act_16,16,0.11,0.07,93,77,0
act_13,13,0.03,0.74,93,351,0
act_22,22,0.04,0.61,93,32,0
act_13,13,0.03,0.74,93,132,0
act_13,13,0.03,0.74,93,202,0
act_22,22,0.04,0.61,93,393,0
act_38,38,0.17,0.93,94,468,1
act_1,1,0.01,0.54,94,185,1
act_11,11,0.03,0.21,94,386,0
act_1,1,0.01,0.54,94,349,1
act_1,1,0.01,0.54,94,244,1
act_1,1,0.01,0.54,94,191,1
act_13,13,0.03,0.74,95,199,1
act_13,13,0.03,0.74,95,70,1
act_13,13,0.03,0.74,95,197,1
act_7,7,0.15,0.74,95,213,1
act_13,13,0.03,0.74,95,388,1
act_13,13,0.03,0.74,95,492,1
act_13,13,0.03,0.74,95,367,1
act_12,12,0.21,0.04,96,210,0
act_19,19,0.11,0.78,97,78,1
act_19,19,0.11,0.78,97,167,1
act_22,22,0.04,0.61,97,335,0
act_19,19,0.11,0.78,97,298,1
act_19,19,0.11,0.78,97,72,1
act_24,24,0.05,0.19,98,250,0
act_24,24,0.05,0.19,98,135,0
act_22,22,0.04,0.61,98,334,0
act_5,5,0.06,0.2,98,183,0
act_22,22,0.04,0.61,98,67,0
act_13,13,0.03,0.74,99,187,1
act_13,13,0.03,0.74,99,396,1
act_34,34,0.29,0.24,99,357,0
act_13,13,0.03,0.74,99,248,1
act_13,13,0.03,0.74,99,303,1
act_13,13,0.03,0.74,99,412,1
act_22,22,0.04,0.61,99,0,0
act_13,13,0.03,0.74,99,277,1
act_13,13,0.03,0.74,99,343,1
act_13,13,0.03,0.74,99,474,1
act_13,13,0.03,0.74,99,485,1

Alpha (resource id, list of activity ids)
0:16,18,27,26
1:21,15,13
2:29,17,16
3:24,38,39,20
4:3,19
5:16,31,15
6:10,22
7:1,5,32,28
8:26,30
9:36,29,9,30
10:18,4,27,11
11:5,10
12:3,12,21
13:26,27,17
14:17,13,5
15:6,16
16:21,13,16
17:9,26,6
18:31,25,28,37
19:25,33,0,20
20:29,4
21:27,4,25,3
22:29,2
23:15,34,5
24:19,7,38
25:4,35,25,9
26:36,0
27:12,16
28:38,34,25
29:20,39,27,6
30:12,9
31:9,25,39
32:10,13,20,38
33:20,12,28,37
34:27,11,13,8
35:20,32,13
36:39,32,11
37:21,31
38:30,35,11,4
39:13,31
40:33,15
41:22,0,18
42:24,3,13
43:37,7,12,38
44:2,16,19
45:16,24,1
46:17,24,7
47:26,9,10
48:12,21
49:17,9,28
50:30,9,6,5
51:36,11,37,19
52:0,39,36
53:3,4
54:23,10,9
55:15,27,13
56:4,7
57:27,4,10
58:36,9
59:20,17,24,26
60:5,19,36
61:21,11
62:0,25
63:3,6
64:30,35,15
65:15,36,16
66:39,36,15,23
67:4,7,24
68:8,3
69:5,32,34
70:32,19,15,13
71:6,9,35,31
72:9,19,11,31
73:27,1
74:2,5
75:16,20,29,32
76:29,6
77:13,15,27,10
78:23,8
79:1,31
80:10,2,16
81:34,38,15
82:8,34
83:9,30,25,26
84:21,10,22
85:22,34,8,9
86:26,37
87:28,27
88:28,34,35
89:28,22
90:26,8
91:28,24,16
92:11,24,10,34
93:13,16,22,2
94:18,1,11,38
95:13,32,7
96:36,12,29
97:33,19,22
98:22,5,24
99:22,34,2,13

Costs (resource, resource to replace, activity, cost)
0,0,16,0
0,2,16,1.0
0,5,16,0.29
0,15,16,0.3
0,16,16,0.2
0,27,16,0.93
0,44,16,0.86
0,45,16,0.36
0,65,16,0.63
0,75,16,0.29
0,80,16,0.88
0,91,16,0.03
0,93,16,0.68
0,0,18,0
0,10,18,0.73
0,41,18,0.32
0,94,18,0.78
0,0,27,0
0,10,27,0.47
0,13,27,0.73
0,21,27,0.1
0,29,27,0.31
0,34,27,0.07
0,55,27,0.78
0,57,27,0.05
0,73,27,0.87
0,77,27,0.01
0,87,27,0.89
0,0,26,0
0,8,26,0.57
0,13,26,0.86
0,17,26,0.15
0,47,26,0.88
0,59,26,0.61
0,83,26,0.46
0,86,26,0.02
0,90,26,0.4
1,1,21,0
1,12,21,0.3
1,16,21,0.44
1,37,21,0.46
1,48,21,0.28
1,61,21,0.59
1,84,21,0.26
1,1,15,0
1,5,15,0.56
1,23,15,0.15
1,40,15,0.9
1,55,15,0.56
1,64,15,0.19
1,65,15,0.74
1,66,15,0.02
1,70,15,0.22
1,77,15,0.35
1,81,15,0.53
1,1,13,0
1,14,13,0.67
1,16,13,0.29
1,32,13,0.24
1,34,13,0.83
1,35,13,0.71
1,39,13,0.03
1,42,13,0.58
1,55,13,0.0
1,70,13,0.8
1,77,13,0.27
1,93,13,0.28
1,95,13,0.19
1,99,13,0.6
2,2,29,0
2,9,29,0.76
2,20,29,0.62
2,22,29,0.03
2,75,29,0.7
2,76,29,0.29
2,96,29,0.95
2,2,17,0
2,13,17,0.13
2,14,17,0.27
2,46,17,0.2
2,49,17,0.04
2,59,17,0.66
2,0,16,0.13
2,2,16,0
2,5,16,0.22
2,15,16,0.68
2,16,16,0.32
2,27,16,0.12
2,44,16,0.36
2,45,16,0.06
2,65,16,0.13
2,75,16,0.97
2,80,16,0.53
2,91,16,0.31
2,93,16,0.04
3,3,24,0
3,42,24,0.51
3,45,24,0.12
3,46,24,0.36
3,59,24,0.01
3,67,24,0.27
3,91,24,0.84
3,92,24,0.86
3,98,24,0.49
3,3,38,0
3,24,38,0.48
3,28,38,0.34
3,32,38,0.03
3,43,38,0.7
3,81,38,0.49
3,94,38,0.11
3,3,39,0
3,29,39,0.56
3,31,39,0.72
3,36,39,0.83
3,52,39,0.42
3,66,39,0.6
3,3,20,0
3,19,20,0.84
3,29,20,0.3
3,32,20,0.11
3,33,20,0.06
3,35,20,0.63
3,59,20,0.11
3,75,20,0.58
4,4,3,0
4,12,3,0.64
4,21,3,0.84
4,42,3,0.36
4,53,3,0.4
4,63,3,0.91
4,68,3,0.99
4,4,19,0
4,24,19,0.57
4,44,19,0.3
4,51,19,0.97
4,60,19,0.65
4,70,19,0.79
4,72,19,0.4
4,97,19,0.96
5,0,16,0.59
5,2,16,0.97
5,5,16,0
5,15,16,0.1
5,16,16,0.33
5,27,16,0.79
5,44,16,0.11
5,45,16,0.44
5,65,16,0.85
5,75,16,0.91
5,80,16,0.05
5,91,16,0.99
5,93,16,0.78
5,5,31,0
5,18,31,0.98
5,37,31,0.75
5,39,31,0.61
5,71,31,0.21
5,72,31,0.88
5,79,31,0.41
5,1,15,0.63
5,5,15,0
5,23,15,0.37
5,40,15,0.11
5,55,15,0.66
5,64,15,0.36
5,65,15,0.59
5,66,15,0.23
5,70,15,0.94
5,77,15,0.13
5,81,15,0.06
6,6,10,0
6,11,10,0.97
6,32,10,0.68
6,47,10,0.48
6,54,10,0.17
6,57,10,0.06
6,77,10,0.07
6,80,10,0.01
6,84,10,0.22
6,92,10,0.96
6,6,22,0
6,41,22,0.76
6,84,22,0.73
6,85,22,0.92
6,89,22,0.88
6,93,22,0.01
6,97,22,0.99
6,98,22,0.0
6,99,22,0.96
7,7,1,0
7,45,1,0.96
7,73,1,0.25
7,79,1,0.49
7,94,1,0.6
7,7,5,0
7,11,5,0.93
7,14,5,0.62
7,23,5,0.72
7,50,5,0.1
7,60,5,0.37
7,69,5,0.83
7,74,5,0.92
7,98,5,0.9
7,7,32,0
7,35,32,0.81
7,36,32,0.04
7,69,32,0.71
7,70,32,0.63
7,75,32,0.91
7,95,32,0.99
7,7,28,0
7,18,28,0.49
7,33,28,0.06
7,49,28,0.14
7,87,28,0.78
7,88,28,0.57
7,89,28,0.1
7,91,28,0.55
8,0,26,0.18
8,8,26,0
8,13,26,0.06
8,17,26,0.47
8,47,26,0.08
8,59,26,0.26
8,83,26,0.21
8,86,26,0.73
8,90,26,0.32
8,8,30,0
8,9,30,0.83
8,38,30,0.43
8,50,30,0.7
8,64,30,0.11
8,83,30,0.97
9,9,36,0
9,26,36,0.86
9,51,36,0.4
9,52,36,0.7
9,58,36,0.24
9,60,36,0.99
9,65,36,0.07
9,66,36,0.78
9,96,36,0.53
9,2,29,0.53
9,9,29,0
9,20,29,0.1
9,22,29,0.36
9,75,29,0.86
9,76,29,0.48
9,96,29,0.78
9,9,9,0
9,17,9,0.56
9,25,9,0.49
9,30,9,0.42
9,31,9,0.1
9,47,9,0.4
9,49,9,0.54
9,50,9,0.12
9,54,9,0.8
9,58,9,0.97
9,71,9,0.74
9,72,9,0.4
9,83,9,0.27
9,85,9,0.84
9,8,30,0.57
9,9,30,0
9,38,30,0.62
9,50,30,0.87
9,64,30,0.38
9,83,30,0.86
10,0,18,0.52
10,10,18,0
10,41,18,0.97
10,94,18,0.34
10,10,4,0
10,20,4,0.31
10,21,4,0.67
10,25,4,0.04
10,38,4,0.42
10,53,4,0.14
10,56,4,0.87
10,57,4,0.15
10,67,4,0.24
10,0,27,0.08
10,10,27,0
10,13,27,0.49
10,21,27,0.82
10,29,27,0.89
10,34,27,0.1
10,55,27,0.08
10,57,27,0.62
10,73,27,0.54
10,77,27,0.21
10,87,27,0.8
10,10,11,0
10,34,11,0.49
10,36,11,0.12
10,38,11,0.75
10,51,11,0.16
10,61,11,0.03
10,72,11,0.64
10,92,11,0.01
10,94,11,0.59
11,7,5,0.7
11,11,5,0
11,14,5,0.31
11,23,5,0.3
11,50,5,0.8
11,60,5,0.74
11,69,5,0.55
11,74,5,0.51
11,98,5,0.43
11,6,10,0.32
11,11,10,0
11,32,10,0.15
11,47,10,0.73
11,54,10,0.28
11,57,10,0.23
11,77,10,0.67
11,80,10,0.7
11,84,10,0.23
11,92,10,0.96
12,4,3,0.8
12,12,3,0
12,21,3,0.95
12,42,3,0.8
12,53,3,0.62
12,63,3,0.41
12,68,3,0.11
12,12,12,0
12,27,12,0.79
12,30,12,0.65
12,33,12,0.09
12,43,12,0.35
12,48,12,0.24
12,96,12,0.76
12,1,21,0.68
12,12,21,0
12,16,21,0.64
12,37,21,0.29
12,48,21,0.19
12,61,21,0.94
12,84,21,0.9
13,0,26,0.94
13,8,26,0.7
13,13,26,0
13,17,26,0.08
13,47,26,0.36
13,59,26,0.09
13,83,26,0.69
13,86,26,0.61
13,90,26,1.0
13,0,27,0.2
13,10,27,0.96
13,13,27,0
13,21,27,0.87
13,29,27,0.39
13,34,27,0.25
13,55,27,0.72
13,57,27,0.54
13,73,27,0.93
13,77,27,0.18
13,87,27,0.42
13,2,17,0.77
13,13,17,0
13,14,17,0.24
13,46,17,0.17
13,49,17,0.78
13,59,17,0.68
14,2,17,0.25
14,13,17,0.87
14,14,17,0
14,46,17,0.13
14,49,17,0.93
14,59,17,1.0
14,1,13,0.82
14,14,13,0
14,16,13,0.78
14,32,13,0.84
14,34,13,0.22
14,35,13,0.2
14,39,13,0.98
14,42,13,0.89
14,55,13,0.45
14,70,13,0.09
14,77,13,0.39
14,93,13,0.72
14,95,13,0.88
14,99,13,0.11
14,7,5,0.93
14,11,5,0.23
14,14,5,0
14,23,5,0.72
14,50,5,0.02
14,60,5,0.21
14,69,5,0.97
14,74,5,0.1
14,98,5,0.29
15,15,6,0
15,17,6,0.32
15,29,6,0.29
15,50,6,0.31
15,63,6,0.69
15,71,6,0.75
15,76,6,0.37
15,0,16,0.19
15,2,16,0.0
15,5,16,0.73
15,15,16,0
15,16,16,0.64
15,27,16,0.37
15,44,16,0.67
15,45,16,0.69
15,65,16,0.16
15,75,16,0.93
15,80,16,0.54
15,91,16,0.37
15,93,16,0.1
16,1,21,0.39
16,12,21,0.0
16,16,21,0
16,37,21,0.63
16,48,21,0.42
16,61,21,0.92
16,84,21,0.21
16,1,13,0.36
16,14,13,0.98
16,16,13,0
16,32,13,0.96
16,34,13,0.3
16,35,13,0.09
16,39,13,0.49
16,42,13,0.01
16,55,13,0.79
16,70,13,0.39
16,77,13,0.37
16,93,13,0.13
16,95,13,0.97
16,99,13,0.36
16,0,16,0.62
16,2,16,0.79
16,5,16,0.59
16,15,16,0.6
16,16,16,0
16,27,16,0.2
16,44,16,0.56
16,45,16,0.48
16,65,16,0.39
16,75,16,0.22
16,80,16,0.82
16,91,16,0.64
16,93,16,0.02
17,9,9,0.44
17,17,9,0
17,25,9,0.72
17,30,9,0.68
17,31,9,0.9
17,47,9,0.45
17,49,9,0.86
17,50,9,0.81
17,54,9,0.01
17,58,9,0.54
17,71,9,0.61
17,72,9,0.02
17,83,9,0.94
17,85,9,0.73
17,0,26,0.16
17,8,26,0.96
17,13,26,0.2
17,17,26,0
17,47,26,0.59
17,59,26,0.33
17,83,26,0.7
17,86,26,0.14
17,90,26,0.18
17,15,6,0.03
17,17,6,0
17,29,6,0.36
17,50,6,0.42
17,63,6,0.4
17,71,6,0.56
17,76,6,0.2
18,5,31,0.18
18,18,31,0
18,37,31,0.48
18,39,31,0.87
18,71,31,0.19
18,72,31,0.74
18,79,31,0.63
18,18,25,0
18,19,25,0.62
18,21,25,0.58
18,25,25,0.66
18,28,25,0.42
18,31,25,0.2
18,62,25,0.47
18,83,25,0.5
18,7,28,0.98
18,18,28,0
18,33,28,0.6
18,49,28,0.84
18,87,28,0.55
18,88,28,0.66
18,89,28,0.08
18,91,28,0.63
18,18,37,0
18,33,37,0.21
18,43,37,0.78
18,51,37,0.95
18,86,37,0.93
19,18,25,0.82
19,19,25,0
19,21,25,0.67
19,25,25,0.86
19,28,25,0.47
19,31,25,0.28
19,62,25,0.16
19,83,25,0.52
19,19,33,0
19,40,33,0.13
19,97,33,0.27
19,19,0,0
19,26,0,0.3
19,41,0,0.86
19,52,0,0.43
19,62,0,0.59
19,3,20,0.95
19,19,20,0
19,29,20,0.55
19,32,20,0.11
19,33,20,0.83
19,35,20,0.36
19,59,20,0.57
19,75,20,0.67
20,2,29,0.96
20,9,29,0.64
20,20,29,0
20,22,29,0.01
20,75,29,0.56
20,76,29,0.03
20,96,29,0.41
20,10,4,0.42
20,20,4,0
20,21,4,0.66
20,25,4,0.44
20,38,4,0.84
20,53,4,0.31
20,56,4,0.34
20,57,4,0.7
20,67,4,0.17
21,0,27,0.32
21,10,27,0.82
21,13,27,0.64
21,21,27,0
21,29,27,0.42
21,34,27,0.9
21,55,27,0.43
21,57,27,0.2
21,73,27,0.65
21,77,27,0.72
21,87,27,0.67
21,10,4,0.31
21,20,4,0.81
21,21,4,0
21,25,4,0.89
21,38,4,0.15
21,53,4,0.72
21,56,4,0.24
21,57,4,0.23
21,67,4,0.93
21,18,25,0.87
21,19,25,0.21
21,21,25,0
21,25,25,0.28
21,28,25,0.2
21,31,25,0.57
21,62,25,0.39
21,83,25,0.9
21,4,3,0.42
21,12,3,0.19
21,21,3,0
21,42,3,0.8
21,53,3,0.43
21,63,3,0.98
21,68,3,0.94
22,2,29,0.39
22,9,29,0.59
22,20,29,0.22
22,22,29,0
22,75,29,0.19
22,76,29,0.96
22,96,29,0.71
22,22,2,0
22,44,2,0.18
22,74,2,0.72
22,80,2,0.65
22,93,2,0.48
22,99,2,0.63
23,1,15,0.4
23,5,15,0.98
23,23,15,0
23,40,15,0.1
23,55,15,0.65
23,64,15,0.37
23,65,15,0.03
23,66,15,0.24
23,70,15,0.79
23,77,15,0.3
23,81,15,0.83
23,23,34,0
23,28,34,0.21
23,69,34,0.91
23,81,34,0.18
23,82,34,0.7
23,85,34,0.28
23,88,34,0.56
23,92,34,0.24
23,99,34,0.97
23,7,5,0.92
23,11,5,0.61
23,14,5,0.31
23,23,5,0
23,50,5,0.04
23,60,5,0.09
23,69,5,0.88
23,74,5,0.89
23,98,5,0.5
24,4,19,0.63
24,24,19,0
24,44,19,0.44
24,51,19,0.48
24,60,19,0.69
24,70,19,0.88
24,72,19,0.32
24,97,19,0.5
24,24,7,0
24,43,7,0.07
24,46,7,0.28
24,56,7,0.23
24,67,7,0.31
24,95,7,0.28
24,3,38,0.76
24,24,38,0
24,28,38,0.28
24,32,38,0.75
24,43,38,0.62
24,81,38,0.07
24,94,38,0.37
25,10,4,0.98
25,20,4,0.38
25,21,4,0.69
25,25,4,0
25,38,4,0.58
25,53,4,0.44
25,56,4,0.57
25,57,4,0.56
25,67,4,0.49
25,25,35,0
25,38,35,0.26
25,64,35,0.52
25,71,35,0.37
25,88,35,0.87
25,18,25,0.98
25,19,25,0.65
25,21,25,0.87
25,25,25,0
25,28,25,0.47
25,31,25,0.82
25,62,25,0.06
25,83,25,0.44
25,9,9,0.85
25,17,9,0.14
25,25,9,0
25,30,9,0.64
25,31,9,0.77
25,47,9,0.16
25,49,9,0.09
25,50,9,0.39
25,54,9,0.06
25,58,9,0.12
25,71,9,0.21
25,72,9,0.61
25,83,9,0.66
25,85,9,0.37
26,9,36,0.39
26,26,36,0
26,51,36,0.92
26,52,36,0.11
26,58,36,0.68
26,60,36,0.85
26,65,36,0.62
26,66,36,0.3
26,96,36,0.29
26,19,0,0.86
26,26,0,0
26,41,0,0.88
26,52,0,0.85
26,62,0,0.64
27,12,12,0.18
27,27,12,0
27,30,12,0.56
27,33,12,0.99
27,43,12,0.27
27,48,12,0.11
27,96,12,0.3
27,0,16,0.25
27,2,16,0.98
27,5,16,0.1
27,15,16,0.8
27,16,16,0.23
27,27,16,0
27,44,16,0.91
27,45,16,0.98
27,65,16,0.61
27,75,16,0.16
27,80,16,0.64
27,91,16,0.35
27,93,16,0.59
28,3,38,0.37
28,24,38,0.81
28,28,38,0
28,32,38,0.54
28,43,38,0.16
28,81,38,0.83
28,94,38,0.92
28,23,34,0.2
28,28,34,0
28,69,34,0.94
28,81,34,0.75
28,82,34,0.75
28,85,34,0.9
28,88,34,0.59
28,92,34,0.19
28,99,34,0.9
28,18,25,0.35
28,19,25,0.3
28,21,25,0.46
28,25,25,0.5
28,28,25,0
28,31,25,0.46
28,62,25,0.98
28,83,25,0.46
29,3,20,0.6
29,19,20,0.43
29,29,20,0
29,32,20,0.47
29,33,20,0.25
29,35,20,0.4
29,59,20,0.9
29,75,20,0.15
29,3,39,0.43
29,29,39,0
29,31,39,0.41
29,36,39,0.27
29,52,39,0.91
29,66,39,0.15
29,0,27,0.93
29,10,27,0.47
29,13,27,0.53
29,21,27,0.01
29,29,27,0
29,34,27,0.58
29,55,27,0.86
29,57,27,0.28
29,73,27,0.72
29,77,27,0.94
29,87,27,0.36
29,15,6,0.72
29,17,6,0.2
29,29,6,0
29,50,6,0.21
29,63,6,0.97
29,71,6,0.53
29,76,6,0.16
30,12,12,0.25
30,27,12,0.55
30,30,12,0
30,33,12,0.97
30,43,12,0.85
30,48,12,0.43
30,96,12,0.88
30,9,9,0.51
30,17,9,0.43
30,25,9,0.08
30,30,9,0
30,31,9,0.5
30,47,9,0.93
30,49,9,0.03
30,50,9,0.17
30,54,9,0.73
30,58,9,0.04
30,71,9,0.13
30,72,9,0.42
30,83,9,0.72
30,85,9,0.98
31,9,9,0.14
31,17,9,0.7
31,25,9,0.29
31,30,9,0.58
31,31,9,0
31,47,9,0.45
31,49,9,0.22
31,50,9,0.3
31,54,9,0.37
31,58,9,0.46
31,71,9,0.36
31,72,9,0.74
31,83,9,0.75
31,85,9,0.93
31,18,25,0.45
31,19,25,0.31
31,21,25,0.02
31,25,25,0.92
31,28,25,0.45
31,31,25,0
31,62,25,0.86
31,83,25,0.22
31,3,39,0.69
31,29,39,0.27
31,31,39,0
31,36,39,0.81
31,52,39,0.1
31,66,39,0.61
32,6,10,0.62
32,11,10,0.75
32,32,10,0
32,47,10,0.4
32,54,10,0.91
32,57,10,0.29
32,77,10,0.42
32,80,10,0.59
32,84,10,0.35
32,92,10,0.84
32,1,13,0.16
32,14,13,0.69
32,16,13,0.36
32,32,13,0
32,34,13,0.43
32,35,13,0.26
32,39,13,0.24
32,42,13,0.31
32,55,13,0.74
32,70,13,0.88
32,77,13,0.14
32,93,13,0.67
32,95,13,0.5
32,99,13,0.75
32,3,20,0.18
32,19,20,0.15
32,29,20,0.2
32,32,20,0
32,33,20,0.97
32,35,20,0.84
32,59,20,0.65
32,75,20,0.28
32,3,38,0.78
32,24,38,0.44
32,28,38,0.82
32,32,38,0
32,43,38,0.58
32,81,38,0.48
32,94,38,0.71
33,3,20,0.07
33,19,20,0.29
33,29,20,0.57
33,32,20,0.21
33,33,20,0
33,35,20,0.17
33,59,20,0.13
33,75,20,0.49
33,12,12,0.28
33,27,12,0.24
33,30,12,0.55
33,33,12,0
33,43,12,0.83
33,48,12,0.5
33,96,12,0.9
33,7,28,0.56
33,18,28,0.67
33,33,28,0
33,49,28,0.19
33,87,28,0.29
33,88,28,0.87
33,89,28,0.04
33,91,28,0.31
33,18,37,0.1
33,33,37,0
33,43,37,0.76
33,51,37,0.34
33,86,37,0.16
34,0,27,0.74
34,10,27,0.25
34,13,27,0.29
34,21,27,0.36
34,29,27,0.74
34,34,27,0
34,55,27,0.08
34,57,27,0.57
34,73,27,0.11
34,77,27,0.14
34,87,27,0.86
34,10,11,0.21
34,34,11,0
34,36,11,0.54
34,38,11,0.76
34,51,11,0.33
34,61,11,0.37
34,72,11,0.26
34,92,11,0.03
34,94,11,0.84
34,1,13,0.53
34,14,13,0.06
34,16,13,0.13
34,32,13,0.76
34,34,13,0
34,35,13,0.48
34,39,13,1.0
34,42,13,0.53
34,55,13,0.64
34,70,13,0.41
34,77,13,0.2
34,93,13,0.21
34,95,13,0.53
34,99,13,0.36
34,34,8,0
34,68,8,0.96
34,78,8,0.52
34,82,8,0.98
34,85,8,0.68
34,90,8,0.82
35,3,20,0.13
35,19,20,0.07
35,29,20,0.3
35,32,20,0.43
35,33,20,0.36
35,35,20,0
35,59,20,0.46
35,75,20,0.9
35,7,32,0.31
35,35,32,0
35,36,32,0.97
35,69,32,0.49
35,70,32,0.21
35,75,32,0.21
35,95,32,0.93
35,1,13,0.31
35,14,13,0.64
35,16,13,0.44
35,32,13,0.23
35,34,13,0.76
35,35,13,0
35,39,13,0.93
35,42,13,0.88
35,55,13,0.54
35,70,13,0.16
35,77,13,0.25
35,93,13,0.98
35,95,13,0.56
35,99,13,0.24
36,3,39,0.02
36,29,39,0.16
36,31,39,0.86
36,36,39,0
36,52,39,0.42
36,66,39,0.78
36,7,32,0.2
36,35,32,0.58
36,36,32,0
36,69,32,0.11
36,70,32,0.38
36,75,32,0.34
36,95,32,0.88
36,10,11,0.92
36,34,11,0.52
36,36,11,0
36,38,11,0.46
36,51,11,0.17
36,61,11,0.05
36,72,11,0.17
36,92,11,0.51
36,94,11,0.45
37,1,21,0.75
37,12,21,0.32
37,16,21,0.73
37,37,21,0
37,48,21,0.83
37,61,21,0.42
37,84,21,0.12
37,5,31,0.88
37,18,31,0.49
37,37,31,0
37,39,31,1.0
37,71,31,0.55
37,72,31,0.19
37,79,31,0.74
38,8,30,0.2
38,9,30,0.4
38,38,30,0
38,50,30,0.01
38,64,30,0.72
38,83,30,0.56
38,25,35,0.41
38,38,35,0
38,64,35,0.48
38,71,35,0.32
38,88,35,0.97
38,10,11,0.35
38,34,11,0.86
38,36,11,0.07
38,38,11,0
38,51,11,0.01
38,61,11,0.03
38,72,11,0.93
38,92,11,0.41
38,94,11,0.67
38,10,4,0.86
38,20,4,0.68
38,21,4,0.7
38,25,4,0.62
38,38,4,0
38,53,4,0.01
38,56,4,0.2
38,57,4,0.79
38,67,4,0.1
39,1,13,0.98
39,14,13,0.02
39,16,13,0.9
39,32,13,0.43
39,34,13,0.63
39,35,13,0.77
39,39,13,0
39,42,13,0.42
39,55,13,0.39
39,70,13,0.07
39,77,13,0.11
39,93,13,0.53
39,95,13,0.95
39,99,13,0.88
39,5,31,0.91
39,18,31,0.29
39,37,31,0.41
39,39,31,0
39,71,31,0.65
39,72,31,0.39
39,79,31,0.39
40,19,33,0.38
40,40,33,0
40,97,33,0.52
40,1,15,0.32
40,5,15,0.19
40,23,15,0.22
40,40,15,0
40,55,15,0.73
40,64,15,0.68
40,65,15,0.2
40,66,15,0.84
40,70,15,0.5
40,77,15,0.97
40,81,15,0.91
41,6,22,0.28
41,41,22,0
41,84,22,0.59
41,85,22,0.72
41,89,22,0.79
41,93,22,0.91
41,97,22,0.76
41,98,22,0.18
41,99,22,0.48
41,19,0,0.98
41,26,0,0.55
41,41,0,0
41,52,0,0.48
41,62,0,0.97
41,0,18,0.75
41,10,18,0.68
41,41,18,0
41,94,18,0.35
42,3,24,0.14
42,42,24,0
42,45,24,0.62
42,46,24,0.89
42,59,24,0.65
42,67,24,0.57
42,91,24,0.74
42,92,24,0.53
42,98,24,0.44
42,4,3,0.45
42,12,3,0.17
42,21,3,0.15
42,42,3,0
42,53,3,0.8
42,63,3,0.92
42,68,3,0.74
42,1,13,0.03
42,14,13,0.67
42,16,13,0.57
42,32,13,0.25
42,34,13,0.08
42,35,13,0.7
42,39,13,0.06
42,42,13,0
42,55,13,0.54
42,70,13,0.72
42,77,13,0.1
42,93,13,0.91
42,95,13,0.75
42,99,13,0.69
43,18,37,0.26
43,33,37,0.38
43,43,37,0
43,51,37,0.58
43,86,37,0.36
43,24,7,0.76
43,43,7,0
43,46,7,0.84
43,56,7,0.6
43,67,7,0.01
43,95,7,0.27
43,12,12,0.81
43,27,12,0.67
43,30,12,0.47
43,33,12,0.34
43,43,12,0
43,48,12,0.29
43,96,12,0.01
43,3,38,0.12
43,24,38,0.2
43,28,38,0.31
43,32,38,0.33
43,43,38,0
43,81,38,0.82
43,94,38,0.13
44,22,2,0.99
44,44,2,0
44,74,2,0.27
44,80,2,0.77
44,93,2,0.7
44,99,2,0.55
44,0,16,0.64
44,2,16,0.06
44,5,16,0.01
44,15,16,0.86
44,16,16,0.83
44,27,16,0.49
44,44,16,0
44,45,16,0.7
44,65,16,0.97
44,75,16,0.09
44,80,16,0.89
44,91,16,0.25
44,93,16,0.01
44,4,19,0.99
44,24,19,0.07
44,44,19,0
44,51,19,0.9
44,60,19,0.72
44,70,19,0.49
44,72,19,0.47
44,97,19,0.36
45,0,16,0.93
45,2,16,0.42
45,5,16,0.12
45,15,16,0.06
45,16,16,0.95
45,27,16,0.48
45,44,16,0.22
45,45,16,0
45,65,16,0.05
45,75,16,0.75
45,80,16,0.18
45,91,16,0.98
45,93,16,0.05
45,3,24,0.17
45,42,24,0.81
45,45,24,0
45,46,24,0.34
45,59,24,0.21
45,67,24,0.86
45,91,24,0.24
45,92,24,0.54
45,98,24,0.83
45,7,1,0.58
45,45,1,0
45,73,1,0.81
45,79,1,0.25
45,94,1,0.71
46,2,17,0.73
46,13,17,0.61
46,14,17,0.27
46,46,17,0
46,49,17,0.23
46,59,17,0.98
46,3,24,0.75
46,42,24,0.72
46,45,24,0.18
46,46,24,0
46,59,24,0.78
46,67,24,0.49
46,91,24,0.78
46,92,24,0.32
46,98,24,0.99
46,24,7,0.94
46,43,7,0.13
46,46,7,0
46,56,7,0.31
46,67,7,0.3
46,95,7,0.88
47,0,26,0.22
47,8,26,0.79
47,13,26,0.79
47,17,26,0.19
47,47,26,0
47,59,26,0.46
47,83,26,0.33
47,86,26,0.29
47,90,26,0.96
47,9,9,0.94
47,17,9,0.02
47,25,9,0.3
47,30,9,0.72
47,31,9,0.26
47,47,9,0
47,49,9,0.92
47,50,9,0.59
47,54,9,0.24
47,58,9,0.77
47,71,9,0.06
47,72,9,0.56
47,83,9,0.47
47,85,9,0.28
47,47,14,0
47,54,14,0.01
47,6,10,0.55
47,11,10,0.95
47,32,10,0.17
47,47,10,0
47,54,10,0.34
47,57,10,0.27
47,77,10,0.55
47,80,10,0.97
47,84,10,0.63
47,92,10,0.2
48,12,12,0.62
48,27,12,0.18
48,30,12,0.32
48,33,12,0.31
48,43,12,0.11
48,48,12,0
48,96,12,0.33
48,1,21,0.13
48,12,21,0.65
48,16,21,0.1
48,37,21,0.73
48,48,21,0
48,61,21,0.18
48,84,21,0.66
49,2,17,0.7
49,13,17,0.61
49,14,17,0.65
49,46,17,0.58
49,49,17,0
49,59,17,0.52
49,9,9,0.66
49,17,9,0.52
49,25,9,0.07
49,30,9,0.65
49,31,9,0.78
49,47,9,0.29
49,49,9,0
49,50,9,0.59
49,54,9,0.49
49,58,9,0.19
49,71,9,0.66
49,72,9,0.39
49,83,9,0.48
49,85,9,0.34
49,7,28,0.87
49,18,28,0.57
49,33,28,0.03
49,49,28,0
49,87,28,0.65
49,88,28,0.53
49,89,28,0.87
49,91,28,0.7
50,8,30,0.56
50,9,30,0.78
50,38,30,0.87
50,50,30,0
50,64,30,0.16
50,83,30,0.73
50,9,9,0.73
50,17,9,0.57
50,25,9,0.17
50,30,9,0.98
50,31,9,0.85
50,47,9,0.3
50,49,9,0.41
50,50,9,0
50,54,9,0.27
50,58,9,0.69
50,71,9,0.76
50,72,9,0.11
50,83,9,0.75
50,85,9,0.35
50,15,6,0.07
50,17,6,0.35
50,29,6,0.76
50,50,6,0
50,63,6,0.61
50,71,6,0.22
50,76,6,0.84
50,7,5,0.68
50,11,5,0.48
50,14,5,0.19
50,23,5,0.52
50,50,5,0
50,60,5,0.95
50,69,5,0.41
50,74,5,0.83
50,98,5,0.94
51,9,36,0.6
51,26,36,0.34
51,51,36,0
51,52,36,0.03
51,58,36,0.8
51,60,36,0.45
51,65,36,0.9
51,66,36,0.69
51,96,36,0.41
51,10,11,0.65
51,34,11,0.83
51,36,11,0.74
51,38,11,0.76
51,51,11,0
51,61,11,0.67
51,72,11,0.35
51,92,11,0.26
51,94,11,0.13
51,18,37,0.25
51,33,37,0.45
51,43,37,0.75
51,51,37,0
51,86,37,0.16
51,4,19,0.26
51,24,19,0.22
51,44,19,0.49
51,51,19,0
51,60,19,0.8
51,70,19,0.88
51,72,19,0.29
51,97,19,0.04
52,19,0,0.14
52,26,0,0.66
52,41,0,0.69
52,52,0,0
52,62,0,0.86
52,3,39,0.65
52,29,39,0.5
52,31,39,0.67
52,36,39,0.05
52,52,39,0
52,66,39,0.25
52,9,36,0.66
52,26,36,0.09
52,51,36,0.74
52,52,36,0
52,58,36,0.14
52,60,36,0.09
52,65,36,0.54
52,66,36,0.78
52,96,36,0.95
53,4,3,0.95
53,12,3,0.02
53,21,3,0.51
53,42,3,0.81
53,53,3,0
53,63,3,0.93
53,68,3,0.95
53,10,4,0.85
53,20,4,0.03
53,21,4,0.28
53,25,4,0.98
53,38,4,0.12
53,53,4,0
53,56,4,0.11
53,57,4,0.43
53,67,4,0.45
54,54,23,0
54,66,23,0.13
54,78,23,0.84
54,6,10,0.85
54,11,10,0.15
54,32,10,0.19
54,47,10,0.25
54,54,10,0
54,57,10,0.31
54,77,10,0.18
54,80,10,0.22
54,84,10,0.5
54,92,10,0.92
54,9,9,0.27
54,17,9,0.42
54,25,9,0.29
54,30,9,0.93
54,31,9,0.1
54,47,9,0.32
54,49,9,0.83
54,50,9,0.08
54,54,9,0
54,58,9,0.78
54,71,9,0.74
54,72,9,0.29
54,83,9,0.12
54,85,9,0.29
54,47,14,0.89
54,54,14,0
55,1,15,0.14
55,5,15,0.75
55,23,15,0.65
55,40,15,0.92
55,55,15,0
55,64,15,0.04
55,65,15,0.73
55,66,15,0.64
55,70,15,0.51
55,77,15,0.56
55,81,15,0.69
55,0,27,0.83
55,10,27,0.02
55,13,27,0.4
55,21,27,0.53
55,29,27,0.23
55,34,27,0.14
55,55,27,0
55,57,27,0.65
55,73,27,0.43
55,77,27,0.95
55,87,27,0.18
55,1,13,0.62
55,14,13,0.28
55,16,13,0.77
55,32,13,0.89
55,34,13,0.35
55,35,13,0.22
55,39,13,0.91
55,42,13,0.54
55,55,13,0
55,70,13,0.7
55,77,13,0.56
55,93,13,0.87
55,95,13,0.91
55,99,13,0.85
56,10,4,0.74
56,20,4,0.59
56,21,4,0.98
56,25,4,0.49
56,38,4,0.71
56,53,4,0.5
56,56,4,0
56,57,4,0.12
56,67,4,0.91
56,24,7,0.07
56,43,7,0.27
56,46,7,0.5
56,56,7,0
56,67,7,0.26
56,95,7,0.25
57,0,27,0.01
57,10,27,0.01
57,13,27,0.05
57,21,27,0.31
57,29,27,0.72
57,34,27,0.66
57,55,27,0.57
57,57,27,0
57,73,27,0.49
57,77,27,0.11
57,87,27,0.45
57,10,4,0.42
57,20,4,0.64
57,21,4,0.8
57,25,4,0.76
57,38,4,0.96
57,53,4,0.4
57,56,4,0.12
57,57,4,0
57,67,4,0.14
57,6,10,0.74
57,11,10,0.96
57,32,10,0.54
57,47,10,1.0
57,54,10,0.19
57,57,10,0
57,77,10,0.97
57,80,10,0.69
57,84,10,0.97
57,92,10,0.62
58,9,36,0.13
58,26,36,0.49
58,51,36,0.84
58,52,36,0.91
58,58,36,0
58,60,36,0.6
58,65,36,0.18
58,66,36,0.84
58,96,36,0.88
58,9,9,0.56
58,17,9,0.96
58,25,9,0.82
58,30,9,0.17
58,31,9,0.22
58,47,9,0.68
58,49,9,0.92
58,50,9,0.48
58,54,9,0.6
58,58,9,0
58,71,9,0.8
58,72,9,0.81
58,83,9,0.77
58,85,9,0.49
59,3,20,0.08
59,19,20,0.99
59,29,20,0.11
59,32,20,0.78
59,33,20,0.43
59,35,20,0.43
59,59,20,0
59,75,20,0.38
59,2,17,0.96
59,13,17,0.94
59,14,17,0.92
59,46,17,0.32
59,49,17,0.01
59,59,17,0
59,3,24,0.13
59,42,24,0.07
59,45,24,0.7
59,46,24,0.82
59,59,24,0
59,67,24,0.91
59,91,24,0.57
59,92,24,0.51
59,98,24,0.14
59,0,26,0.88
59,8,26,0.43
59,13,26,0.83
59,17,26,0.66
59,47,26,0.08
59,59,26,0
59,83,26,0.94
59,86,26,0.86
59,90,26,0.36
60,7,5,0.13
60,11,5,0.17
60,14,5,0.15
60,23,5,0.43
60,50,5,0.31
60,60,5,0
60,69,5,0.17
60,74,5,0.31
60,98,5,0.98
60,4,19,0.95
60,24,19,0.87
60,44,19,0.39
60,51,19,0.25
60,60,19,0
60,70,19,0.77
60,72,19,0.65
60,97,19,0.89
60,9,36,0.28
60,26,36,0.65
60,51,36,0.68
60,52,36,0.72
60,58,36,0.09
60,60,36,0
60,65,36,0.18
60,66,36,0.22
60,96,36,0.88
61,1,21,0.33
61,12,21,0.51
61,16,21,0.48
61,37,21,0.76
61,48,21,0.29
61,61,21,0
61,84,21,0.36
61,10,11,0.75
61,34,11,0.36
61,36,11,0.36
61,38,11,0.05
61,51,11,0.11
61,61,11,0
61,72,11,0.89
61,92,11,0.84
61,94,11,0.31
62,19,0,0.04
62,26,0,0.06
62,41,0,0.58
62,52,0,0.09
62,62,0,0
62,18,25,0.93
62,19,25,0.02
62,21,25,0.66
62,25,25,0.39
62,28,25,0.63
62,31,25,0.8
62,62,25,0
62,83,25,0.07
63,4,3,0.3
63,12,3,0.93
63,21,3,0.21
63,42,3,0.09
63,53,3,0.17
63,63,3,0
63,68,3,0.16
63,15,6,0.12
63,17,6,0.65
63,29,6,0.87
63,50,6,0.72
63,63,6,0
63,71,6,0.55
63,76,6,0.91
64,8,30,0.65
64,9,30,0.83
64,38,30,0.21
64,50,30,0.25
64,64,30,0
64,83,30,0.89
64,25,35,0.18
64,38,35,0.28
64,64,35,0
64,71,35,0.38
64,88,35,0.84
64,1,15,0.76
64,5,15,0.17
64,23,15,0.81
64,40,15,0.17
64,55,15,0.48
64,64,15,0
64,65,15,0.78
64,66,15,0.41
64,70,15,0.06
64,77,15,0.46
64,81,15,0.41
65,1,15,0.56
65,5,15,0.3
65,23,15,0.47
65,40,15,0.15
65,55,15,0.53
65,64,15,0.99
65,65,15,0
65,66,15,0.58
65,70,15,0.54
65,77,15,0.23
65,81,15,0.89
65,9,36,0.35
65,26,36,0.18
65,51,36,0.94
65,52,36,0.44
65,58,36,0.77
65,60,36,0.64
65,65,36,0
65,66,36,0.15
65,96,36,0.33
65,0,16,0.36
65,2,16,0.25
65,5,16,0.67
65,15,16,0.58
65,16,16,0.24
65,27,16,0.45
65,44,16,0.9
65,45,16,0.02
65,65,16,0
65,75,16,0.53
65,80,16,0.37
65,91,16,0.46
65,93,16,0.04
66,3,39,0.86
66,29,39,0.51
66,31,39,0.2
66,36,39,0.89
66,52,39,0.28
66,66,39,0
66,9,36,0.96
66,26,36,0.49
66,51,36,0.82
66,52,36,0.05
66,58,36,0.62
66,60,36,0.16
66,65,36,0.06
66,66,36,0
66,96,36,0.16
66,1,15,0.92
66,5,15,0.65
66,23,15,0.13
66,40,15,0.77
66,55,15,0.81
66,64,15,0.51
66,65,15,0.83
66,66,15,0
66,70,15,0.18
66,77,15,0.54
66,81,15,0.14
66,54,23,0.8
66,66,23,0
66,78,23,0.31
67,10,4,0.36
67,20,4,0.14
67,21,4,0.71
67,25,4,0.57
67,38,4,0.88
67,53,4,0.91
67,56,4,0.45
67,57,4,0.47
67,67,4,0
67,24,7,0.64
67,43,7,0.7
67,46,7,0.53
67,56,7,0.16
67,67,7,0
67,95,7,0.88
67,3,24,0.78
67,42,24,0.94
67,45,24,0.46
67,46,24,0.88
67,59,24,0.58
67,67,24,0
67,91,24,0.44
67,92,24,0.62
67,98,24,0.55
68,34,8,0.31
68,68,8,0
68,78,8,0.49
68,82,8,0.74
68,85,8,0.1
68,90,8,0.69
68,4,3,0.6
68,12,3,0.03
68,21,3,0.57
68,42,3,0.57
68,53,3,0.19
68,63,3,0.54
68,68,3,0
69,7,5,0.61
69,11,5,0.27
69,14,5,0.22
69,23,5,0.42
69,50,5,0.17
69,60,5,0.12
69,69,5,0
69,74,5,0.04
69,98,5,0.4
69,7,32,0.35
69,35,32,0.98
69,36,32,0.78
69,69,32,0
69,70,32,0.27
69,75,32,0.16
69,95,32,0.31
69,23,34,0.9
69,28,34,0.15
69,69,34,0
69,81,34,0.39
69,82,34,0.28
69,85,34,0.52
69,88,34,0.03
69,92,34,0.63
69,99,34,0.11
70,7,32,0.46
70,35,32,0.47
70,36,32,0.75
70,69,32,0.73
70,70,32,0
70,75,32,0.97
70,95,32,0.95
70,4,19,0.5
70,24,19,0.22
70,44,19,0.25
70,51,19,0.51
70,60,19,0.99
70,70,19,0
70,72,19,0.58
70,97,19,0.6
70,1,15,0.13
70,5,15,0.72
70,23,15,0.55
70,40,15,0.25
70,55,15,0.8
70,64,15,0.45
70,65,15,0.5
70,66,15,0.21
70,70,15,0
70,77,15,0.69
70,81,15,0.73
70,1,13,0.2
70,14,13,0.78
70,16,13,0.93
70,32,13,0.02
70,34,13,0.87
70,35,13,0.29
70,39,13,0.16
70,42,13,0.8
70,55,13,0.27
70,70,13,0
70,77,13,0.57
70,93,13,0.66
70,95,13,0.7
70,99,13,0.91
71,15,6,0.98
71,17,6,0.96
71,29,6,0.4
71,50,6,0.33
71,63,6,0.11
71,71,6,0
71,76,6,0.9
71,9,9,0.37
71,17,9,0.9
71,25,9,0.83
71,30,9,0.48
71,31,9,0.3
71,47,9,0.76
71,49,9,0.0
71,50,9,0.45
71,54,9,0.68
71,58,9,0.44
71,71,9,0
71,72,9,0.27
71,83,9,0.3
71,85,9,0.04
71,25,35,0.52
71,38,35,0.68
71,64,35,0.56
71,71,35,0
71,88,35,0.15
71,5,31,0.07
71,18,31,0.75
71,37,31,0.47
71,39,31,0.85
71,71,31,0
71,72,31,0.84
71,79,31,0.86
72,9,9,0.81
72,17,9,0.49
72,25,9,0.85
72,30,9,0.41
72,31,9,0.04
72,47,9,0.54
72,49,9,0.43
72,50,9,0.48
72,54,9,0.72
72,58,9,0.29
72,71,9,0.52
72,72,9,0
72,83,9,1.0
72,85,9,0.21
72,4,19,0.13
72,24,19,0.45
72,44,19,0.83
72,51,19,0.2
72,60,19,0.22
72,70,19,0.98
72,72,19,0
72,97,19,0.87
72,10,11,0.17
72,34,11,0.68
72,36,11,0.62
72,38,11,0.69
72,51,11,0.87
72,61,11,0.29
72,72,11,0
72,92,11,0.48
72,94,11,0.85
72,5,31,0.94
72,18,31,0.6
72,37,31,0.34
72,39,31,0.98
72,71,31,0.53
72,72,31,0
72,79,31,0.93
73,0,27,0.03
73,10,27,0.56
73,13,27,0.38
73,21,27,0.98
73,29,27,0.12
73,34,27,0.2
73,55,27,0.07
73,57,27,0.04
73,73,27,0
73,77,27,0.23
73,87,27,0.52
73,7,1,0.17
73,45,1,0.92
73,73,1,0
73,79,1,0.45
73,94,1,0.21
74,22,2,0.14
74,44,2,0.27
74,74,2,0
74,80,2,0.77
74,93,2,0.57
74,99,2,0.62
74,7,5,0.83
74,11,5,0.57
74,14,5,0.58
74,23,5,0.27
74,50,5,0.46
74,60,5,0.33
74,69,5,0.45
74,74,5,0
74,98,5,0.44
75,0,16,1.0
75,2,16,0.97
75,5,16,0.83
75,15,16,0.56
75,16,16,0.37
75,27,16,0.22
75,44,16,0.32
75,45,16,0.18
75,65,16,0.7
75,75,16,0
75,80,16,0.61
75,91,16,0.05
75,93,16,0.51
75,3,20,0.02
75,19,20,0.09
75,29,20,0.08
75,32,20,0.57
75,33,20,0.42
75,35,20,0.55
75,59,20,0.15
75,75,20,0
75,2,29,0.92
75,9,29,0.2
75,20,29,0.7
75,22,29,0.58
75,75,29,0
75,76,29,0.24
75,96,29,0.6
75,7,32,0.81
75,35,32,0.5
75,36,32,0.81
75,69,32,0.44
75,70,32,0.7
75,75,32,0
75,95,32,0.2
76,2,29,0.45
76,9,29,0.58
76,20,29,0.57
76,22,29,0.96
76,75,29,0.79
76,76,29,0
76,96,29,0.41
76,15,6,0.03
76,17,6,0.72
76,29,6,0.71
76,50,6,0.86
76,63,6,0.38
76,71,6,0.44
76,76,6,0
77,1,13,0.51
77,14,13,0.22
77,16,13,0.53
77,32,13,0.79
77,34,13,0.56
77,35,13,0.23
77,39,13,0.99
77,42,13,0.29
77,55,13,0.25
77,70,13,0.75
77,77,13,0
77,93,13,0.91
77,95,13,0.03
77,99,13,0.8
77,1,15,0.15
77,5,15,0.88
77,23,15,0.61
77,40,15,0.43
77,55,15,0.44
77,64,15,0.32
77,65,15,0.92
77,66,15,0.7
77,70,15,0.24
77,77,15,0
77,81,15,0.62
77,0,27,0.27
77,10,27,0.41
77,13,27,0.91
77,21,27,0.26
77,29,27,0.13
77,34,27,0.61
77,55,27,0.64
77,57,27,0.06
77,73,27,0.82
77,77,27,0
77,87,27,0.75
77,6,10,0.3
77,11,10,0.78
77,32,10,0.75
77,47,10,0.46
77,54,10,0.6
77,57,10,0.23
77,77,10,0
77,80,10,0.61
77,84,10,0.29
77,92,10,0.6
78,54,23,0.02
78,66,23,0.18
78,78,23,0
78,34,8,0.82
78,68,8,0.75
78,78,8,0
78,82,8,0.72
78,85,8,0.29
78,90,8,0.55
79,7,1,0.16
79,45,1,0.05
79,73,1,0.97
79,79,1,0
79,94,1,0.47
79,5,31,0.48
79,18,31,0.11
79,37,31,0.37
79,39,31,0.75
79,71,31,0.86
79,72,31,0.56
79,79,31,0
80,6,10,0.45
80,11,10,0.72
80,32,10,0.7
80,47,10,0.5
80,54,10,0.25
80,57,10,0.98
80,77,10,0.12
80,80,10,0
80,84,10,0.54
80,92,10,0.44
80,22,2,0.55
80,44,2,0.9
80,74,2,0.43
80,80,2,0
80,93,2,0.29
80,99,2,0.99
80,0,16,0.42
80,2,16,0.77
80,5,16,0.65
80,15,16,0.27
80,16,16,0.69
80,27,16,0.94
80,44,16,0.26
80,45,16,0.06
80,65,16,0.33
80,75,16,0.27
80,80,16,0
80,91,16,0.42
80,93,16,0.69
81,23,34,0.59
81,28,34,0.07
81,69,34,0.89
81,81,34,0
81,82,34,0.25
81,85,34,0.4
81,88,34,0.35
81,92,34,0.64
81,99,34,0.94
81,3,38,0.28
81,24,38,0.61
81,28,38,0.98
81,32,38,0.89
81,43,38,0.35
81,81,38,0
81,94,38,0.79
81,1,15,0.24
81,5,15,0.69
81,23,15,0.44
81,40,15,0.15
81,55,15,0.56
81,64,15,0.22
81,65,15,0.54
81,66,15,0.2
81,70,15,0.52
81,77,15,0.94
81,81,15,0
82,34,8,0.49
82,68,8,0.15
82,78,8,0.64
82,82,8,0
82,85,8,0.5
82,90,8,0.12
82,23,34,0.83
82,28,34,0.94
82,69,34,0.92
82,81,34,0.43
82,82,34,0
82,85,34,0.62
82,88,34,0.04
82,92,34,0.22
82,99,34,0.35
83,9,9,0.64
83,17,9,0.02
83,25,9,0.54
83,30,9,0.83
83,31,9,0.54
83,47,9,0.88
83,49,9,0.99
83,50,9,0.23
83,54,9,0.78
83,58,9,0.04
83,71,9,0.39
83,72,9,0.96
83,83,9,0
83,85,9,0.82
83,8,30,0.58
83,9,30,0.97
83,38,30,0.03
83,50,30,0.22
83,64,30,0.97
83,83,30,0
83,18,25,0.7
83,19,25,0.99
83,21,25,0.57
83,25,25,0.64
83,28,25,0.16
83,31,25,0.15
83,62,25,0.25
83,83,25,0
83,0,26,0.46
83,8,26,0.46
83,13,26,0.95
83,17,26,0.01
83,47,26,0.55
83,59,26,0.98
83,83,26,0
83,86,26,0.22
83,90,26,0.19
84,1,21,0.41
84,12,21,0.7
84,16,21,0.87
84,37,21,0.37
84,48,21,0.62
84,61,21,0.33
84,84,21,0
84,6,10,0.93
84,11,10,0.81
84,32,10,0.63
84,47,10,0.22
84,54,10,0.18
84,57,10,0.6
84,77,10,0.93
84,80,10,0.59
84,84,10,0
84,92,10,0.11
84,6,22,0.15
84,41,22,0.96
84,84,22,0
84,85,22,0.4
84,89,22,0.43
84,93,22,0.82
84,97,22,0.23
84,98,22,0.48
84,99,22,0.83
85,6,22,0.28
85,41,22,0.18
85,84,22,0.69
85,85,22,0
85,89,22,0.87
85,93,22,0.95
85,97,22,0.34
85,98,22,0.75
85,99,22,0.7
85,23,34,0.5
85,28,34,0.57
85,69,34,0.49
85,81,34,0.02
85,82,34,0.27
85,85,34,0
85,88,34,0.52
85,92,34,0.38
85,99,34,0.64
85,34,8,0.22
85,68,8,0.4
85,78,8,0.12
85,82,8,0.09
85,85,8,0
85,90,8,1.0
85,9,9,0.87
85,17,9,0.25
85,25,9,0.01
85,30,9,0.94
85,31,9,0.94
85,47,9,0.11
85,49,9,0.41
85,50,9,0.67
85,54,9,0.23
85,58,9,0.74
85,71,9,0.44
85,72,9,0.01
85,83,9,0.29
85,85,9,0
86,0,26,0.4
86,8,26,0.71
86,13,26,0.53
86,17,26,0.99
86,47,26,0.05
86,59,26,0.14
86,83,26,0.1
86,86,26,0
86,90,26,0.71
86,18,37,0.65
86,33,37,0.3
86,43,37,0.69
86,51,37,0.01
86,86,37,0
87,7,28,0.2
87,18,28,0.3
87,33,28,0.5
87,49,28,0.29
87,87,28,0
87,88,28,0.66
87,89,28,0.9
87,91,28,0.87
87,0,27,0.99
87,10,27,0.55
87,13,27,0.36
87,21,27,0.81
87,29,27,0.41
87,34,27,0.2
87,55,27,0.26
87,57,27,0.47
87,73,27,0.92
87,77,27,0.88
87,87,27,0
88,7,28,0.97
88,18,28,0.56
88,33,28,0.43
88,49,28,0.4
88,87,28,0.79
88,88,28,0
88,89,28,0.97
88,91,28,0.91
88,23,34,0.12
88,28,34,0.36
88,69,34,0.74
88,81,34,0.83
88,82,34,0.77
88,85,34,0.67
88,88,34,0
88,92,34,0.03
88,99,34,0.18
88,25,35,0.71
88,38,35,0.78
88,64,35,0.98
88,71,35,0.7
88,88,35,0
89,7,28,0.09
89,18,28,0.9
89,33,28,0.05
89,49,28,0.26
89,87,28,0.37
89,88,28,0.81
89,89,28,0
89,91,28,0.85
89,6,22,0.88
89,41,22,0.67
89,84,22,0.19
89,85,22,0.43
89,89,22,0
89,93,22,0.8
89,97,22,0.95
89,98,22,0.85
89,99,22,0.95
90,0,26,0.09
90,8,26,0.77
90,13,26,0.14
90,17,26,0.35
90,47,26,0.92
90,59,26,0.15
90,83,26,0.32
90,86,26,0.06
90,90,26,0
90,34,8,0.73
90,68,8,0.46
90,78,8,0.57
90,82,8,0.19
90,85,8,0.89
90,90,8,0
91,7,28,0.55
91,18,28,0.63
91,33,28,0.58
91,49,28,0.92
91,87,28,0.18
91,88,28,0.79
91,89,28,0.72
91,91,28,0
91,3,24,0.95
91,42,24,0.67
91,45,24,1.0
91,46,24,0.43
91,59,24,0.72
91,67,24,0.25
91,91,24,0
91,92,24,0.64
91,98,24,0.05
91,0,16,0.68
91,2,16,0.92
91,5,16,0.36
91,15,16,0.48
91,16,16,0.74
91,27,16,0.45
91,44,16,0.57
91,45,16,0.23
91,65,16,0.45
91,75,16,0.29
91,80,16,0.8
91,91,16,0
91,93,16,0.65
92,10,11,0.08
92,34,11,0.86
92,36,11,0.97
92,38,11,0.03
92,51,11,0.2
92,61,11,0.33
92,72,11,0.53
92,92,11,0
92,94,11,0.0
92,3,24,0.43
92,42,24,0.43
92,45,24,0.6
92,46,24,0.65
92,59,24,0.96
92,67,24,0.09
92,91,24,0.48
92,92,24,0
92,98,24,0.26
92,6,10,0.12
92,11,10,0.58
92,32,10,0.43
92,47,10,0.81
92,54,10,0.84
92,57,10,0.16
92,77,10,0.58
92,80,10,0.41
92,84,10,0.47
92,92,10,0
92,23,34,0.73
92,28,34,0.95
92,69,34,0.22
92,81,34,0.21
92,82,34,0.99
92,85,34,0.01
92,88,34,0.71
92,92,34,0
92,99,34,0.72
93,1,13,0.23
93,14,13,0.36
93,16,13,0.5
93,32,13,0.09
93,34,13,0.28
93,35,13,0.48
93,39,13,0.85
93,42,13,0.74
93,55,13,0.45
93,70,13,0.19
93,77,13,0.69
93,93,13,0
93,95,13,0.83
93,99,13,0.23
93,0,16,0.87
93,2,16,0.67
93,5,16,0.03
93,15,16,0.84
93,16,16,0.19
93,27,16,0.56
93,44,16,0.41
93,45,16,0.04
93,65,16,0.4
93,75,16,0.99
93,80,16,0.42
93,91,16,0.92
93,93,16,0
93,6,22,0.08
93,41,22,0.83
93,84,22,0.7
93,85,22,0.3
93,89,22,0.47
93,93,22,0
93,97,22,0.46
93,98,22,0.34
93,99,22,0.45
93,22,2,0.06
93,44,2,0.36
93,74,2,0.88
93,80,2,0.67
93,93,2,0
93,99,2,0.75
94,0,18,0.4
94,10,18,0.13
94,41,18,0.47
94,94,18,0
94,7,1,0.14
94,45,1,0.99
94,73,1,0.22
94,79,1,0.77
94,94,1,0
94,10,11,0.05
94,34,11,0.41
94,36,11,0.3
94,38,11,0.29
94,51,11,0.38
94,61,11,0.97
94,72,11,0.08
94,92,11,0.19
94,94,11,0
94,3,38,0.79
94,24,38,0.74
94,28,38,0.13
94,32,38,0.32
94,43,38,0.11
94,81,38,0.96
94,94,38,0
95,1,13,0.14
95,14,13,0.78
95,16,13,0.99
95,32,13,0.37
95,34,13,0.13
95,35,13,0.26
95,39,13,0.35
95,42,13,0.27
95,55,13,0.55
95,70,13,0.47
95,77,13,0.71
95,93,13,0.29
95,95,13,0
95,99,13,0.52
95,7,32,0.59
95,35,32,0.48
95,36,32,0.35
95,69,32,0.31
95,70,32,0.93
95,75,32,0.31
95,95,32,0
95,24,7,0.72
95,43,7,0.47
95,46,7,0.73
95,56,7,0.09
95,67,7,0.42
95,95,7,0
96,9,36,0.39
96,26,36,0.89
96,51,36,0.73
96,52,36,0.68
96,58,36,0.33
96,60,36,0.01
96,65,36,0.39
96,66,36,0.96
96,96,36,0
96,12,12,0.41
96,27,12,0.05
96,30,12,0.66
96,33,12,0.79
96,43,12,0.1
96,48,12,0.71
96,96,12,0
96,2,29,0.59
96,9,29,0.32
96,20,29,0.06
96,22,29,0.33
96,75,29,0.86
96,76,29,0.52
96,96,29,0
97,19,33,1.0
97,40,33,0.03
97,97,33,0
97,4,19,0.29
97,24,19,0.81
97,44,19,0.66
97,51,19,0.66
97,60,19,0.6
97,70,19,0.86
97,72,19,0.4
97,97,19,0
97,6,22,0.69
97,41,22,0.72
97,84,22,0.75
97,85,22,0.15
97,89,22,0.38
97,93,22,1.0
97,97,22,0
97,98,22,0.97
97,99,22,0.04
98,6,22,0.57
98,41,22,0.81
98,84,22,0.76
98,85,22,0.82
98,89,22,0.9
98,93,22,0.1
98,97,22,0.88
98,98,22,0
98,99,22,0.46
98,7,5,0.85
98,11,5,0.23
98,14,5,0.52
98,23,5,0.72
98,50,5,0.49
98,60,5,0.17
98,69,5,0.17
98,74,5,0.38
98,98,5,0
98,3,24,0.8
98,42,24,0.96
98,45,24,0.27
98,46,24,0.98
98,59,24,0.35
98,67,24,0.98
98,91,24,0.35
98,92,24,0.07
98,98,24,0
99,6,22,0.98
99,41,22,0.77
99,84,22,0.05
99,85,22,0.99
99,89,22,0.96
99,93,22,0.12
99,97,22,0.08
99,98,22,0.99
99,99,22,0
99,23,34,0.53
99,28,34,0.06
99,69,34,0.41
99,81,34,0.76
99,82,34,0.28
99,85,34,0.66
99,88,34,0.39
99,92,34,0.36
99,99,34,0
99,22,2,0.59
99,44,2,0.6
99,74,2,0.3
99,80,2,0.33
99,93,2,0.51
99,99,2,0
99,1,13,0.43
99,14,13,0.52
99,16,13,0.98
99,32,13,0.1
99,34,13,0.71
99,35,13,0.75
99,39,13,0.7
99,42,13,0.82
99,55,13,0.55
99,70,13,0.23
99,77,13,0.2
99,93,13,0.4
99,95,13,0.06
99,99,13,0