M,100,P,30,Q,100000,targetS,0.1,targetW,0.1

Resources name, resource id, current workload and max workload
R_0,0,0.48,1
R_1,1,0.52,1
R_2,2,0.53,1
R_3,3,0.6,1
R_4,4,0.77,1
R_5,5,0.79,1
R_6,6,0.41,1
R_7,7,0.72,1
R_8,8,0.48,1
R_9,9,0.61,1
R_10,10,0.78,1
R_11,11,0.44,1
R_12,12,0.58,1
R_13,13,0.65,1
R_14,14,0.61,1
R_15,15,0.61,1
R_16,16,0.45,1
R_17,17,0.77,1
R_18,18,0.47,1
R_19,19,0.76,1
R_20,20,0.55,1
R_21,21,0.79,1
R_22,22,0.76,1
R_23,23,0.7,1
R_24,24,0.78,1
R_25,25,0.58,1
R_26,26,0.74,1
R_27,27,0.66,1
R_28,28,0.68,1
R_29,29,0.43,1
R_30,30,0.53,1
R_31,31,0.53,1
R_32,32,0.51,1
R_33,33,0.76,1
R_34,34,0.7,1
R_35,35,0.46,1
R_36,36,0.75,1
R_37,37,0.57,1
R_38,38,0.73,1
R_39,39,0.78,1
R_40,40,0.58,1
R_41,41,0.76,1
R_42,42,0.65,1
R_43,43,0.8,1
R_44,44,0.74,1
R_45,45,0.76,1
R_46,46,0.41,1
R_47,47,0.71,1
R_48,48,0.75,1
R_49,49,0.63,1
R_50,50,0.79,1
R_51,51,0.6,1
R_52,52,0.71,1
R_53,53,0.76,1
R_54,54,0.65,1
R_55,55,0.62,1
R_56,56,0.74,1
R_57,57,0.58,1
R_58,58,0.57,1
R_59,59,0.41,1
R_60,60,0.56,1
R_61,61,0.7,1
R_62,62,0.51,1
R_63,63,0.7,1
R_64,64,0.53,1
R_65,65,0.76,1
R_66,66,0.53,1
R_67,67,0.78,1
R_68,68,0.49,1
R_69,69,0.72,1
R_70,70,0.71,1
R_71,71,0.61,1
R_72,72,0.59,1
R_73,73,0.56,1
R_74,74,0.68,1
R_75,75,0.54,1
R_76,76,0.5,1
R_77,77,0.56,1
R_78,78,0.52,1
R_79,79,0.75,1
R_80,80,0.54,1
R_81,81,0.66,1
R_82,82,0.56,1
R_83,83,0.45,1
R_84,84,0.69,1
R_85,85,0.58,1
R_86,86,0.75,1
R_87,87,0.52,1
R_88,88,0.64,1
R_89,89,0.44,1
R_90,90,0.78,1
R_91,91,0.59,1
R_92,92,0.74,1
R_93,93,0.52,1
R_94,94,0.53,1
R_95,95,0.57,1
R_96,96,0.54,1
R_97,97,0.44,1
R_98,98,0.63,1
R_99,99,0.75,1

Activities name, activity id, lambda, stress, resource id, priority, rifiutato
act_29,29,0.13,0.87,0,231,1
act_20,20,0.2,0.17,0,99,0
act_29,29,0.13,0.87,0,119,1
act_9,9,0.04,0.88,0,83,1
act_0,0,0.24,0.81,1,158,1
act_0,0,0.24,0.81,1,127,1
act_23,23,0.21,0.52,2,144,0
act_20,20,0.2,0.17,2,251,0
act_31,31,0.06,0.99,3,118,1
act_31,31,0.06,0.99,3,151,1
act_27,27,0.12,0.1,3,112,0
act_31,31,0.06,0.99,3,89,1
act_31,31,0.06,0.99,3,220,1
act_4,4,0.02,0.53,4,187,0
act_4,4,0.02,0.53,4,36,0
act_5,5,0.19,0.79,4,227,0
act_27,27,0.12,0.1,5,150,0
act_10,10,0.02,0.87,5,219,1
act_10,10,0.02,0.87,5,242,1
act_10,10,0.02,0.87,5,277,1
act_10,10,0.02,0.87,5,288,1
act_11,11,0.08,0.78,6,72,1
act_23,23,0.21,0.52,6,174,0
act_19,19,0.09,0.11,6,196,0
act_11,11,0.08,0.78,6,94,1
act_11,11,0.08,0.78,6,123,1
act_22,22,0.2,0.59,7,218,0
act_32,32,0.02,0.66,7,93,1
act_32,32,0.02,0.66,7,153,1
act_32,32,0.02,0.66,7,253,1
act_32,32,0.02,0.66,7,193,1
act_34,34,0.12,0.82,8,176,1
act_32,32,0.02,0.66,8,260,1
act_21,21,0.12,0.64,8,274,1
act_32,32,0.02,0.66,8,140,1
act_32,32,0.02,0.66,8,162,1
act_32,32,0.02,0.66,8,256,1
act_20,20,0.2,0.17,8,2,0
act_4,4,0.02,0.53,9,109,1
act_32,32,0.02,0.66,9,367,1
act_32,32,0.02,0.66,9,250,1
act_12,12,0.29,0.13,9,45,0
act_4,4,0.02,0.53,9,363,1
act_33,33,0.09,0.49,10,316,0
act_33,33,0.09,0.49,10,120,0
act_7,7,0.19,0.02,11,234,0
act_11,11,0.08,0.78,11,77,1
act_7,7,0.19,0.02,11,142,0
act_11,11,0.08,0.78,11,59,1
act_4,4,0.02,0.53,12,111,0
act_4,4,0.02,0.53,12,213,0
act_14,14,0.2,0.58,12,327,0
act_4,4,0.02,0.53,12,226,0
act_4,4,0.02,0.53,12,230,0
act_4,4,0.02,0.53,12,90,0
act_4,4,0.02,0.53,12,4,0
act_4,4,0.02,0.53,12,125,0
act_4,4,0.02,0.53,12,85,0
act_4,4,0.02,0.53,12,135,0
act_4,4,0.02,0.53,12,147,0
act_39,39,0.02,0.97,13,84,1
act_34,34,0.12,0.82,13,73,0
act_6,6,0.08,0.91,13,121,0
act_39,39,0.02,0.97,13,229,1
act_39,39,0.02,0.97,13,48,1
act_39,39,0.02,0.97,13,211,1
act_39,39,0.02,0.97,13,317,1
act_39,39,0.02,0.97,13,271,1
act_39,39,0.02,0.97,13,55,1
act_37,37,0.1,0.5,14,228,1
act_37,37,0.1,0.5,14,293,1
act_37,37,0.1,0.5,14,292,1
act_38,38,0.27,0.03,15,54,0
act_35,35,0.11,0.48,15,354,0
act_8,8,0.08,0.91,16,182,1
act_22,22,0.2,0.59,16,212,0
act_0,0,0.24,0.81,16,39,0
act_14,14,0.2,0.58,17,346,0
act_30,30,0.17,0.31,18,68,0
act_5,5,0.19,0.79,18,29,1
act_19,19,0.09,0.11,18,35,0
act_25,25,0.05,0.13,19,172,0
act_25,25,0.05,0.13,19,224,0
act_25,25,0.05,0.13,19,66,0
act_25,25,0.05,0.13,19,280,0
act_26,26,0.07,0.3,20,82,0
act_21,21,0.12,0.64,20,198,1
act_22,22,0.2,0.59,20,183,1
act_32,32,0.02,0.66,21,195,0
act_32,32,0.02,0.66,21,61,0
act_32,32,0.02,0.66,21,291,0
act_32,32,0.02,0.66,21,170,0
act_32,32,0.02,0.66,21,333,0
act_32,32,0.02,0.66,21,78,0
act_32,32,0.02,0.66,21,202,0
act_32,32,0.02,0.66,21,262,0
act_32,32,0.02,0.66,21,159,0
act_32,32,0.02,0.66,21,297,0
act_24,24,0.19,0.14,22,25,0
act_4,4,0.02,0.53,22,352,0
act_4,4,0.02,0.53,22,34,0
act_12,12,0.29,0.13,23,341,0
act_16,16,0.21,0.03,24,362,0
act_4,4,0.02,0.53,25,28,0
act_32,32,0.02,0.66,25,329,0
act_32,32,0.02,0.66,25,282,0
act_4,4,0.02,0.53,25,273,0
act_15,15,0.09,0.01,25,50,0
act_32,32,0.02,0.66,25,95,0
act_15,15,0.09,0.01,25,87,0
act_32,32,0.02,0.66,25,11,0
act_4,4,0.02,0.53,25,27,0
act_4,4,0.02,0.53,25,334,0
act_4,4,0.02,0.53,25,21,0
act_32,32,0.02,0.66,25,243,0
act_4,4,0.02,0.53,25,303,0
act_33,33,0.09,0.49,26,361,0
act_33,33,0.09,0.49,26,117,0
act_39,39,0.02,0.97,27,67,1
act_30,30,0.17,0.31,27,215,0
act_39,39,0.02,0.97,27,340,1
act_39,39,0.02,0.97,27,268,1
act_32,32,0.02,0.66,27,100,1
act_39,39,0.02,0.97,27,360,1
act_32,32,0.02,0.66,27,181,1
act_32,32,0.02,0.66,27,194,1
act_32,32,0.02,0.66,27,318,1
act_27,27,0.12,0.1,28,64,0
act_34,34,0.12,0.82,28,154,0
act_39,39,0.02,0.97,28,306,1
act_39,39,0.02,0.97,28,155,1
act_39,39,0.02,0.97,28,344,1
act_10,10,0.02,0.87,29,308,1
act_10,10,0.02,0.87,29,18,1
act_6,6,0.08,0.91,29,369,1
act_38,38,0.27,0.03,29,355,0
act_30,30,0.17,0.31,29,98,1
act_10,10,0.02,0.87,30,312,0
act_0,0,0.24,0.81,30,97,0
act_10,10,0.02,0.87,30,294,0
act_10,10,0.02,0.87,30,167,0
act_10,10,0.02,0.87,30,357,0
act_10,10,0.02,0.87,30,264,0
act_10,10,0.02,0.87,30,161,0
act_10,10,0.02,0.87,30,146,0
act_10,10,0.02,0.87,30,60,0
act_10,10,0.02,0.87,30,206,0
act_10,10,0.02,0.87,30,108,0
act_10,10,0.02,0.87,30,188,0
act_24,24,0.19,0.14,31,26,0
act_14,14,0.2,0.58,31,302,0
act_26,26,0.07,0.3,31,296,0
act_25,25,0.05,0.13,32,370,0
act_0,0,0.24,0.81,32,324,0
act_25,25,0.05,0.13,32,16,0
act_9,9,0.04,0.88,32,254,1
act_9,9,0.04,0.88,32,300,1
act_9,9,0.04,0.88,32,266,1
act_20,20,0.2,0.17,33,356,0
act_32,32,0.02,0.66,33,310,0
act_24,24,0.19,0.14,34,298,0
act_19,19,0.09,0.11,34,141,0
act_7,7,0.19,0.02,35,348,0
act_7,7,0.19,0.02,35,373,0
act_34,34,0.12,0.82,36,139,0
act_34,34,0.12,0.82,36,332,0
act_14,14,0.2,0.58,37,165,0
act_25,25,0.05,0.13,37,313,0
act_25,25,0.05,0.13,37,12,0
act_25,25,0.05,0.13,37,201,0
act_25,25,0.05,0.13,37,261,0
act_0,0,0.24,0.81,38,129,0
act_30,30,0.17,0.31,39,205,0
act_32,32,0.02,0.66,39,13,1
act_32,32,0.02,0.66,39,53,1
act_7,7,0.19,0.02,40,345,0
act_7,7,0.19,0.02,40,166,0
act_26,26,0.07,0.3,41,232,0
act_26,26,0.07,0.3,41,63,0
act_26,26,0.07,0.3,41,52,0
act_10,10,0.02,0.87,42,130,0
act_10,10,0.02,0.87,42,136,0
act_18,18,0.23,0.88,42,239,0
act_10,10,0.02,0.87,42,375,0
act_10,10,0.02,0.87,42,169,0
act_10,10,0.02,0.87,42,80,0
act_10,10,0.02,0.87,42,257,0
act_37,37,0.1,0.5,43,295,0
act_37,37,0.1,0.5,43,237,0
act_2,2,0.25,0.43,44,133,0
act_26,26,0.07,0.3,45,279,0
act_32,32,0.02,0.66,45,157,1
act_32,32,0.02,0.66,45,114,1
act_26,26,0.07,0.3,45,106,0
act_32,32,0.02,0.66,45,301,1
act_32,32,0.02,0.66,45,236,1
act_32,32,0.02,0.66,45,185,1
act_15,15,0.09,0.01,46,241,0
act_15,15,0.09,0.01,46,192,0
act_21,21,0.12,0.64,46,330,1
act_21,21,0.12,0.64,46,240,1
act_15,15,0.09,0.01,46,5,0
act_16,16,0.21,0.03,47,1,0
act_21,21,0.12,0.64,48,164,0
act_11,11,0.08,0.78,48,47,0
act_10,10,0.02,0.87,48,272,0
act_10,10,0.02,0.87,48,319,0
act_30,30,0.17,0.31,49,259,0
act_15,15,0.09,0.01,49,208,0
act_15,15,0.09,0.01,49,23,0
act_20,20,0.2,0.17,50,326,0
act_18,18,0.23,0.88,51,33,0
act_29,29,0.13,0.87,52,255,1
act_29,29,0.13,0.87,52,163,1
act_16,16,0.21,0.03,53,207,0
act_27,27,0.12,0.1,54,197,0
act_27,27,0.12,0.1,54,285,0
act_11,11,0.08,0.78,54,248,0
act_7,7,0.19,0.02,55,156,0
act_10,10,0.02,0.87,56,349,1
act_10,10,0.02,0.87,56,122,1
act_10,10,0.02,0.87,56,178,1
act_34,34,0.12,0.82,56,328,0
act_10,10,0.02,0.87,56,51,1
act_10,10,0.02,0.87,56,246,1
act_10,10,0.02,0.87,56,14,1
act_25,25,0.05,0.13,57,368,0
act_25,25,0.05,0.13,57,70,0
act_25,25,0.05,0.13,57,203,0
act_25,25,0.05,0.13,57,270,0
act_25,25,0.05,0.13,57,143,0
act_25,25,0.05,0.13,57,284,0
act_25,25,0.05,0.13,57,351,0
act_25,25,0.05,0.13,57,57,0
act_33,33,0.09,0.49,58,337,1
act_33,33,0.09,0.49,58,343,1
act_34,34,0.12,0.82,58,149,1
act_33,33,0.09,0.49,58,281,1
act_37,37,0.1,0.5,59,69,1
act_36,36,0.29,0.65,59,116,1
act_37,37,0.1,0.5,59,148,1
act_12,12,0.29,0.13,60,190,0
act_8,8,0.08,0.91,60,30,0
act_21,21,0.12,0.64,61,276,1
act_21,21,0.12,0.64,61,56,1
act_25,25,0.05,0.13,62,37,0
act_25,25,0.05,0.13,62,322,0
act_25,25,0.05,0.13,62,331,0
act_7,7,0.19,0.02,62,96,0
act_25,25,0.05,0.13,62,107,0
act_25,25,0.05,0.13,62,359,0
act_37,37,0.1,0.5,63,65,0
act_37,37,0.1,0.5,63,307,0
act_10,10,0.02,0.87,64,287,1
act_12,12,0.29,0.13,64,126,0
act_10,10,0.02,0.87,64,315,1
act_10,10,0.02,0.87,64,46,1
act_10,10,0.02,0.87,64,58,1
act_10,10,0.02,0.87,64,92,1
act_10,10,0.02,0.87,64,238,1
act_10,10,0.02,0.87,64,145,1
act_10,10,0.02,0.87,64,221,1
act_16,16,0.21,0.03,65,41,0
act_2,2,0.25,0.43,66,132,0
act_7,7,0.19,0.02,66,371,0
act_10,10,0.02,0.87,67,168,1
act_5,5,0.19,0.79,67,81,0
act_38,38,0.27,0.03,68,24,0
act_23,23,0.21,0.52,68,79,0
act_31,31,0.06,0.99,69,22,0
act_21,21,0.12,0.64,69,323,0
act_31,31,0.06,0.99,69,269,0
act_21,21,0.12,0.64,70,305,1
act_21,21,0.12,0.64,70,113,1
act_16,16,0.21,0.03,71,71,0
act_35,35,0.11,0.48,71,15,0
act_17,17,0.21,0.11,72,210,0
act_21,21,0.12,0.64,72,309,0
act_26,26,0.07,0.3,73,222,0
act_2,2,0.25,0.43,73,275,0
act_26,26,0.07,0.3,73,247,0
act_21,21,0.12,0.64,74,43,0
act_31,31,0.06,0.99,74,339,0
act_21,21,0.12,0.64,74,342,0
act_29,29,0.13,0.87,75,204,0
act_29,29,0.13,0.87,75,31,0
act_29,29,0.13,0.87,75,358,0
act_13,13,0.24,0.5,76,338,1
act_0,0,0.24,0.81,76,267,1
act_6,6,0.08,0.91,77,88,0
act_6,6,0.08,0.91,77,124,0
act_2,2,0.25,0.43,77,252,0
act_29,29,0.13,0.87,78,101,1
act_1,1,0.27,0.77,78,286,0
act_11,11,0.08,0.78,78,62,0
act_17,17,0.21,0.11,79,91,0
act_36,36,0.29,0.65,80,314,0
act_39,39,0.02,0.97,80,244,1
act_34,34,0.12,0.82,80,7,0
act_39,39,0.02,0.97,80,223,1
act_29,29,0.13,0.87,81,8,1
act_30,30,0.17,0.31,81,214,0
act_6,6,0.08,0.91,82,110,0
act_21,21,0.12,0.64,82,265,0
act_21,21,0.12,0.64,82,289,0
act_6,6,0.08,0.91,82,311,0
act_34,34,0.12,0.82,83,177,1
act_37,37,0.1,0.5,83,76,1
act_37,37,0.1,0.5,83,152,1
act_34,34,0.12,0.82,83,283,1
act_37,37,0.1,0.5,83,233,1
act_15,15,0.09,0.01,84,366,0
act_15,15,0.09,0.01,84,347,0
act_35,35,0.11,0.48,84,6,0
act_11,11,0.08,0.78,85,40,0
act_21,21,0.12,0.64,85,353,0
act_11,11,0.08,0.78,85,209,0
act_11,11,0.08,0.78,85,364,0
act_35,35,0.11,0.48,86,374,0
act_35,35,0.11,0.48,86,321,0
act_18,18,0.23,0.88,87,225,1
act_18,18,0.23,0.88,87,3,1
act_11,11,0.08,0.78,88,74,0
act_25,25,0.05,0.13,88,179,0
act_25,25,0.05,0.13,88,0,0
act_25,25,0.05,0.13,88,17,0
act_11,11,0.08,0.78,88,44,0
act_3,3,0.25,0.19,89,200,0
act_3,3,0.25,0.19,89,299,0
act_7,7,0.19,0.02,90,131,0
act_15,15,0.09,0.01,91,134,0
act_24,24,0.19,0.14,91,86,0
act_15,15,0.09,0.01,91,128,0
act_6,6,0.08,0.91,92,20,0
act_10,10,0.02,0.87,92,49,0
act_10,10,0.02,0.87,92,249,0
act_10,10,0.02,0.87,92,350,0
act_10,10,0.02,0.87,92,138,0
act_10,10,0.02,0.87,92,42,0
act_10,10,0.02,0.87,92,32,0
act_10,10,0.02,0.87,92,186,0
act_10,10,0.02,0.87,92,173,0
act_11,11,0.08,0.78,93,184,0
act_10,10,0.02,0.87,93,304,1
act_10,10,0.02,0.87,93,245,1
act_10,10,0.02,0.87,93,191,1
act_4,4,0.02,0.53,93,216,0
act_11,11,0.08,0.78,93,160,0
act_25,25,0.05,0.13,93,365,0
act_25,25,0.05,0.13,93,75,0
act_4,4,0.02,0.53,93,9,0
act_11,11,0.08,0.78,93,105,0
act_4,4,0.02,0.53,93,336,0
act_17,17,0.21,0.11,94,278,0
act_23,23,0.21,0.52,94,372,0
act_35,35,0.11,0.48,95,137,1
act_35,35,0.11,0.48,95,199,1
act_20,20,0.2,0.17,95,258,0
act_2,2,0.25,0.43,96,189,0
act_10,10,0.02,0.87,96,235,0
act_10,10,0.02,0.87,96,325,0
act_4,4,0.02,0.53,96,10,0
act_4,4,0.02,0.53,96,263,0
act_10,10,0.02,0.87,96,19,0
act_10,10,0.02,0.87,96,103,0
act_10,10,0.02,0.87,96,290,0
act_10,10,0.02,0.87,96,335,0
act_4,4,0.02,0.53,96,171,0
act_4,4,0.02,0.53,96,38,0
act_12,12,0.29,0.13,97,180,0
act_14,14,0.2,0.58,97,320,0
act_20,20,0.2,0.17,98,175,0
act_21,21,0.12,0.64,98,104,0
act_20,20,0.2,0.17,99,115,0
act_39,39,0.02,0.97,99,217,1
act_39,39,0.02,0.97,99,102,1

Alpha (resource id, list of activity ids)
0:20,29,9
1:32,18,0,36
2:20,1,23
3:31,27
4:24,4,37,5
5:10,27
6:36,11,23,19
7:23,22,32,17
8:34,20,21,32
9:32,4,12
10:13,33
11:17,31,7,11
12:5,14,4
13:6,34,25,39
14:16,37
15:38,35,2
16:8,0,29,22
17:14,22,20
18:23,19,30,5
19:0,25
20:38,26,22,21
21:32,5
22:24,22,4
23:10,12,21
24:32,16,18
25:4,13,15,32
26:18,33
27:30,32,39
28:39,34,27
29:6,30,10,38
30:10,0
31:26,14,24
32:25,9,0
33:32,15,20
34:3,19,24
35:7,20
36:18,34
37:14,25
38:0,8
39:30,11,32,3
40:31,7
41:13,26
42:12,18,10,7
43:24,5,37,14
44:34,27,2
45:26,7,32
46:15,22,21
47:16,2,7,3
48:21,11,2,10
49:15,30
50:6,20
51:14,1,18
52:29,12,21
53:16,6
54:3,27,11
55:17,7,3
56:1,34,10
57:36,25
58:34,33,12,1
59:36,37
60:8,12,37
61:21,6,20,26
62:25,7
63:37,27
64:10,12
65:16,24
66:2,27,20,7
67:5,10
68:23,12,38
69:21,31
70:5,22,21
71:16,35
72:17,1,19,21
73:2,15,26
74:11,3,21,31
75:29,15,22
76:0,9,17,13
77:6,2
78:34,11,1,29
79:17,6,34
80:36,39,2,34
81:31,29,9,30
82:6,21
83:37,34,21
84:15,35
85:21,14,11
86:33,35,12
87:18,31,16,23
88:20,25,11,0
89:15,3
90:7,6
91:23,30,24,15
92:10,30,23,6
93:11,4,25,10
94:26,11,23,17
95:20,27,35,24
96:2,4,10
97:14,12
98:18,20,21,14
99:10,32,39,20

Costs (resource, resource to replace, activity, cost)
0,0,20,0
0,2,20,0.47
0,8,20,0.25
0,17,20,0.4
0,33,20,0.16
0,35,20,0.02
0,50,20,0.19
0,61,20,0.04
0,66,20,0.81
0,88,20,0.2
0,95,20,0.9
0,98,20,0.59
0,99,20,0.5
0,0,29,0
0,16,29,0.67
0,52,29,0.26
0,75,29,0.86
0,78,29,0.36
0,81,29,0.07
0,0,9,0
0,32,9,0.66
0,76,9,0.61
0,81,9,0.54
1,1,32,0
1,7,32,0.43
1,8,32,0.21
1,9,32,0.18
1,21,32,1.0
1,24,32,0.72
1,25,32,0.79
1,27,32,0.9
1,33,32,0.45
1,39,32,0.65
1,45,32,0.27
1,99,32,0.04
1,1,18,0
1,24,18,0.21
1,26,18,0.35
1,36,18,0.64
1,42,18,0.15
1,51,18,0.21
1,87,18,0.89
1,98,18,0.92
1,1,0,0
1,16,0,0.65
1,19,0,0.64
1,30,0,0.88
1,32,0,0.17
1,38,0,0.42
1,76,0,0.12
1,88,0,0.69
1,1,36,0
1,6,36,0.51
1,57,36,0.15
1,59,36,0.13
1,80,36,0.26
2,0,20,0.94
2,2,20,0
2,8,20,0.74
2,17,20,0.62
2,33,20,0.01
2,35,20,0.37
2,50,20,0.78
2,61,20,0.72
2,66,20,0.98
2,88,20,0.51
2,95,20,0.49
2,98,20,0.77
2,99,20,0.74
2,2,1,0
2,51,1,0.07
2,56,1,0.09
2,58,1,0.73
2,72,1,0.78
2,78,1,0.91
2,2,23,0
2,6,23,0.94
2,7,23,0.72
2,18,23,0.5
2,68,23,0.39
2,87,23,0.81
2,91,23,0.45
2,92,23,0.43
2,94,23,0.08
3,3,31,0
3,11,31,0.35
3,40,31,0.71
3,69,31,0.21
3,74,31,0.0
3,81,31,0.08
3,87,31,0.5
3,3,27,0
3,5,27,0.13
3,28,27,0.32
3,44,27,0.47
3,54,27,0.46
3,63,27,0.1
3,66,27,0.91
3,95,27,0.19
4,4,24,0
4,22,24,0.65
4,31,24,0.56
4,34,24,0.68
4,43,24,0.33
4,65,24,0.24
4,91,24,0.71
4,95,24,0.06
4,4,4,0
4,9,4,0.54
4,12,4,0.36
4,22,4,0.95
4,25,4,0.51
4,93,4,0.88
4,96,4,0.94
4,4,37,0
4,14,37,0.92
4,43,37,0.99
4,59,37,0.09
4,60,37,0.11
4,63,37,0.85
4,83,37,0.25
4,4,5,0
4,12,5,0.61
4,18,5,0.49
4,21,5,0.53
4,43,5,0.07
4,67,5,0.06
4,70,5,0.37
5,5,10,0
5,23,10,0.91
5,29,10,0.02
5,30,10,0.58
5,42,10,0.7
5,48,10,0.73
5,56,10,0.27
5,64,10,0.41
5,67,10,0.22
5,92,10,0.33
5,93,10,0.86
5,96,10,0.28
5,99,10,0.1
5,3,27,0.22
5,5,27,0
5,28,27,0.86
5,44,27,0.44
5,54,27,0.17
5,63,27,0.62
5,66,27,0.44
5,95,27,0.14
5,5,28,0
5,23,28,0.18
5,45,28,0.83
6,1,36,0.01
6,6,36,0
6,57,36,0.14
6,59,36,0.91
6,80,36,0.3
6,6,11,0
6,11,11,0.46
6,39,11,0.08
6,48,11,0.94
6,54,11,0.78
6,74,11,0.48
6,78,11,0.85
6,85,11,0.16
6,88,11,0.95
6,93,11,0.01
6,94,11,0.93
6,2,23,0.22
6,6,23,0
6,7,23,0.52
6,18,23,0.0
6,68,23,0.42
6,87,23,0.03
6,91,23,0.11
6,92,23,0.33
6,94,23,0.65
6,6,19,0
6,18,19,0.88
6,34,19,0.54
6,72,19,0.24
7,2,23,0.81
7,6,23,0.31
7,7,23,0
7,18,23,0.83
7,68,23,0.42
7,87,23,0.19
7,91,23,0.07
7,92,23,0.87
7,94,23,0.06
7,7,22,0
7,16,22,0.66
7,17,22,0.48
7,20,22,0.35
7,22,22,0.2
7,46,22,0.5
7,70,22,0.24
7,75,22,0.08
7,1,32,0.68
7,7,32,0
7,8,32,0.13
7,9,32,0.65
7,21,32,0.18
7,24,32,0.5
7,25,32,0.95
7,27,32,0.51
7,33,32,0.35
7,39,32,0.56
7,45,32,0.23
7,99,32,0.27
7,7,17,0
7,11,17,0.64
7,55,17,0.59
7,72,17,0.44
7,76,17,0.91
7,79,17,0.56
7,94,17,0.23
8,8,34,0
8,13,34,0.33
8,28,34,0.93
8,36,34,0.55
8,44,34,0.64
8,56,34,0.11
8,58,34,0.65
8,78,34,0.64
8,79,34,0.79
8,80,34,0.37
8,83,34,0.9
8,0,20,0.47
8,2,20,0.16
8,8,20,0
8,17,20,0.38
8,33,20,0.1
8,35,20,0.31
8,50,20,0.46
8,61,20,0.58
8,66,20,0.34
8,88,20,0.08
8,95,20,0.77
8,98,20,0.54
8,99,20,0.1
8,8,21,0
8,20,21,0.16
8,23,21,0.43
8,46,21,0.35
8,48,21,0.01
8,52,21,0.8
8,61,21,0.28
8,69,21,0.72
8,70,21,0.15
8,72,21,0.9
8,74,21,0.65
8,82,21,0.6
8,83,21,0.52
8,85,21,0.82
8,98,21,0.8
8,1,32,1.0
8,7,32,0.81
8,8,32,0
8,9,32,0.41
8,21,32,0.9
8,24,32,0.96
8,25,32,0.07
8,27,32,0.43
8,33,32,0.95
8,39,32,0.29
8,45,32,0.83
8,99,32,0.44
9,1,32,0.87
9,7,32,0.82
9,8,32,0.96
9,9,32,0
9,21,32,1.0
9,24,32,0.21
9,25,32,0.96
9,27,32,0.46
9,33,32,0.39
9,39,32,0.47
9,45,32,0.49
9,99,32,0.55
9,4,4,0.91
9,9,4,0
9,12,4,0.54
9,22,4,0.5
9,25,4,0.46
9,93,4,0.98
9,96,4,0.72
9,9,12,0
9,23,12,0.49
9,42,12,0.15
9,52,12,0.38
9,58,12,0.08
9,60,12,0.21
9,64,12,0.02
9,68,12,0.19
9,86,12,0.6
9,97,12,0.06
10,10,13,0
10,25,13,0.67
10,41,13,0.54
10,76,13,0.55
10,10,33,0
10,26,33,0.3
10,58,33,0.82
10,86,33,0.14
11,7,17,0.35
11,11,17,0
11,55,17,0.09
11,72,17,0.32
11,76,17,0.31
11,79,17,0.18
11,94,17,0.09
11,3,31,0.06
11,11,31,0
11,40,31,0.48
11,69,31,0.27
11,74,31,0.08
11,81,31,0.29
11,87,31,0.56
11,11,7,0
11,35,7,0.72
11,40,7,0.66
11,42,7,0.06
11,45,7,0.15
11,47,7,0.45
11,55,7,0.8
11,62,7,0.71
11,66,7,0.64
11,90,7,0.37
11,6,11,0.77
11,11,11,0
11,39,11,0.79
11,48,11,0.02
11,54,11,0.13
11,74,11,0.34
11,78,11,0.38
11,85,11,0.9
11,88,11,0.62
11,93,11,0.87
11,94,11,0.13
12,4,5,0.4
12,12,5,0
12,18,5,0.41
12,21,5,0.8
12,43,5,0.63
12,67,5,0.49
12,70,5,0.51
12,12,14,0
12,17,14,0.08
12,31,14,0.4
12,37,14,0.37
12,43,14,0.38
12,51,14,0.38
12,85,14,0.82
12,97,14,0.03
12,98,14,0.54
12,4,4,0.2
12,9,4,0.8
12,12,4,0
12,22,4,0.76
12,25,4,0.54
12,93,4,0.32
12,96,4,0.81
13,13,6,0
13,29,6,0.95
13,50,6,0.11
13,53,6,0.32
13,61,6,0.72
13,77,6,0.55
13,79,6,0.36
13,82,6,0.49
13,90,6,0.27
13,92,6,0.49
13,8,34,0.48
13,13,34,0
13,28,34,0.75
13,36,34,0.49
13,44,34,0.75
13,56,34,0.05
13,58,34,0.34
13,78,34,0.44
13,79,34,0.82
13,80,34,0.88
13,83,34,0.13
13,13,25,0
13,19,25,0.7
13,32,25,0.85
13,37,25,0.98
13,57,25,0.89
13,62,25,0.29
13,88,25,0.83
13,93,25,0.14
13,13,39,0
13,27,39,0.28
13,28,39,0.33
13,80,39,0.08
13,99,39,0.39
14,14,16,0
14,24,16,0.58
14,47,16,0.63
14,53,16,0.9
14,65,16,0.42
14,71,16,0.23
14,87,16,0.91
14,4,37,0.35
14,14,37,0
14,43,37,0.24
14,59,37,0.82
14,60,37,0.23
14,63,37,0.16
14,83,37,0.15
15,15,38,0
15,20,38,0.23
15,29,38,0.92
15,68,38,0.23
15,15,35,0
15,71,35,0.73
15,84,35,0.03
15,86,35,0.6
15,95,35,0.31
15,15,2,0
15,44,2,0.17
15,47,2,0.02
15,48,2,0.42
15,66,2,0.74
15,73,2,0.98
15,77,2,0.15
15,80,2,0.58
15,96,2,0.67
16,16,8,0
16,38,8,0.98
16,60,8,0.08
16,1,0,0.93
16,16,0,0
16,19,0,0.95
16,30,0,0.54
16,32,0,0.84
16,38,0,0.15
16,76,0,0.09
16,88,0,0.75
16,0,29,0.37
16,16,29,0
16,52,29,0.19
16,75,29,0.59
16,78,29,0.26
16,81,29,0.24
16,7,22,0.58
16,16,22,0
16,17,22,0.76
16,20,22,0.54
16,22,22,0.89
16,46,22,0.9
16,70,22,0.49
16,75,22,0.13
17,12,14,0.18
17,17,14,0
17,31,14,0.56
17,37,14,0.25
17,43,14,0.53
17,51,14,0.69
17,85,14,0.12
17,97,14,0.92
17,98,14,0.75
17,7,22,0.58
17,16,22,0.94
17,17,22,0
17,20,22,0.74
17,22,22,0.72
17,46,22,0.61
17,70,22,0.11
17,75,22,0.52
17,0,20,0.97
17,2,20,0.98
17,8,20,0.82
17,17,20,0
17,33,20,0.69
17,35,20,0.7
17,50,20,0.99
17,61,20,0.01
17,66,20,0.35
17,88,20,0.87
17,95,20,0.87
17,98,20,0.6
17,99,20,0.41
18,2,23,0.6
18,6,23,0.16
18,7,23,0.3
18,18,23,0
18,68,23,0.15
18,87,23,0.32
18,91,23,0.16
18,92,23,0.64
18,94,23,0.19
18,6,19,0.11
18,18,19,0
18,34,19,0.22
18,72,19,0.9
18,18,30,0
18,27,30,0.17
18,29,30,0.13
18,39,30,0.79
18,49,30,0.54
18,81,30,0.01
18,91,30,0.86
18,92,30,0.15
18,4,5,0.26
18,12,5,0.29
18,18,5,0
18,21,5,0.15
18,43,5,0.68
18,67,5,0.71
18,70,5,0.08
19,1,0,0.09
19,16,0,0.05
19,19,0,0
19,30,0,0.5
19,32,0,0.89
19,38,0,0.4
19,76,0,0.6
19,88,0,0.26
19,13,25,0.0
19,19,25,0
19,32,25,0.85
19,37,25,0.84
19,57,25,0.4
19,62,25,0.18
19,88,25,0.18
19,93,25,0.58
20,15,38,0.6
20,20,38,0
20,29,38,0.64
20,68,38,0.8
20,20,26,0
20,31,26,0.83
20,41,26,0.14
20,45,26,0.7
20,61,26,0.47
20,73,26,0.49
20,94,26,0.89
20,7,22,0.74
20,16,22,0.06
20,17,22,0.6
20,20,22,0
20,22,22,0.93
20,46,22,0.62
20,70,22,0.13
20,75,22,0.7
20,8,21,0.85
20,20,21,0
20,23,21,0.86
20,46,21,0.58
20,48,21,0.64
20,52,21,0.64
20,61,21,0.29
20,69,21,0.57
20,70,21,0.31
20,72,21,0.47
20,74,21,0.93
20,82,21,0.95
20,83,21,0.21
20,85,21,0.84
20,98,21,0.15
21,1,32,0.8
21,7,32,0.84
21,8,32,0.44
21,9,32,0.76
21,21,32,0
21,24,32,0.28
21,25,32,0.71
21,27,32,0.08
21,33,32,0.05
21,39,32,0.41
21,45,32,0.82
21,99,32,0.32
21,4,5,0.42
21,12,5,0.82
21,18,5,0.12
21,21,5,0
21,43,5,0.98
21,67,5,0.13
21,70,5,0.19
22,4,24,0.91
22,22,24,0
22,31,24,0.43
22,34,24,0.14
22,43,24,0.98
22,65,24,0.63
22,91,24,0.2
22,95,24,0.57
22,7,22,0.71
22,16,22,0.73
22,17,22,0.56
22,20,22,0.44
22,22,22,0
22,46,22,0.21
22,70,22,0.62
22,75,22,0.39
22,4,4,0.33
22,9,4,0.5
22,12,4,0.23
22,22,4,0
22,25,4,0.96
22,93,4,0.95
22,96,4,0.62
23,5,10,0.39
23,23,10,0
23,29,10,0.78
23,30,10,0.49
23,42,10,0.68
23,48,10,0.03
23,56,10,0.1
23,64,10,0.78
23,67,10,0.19
23,92,10,0.24
23,93,10,0.06
23,96,10,0.94
23,99,10,0.41
23,9,12,0.43
23,23,12,0
23,42,12,0.91
23,52,12,0.88
23,58,12,0.36
23,60,12,0.31
23,64,12,0.59
23,68,12,0.0
23,86,12,0.35
23,97,12,0.34
23,5,28,0.55
23,23,28,0
23,45,28,0.06
23,8,21,0.11
23,20,21,0.06
23,23,21,0
23,46,21,0.32
23,48,21,0.55
23,52,21,0.02
23,61,21,0.08
23,69,21,0.13
23,70,21,0.57
23,72,21,0.34
23,74,21,0.34
23,82,21,0.97
23,83,21,1.0
23,85,21,0.76
23,98,21,0.36
24,1,32,0.27
24,7,32,0.43
24,8,32,0.17
24,9,32,0.42
24,21,32,0.61
24,24,32,0
24,25,32,0.55
24,27,32,0.05
24,33,32,0.03
24,39,32,0.94
24,45,32,0.93
24,99,32,0.84
24,14,16,0.69
24,24,16,0
24,47,16,0.64
24,53,16,0.56
24,65,16,0.23
24,71,16,0.93
24,87,16,0.45
24,1,18,0.7
24,24,18,0
24,26,18,0.96
24,36,18,0.53
24,42,18,0.16
24,51,18,0.78
24,87,18,1.0
24,98,18,0.83
25,4,4,0.29
25,9,4,0.14
25,12,4,0.92
25,22,4,0.71
25,25,4,0
25,93,4,0.31
25,96,4,0.9
25,10,13,0.98
25,25,13,0
25,41,13,0.31
25,76,13,0.53
25,25,15,0
25,33,15,0.96
25,46,15,0.88
25,49,15,0.77
25,73,15,0.27
25,75,15,0.18
25,84,15,0.79
25,89,15,0.6
25,91,15,0.87
25,1,32,0.75
25,7,32,0.16
25,8,32,0.73
25,9,32,0.27
25,21,32,0.6
25,24,32,0.94
25,25,32,0
25,27,32,0.01
25,33,32,0.16
25,39,32,0.95
25,45,32,0.61
25,99,32,0.49
26,1,18,0.53
26,24,18,0.07
26,26,18,0
26,36,18,0.81
26,42,18,0.74
26,51,18,0.94
26,87,18,0.97
26,98,18,0.76
26,10,33,0.91
26,26,33,0
26,58,33,0.88
26,86,33,0.22
27,18,30,0.4
27,27,30,0
27,29,30,0.14
27,39,30,0.2
27,49,30,0.85
27,81,30,0.44
27,91,30,0.45
27,92,30,0.08
27,1,32,1.0
27,7,32,0.26
27,8,32,0.81
27,9,32,0.31
27,21,32,0.08
27,24,32,0.33
27,25,32,0.83
27,27,32,0
27,33,32,0.31
27,39,32,0.78
27,45,32,0.24
27,99,32,0.33
27,13,39,0.28
27,27,39,0
27,28,39,0.18
27,80,39,0.5
27,99,39,0.58
28,13,39,0.4
28,27,39,0.91
28,28,39,0
28,80,39,0.43
28,99,39,0.04
28,8,34,0.97
28,13,34,0.76
28,28,34,0
28,36,34,0.57
28,44,34,1.0
28,56,34,0.23
28,58,34,0.53
28,78,34,0.78
28,79,34,0.76
28,80,34,0.24
28,83,34,0.05
28,3,27,0.55
28,5,27,0.77
28,28,27,0
28,44,27,0.82
28,54,27,0.01
28,63,27,0.25
28,66,27,0.44
28,95,27,0.68
29,13,6,0.46
29,29,6,0
29,50,6,0.94
29,53,6,0.03
29,61,6,0.74
29,77,6,0.87
29,79,6,0.38
29,82,6,0.87
29,90,6,0.57
29,92,6,0.02
29,18,30,0.27
29,27,30,0.27
29,29,30,0
29,39,30,0.84
29,49,30,0.78
29,81,30,0.13
29,91,30,0.59
29,92,30,0.76
29,5,10,0.62
29,23,10,0.1
29,29,10,0
29,30,10,0.61
29,42,10,0.02
29,48,10,0.41
29,56,10,0.68
29,64,10,0.29
29,67,10,0.5
29,92,10,0.45
29,93,10,0.17
29,96,10,0.35
29,99,10,0.93
29,15,38,0.13
29,20,38,0.91
29,29,38,0
29,68,38,0.04
30,5,10,0.89
30,23,10,0.8
30,29,10,0.48
30,30,10,0
30,42,10,0.6
30,48,10,0.3
30,56,10,0.43
30,64,10,0.74
30,67,10,0.49
30,92,10,0.84
30,93,10,0.05
30,96,10,0.97
30,99,10,0.09
30,1,0,0.14
30,16,0,0.69
30,19,0,0.26
30,30,0,0
30,32,0,0.56
30,38,0,0.74
30,76,0,0.51
30,88,0,0.16
31,20,26,0.82
31,31,26,0
31,41,26,0.04
31,45,26,0.7
31,61,26,0.62
31,73,26,0.17
31,94,26,0.33
31,12,14,0.27
31,17,14,0.26
31,31,14,0
31,37,14,0.84
31,43,14,0.56
31,51,14,0.12
31,85,14,0.25
31,97,14,0.42
31,98,14,0.56
31,4,24,0.09
31,22,24,0.04
31,31,24,0
31,34,24,0.91
31,43,24,0.5
31,65,24,0.47
31,91,24,0.46
31,95,24,0.88
32,13,25,0.3
32,19,25,0.22
32,32,25,0
32,37,25,0.95
32,57,25,0.85
32,62,25,0.28
32,88,25,0.43
32,93,25,0.06
32,0,9,0.24
32,32,9,0
32,76,9,0.5
32,81,9,0.11
32,1,0,0.33
32,16,0,0.94
32,19,0,0.74
32,30,0,0.41
32,32,0,0
32,38,0,0.1
32,76,0,0.83
32,88,0,0.11
33,1,32,0.86
33,7,32,0.68
33,8,32,0.03
33,9,32,0.0
33,21,32,0.06
33,24,32,0.78
33,25,32,0.88
33,27,32,1.0
33,33,32,0
33,39,32,0.87
33,45,32,0.68
33,99,32,0.99
33,25,15,0.69
33,33,15,0
33,46,15,0.49
33,49,15,0.9
33,73,15,0.21
33,75,15,0.31
33,84,15,0.19
33,89,15,0.17
33,91,15,0.28
33,0,20,0.65
33,2,20,0.37
33,8,20,0.39
33,17,20,0.62
33,33,20,0
33,35,20,0.37
33,50,20,0.24
33,61,20,0.58
33,66,20,0.29
33,88,20,0.39
33,95,20,0.42
33,98,20,0.14
33,99,20,0.08
34,34,3,0
34,39,3,0.5
34,47,3,0.61
34,54,3,0.86
34,55,3,0.63
34,74,3,0.01
34,89,3,0.88
34,6,19,0.34
34,18,19,0.25
34,34,19,0
34,72,19,0.87
34,4,24,0.01
34,22,24,0.29
34,31,24,0.93
34,34,24,0
34,43,24,0.68
34,65,24,0.54
34,91,24,0.66
34,95,24,0.38
35,11,7,0.61
35,35,7,0
35,40,7,0.91
35,42,7,0.75
35,45,7,0.19
35,47,7,0.44
35,55,7,0.63
35,62,7,0.04
35,66,7,0.14
35,90,7,0.18
35,0,20,0.54
35,2,20,0.04
35,8,20,0.46
35,17,20,0.28
35,33,20,0.35
35,35,20,0
35,50,20,0.68
35,61,20,0.89
35,66,20,0.3
35,88,20,0.63
35,95,20,0.82
35,98,20,0.22
35,99,20,0.18
36,1,18,0.83
36,24,18,0.31
36,26,18,0.75
36,36,18,0
36,42,18,0.85
36,51,18,0.71
36,87,18,0.57
36,98,18,0.45
36,8,34,0.88
36,13,34,0.86
36,28,34,0.1
36,36,34,0
36,44,34,0.1
36,56,34,0.16
36,58,34,0.17
36,78,34,0.11
36,79,34,0.89
36,80,34,0.06
36,83,34,0.34
37,12,14,0.04
37,17,14,0.67
37,31,14,0.6
37,37,14,0
37,43,14,0.02
37,51,14,0.33
37,85,14,0.05
37,97,14,0.88
37,98,14,0.12
37,13,25,0.24
37,19,25,0.26
37,32,25,0.28
37,37,25,0
37,57,25,0.35
37,62,25,0.17
37,88,25,0.03
37,93,25,0.86
38,1,0,0.87
38,16,0,0.76
38,19,0,0.83
38,30,0,0.81
38,32,0,0.38
38,38,0,0
38,76,0,0.55
38,88,0,0.08
38,16,8,0.98
38,38,8,0
38,60,8,1.0
39,18,30,0.2
39,27,30,0.01
39,29,30,0.56
39,39,30,0
39,49,30,0.52
39,81,30,0.55
39,91,30,0.91
39,92,30,0.74
39,6,11,0.88
39,11,11,0.16
39,39,11,0
39,48,11,0.55
39,54,11,0.18
39,74,11,0.74
39,78,11,0.1
39,85,11,0.92
39,88,11,0.17
39,93,11,0.27
39,94,11,0.43
39,1,32,0.42
39,7,32,0.36
39,8,32,0.96
39,9,32,0.37
39,21,32,0.59
39,24,32,0.58
39,25,32,0.9
39,27,32,0.22
39,33,32,0.57
39,39,32,0
39,45,32,0.43
39,99,32,0.14
39,34,3,0.83
39,39,3,0
39,47,3,0.67
39,54,3,0.51
39,55,3,0.5
39,74,3,0.4
39,89,3,0.31
40,3,31,0.18
40,11,31,0.67
40,40,31,0
40,69,31,0.95
40,74,31,0.5
40,81,31,0.43
40,87,31,0.61
40,11,7,0.46
40,35,7,0.96
40,40,7,0
40,42,7,0.72
40,45,7,0.37
40,47,7,0.19
40,55,7,0.99
40,62,7,0.5
40,66,7,0.56
40,90,7,0.96
41,10,13,0.59
41,25,13,0.1
41,41,13,0
41,76,13,0.89
41,20,26,0.66
41,31,26,0.69
41,41,26,0
41,45,26,0.91
41,61,26,0.84
41,73,26,0.79
41,94,26,0.64
42,9,12,0.93
42,23,12,0.66
42,42,12,0
42,52,12,0.62
42,58,12,0.95
42,60,12,0.07
42,64,12,0.55
42,68,12,0.27
42,86,12,0.3
42,97,12,0.65
42,1,18,0.07
42,24,18,0.93
42,26,18,0.01
42,36,18,0.98
42,42,18,0
42,51,18,0.52
42,87,18,0.13
42,98,18,0.36
42,5,10,0.31
42,23,10,0.4
42,29,10,0.72
42,30,10,0.28
42,42,10,0
42,48,10,0.02
42,56,10,0.41
42,64,10,0.06
42,67,10,0.16
42,92,10,0.51
42,93,10,0.99
42,96,10,0.14
42,99,10,0.53
42,11,7,0.64
42,35,7,0.27
42,40,7,0.29
42,42,7,0
42,45,7,0.29
42,47,7,0.78
42,55,7,0.89
42,62,7,0.37
42,66,7,0.06
42,90,7,0.91
43,4,24,0.51
43,22,24,0.6
43,31,24,0.38
43,34,24,0.66
43,43,24,0
43,65,24,0.91
43,91,24,0.87
43,95,24,0.23
43,4,5,0.47
43,12,5,0.92
43,18,5,0.53
43,21,5,0.25
43,43,5,0
43,67,5,0.73
43,70,5,0.31
43,4,37,0.64
43,14,37,0.59
43,43,37,0
43,59,37,0.19
43,60,37,0.23
43,63,37,0.83
43,83,37,0.04
43,12,14,0.63
43,17,14,0.76
43,31,14,0.25
43,37,14,0.03
43,43,14,0
43,51,14,0.76
43,85,14,0.95
43,97,14,0.22
43,98,14,0.38
44,8,34,0.37
44,13,34,0.99
44,28,34,0.01
44,36,34,0.18
44,44,34,0
44,56,34,0.54
44,58,34,0.7
44,78,34,0.08
44,79,34,0.78
44,80,34,0.12
44,83,34,0.74
44,3,27,0.55
44,5,27,0.08
44,28,27,0.82
44,44,27,0
44,54,27,0.63
44,63,27,0.66
44,66,27,0.44
44,95,27,0.12
44,15,2,0.26
44,44,2,0
44,47,2,0.55
44,48,2,0.99
44,66,2,0.38
44,73,2,0.93
44,77,2,0.83
44,80,2,0.93
44,96,2,0.33
45,20,26,0.28
45,31,26,0.65
45,41,26,0.69
45,45,26,0
45,61,26,0.6
45,73,26,0.74
45,94,26,1.0
45,11,7,0.96
45,35,7,0.8
45,40,7,0.05
45,42,7,0.43
45,45,7,0
45,47,7,0.21
45,55,7,0.55
45,62,7,0.16
45,66,7,0.54
45,90,7,0.32
45,5,28,0.73
45,23,28,0.27
45,45,28,0
45,1,32,0.61
45,7,32,0.24
45,8,32,0.09
45,9,32,0.73
45,21,32,0.69
45,24,32,0.56
45,25,32,0.59
45,27,32,0.15
45,33,32,0.85
45,39,32,0.56
45,45,32,0
45,99,32,0.68
46,25,15,0.31
46,33,15,0.71
46,46,15,0
46,49,15,0.28
46,73,15,0.2
46,75,15,0.56
46,84,15,0.56
46,89,15,0.95
46,91,15,0.97
46,7,22,0.4
46,16,22,0.53
46,17,22,0.82
46,20,22,0.27
46,22,22,0.3
46,46,22,0
46,70,22,0.86
46,75,22,0.3
46,8,21,0.44
46,20,21,0.08
46,23,21,0.53
46,46,21,0
46,48,21,0.26
46,52,21,0.56
46,61,21,0.66
46,69,21,0.11
46,70,21,0.25
46,72,21,0.88
46,74,21,0.24
46,82,21,0.73
46,83,21,0.61
46,85,21,0.4
46,98,21,0.33
47,14,16,0.85
47,24,16,0.1
47,47,16,0
47,53,16,0.56
47,65,16,0.65
47,71,16,0.97
47,87,16,0.61
47,15,2,0.97
47,44,2,0.41
47,47,2,0
47,48,2,0.65
47,66,2,0.27
47,73,2,0.24
47,77,2,0.96
47,80,2,0.65
47,96,2,0.95
47,11,7,0.18
47,35,7,0.18
47,40,7,0.81
47,42,7,0.77
47,45,7,0.56
47,47,7,0
47,55,7,0.38
47,62,7,1.0
47,66,7,0.23
47,90,7,0.62
47,34,3,0.22
47,39,3,0.02
47,47,3,0
47,54,3,0.0
47,55,3,0.69
47,74,3,0.22
47,89,3,0.14
48,8,21,0.86
48,20,21,0.2
48,23,21,0.31
48,46,21,0.78
48,48,21,0
48,52,21,0.47
48,61,21,0.37
48,69,21,0.3
48,70,21,0.67
48,72,21,0.52
48,74,21,0.24
48,82,21,0.16
48,83,21,0.23
48,85,21,0.92
48,98,21,0.49
48,6,11,0.32
48,11,11,0.05
48,39,11,0.23
48,48,11,0
48,54,11,0.45
48,74,11,0.92
48,78,11,0.48
48,85,11,0.68
48,88,11,0.27
48,93,11,0.61
48,94,11,0.35
48,15,2,0.16
48,44,2,0.97
48,47,2,0.1
48,48,2,0
48,66,2,0.61
48,73,2,0.44
48,77,2,0.89
48,80,2,0.47
48,96,2,0.64
48,5,10,0.8
48,23,10,0.73
48,29,10,0.71
48,30,10,0.77
48,42,10,0.29
48,48,10,0
48,56,10,0.52
48,64,10,0.23
48,67,10,0.6
48,92,10,0.33
48,93,10,0.35
48,96,10,0.39
48,99,10,0.19
49,25,15,0.37
49,33,15,0.28
49,46,15,0.32
49,49,15,0
49,73,15,0.62
49,75,15,0.07
49,84,15,0.41
49,89,15,0.4
49,91,15,0.25
49,18,30,0.76
49,27,30,0.95
49,29,30,0.69
49,39,30,0.31
49,49,30,0
49,81,30,0.78
49,91,30,0.54
49,92,30,0.81
50,13,6,0.53
50,29,6,0.98
50,50,6,0
50,53,6,0.9
50,61,6,0.41
50,77,6,0.54
50,79,6,0.11
50,82,6,0.73
50,90,6,0.98
50,92,6,0.9
50,0,20,0.25
50,2,20,0.38
50,8,20,0.56
50,17,20,0.78
50,33,20,0.81
50,35,20,0.79
50,50,20,0
50,61,20,0.69
50,66,20,0.33
50,88,20,0.42
50,95,20,0.5
50,98,20,0.99
50,99,20,0.08
51,12,14,0.74
51,17,14,0.77
51,31,14,0.42
51,37,14,0.33
51,43,14,0.34
51,51,14,0
51,85,14,0.77
51,97,14,0.87
51,98,14,0.62
51,2,1,0.59
51,51,1,0
51,56,1,0.31
51,58,1,0.72
51,72,1,0.34
51,78,1,0.99
51,1,18,0.94
51,24,18,0.97
51,26,18,0.66
51,36,18,1.0
51,42,18,0.05
51,51,18,0
51,87,18,0.48
51,98,18,0.35
52,0,29,0.5
52,16,29,0.29
52,52,29,0
52,75,29,0.8
52,78,29,0.54
52,81,29,0.27
52,9,12,0.57
52,23,12,0.18
52,42,12,0.84
52,52,12,0
52,58,12,0.33
52,60,12,0.63
52,64,12,0.04
52,68,12,0.14
52,86,12,0.54
52,97,12,0.82
52,8,21,0.76
52,20,21,0.63
52,23,21,0.71
52,46,21,0.85
52,48,21,0.01
52,52,21,0
52,61,21,0.68
52,69,21,0.52
52,70,21,0.59
52,72,21,0.01
52,74,21,0.36
52,82,21,0.42
52,83,21,0.08
52,85,21,0.13
52,98,21,0.62
53,14,16,0.33
53,24,16,0.46
53,47,16,0.93
53,53,16,0
53,65,16,0.5
53,71,16,0.91
53,87,16,0.42
53,13,6,0.27
53,29,6,0.94
53,50,6,0.93
53,53,6,0
53,61,6,0.38
53,77,6,0.84
53,79,6,0.2
53,82,6,0.44
53,90,6,0.62
53,92,6,0.75
54,34,3,0.75
54,39,3,0.74
54,47,3,0.89
54,54,3,0
54,55,3,0.2
54,74,3,0.22
54,89,3,0.2
54,3,27,0.98
54,5,27,0.68
54,28,27,0.01
54,44,27,0.45
54,54,27,0
54,63,27,0.59
54,66,27,0.05
54,95,27,0.02
54,6,11,0.44
54,11,11,0.89
54,39,11,0.27
54,48,11,0.75
54,54,11,0
54,74,11,0.33
54,78,11,0.73
54,85,11,0.96
54,88,11,0.63
54,93,11,0.89
54,94,11,0.49
55,7,17,0.28
55,11,17,0.22
55,55,17,0
55,72,17,0.78
55,76,17,0.3
55,79,17,0.83
55,94,17,0.8
55,11,7,0.61
55,35,7,0.96
55,40,7,0.46
55,42,7,0.12
55,45,7,0.92
55,47,7,0.18
55,55,7,0
55,62,7,0.85
55,66,7,0.75
55,90,7,0.53
55,34,3,0.89
55,39,3,0.53
55,47,3,0.58
55,54,3,0.5
55,55,3,0
55,74,3,0.7
55,89,3,0.3
56,2,1,0.2
56,51,1,0.9
56,56,1,0
56,58,1,0.12
56,72,1,0.49
56,78,1,0.71
56,8,34,0.09
56,13,34,0.18
56,28,34,0.28
56,36,34,0.61
56,44,34,0.2
56,56,34,0
56,58,34,0.04
56,78,34,0.67
56,79,34,0.56
56,80,34,0.11
56,83,34,0.78
56,5,10,0.22
56,23,10,0.26
56,29,10,0.07
56,30,10,0.44
56,42,10,0.26
56,48,10,0.82
56,56,10,0
56,64,10,0.38
56,67,10,0.55
56,92,10,0.41
56,93,10,0.87
56,96,10,0.89
56,99,10,0.55
57,1,36,0.18
57,6,36,0.83
57,57,36,0
57,59,36,0.11
57,80,36,0.66
57,13,25,0.34
57,19,25,0.6
57,32,25,0.67
57,37,25,0.66
57,57,25,0
57,62,25,0.24
57,88,25,0.59
57,93,25,0.27
58,8,34,0.32
58,13,34,0.22
58,28,34,0.5
58,36,34,0.93
58,44,34,0.27
58,56,34,0.43
58,58,34,0
58,78,34,0.45
58,79,34,0.39
58,80,34,0.13
58,83,34,0.97
58,10,33,0.62
58,26,33,0.13
58,58,33,0
58,86,33,0.42
58,9,12,0.05
58,23,12,0.69
58,42,12,0.64
58,52,12,0.58
58,58,12,0
58,60,12,0.03
58,64,12,0.92
58,68,12,0.92
58,86,12,0.88
58,97,12,0.65
58,2,1,0.05
58,51,1,0.57
58,56,1,0.46
58,58,1,0
58,72,1,0.49
58,78,1,0.61
59,1,36,0.83
59,6,36,0.22
59,57,36,0.24
59,59,36,0
59,80,36,0.12
59,4,37,0.9
59,14,37,0.92
59,43,37,0.48
59,59,37,0
59,60,37,0.24
59,63,37,0.49
59,83,37,0.21
60,16,8,0.36
60,38,8,0.17
60,60,8,0
60,9,12,0.33
60,23,12,0.13
60,42,12,0.58
60,52,12,0.93
60,58,12,0.66
60,60,12,0
60,64,12,0.57
60,68,12,0.74
60,86,12,0.08
60,97,12,0.22
60,4,37,0.46
60,14,37,0.24
60,43,37,0.86
60,59,37,0.18
60,60,37,0
60,63,37,0.44
60,83,37,0.24
61,8,21,0.86
61,20,21,0.77
61,23,21,0.14
61,46,21,0.07
61,48,21,0.13
61,52,21,0.16
61,61,21,0
61,69,21,0.72
61,70,21,0.87
61,72,21,0.41
61,74,21,0.79
61,82,21,0.75
61,83,21,0.14
61,85,21,0.51
61,98,21,0.18
61,13,6,0.4
61,29,6,0.11
61,50,6,0.43
61,53,6,0.92
61,61,6,0
61,77,6,0.93
61,79,6,0.95
61,82,6,0.68
61,90,6,0.02
61,92,6,0.29
61,0,20,0.89
61,2,20,0.58
61,8,20,0.39
61,17,20,0.74
61,33,20,0.59
61,35,20,0.77
61,50,20,0.71
61,61,20,0
61,66,20,0.19
61,88,20,0.87
61,95,20,0.19
61,98,20,0.45
61,99,20,0.6
61,20,26,0.41
61,31,26,0.09
61,41,26,0.36
61,45,26,0.04
61,61,26,0
61,73,26,0.85
61,94,26,0.55
62,13,25,0.1
62,19,25,0.79
62,32,25,0.87
62,37,25,0.22
62,57,25,0.31
62,62,25,0
62,88,25,0.31
62,93,25,0.42
62,11,7,0.04
62,35,7,0.26
62,40,7,0.34
62,42,7,0.78
62,45,7,0.65
62,47,7,0.31
62,55,7,0.25
62,62,7,0
62,66,7,0.23
62,90,7,0.15
63,4,37,0.48
63,14,37,0.09
63,43,37,0.04
63,59,37,0.01
63,60,37,0.42
63,63,37,0
63,83,37,0.48
63,3,27,0.89
63,5,27,0.8
63,28,27,0.99
63,44,27,0.16
63,54,27,0.24
63,63,27,0
63,66,27,0.79
63,95,27,0.14
64,5,10,0.5
64,23,10,0.47
64,29,10,0.51
64,30,10,0.06
64,42,10,0.72
64,48,10,0.85
64,56,10,0.54
64,64,10,0
64,67,10,0.72
64,92,10,0.37
64,93,10,0.84
64,96,10,0.98
64,99,10,0.88
64,9,12,0.6
64,23,12,0.65
64,42,12,0.0
64,52,12,0.57
64,58,12,0.91
64,60,12,0.89
64,64,12,0
64,68,12,0.44
64,86,12,0.58
64,97,12,0.37
65,14,16,0.91
65,24,16,0.57
65,47,16,0.43
65,53,16,0.12
65,65,16,0
65,71,16,0.76
65,87,16,0.6
65,4,24,0.4
65,22,24,0.03
65,31,24,0.04
65,34,24,0.41
65,43,24,0.39
65,65,24,0
65,91,24,0.31
65,95,24,0.85
66,15,2,0.05
66,44,2,0.91
66,47,2,0.29
66,48,2,0.2
66,66,2,0
66,73,2,0.08
66,77,2,0.98
66,80,2,0.03
66,96,2,0.91
66,3,27,0.97
66,5,27,0.86
66,28,27,0.45
66,44,27,0.3
66,54,27,0.8
66,63,27,0.71
66,66,27,0
66,95,27,0.01
66,0,20,0.1
66,2,20,0.2
66,8,20,0.02
66,17,20,0.15
66,33,20,0.2
66,35,20,0.01
66,50,20,0.62
66,61,20,0.63
66,66,20,0
66,88,20,0.38
66,95,20,0.3
66,98,20,0.15
66,99,20,0.43
66,11,7,0.06
66,35,7,0.22
66,40,7,0.74
66,42,7,0.02
66,45,7,0.58
66,47,7,0.61
66,55,7,0.93
66,62,7,0.92
66,66,7,0
66,90,7,0.45
67,4,5,0.58
67,12,5,0.3
67,18,5,0.44
67,21,5,0.17
67,43,5,0.17
67,67,5,0
67,70,5,0.77
67,5,10,0.27
67,23,10,0.18
67,29,10,0.37
67,30,10,0.68
67,42,10,0.47
67,48,10,0.01
67,56,10,0.19
67,64,10,0.31
67,67,10,0
67,92,10,0.56
67,93,10,0.76
67,96,10,0.53
67,99,10,0.64
68,2,23,0.4
68,6,23,0.7
68,7,23,0.49
68,18,23,0.75
68,68,23,0
68,87,23,0.77
68,91,23,0.46
68,92,23,0.8
68,94,23,0.76
68,9,12,0.1
68,23,12,0.6
68,42,12,0.13
68,52,12,0.24
68,58,12,0.71
68,60,12,0.54
68,64,12,0.82
68,68,12,0
68,86,12,0.77
68,97,12,0.99
68,15,38,0.64
68,20,38,0.02
68,29,38,0.95
68,68,38,0
69,8,21,0.77
69,20,21,0.03
69,23,21,0.79
69,46,21,0.38
69,48,21,0.18
69,52,21,0.33
69,61,21,0.18
69,69,21,0
69,70,21,0.68
69,72,21,0.82
69,74,21,0.95
69,82,21,0.74
69,83,21,0.93
69,85,21,0.36
69,98,21,0.39
69,3,31,0.83
69,11,31,0.29
69,40,31,0.8
69,69,31,0
69,74,31,0.83
69,81,31,0.22
69,87,31,0.36
70,4,5,0.77
70,12,5,0.36
70,18,5,0.44
70,21,5,0.06
70,43,5,0.74
70,67,5,0.49
70,70,5,0
70,7,22,0.95
70,16,22,0.54
70,17,22,0.42
70,20,22,0.65
70,22,22,0.75
70,46,22,0.72
70,70,22,0
70,75,22,0.81
70,8,21,0.02
70,20,21,0.31
70,23,21,0.24
70,46,21,0.16
70,48,21,0.7
70,52,21,0.39
70,61,21,0.27
70,69,21,0.87
70,70,21,0
70,72,21,0.06
70,74,21,0.21
70,82,21,0.35
70,83,21,0.71
70,85,21,0.21
70,98,21,0.77
71,14,16,0.48
71,24,16,0.33
71,47,16,0.7
71,53,16,0.03
71,65,16,0.46
71,71,16,0
71,87,16,0.24
71,15,35,0.18
71,71,35,0
71,84,35,0.03
71,86,35,0.09
71,95,35,0.1
72,7,17,0.77
72,11,17,0.81
72,55,17,0.5
72,72,17,0
72,76,17,0.67
72,79,17,0.79
72,94,17,0.01
72,2,1,0.8
72,51,1,0.11
72,56,1,0.33
72,58,1,0.57
72,72,1,0
72,78,1,0.67
72,6,19,0.25
72,18,19,0.01
72,34,19,0.09
72,72,19,0
72,8,21,0.54
72,20,21,0.51
72,23,21,0.78
72,46,21,0.06
72,48,21,0.32
72,52,21,0.64
72,61,21,0.59
72,69,21,0.12
72,70,21,0.14
72,72,21,0
72,74,21,0.42
72,82,21,0.8
72,83,21,0.45
72,85,21,0.04
72,98,21,0.42
73,15,2,0.43
73,44,2,0.06
73,47,2,0.95
73,48,2,0.74
73,66,2,0.95
73,73,2,0
73,77,2,0.5
73,80,2,0.29
73,96,2,0.5
73,25,15,0.17
73,33,15,0.76
73,46,15,0.7
73,49,15,0.54
73,73,15,0
73,75,15,0.78
73,84,15,0.93
73,89,15,0.09
73,91,15,0.57
73,20,26,0.71
73,31,26,0.09
73,41,26,0.71
73,45,26,0.2
73,61,26,0.29
73,73,26,0
73,94,26,0.91
74,6,11,0.02
74,11,11,0.7
74,39,11,0.29
74,48,11,0.94
74,54,11,0.58
74,74,11,0
74,78,11,0.8
74,85,11,0.84
74,88,11,0.45
74,93,11,0.64
74,94,11,0.79
74,34,3,0.42
74,39,3,0.18
74,47,3,0.96
74,54,3,0.09
74,55,3,0.75
74,74,3,0
74,89,3,0.03
74,8,21,0.13
74,20,21,0.71
74,23,21,0.85
74,46,21,0.37
74,48,21,0.79
74,52,21,0.15
74,61,21,0.88
74,69,21,0.76
74,70,21,0.02
74,72,21,0.25
74,74,21,0
74,82,21,0.62
74,83,21,0.25
74,85,21,0.51
74,98,21,0.98
74,3,31,0.32
74,11,31,0.96
74,40,31,0.67
74,69,31,0.15
74,74,31,0
74,81,31,0.61
74,87,31,0.16
75,0,29,0.26
75,16,29,0.7
75,52,29,0.84
75,75,29,0
75,78,29,0.09
75,81,29,0.9
75,25,15,0.73
75,33,15,0.94
75,46,15,0.77
75,49,15,0.86
75,73,15,0.06
75,75,15,0
75,84,15,0.15
75,89,15,0.68
75,91,15,0.03
75,7,22,0.37
75,16,22,0.01
75,17,22,0.51
75,20,22,0.99
75,22,22,0.29
75,46,22,0.93
75,70,22,0.01
75,75,22,0
76,1,0,0.46
76,16,0,0.66
76,19,0,0.27
76,30,0,0.78
76,32,0,0.67
76,38,0,0.74
76,76,0,0
76,88,0,0.43
76,0,9,0.68
76,32,9,0.96
76,76,9,0
76,81,9,0.2
76,7,17,0.89
76,11,17,0.57
76,55,17,0.31
76,72,17,0.35
76,76,17,0
76,79,17,0.87
76,94,17,0.93
76,10,13,0.43
76,25,13,0.41
76,41,13,0.94
76,76,13,0
77,13,6,0.92
77,29,6,0.7
77,50,6,0.15
77,53,6,0.82
77,61,6,0.06
77,77,6,0
77,79,6,0.73
77,82,6,0.0
77,90,6,0.32
77,92,6,0.35
77,15,2,0.36
77,44,2,0.16
77,47,2,0.01
77,48,2,0.35
77,66,2,0.79
77,73,2,0.7
77,77,2,0
77,80,2,0.69
77,96,2,0.6
78,8,34,0.49
78,13,34,0.13
78,28,34,0.23
78,36,34,0.8
78,44,34,0.99
78,56,34,0.63
78,58,34,0.72
78,78,34,0
78,79,34,0.79
78,80,34,0.51
78,83,34,0.78
78,6,11,0.65
78,11,11,0.43
78,39,11,0.65
78,48,11,0.68
78,54,11,0.52
78,74,11,0.09
78,78,11,0
78,85,11,0.13
78,88,11,0.46
78,93,11,0.79
78,94,11,0.42
78,2,1,0.49
78,51,1,0.8
78,56,1,0.44
78,58,1,0.98
78,72,1,0.69
78,78,1,0
78,0,29,0.99
78,16,29,0.41
78,52,29,0.22
78,75,29,0.82
78,78,29,0
78,81,29,0.61
79,7,17,0.86
79,11,17,0.2
79,55,17,0.86
79,72,17,0.79
79,76,17,0.54
79,79,17,0
79,94,17,0.64
79,13,6,0.77
79,29,6,0.24
79,50,6,0.52
79,53,6,0.58
79,61,6,0.72
79,77,6,0.9
79,79,6,0
79,82,6,0.47
79,90,6,0.04
79,92,6,0.49
79,8,34,0.68
79,13,34,0.38
79,28,34,0.88
79,36,34,0.22
79,44,34,0.03
79,56,34,0.07
79,58,34,0.54
79,78,34,0.67
79,79,34,0
79,80,34,0.48
79,83,34,0.97
80,1,36,0.84
80,6,36,0.24
80,57,36,0.59
80,59,36,0.02
80,80,36,0
80,13,39,0.65
80,27,39,0.44
80,28,39,0.71
80,80,39,0
80,99,39,0.8
80,15,2,0.31
80,44,2,0.51
80,47,2,0.28
80,48,2,0.92
80,66,2,0.99
80,73,2,0.45
80,77,2,0.12
80,80,2,0
80,96,2,0.34
80,8,34,0.46
80,13,34,0.14
80,28,34,0.38
80,36,34,0.96
80,44,34,0.81
80,56,34,0.85
80,58,34,0.27
80,78,34,0.33
80,79,34,0.83
80,80,34,0
80,83,34,0.46
81,3,31,0.88
81,11,31,0.11
81,40,31,0.63
81,69,31,0.99
81,74,31,0.68
81,81,31,0
81,87,31,0.9
81,0,29,0.36
81,16,29,0.84
81,52,29,0.64
81,75,29,0.46
81,78,29,0.14
81,81,29,0
81,0,9,0.97
81,32,9,0.66
81,76,9,0.47
81,81,9,0
81,18,30,0.28
81,27,30,0.52
81,29,30,0.8
81,39,30,0.35
81,49,30,0.89
81,81,30,0
81,91,30,0.24
81,92,30,0.81
82,13,6,0.17
82,29,6,0.78
82,50,6,0.96
82,53,6,0.13
82,61,6,0.43
82,77,6,0.62
82,79,6,0.84
82,82,6,0
82,90,6,0.87
82,92,6,0.03
82,8,21,0.69
82,20,21,0.21
82,23,21,0.45
82,46,21,0.06
82,48,21,0.76
82,52,21,0.21
82,61,21,0.17
82,69,21,0.13
82,70,21,0.69
82,72,21,0.08
82,74,21,0.14
82,82,21,0
82,83,21,0.87
82,85,21,0.29
82,98,21,0.85
83,4,37,0.78
83,14,37,0.6
83,43,37,0.14
83,59,37,0.36
83,60,37,0.39
83,63,37,0.95
83,83,37,0
83,8,34,0.28
83,13,34,0.27
83,28,34,0.11
83,36,34,0.61
83,44,34,0.96
83,56,34,0.99
83,58,34,0.99
83,78,34,0.4
83,79,34,0.15
83,80,34,0.56
83,83,34,0
83,8,21,0.86
83,20,21,0.48
83,23,21,0.82
83,46,21,0.47
83,48,21,0.33
83,52,21,0.82
83,61,21,0.51
83,69,21,0.99
83,70,21,0.33
83,72,21,0.36
83,74,21,0.11
83,82,21,1.0
83,83,21,0
83,85,21,0.94
83,98,21,0.58
84,25,15,0.35
84,33,15,0.04
84,46,15,0.39
84,49,15,0.16
84,73,15,0.73
84,75,15,0.2
84,84,15,0
84,89,15,0.52
84,91,15,0.6
84,15,35,0.05
84,71,35,0.23
84,84,35,0
84,86,35,0.27
84,95,35,0.81
85,8,21,0.16
85,20,21,0.21
85,23,21,0.12
85,46,21,0.76
85,48,21,0.73
85,52,21,0.5
85,61,21,0.34
85,69,21,0.65
85,70,21,0.37
85,72,21,0.15
85,74,21,0.77
85,82,21,0.63
85,83,21,0.26
85,85,21,0
85,98,21,0.91
85,12,14,0.94
85,17,14,0.38
85,31,14,0.84
85,37,14,0.79
85,43,14,0.01
85,51,14,0.8
85,85,14,0
85,97,14,0.79
85,98,14,0.28
85,6,11,0.68
85,11,11,0.35
85,39,11,0.86
85,48,11,0.34
85,54,11,0.98
85,74,11,0.6
85,78,11,0.26
85,85,11,0
85,88,11,0.55
85,93,11,0.2
85,94,11,0.74
86,10,33,0.03
86,26,33,0.63
86,58,33,0.37
86,86,33,0
86,15,35,0.44
86,71,35,0.03
86,84,35,0.74
86,86,35,0
86,95,35,0.82
86,9,12,0.57
86,23,12,0.57
86,42,12,0.1
86,52,12,0.27
86,58,12,0.4
86,60,12,0.27
86,64,12,0.87
86,68,12,0.89
86,86,12,0
86,97,12,0.51
87,1,18,0.56
87,24,18,0.7
87,26,18,0.45
87,36,18,0.97
87,42,18,0.17
87,51,18,0.18
87,87,18,0
87,98,18,0.89
87,3,31,0.23
87,11,31,0.75
87,40,31,0.64
87,69,31,0.37
87,74,31,0.88
87,81,31,0.04
87,87,31,0
87,14,16,0.47
87,24,16,0.98
87,47,16,0.1
87,53,16,0.76
87,65,16,0.26
87,71,16,0.88
87,87,16,0
87,2,23,0.65
87,6,23,0.18
87,7,23,0.65
87,18,23,0.14
87,68,23,0.8
87,87,23,0
87,91,23,0.29
87,92,23,0.75
87,94,23,0.7
88,0,20,0.71
88,2,20,0.68
88,8,20,0.1
88,17,20,0.6
88,33,20,0.47
88,35,20,0.26
88,50,20,0.82
88,61,20,0.16
88,66,20,0.27
88,88,20,0
88,95,20,0.69
88,98,20,0.42
88,99,20,0.83
88,13,25,0.22
88,19,25,0.91
88,32,25,0.18
88,37,25,0.19
88,57,25,0.89
88,62,25,0.02
88,88,25,0
88,93,25,0.78
88,6,11,0.02
88,11,11,0.81
88,39,11,0.72
88,48,11,0.68
88,54,11,0.37
88,74,11,0.79
88,78,11,0.36
88,85,11,0.79
88,88,11,0
88,93,11,0.29
88,94,11,0.4
88,1,0,0.83
88,16,0,0.04
88,19,0,0.8
88,30,0,0.08
88,32,0,0.16
88,38,0,0.45
88,76,0,0.14
88,88,0,0
89,25,15,0.38
89,33,15,0.97
89,46,15,0.11
89,49,15,0.81
89,73,15,0.5
89,75,15,0.69
89,84,15,0.57
89,89,15,0
89,91,15,0.39
89,34,3,0.9
89,39,3,0.28
89,47,3,0.79
89,54,3,0.61
89,55,3,0.93
89,74,3,0.95
89,89,3,0
90,11,7,0.43
90,35,7,0.2
90,40,7,0.86
90,42,7,0.56
90,45,7,0.35
90,47,7,0.45
90,55,7,0.07
90,62,7,0.82
90,66,7,0.65
90,90,7,0
90,13,6,0.3
90,29,6,0.96
90,50,6,0.58
90,53,6,0.51
90,61,6,0.19
90,77,6,0.9
90,79,6,0.99
90,82,6,0.46
90,90,6,0
90,92,6,0.01
91,2,23,0.99
91,6,23,0.91
91,7,23,0.17
91,18,23,0.16
91,68,23,0.41
91,87,23,0.22
91,91,23,0
91,92,23,0.62
91,94,23,0.31
91,18,30,0.82
91,27,30,0.58
91,29,30,0.87
91,39,30,0.26
91,49,30,0.88
91,81,30,0.25
91,91,30,0
91,92,30,0.83
91,4,24,0.46
91,22,24,0.92
91,31,24,0.87
91,34,24,0.53
91,43,24,0.48
91,65,24,0.21
91,91,24,0
91,95,24,0.45
91,25,15,0.92
91,33,15,0.24
91,46,15,0.65
91,49,15,0.33
91,73,15,0.77
91,75,15,0.03
91,84,15,0.19
91,89,15,0.82
91,91,15,0
92,5,10,0.78
92,23,10,0.51
92,29,10,0.01
92,30,10,0.88
92,42,10,0.59
92,48,10,0.12
92,56,10,0.09
92,64,10,0.67
92,67,10,0.63
92,92,10,0
92,93,10,0.01
92,96,10,0.1
92,99,10,0.45
92,18,30,0.7
92,27,30,0.36
92,29,30,0.37
92,39,30,0.07
92,49,30,0.46
92,81,30,0.28
92,91,30,0.9
92,92,30,0
92,2,23,0.21
92,6,23,0.19
92,7,23,0.75
92,18,23,0.31
92,68,23,0.64
92,87,23,0.73
92,91,23,0.03
92,92,23,0
92,94,23,0.27
92,13,6,0.54
92,29,6,0.29
92,50,6,0.31
92,53,6,0.74
92,61,6,0.06
92,77,6,0.19
92,79,6,0.18
92,82,6,1.0
92,90,6,0.89
92,92,6,0
93,6,11,0.98
93,11,11,0.04
93,39,11,0.93
93,48,11,0.73
93,54,11,0.85
93,74,11,0.33
93,78,11,0.49
93,85,11,0.7
93,88,11,0.35
93,93,11,0
93,94,11,0.7
93,4,4,0.16
93,9,4,0.83
93,12,4,0.18
93,22,4,0.14
93,25,4,0.64
93,93,4,0
93,96,4,0.35
93,13,25,0.76
93,19,25,0.1
93,32,25,0.81
93,37,25,0.52
93,57,25,0.13
93,62,25,0.59
93,88,25,0.2
93,93,25,0
93,5,10,0.93
93,23,10,0.18
93,29,10,0.43
93,30,10,0.72
93,42,10,0.54
93,48,10,0.15
93,56,10,0.23
93,64,10,0.66
93,67,10,0.11
93,92,10,0.73
93,93,10,0
93,96,10,0.26
93,99,10,0.52
94,20,26,0.82
94,31,26,0.48
94,41,26,0.68
94,45,26,0.7
94,61,26,0.65
94,73,26,0.42
94,94,26,0
94,6,11,0.58
94,11,11,0.82
94,39,11,0.93
94,48,11,0.27
94,54,11,0.4
94,74,11,0.78
94,78,11,0.86
94,85,11,0.05
94,88,11,0.86
94,93,11,0.27
94,94,11,0
94,2,23,0.67
94,6,23,0.86
94,7,23,0.57
94,18,23,0.99
94,68,23,0.23
94,87,23,0.87
94,91,23,0.14
94,92,23,0.08
94,94,23,0
94,7,17,0.82
94,11,17,0.58
94,55,17,0.2
94,72,17,0.88
94,76,17,0.53
94,79,17,0.29
94,94,17,0
95,0,20,0.01
95,2,20,0.09
95,8,20,0.29
95,17,20,0.9
95,33,20,0.89
95,35,20,0.76
95,50,20,0.45
95,61,20,0.02
95,66,20,0.88
95,88,20,0.59
95,95,20,0
95,98,20,0.72
95,99,20,0.92
95,3,27,0.58
95,5,27,0.55
95,28,27,0.34
95,44,27,0.62
95,54,27,0.47
95,63,27,0.36
95,66,27,0.98
95,95,27,0
95,15,35,0.1
95,71,35,0.89
95,84,35,0.35
95,86,35,0.19
95,95,35,0
95,4,24,0.03
95,22,24,0.94
95,31,24,0.88
95,34,24,0.61
95,43,24,0.08
95,65,24,0.1
95,91,24,0.58
95,95,24,0
96,15,2,0.7
96,44,2,0.43
96,47,2,0.37
96,48,2,0.5
96,66,2,0.11
96,73,2,0.43
96,77,2,0.95
96,80,2,0.78
96,96,2,0
96,4,4,0.3
96,9,4,0.86
96,12,4,0.85
96,22,4,0.59
96,25,4,0.5
96,93,4,0.77
96,96,4,0
96,5,10,0.58
96,23,10,0.05
96,29,10,0.82
96,30,10,0.14
96,42,10,0.02
96,48,10,0.07
96,56,10,0.26
96,64,10,0.65
96,67,10,0.14
96,92,10,0.42
96,93,10,0.48
96,96,10,0
96,99,10,0.05
97,12,14,0.02
97,17,14,0.96
97,31,14,0.03
97,37,14,0.19
97,43,14,0.85
97,51,14,0.8
97,85,14,0.5
97,97,14,0
97,98,14,0.19
97,9,12,0.01
97,23,12,0.88
97,42,12,0.24
97,52,12,0.7
97,58,12,0.67
97,60,12,0.41
97,64,12,0.69
97,68,12,0.31
97,86,12,0.91
97,97,12,0
98,1,18,0.63
98,24,18,0.89
98,26,18,0.77
98,36,18,0.66
98,42,18,0.38
98,51,18,0.34
98,87,18,0.18
98,98,18,0
98,0,20,0.7
98,2,20,0.55
98,8,20,0.02
98,17,20,0.55
98,33,20,0.13
98,35,20,0.57
98,50,20,0.16
98,61,20,0.78
98,66,20,0.01
98,88,20,0.8
98,95,20,0.49
98,98,20,0
98,99,20,0.24
98,8,21,0.42
98,20,21,0.59
98,23,21,0.23
98,46,21,0.46
98,48,21,0.45
98,52,21,0.17
98,61,21,0.61
98,69,21,0.69
98,70,21,0.33
98,72,21,0.11
98,74,21,0.98
98,82,21,0.09
98,83,21,0.56
98,85,21,0.29
98,98,21,0
98,12,14,0.06
98,17,14,0.45
98,31,14,0.44
98,37,14,0.09
98,43,14,0.48
98,51,14,0.46
98,85,14,0.09
98,97,14,0.25
98,98,14,0
99,5,10,0.59
99,23,10,0.11
99,29,10,0.77
99,30,10,0.28
99,42,10,0.39
99,48,10,0.28
99,56,10,0.18
99,64,10,0.18
99,67,10,0.69
99,92,10,0.11
99,93,10,0.97
99,96,10,0.36
99,99,10,0
99,1,32,0.57
99,7,32,0.65
99,8,32,0.74
99,9,32,0.92
99,21,32,0.68
99,24,32,0.62
99,25,32,0.27
99,27,32,0.42
99,33,32,0.22
99,39,32,0.36
99,45,32,0.82
99,99,32,0
99,13,39,0.95
99,27,39,0.35
99,28,39,0.34
99,80,39,0.02
99,99,39,0
99,0,20,0.3
99,2,20,0.59
99,8,20,0.3
99,17,20,0.88
99,33,20,0.76
99,35,20,0.46
99,50,20,0.44
99,61,20,0.21
99,66,20,0.44
99,88,20,0.69
99,95,20,0.68
99,98,20,0.33
99,99,20,0