M,100,P,30,Q,100000,targetS,0.1,targetW,0.1

Resources name, resource id, current workload and max workload
R_0,0,0.69,1
R_1,1,0.77,1
R_2,2,0.73,1
R_3,3,0.7,1
R_4,4,0.72,1
R_5,5,0.7,1
R_6,6,0.73,1
R_7,7,0.75,1
R_8,8,0.77,1
R_9,9,0.63,1
R_10,10,0.77,1
R_11,11,0.68,1
R_12,12,0.65,1
R_13,13,0.66,1
R_14,14,0.71,1
R_15,15,0.76,1
R_16,16,0.67,1
R_17,17,0.64,1
R_18,18,0.61,1
R_19,19,0.75,1
R_20,20,0.73,1
R_21,21,0.76,1
R_22,22,0.67,1
R_23,23,0.71,1
R_24,24,0.73,1
R_25,25,0.72,1
R_26,26,0.73,1
R_27,27,0.61,1
R_28,28,0.67,1
R_29,29,0.71,1
R_30,30,0.61,1
R_31,31,0.69,1
R_32,32,0.6,1
R_33,33,0.71,1
R_34,34,0.67,1
R_35,35,0.64,1
R_36,36,0.77,1
R_37,37,0.79,1
R_38,38,0.67,1
R_39,39,0.64,1
R_40,40,0.74,1
R_41,41,0.72,1
R_42,42,0.71,1
R_43,43,0.63,1
R_44,44,0.74,1
R_45,45,0.76,1
R_46,46,0.63,1
R_47,47,0.65,1
R_48,48,0.76,1
R_49,49,0.68,1
R_50,50,0.69,1
R_51,51,0.66,1
R_52,52,0.73,1
R_53,53,0.8,1
R_54,54,0.62,1
R_55,55,0.69,1
R_56,56,0.72,1
R_57,57,0.71,1
R_58,58,0.65,1
R_59,59,0.61,1
R_60,60,0.67,1
R_61,61,0.71,1
R_62,62,0.74,1
R_63,63,0.74,1
R_64,64,0.76,1
R_65,65,0.62,1
R_66,66,0.79,1
R_67,67,0.76,1
R_68,68,0.63,1
R_69,69,0.67,1
R_70,70,0.75,1
R_71,71,0.8,1
R_72,72,0.7,1
R_73,73,0.61,1
R_74,74,0.74,1
R_75,75,0.7,1
R_76,76,0.65,1
R_77,77,0.67,1
R_78,78,0.67,1
R_79,79,0.69,1
R_80,80,0.6,1
R_81,81,0.66,1
R_82,82,0.67,1
R_83,83,0.66,1
R_84,84,0.68,1
R_85,85,0.76,1
R_86,86,0.73,1
R_87,87,0.71,1
R_88,88,0.73,1
R_89,89,0.71,1
R_90,90,0.61,1
R_91,91,0.68,1
R_92,92,0.7,1
R_93,93,0.72,1
R_94,94,0.72,1
R_95,95,0.67,1
R_96,96,0.78,1
R_97,97,0.66,1
R_98,98,0.78,1
R_99,99,0.62,1

Activities name, activity id, lambda, stress, resource id, priority, rifiutato
act_12,12,0.25,0.65,0,224,0
act_9,9,0.14,0.75,1,78,0
act_23,23,0.05,0.82,1,146,0
act_7,7,0.23,0.07,2,83,0
act_10,10,0.04,0.62,3,223,0
act_30,30,0.12,0.8,3,141,0
act_30,30,0.12,0.8,3,101,0
act_17,17,0.23,0.63,4,107,0
act_30,30,0.12,0.8,5,184,0
act_30,30,0.12,0.8,5,35,0
act_31,31,0.22,0.14,6,19,0
act_28,28,0.12,0.9,7,26,1
act_28,28,0.12,0.9,7,44,1
act_30,30,0.12,0.8,8,98,0
act_26,26,0.08,0.89,8,231,1
act_10,10,0.04,0.62,9,42,1
act_18,18,0.26,0.96,9,31,1
act_10,10,0.04,0.62,9,173,1
act_32,32,0.01,0.32,10,189,0
act_29,29,0.21,0.72,10,0,1
act_14,14,0.13,0.75,11,175,1
act_14,14,0.13,0.75,11,216,1
act_13,13,0.16,0.87,12,210,0
act_13,13,0.16,0.87,12,214,0
act_3,3,0.23,0.42,13,142,1
act_26,26,0.08,0.89,13,120,1
act_38,38,0.07,0.63,14,87,1
act_10,10,0.04,0.62,14,126,0
act_10,10,0.04,0.62,14,123,0
act_10,10,0.04,0.62,14,229,0
act_38,38,0.07,0.63,14,102,1
act_25,25,0.21,0.33,15,20,0
act_7,7,0.23,0.07,16,185,0
act_21,21,0.07,0.64,16,139,0
act_38,38,0.07,0.63,17,186,1
act_38,38,0.07,0.63,17,69,1
act_38,38,0.07,0.63,17,170,1
act_38,38,0.07,0.63,17,59,1
act_38,38,0.07,0.63,17,104,1
act_23,23,0.05,0.82,18,233,0
act_31,31,0.22,0.14,18,76,0
act_23,23,0.05,0.82,18,180,0
act_23,23,0.05,0.82,18,221,0
act_29,29,0.21,0.72,19,161,0
act_16,16,0.25,0.58,20,64,0
act_14,14,0.13,0.75,21,199,1
act_32,32,0.01,0.32,21,177,1
act_32,32,0.01,0.32,21,131,1
act_32,32,0.01,0.32,21,165,1
act_32,32,0.01,0.32,21,28,1
act_32,32,0.01,0.32,21,164,1
act_32,32,0.01,0.32,21,163,1
act_32,32,0.01,0.32,21,158,1
act_32,32,0.01,0.32,21,192,1
act_32,32,0.01,0.32,21,178,1
act_32,32,0.01,0.32,21,90,1
act_25,25,0.21,0.33,22,12,0
act_12,12,0.25,0.65,23,37,0
act_29,29,0.21,0.72,24,130,0
act_32,32,0.01,0.32,25,236,0
act_32,32,0.01,0.32,25,133,0
act_12,12,0.25,0.65,25,22,0
act_32,32,0.01,0.32,25,195,0
act_36,36,0.11,0.67,26,230,0
act_28,28,0.12,0.9,26,172,1
act_28,28,0.12,0.9,27,3,1
act_3,3,0.23,0.42,27,111,0
act_19,19,0.1,0.08,28,194,0
act_29,29,0.21,0.72,28,125,0
act_4,4,0.28,0.3,29,182,0
act_5,5,0.23,0.55,30,166,0
act_38,38,0.07,0.63,30,97,1
act_38,38,0.07,0.63,30,116,1
act_12,12,0.25,0.65,31,62,0
act_38,38,0.07,0.63,32,67,0
act_38,38,0.07,0.63,32,17,0
act_10,10,0.04,0.62,32,56,0
act_38,38,0.07,0.63,32,222,0
act_38,38,0.07,0.63,32,99,0
act_10,10,0.04,0.62,32,7,0
act_32,32,0.01,0.32,33,132,1
act_32,32,0.01,0.32,33,144,1
act_24,24,0.25,0.83,33,169,1
act_32,32,0.01,0.32,33,25,1
act_32,32,0.01,0.32,33,138,1
act_11,11,0.11,0.27,34,112,0
act_11,11,0.11,0.27,34,162,0
act_36,36,0.11,0.67,34,201,0
act_15,15,0.06,0.09,35,190,0
act_15,15,0.06,0.09,35,81,0
act_15,15,0.06,0.09,35,46,0
act_15,15,0.06,0.09,35,47,0
act_15,15,0.06,0.09,35,109,0
act_15,15,0.06,0.09,35,208,0
act_25,25,0.21,0.33,36,95,1
act_32,32,0.01,0.32,36,134,1
act_10,10,0.04,0.62,37,52,1
act_10,10,0.04,0.62,37,15,1
act_10,10,0.04,0.62,37,77,1
act_10,10,0.04,0.62,37,171,1
act_10,10,0.04,0.62,37,136,1
act_37,37,0.28,0.72,38,68,0
act_9,9,0.14,0.75,39,118,1
act_36,36,0.11,0.67,39,193,0
act_31,31,0.22,0.14,40,191,0
act_21,21,0.07,0.64,41,205,1
act_21,21,0.07,0.64,41,50,1
act_21,21,0.07,0.64,41,225,1
act_17,17,0.23,0.63,42,181,0
act_33,33,0.29,0.16,43,237,0
act_17,17,0.23,0.63,44,200,0
act_30,30,0.12,0.8,45,57,0
act_25,25,0.21,0.33,46,160,0
act_21,21,0.07,0.64,46,167,1
act_21,21,0.07,0.64,46,188,1
act_1,1,0.13,0.43,47,5,0
act_31,31,0.22,0.14,47,66,0
act_34,34,0.24,0.81,48,212,0
act_22,22,0.25,0.92,49,228,0
act_35,35,0.08,0.85,50,6,0
act_30,30,0.12,0.8,50,115,0
act_35,35,0.08,0.85,50,152,0
act_36,36,0.11,0.67,51,10,1
act_36,36,0.11,0.67,51,84,1
act_36,36,0.11,0.67,51,156,1
act_36,36,0.11,0.67,52,55,0
act_35,35,0.08,0.85,52,63,1
act_32,32,0.01,0.32,53,197,0
act_32,32,0.01,0.32,53,1,0
act_32,32,0.01,0.32,53,154,0
act_32,32,0.01,0.32,53,29,0
act_32,32,0.01,0.32,53,187,0
act_32,32,0.01,0.32,53,94,0
act_32,32,0.01,0.32,53,103,0
act_32,32,0.01,0.32,53,209,0
act_32,32,0.01,0.32,53,155,0
act_32,32,0.01,0.32,53,117,0
act_32,32,0.01,0.32,53,110,0
act_32,32,0.01,0.32,53,217,0
act_32,32,0.01,0.32,53,127,0
act_32,32,0.01,0.32,53,147,0
act_32,32,0.01,0.32,53,72,0
act_32,32,0.01,0.32,53,135,0
act_32,32,0.01,0.32,53,159,0
act_32,32,0.01,0.32,53,11,0
act_32,32,0.01,0.32,53,128,0
act_32,32,0.01,0.32,53,226,0
act_4,4,0.28,0.3,54,106,0
act_17,17,0.23,0.63,55,105,0
act_15,15,0.06,0.09,55,27,0
act_28,28,0.12,0.9,56,179,0
act_15,15,0.06,0.09,56,92,0
act_15,15,0.06,0.09,56,234,0
act_31,31,0.22,0.14,57,219,0
act_22,22,0.25,0.92,58,129,0
act_15,15,0.06,0.09,58,89,0
act_19,19,0.1,0.08,59,74,0
act_19,19,0.1,0.08,59,43,0
act_19,19,0.1,0.08,59,198,0
act_3,3,0.23,0.42,60,148,0
act_2,2,0.28,0.67,61,51,0
act_18,18,0.26,0.96,62,168,0
act_38,38,0.07,0.63,63,140,0
act_6,6,0.18,0.58,63,114,0
act_9,9,0.14,0.75,64,93,0
act_19,19,0.1,0.08,64,4,0
act_9,9,0.14,0.75,65,227,1
act_15,15,0.06,0.09,65,220,0
act_14,14,0.13,0.75,65,149,1
act_11,11,0.11,0.27,66,36,0
act_35,35,0.08,0.85,67,124,0
act_35,35,0.08,0.85,67,18,0
act_35,35,0.08,0.85,67,79,0
act_24,24,0.25,0.83,68,85,1
act_23,23,0.05,0.82,68,176,1
act_23,23,0.05,0.82,68,24,1
act_6,6,0.18,0.58,69,13,0
act_26,26,0.08,0.89,70,150,1
act_14,14,0.13,0.75,70,183,0
act_28,28,0.12,0.9,71,80,0
act_26,26,0.08,0.89,72,82,1
act_26,26,0.08,0.89,72,203,1
act_26,26,0.08,0.89,72,100,1
act_24,24,0.25,0.83,73,75,0
act_15,15,0.06,0.09,73,70,0
act_15,15,0.06,0.09,73,9,0
act_10,10,0.04,0.62,74,23,1
act_6,6,0.18,0.58,74,143,0
act_10,10,0.04,0.62,74,2,1
act_14,14,0.13,0.75,75,151,0
act_8,8,0.16,0.09,75,113,0
act_15,15,0.06,0.09,76,88,0
act_36,36,0.11,0.67,76,211,1
act_36,36,0.11,0.67,76,232,1
act_15,15,0.06,0.09,76,121,0
act_18,18,0.26,0.96,77,58,0
act_19,19,0.1,0.08,78,196,0
act_19,19,0.1,0.08,78,204,0
act_0,0,0.06,0.22,78,14,0
act_0,0,0.06,0.22,78,65,0
act_32,32,0.01,0.32,78,41,0
act_16,16,0.25,0.58,79,33,0
act_24,24,0.25,0.83,80,218,1
act_30,30,0.12,0.8,80,16,0
act_3,3,0.23,0.42,81,38,0
act_10,10,0.04,0.62,81,157,1
act_10,10,0.04,0.62,81,71,1
act_30,30,0.12,0.8,82,86,1
act_30,30,0.12,0.8,82,54,1
act_11,11,0.11,0.27,83,61,0
act_11,11,0.11,0.27,83,122,0
act_23,23,0.05,0.82,83,137,1
act_23,23,0.05,0.82,83,40,1
act_6,6,0.18,0.58,84,48,0
act_5,5,0.23,0.55,85,119,0
act_35,35,0.08,0.85,86,202,1
act_13,13,0.16,0.87,86,53,1
act_29,29,0.21,0.72,87,32,0
act_21,21,0.07,0.64,87,235,0
act_9,9,0.14,0.75,88,213,0
act_3,3,0.23,0.42,89,174,0
act_19,19,0.1,0.08,90,145,0
act_19,19,0.1,0.08,90,49,0
act_13,13,0.16,0.87,90,45,0
act_31,31,0.22,0.14,91,30,0
act_17,17,0.23,0.63,92,73,0
act_17,17,0.23,0.63,93,108,0
act_29,29,0.21,0.72,94,39,0
act_7,7,0.23,0.07,95,207,0
act_13,13,0.16,0.87,96,21,0
act_22,22,0.25,0.92,97,153,1
act_38,38,0.07,0.63,97,206,1
act_38,38,0.07,0.63,98,60,1
act_38,38,0.07,0.63,98,215,1
act_15,15,0.06,0.09,98,91,0
act_11,11,0.11,0.27,99,34,0
act_11,11,0.11,0.27,99,96,0
act_13,13,0.16,0.87,99,8,0

Alpha (resource id, list of activity ids)
0:12,18
1:28,33,9,23
2:18,7
3:10,30
4:17,5
5:30,16
6:5,31,4
7:28,7,38
8:30,26
9:10,18
10:29,34,24,32
11:2,14,35
12:13,2
13:26,8,3
14:10,25,38
15:16,25,37,1
16:22,21,17,7
17:38,12
18:23,31
19:22,29
20:34,7,16,29
21:14,32
22:3,25
23:12,34
24:29,11
25:31,12,32
26:28,36
27:3,28
28:3,29,19
29:9,4,22
30:38,13,5
31:29,12,7,8
32:38,10,31
33:24,4,32
34:36,11,31,16
35:15,12,14,25
36:10,36,32,25
37:31,10,12
38:36,37
39:33,31,9,36
40:30,31,36
41:24,21
42:17,2
43:33,9,28
44:17,18,2
45:30,4
46:25,21
47:1,31,5
48:34,4,24
49:22,5,38
50:35,30,11,24
51:36,12
52:35,36
53:16,32
54:4,1,22,2
55:24,17,15
56:15,25,4,28
57:13,31
58:2,15,34,22
59:19,33,1,36
60:7,36,3
61:38,2
62:18,35
63:38,34,36,6
64:2,9,19,28
65:3,9,14,15
66:17,11
67:4,36,11,35
68:24,23,0,1
69:13,18,6
70:35,12,26,14
71:28,7,19
72:26,34
73:2,24,15,34
74:10,6,13
75:8,14,37
76:36,15,18
77:18,11,13
78:19,0,32
79:16,38,0,28
80:30,24
81:3,14,10,2
82:30,33
83:12,23,11
84:2,6
85:5,34
86:31,13,9,35
87:22,21,29
88:34,9,2,29
89:3,18,16
90:19,13,21
91:31,17,29
92:35,17,19
93:36,35,17
94:25,29
95:7,34,3,14
96:17,13
97:16,12,38,22
98:38,29,15
99:11,13

Costs (resource, resource to replace, activity, cost)
0,0,12,0
0,17,12,0.11
0,23,12,0.26
0,25,12,0.52
0,31,12,0.82
0,35,12,0.42
0,37,12,0.18
0,51,12,0.21
0,70,12,0.64
0,83,12,0.57
0,97,12,0.57
0,0,18,0
0,2,18,0.16
0,9,18,0.61
0,44,18,0.96
0,62,18,0.38
0,69,18,0.55
0,76,18,0.78
0,77,18,0.31
0,89,18,0.02
1,1,28,0
1,7,28,0.72
1,26,28,0.27
1,27,28,0.38
1,43,28,0.47
1,56,28,0.09
1,64,28,0.53
1,71,28,0.01
1,79,28,0.06
1,1,33,0
1,39,33,0.82
1,43,33,0.84
1,59,33,0.68
1,82,33,0.87
1,1,9,0
1,29,9,0.87
1,39,9,0.97
1,43,9,0.61
1,64,9,0.66
1,65,9,0.69
1,86,9,0.64
1,88,9,0.8
1,1,23,0
1,18,23,0.23
1,68,23,0.56
1,83,23,0.74
2,0,18,0.44
2,2,18,0
2,9,18,0.08
2,44,18,0.23
2,62,18,0.59
2,69,18,0.21
2,76,18,0.82
2,77,18,0.27
2,89,18,0.65
2,2,7,0
2,7,7,0.29
2,16,7,0.28
2,20,7,0.78
2,31,7,0.41
2,60,7,0.67
2,71,7,0.05
2,95,7,0.02
3,3,10,0
3,9,10,0.92
3,14,10,0.13
3,32,10,0.43
3,36,10,0.36
3,37,10,0.29
3,74,10,0.05
3,81,10,0.91
3,3,30,0
3,5,30,0.27
3,8,30,0.39
3,40,30,0.54
3,45,30,0.23
3,50,30,0.6
3,80,30,0.06
3,82,30,0.5
4,4,17,0
4,16,17,0.88
4,42,17,0.87
4,44,17,0.78
4,55,17,0.95
4,66,17,0.62
4,91,17,0.08
4,92,17,0.43
4,93,17,0.22
4,96,17,0.52
4,4,5,0
4,6,5,0.36
4,30,5,0.64
4,47,5,0.08
4,49,5,0.37
4,85,5,0.49
5,3,30,0.98
5,5,30,0
5,8,30,0.83
5,40,30,0.74
5,45,30,0.38
5,50,30,0.08
5,80,30,0.87
5,82,30,0.72
5,5,16,0
5,15,16,0.25
5,20,16,0.37
5,34,16,0.73
5,53,16,0.82
5,79,16,0.14
5,89,16,0.64
5,97,16,0.71
6,4,5,0.96
6,6,5,0
6,30,5,0.5
6,47,5,0.19
6,49,5,0.08
6,85,5,0.57
6,6,31,0
6,18,31,0.01
6,25,31,0.17
6,32,31,0.07
6,34,31,0.47
6,37,31,0.38
6,39,31,0.83
6,40,31,0.99
6,47,31,0.31
6,57,31,0.72
6,86,31,0.94
6,91,31,0.19
6,6,4,0
6,29,4,0.2
6,33,4,0.93
6,45,4,0.21
6,48,4,0.18
6,54,4,0.23
6,56,4,0.55
6,67,4,0.91
7,1,28,0.98
7,7,28,0
7,26,28,0.8
7,27,28,0.32
7,43,28,0.66
7,56,28,0.78
7,64,28,0.1
7,71,28,0.72
7,79,28,0.68
7,7,20,0
7,8,20,0.07
7,25,20,0.81
7,29,20,0.31
7,51,20,0.31
7,55,20,0.73
7,2,7,0.36
7,7,7,0
7,16,7,0.03
7,20,7,0.67
7,31,7,0.11
7,60,7,0.81
7,71,7,0.85
7,95,7,0.52
7,7,38,0
7,14,38,0.27
7,17,38,0.35
7,30,38,0.89
7,32,38,0.25
7,49,38,0.31
7,61,38,0.13
7,63,38,0.69
7,79,38,0.53
7,97,38,0.96
7,98,38,0.77
8,3,30,0.57
8,5,30,1.0
8,8,30,0
8,40,30,0.29
8,45,30,0.3
8,50,30,0.83
8,80,30,0.02
8,82,30,0.95
8,7,20,0.78
8,8,20,0
8,25,20,0.55
8,29,20,0.85
8,51,20,0.09
8,55,20,0.5
8,8,26,0
8,13,26,0.8
8,70,26,0.45
8,72,26,0.18
9,3,10,0.14
9,9,10,0
9,14,10,0.25
9,32,10,0.33
9,36,10,0.07
9,37,10,0.43
9,74,10,0.67
9,81,10,0.35
9,0,18,0.14
9,2,18,0.95
9,9,18,0
9,44,18,0.57
9,62,18,1.0
9,69,18,0.98
9,76,18,0.76
9,77,18,0.6
9,89,18,0.47
10,10,29,0
10,19,29,0.93
10,20,29,0.35
10,24,29,0.07
10,28,29,0.27
10,31,29,0.62
10,87,29,0.93
10,88,29,0.46
10,91,29,0.03
10,94,29,0.97
10,98,29,0.59
10,10,34,0
10,20,34,0.36
10,23,34,0.85
10,48,34,0.31
10,58,34,0.77
10,63,34,0.14
10,72,34,0.66
10,73,34,0.34
10,85,34,0.68
10,88,34,0.37
10,95,34,0.96
10,10,24,0
10,33,24,0.54
10,41,24,0.1
10,48,24,0.72
10,50,24,0.9
10,55,24,0.48
10,68,24,0.48
10,73,24,0.8
10,80,24,0.39
10,10,32,0
10,21,32,0.92
10,25,32,0.5
10,33,32,0.57
10,36,32,0.82
10,53,32,0.22
10,78,32,0.56
11,11,2,0
11,12,2,0.16
11,42,2,0.76
11,44,2,0.85
11,54,2,0.62
11,58,2,0.07
11,61,2,0.47
11,64,2,0.05
11,73,2,0.72
11,81,2,0.62
11,84,2,0.31
11,88,2,0.85
11,11,14,0
11,21,14,0.98
11,35,14,0.2
11,65,14,0.67
11,70,14,0.28
11,75,14,0.13
11,81,14,0.64
11,95,14,0.24
11,11,35,0
11,50,35,0.75
11,52,35,0.3
11,62,35,0.86
11,67,35,0.45
11,70,35,0.67
11,86,35,0.33
11,92,35,0.61
11,93,35,0.68
12,12,13,0
12,30,13,0.96
12,57,13,0.52
12,69,13,0.95
12,74,13,0.5
12,77,13,0.66
12,86,13,0.21
12,90,13,0.01
12,96,13,0.7
12,99,13,0.61
12,11,2,0.54
12,12,2,0
12,42,2,0.03
12,44,2,0.96
12,54,2,0.54
12,58,2,0.03
12,61,2,0.76
12,64,2,0.23
12,73,2,0.87
12,81,2,0.31
12,84,2,0.73
12,88,2,0.5
13,8,26,0.56
13,13,26,0
13,70,26,0.01
13,72,26,0.77
13,13,8,0
13,31,8,0.47
13,75,8,0.05
13,13,3,0
13,22,3,0.83
13,27,3,0.84
13,28,3,0.64
13,60,3,0.33
13,65,3,0.92
13,81,3,0.55
13,89,3,0.52
13,95,3,0.43
14,3,10,0.53
14,9,10,0.68
14,14,10,0
14,32,10,0.26
14,36,10,0.47
14,37,10,0.48
14,74,10,0.59
14,81,10,0.25
14,14,25,0
14,15,25,0.86
14,22,25,0.67
14,35,25,0.03
14,36,25,0.34
14,46,25,0.98
14,56,25,0.29
14,94,25,0.59
14,7,38,0.48
14,14,38,0
14,17,38,0.39
14,30,38,0.54
14,32,38,0.9
14,49,38,0.48
14,61,38,0.15
14,63,38,0.58
14,79,38,0.87
14,97,38,0.79
14,98,38,0.11
15,5,16,0.03
15,15,16,0
15,20,16,0.03
15,34,16,0.26
15,53,16,0.78
15,79,16,0.4
15,89,16,0.46
15,97,16,0.21
15,14,25,0.75
15,15,25,0
15,22,25,0.98
15,35,25,0.39
15,36,25,0.26
15,46,25,0.86
15,56,25,0.07
15,94,25,0.91
15,15,37,0
15,38,37,0.54
15,75,37,0.78
15,15,1,0
15,47,1,0.41
15,54,1,0.9
15,59,1,0.32
15,68,1,0.61
16,16,22,0
16,19,22,0.41
16,29,22,0.63
16,49,22,0.47
16,54,22,0.76
16,58,22,0.08
16,87,22,0.58
16,97,22,0.72
16,16,21,0
16,41,21,0.07
16,46,21,0.55
16,87,21,0.03
16,90,21,0.15
16,4,17,0.71
16,16,17,0
16,42,17,0.18
16,44,17,0.27
16,55,17,0.05
16,66,17,0.97
16,91,17,0.9
16,92,17,0.08
16,93,17,0.53
16,96,17,0.64
16,2,7,0.99
16,7,7,0.56
16,16,7,0
16,20,7,0.39
16,31,7,0.58
16,60,7,0.33
16,71,7,0.97
16,95,7,0.84
17,7,38,0.95
17,14,38,0.78
17,17,38,0
17,30,38,0.06
17,32,38,0.72
17,49,38,0.04
17,61,38,0.83
17,63,38,0.08
17,79,38,0.08
17,97,38,0.55
17,98,38,0.82
17,0,12,0.08
17,17,12,0
17,23,12,0.46
17,25,12,0.62
17,31,12,0.1
17,35,12,0.08
17,37,12,0.17
17,51,12,0.85
17,70,12,0.5
17,83,12,0.79
17,97,12,0.67
18,1,23,0.62
18,18,23,0
18,68,23,0.68
18,83,23,0.19
18,18,39,0
18,46,39,0.07
18,83,39,0.84
18,6,31,0.88
18,18,31,0
18,25,31,0.17
18,32,31,0.17
18,34,31,0.91
18,37,31,0.7
18,39,31,0.92
18,40,31,0.56
18,47,31,0.25
18,57,31,0.15
18,86,31,0.66
18,91,31,0.21
19,16,22,0.08
19,19,22,0
19,29,22,0.7
19,49,22,0.4
19,54,22,0.78
19,58,22,0.21
19,87,22,0.94
19,97,22,0.73
19,10,29,0.81
19,19,29,0
19,20,29,0.18
19,24,29,0.82
19,28,29,0.43
19,31,29,0.8
19,87,29,0.39
19,88,29,0.44
19,91,29,0.95
19,94,29,0.69
19,98,29,0.57
20,10,34,0.22
20,20,34,0
20,23,34,0.58
20,48,34,0.09
20,58,34,0.8
20,63,34,0.28
20,72,34,0.3
20,73,34,0.78
20,85,34,0.15
20,88,34,0.44
20,95,34,0.2
20,2,7,0.46
20,7,7,0.85
20,16,7,0.36
20,20,7,0
20,31,7,0.91
20,60,7,0.69
20,71,7,0.64
20,95,7,0.96
20,5,16,0.63
20,15,16,0.64
20,20,16,0
20,34,16,0.54
20,53,16,0.51
20,79,16,0.49
20,89,16,0.42
20,97,16,0.39
20,10,29,0.15
20,19,29,0.68
20,20,29,0
20,24,29,0.39
20,28,29,0.08
20,31,29,0.16
20,87,29,0.06
20,88,29,0.22
20,91,29,0.1
20,94,29,0.4
20,98,29,0.99
21,11,14,0.11
21,21,14,0
21,35,14,0.38
21,65,14,0.3
21,70,14,0.79
21,75,14,0.67
21,81,14,0.87
21,95,14,0.2
21,10,32,0.69
21,21,32,0
21,25,32,0.64
21,33,32,0.07
21,36,32,0.25
21,53,32,0.3
21,78,32,0.73
22,13,3,0.88
22,22,3,0
22,27,3,0.35
22,28,3,0.8
22,60,3,0.92
22,65,3,0.19
22,81,3,0.48
22,89,3,0.12
22,95,3,0.21
22,14,25,0.59
22,15,25,0.66
22,22,25,0
22,35,25,0.7
22,36,25,0.68
22,46,25,0.89
22,56,25,0.55
22,94,25,0.4
23,0,12,0.67
23,17,12,0.39
23,23,12,0
23,25,12,0.53
23,31,12,0.29
23,35,12,0.93
23,37,12,0.37
23,51,12,0.09
23,70,12,0.51
23,83,12,0.69
23,97,12,0.84
23,10,34,0.38
23,20,34,0.6
23,23,34,0
23,48,34,0.97
23,58,34,0.79
23,63,34,0.41
23,72,34,0.47
23,73,34,0.18
23,85,34,0.15
23,88,34,0.79
23,95,34,0.59
24,10,29,0.66
24,19,29,0.77
24,20,29,0.93
24,24,29,0
24,28,29,0.71
24,31,29,0.78
24,87,29,0.6
24,88,29,0.84
24,91,29,0.49
24,94,29,0.42
24,98,29,0.72
24,24,11,0
24,34,11,0.31
24,50,11,0.71
24,66,11,0.54
24,67,11,0.14
24,77,11,0.76
24,83,11,0.04
24,99,11,0.32
25,6,31,0.73
25,18,31,0.22
25,25,31,0
25,32,31,0.41
25,34,31,0.84
25,37,31,0.05
25,39,31,0.4
25,40,31,0.53
25,47,31,0.99
25,57,31,0.04
25,86,31,0.7
25,91,31,0.75
25,0,12,0.6
25,17,12,0.76
25,23,12,0.83
25,25,12,0
25,31,12,0.09
25,35,12,0.14
25,37,12,0.56
25,51,12,0.54
25,70,12,0.09
25,83,12,0.39
25,97,12,0.04
25,10,32,0.16
25,21,32,0.16
25,25,32,0
25,33,32,0.65
25,36,32,0.57
25,53,32,0.55
25,78,32,0.84
25,7,20,0.32
25,8,20,0.23
25,25,20,0
25,29,20,0.8
25,51,20,0.69
25,55,20,0.86
26,1,28,0.5
26,7,28,0.76
26,26,28,0
26,27,28,0.82
26,43,28,0.68
26,56,28,0.53
26,64,28,0.27
26,71,28,0.0
26,79,28,0.95
26,26,36,0
26,34,36,0.12
26,36,36,0.72
26,38,36,0.15
26,39,36,0.88
26,40,36,0.36
26,51,36,0.66
26,52,36,0.21
26,59,36,0.31
26,60,36,0.36
26,63,36,0.06
26,67,36,0.76
26,76,36,0.44
26,93,36,0.96
27,13,3,0.26
27,22,3,0.95
27,27,3,0
27,28,3,0.62
27,60,3,0.84
27,65,3,0.47
27,81,3,0.81
27,89,3,0.63
27,95,3,0.32
27,1,28,0.81
27,7,28,0.49
27,26,28,0.65
27,27,28,0
27,43,28,0.06
27,56,28,0.58
27,64,28,0.23
27,71,28,0.15
27,79,28,0.25
28,13,3,0.8
28,22,3,0.4
28,27,3,0.79
28,28,3,0
28,60,3,0.28
28,65,3,0.71
28,81,3,0.69
28,89,3,0.77
28,95,3,0.43
28,10,29,0.55
28,19,29,0.5
28,20,29,1.0
28,24,29,0.26
28,28,29,0
28,31,29,0.52
28,87,29,0.45
28,88,29,0.23
28,91,29,0.55
28,94,29,0.51
28,98,29,0.3
28,28,19,0
28,59,19,0.34
28,64,19,0.88
28,71,19,0.46
28,78,19,0.89
28,90,19,0.04
28,92,19,0.27
29,7,20,0.65
29,8,20,0.12
29,25,20,0.58
29,29,20,0
29,51,20,0.99
29,55,20,0.73
29,1,9,0.34
29,29,9,0
29,39,9,0.22
29,43,9,0.92
29,64,9,0.92
29,65,9,0.8
29,86,9,0.22
29,88,9,0.95
29,6,4,0.49
29,29,4,0
29,33,4,0.06
29,45,4,0.68
29,48,4,0.75
29,54,4,0.62
29,56,4,0.75
29,67,4,0.41
29,16,22,0.58
29,19,22,0.28
29,29,22,0
29,49,22,0.21
29,54,22,0.11
29,58,22,0.52
29,87,22,0.76
29,97,22,0.08
30,7,38,0.59
30,14,38,0.98
30,17,38,0.03
30,30,38,0
30,32,38,0.74
30,49,38,0.99
30,61,38,0.37
30,63,38,0.86
30,79,38,0.2
30,97,38,0.02
30,98,38,0.89
30,12,13,0.52
30,30,13,0
30,57,13,0.95
30,69,13,0.23
30,74,13,0.94
30,77,13,0.5
30,86,13,0.09
30,90,13,0.02
30,96,13,0.22
30,99,13,0.6
30,4,5,0.21
30,6,5,0.97
30,30,5,0
30,47,5,0.85
30,49,5,0.24
30,85,5,0.91
31,10,29,0.9
31,19,29,0.78
31,20,29,0.75
31,24,29,0.6
31,28,29,0.49
31,31,29,0
31,87,29,0.33
31,88,29,0.8
31,91,29,0.91
31,94,29,0.68
31,98,29,0.93
31,0,12,0.64
31,17,12,0.74
31,23,12,0.73
31,25,12,0.07
31,31,12,0
31,35,12,0.48
31,37,12,0.74
31,51,12,0.58
31,70,12,0.43
31,83,12,0.01
31,97,12,0.32
31,2,7,0.58
31,7,7,0.37
31,16,7,0.88
31,20,7,0.2
31,31,7,0
31,60,7,0.89
31,71,7,0.5
31,95,7,0.8
31,13,8,0.06
31,31,8,0
31,75,8,0.63
32,7,38,0.86
32,14,38,0.94
32,17,38,0.44
32,30,38,0.32
32,32,38,0
32,49,38,0.68
32,61,38,0.04
32,63,38,0.82
32,79,38,0.41
32,97,38,0.47
32,98,38,0.06
32,3,10,0.52
32,9,10,0.17
32,14,10,0.57
32,32,10,0
32,36,10,0.68
32,37,10,0.96
32,74,10,0.65
32,81,10,0.47
32,6,31,0.43
32,18,31,0.45
32,25,31,0.15
32,32,31,0
32,34,31,0.3
32,37,31,0.16
32,39,31,0.89
32,40,31,0.67
32,47,31,0.05
32,57,31,0.63
32,86,31,0.63
32,91,31,0.32
33,10,24,0.17
33,33,24,0
33,41,24,0.87
33,48,24,0.47
33,50,24,0.32
33,55,24,0.16
33,68,24,0.07
33,73,24,0.44
33,80,24,0.44
33,6,4,0.63
33,29,4,0.43
33,33,4,0
33,45,4,0.79
33,48,4,0.78
33,54,4,0.16
33,56,4,0.13
33,67,4,0.61
33,10,32,0.85
33,21,32,0.52
33,25,32,0.67
33,33,32,0
33,36,32,0.48
33,53,32,0.13
33,78,32,0.08
34,26,36,0.66
34,34,36,0
34,36,36,0.52
34,38,36,0.22
34,39,36,0.94
34,40,36,0.93
34,51,36,0.86
34,52,36,0.86
34,59,36,0.98
34,60,36,0.0
34,63,36,0.98
34,67,36,0.58
34,76,36,0.05
34,93,36,0.62
34,24,11,0.69
34,34,11,0
34,50,11,0.89
34,66,11,0.77
34,67,11,0.78
34,77,11,0.95
34,83,11,0.05
34,99,11,0.95
34,6,31,0.19
34,18,31,0.15
34,25,31,0.63
34,32,31,0.35
34,34,31,0
34,37,31,0.83
34,39,31,0.05
34,40,31,0.45
34,47,31,0.15
34,57,31,0.05
34,86,31,0.75
34,91,31,0.76
34,5,16,0.58
34,15,16,0.1
34,20,16,0.99
34,34,16,0
34,53,16,0.77
34,79,16,0.53
34,89,16,0.21
34,97,16,0.37
35,35,15,0
35,55,15,0.86
35,56,15,0.09
35,58,15,0.28
35,65,15,0.51
35,73,15,0.5
35,76,15,0.43
35,98,15,0.35
35,0,12,0.97
35,17,12,0.79
35,23,12,1.0
35,25,12,0.74
35,31,12,0.58
35,35,12,0
35,37,12,0.59
35,51,12,0.63
35,70,12,0.47
35,83,12,0.59
35,97,12,0.5
35,11,14,0.88
35,21,14,0.68
35,35,14,0
35,65,14,0.75
35,70,14,0.44
35,75,14,0.52
35,81,14,0.22
35,95,14,0.12
35,14,25,0.11
35,15,25,0.21
35,22,25,0.39
35,35,25,0
35,36,25,0.71
35,46,25,0.92
35,56,25,0.18
35,94,25,0.69
36,3,10,0.63
36,9,10,0.15
36,14,10,0.52
36,32,10,0.06
36,36,10,0
36,37,10,0.64
36,74,10,0.44
36,81,10,0.42
36,26,36,0.6
36,34,36,0.59
36,36,36,0
36,38,36,0.16
36,39,36,0.31
36,40,36,0.04
36,51,36,0.68
36,52,36,0.69
36,59,36,0.19
36,60,36,0.52
36,63,36,0.42
36,67,36,0.84
36,76,36,0.61
36,93,36,0.69
36,10,32,0.36
36,21,32,0.07
36,25,32,0.56
36,33,32,0.39
36,36,32,0
36,53,32,0.72
36,78,32,0.2
36,14,25,0.7
36,15,25,0.21
36,22,25,0.5
36,35,25,0.17
36,36,25,0
36,46,25,0.52
36,56,25,0.24
36,94,25,0.2
37,6,31,0.52
37,18,31,0.84
37,25,31,0.92
37,32,31,0.77
37,34,31,0.74
37,37,31,0
37,39,31,0.62
37,40,31,0.33
37,47,31,0.25
37,57,31,0.69
37,86,31,0.53
37,91,31,0.89
37,3,10,0.6
37,9,10,0.63
37,14,10,0.34
37,32,10,0.44
37,36,10,0.59
37,37,10,0
37,74,10,0.86
37,81,10,0.83
37,0,12,0.2
37,17,12,0.99
37,23,12,0.66
37,25,12,0.19
37,31,12,0.32
37,35,12,0.76
37,37,12,0
37,51,12,0.84
37,70,12,0.71
37,83,12,0.85
37,97,12,0.58
38,26,36,0.98
38,34,36,0.16
38,36,36,0.1
38,38,36,0
38,39,36,0.97
38,40,36,0.22
38,51,36,0.08
38,52,36,0.17
38,59,36,0.67
38,60,36,0.53
38,63,36,0.49
38,67,36,0.53
38,76,36,0.26
38,93,36,0.58
38,15,37,0.25
38,38,37,0
38,75,37,0.56
39,1,33,0.96
39,39,33,0
39,43,33,0.51
39,59,33,0.36
39,82,33,0.75
39,6,31,0.48
39,18,31,0.61
39,25,31,0.13
39,32,31,0.16
39,34,31,0.83
39,37,31,0.15
39,39,31,0
39,40,31,0.39
39,47,31,0.47
39,57,31,0.74
39,86,31,0.48
39,91,31,0.28
39,1,9,0.12
39,29,9,0.23
39,39,9,0
39,43,9,0.69
39,64,9,0.7
39,65,9,0.69
39,86,9,0.48
39,88,9,0.46
39,26,36,0.2
39,34,36,0.58
39,36,36,0.68
39,38,36,0.01
39,39,36,0
39,40,36,0.5
39,51,36,0.88
39,52,36,0.86
39,59,36,0.05
39,60,36,0.7
39,63,36,0.87
39,67,36,0.99
39,76,36,0.4
39,93,36,0.5
40,3,30,0.26
40,5,30,0.24
40,8,30,0.32
40,40,30,0
40,45,30,0.26
40,50,30,0.75
40,80,30,0.8
40,82,30,0.79
40,6,31,0.55
40,18,31,0.14
40,25,31,0.44
40,32,31,0.7
40,34,31,0.45
40,37,31,0.89
40,39,31,0.97
40,40,31,0
40,47,31,0.22
40,57,31,0.89
40,86,31,0.72
40,91,31,0.71
40,26,36,0.19
40,34,36,0.12
40,36,36,0.43
40,38,36,0.11
40,39,36,0.14
40,40,36,0
40,51,36,0.83
40,52,36,0.0
40,59,36,0.87
40,60,36,0.92
40,63,36,0.79
40,67,36,0.45
40,76,36,0.03
40,93,36,0.81
41,10,24,0.63
41,33,24,0.24
41,41,24,0
41,48,24,0.48
41,50,24,0.4
41,55,24,0.51
41,68,24,0.76
41,73,24,0.96
41,80,24,0.3
41,16,21,0.34
41,41,21,0
41,46,21,0.77
41,87,21,0.04
41,90,21,0.68
42,4,17,0.24
42,16,17,0.93
42,42,17,0
42,44,17,0.87
42,55,17,0.04
42,66,17,0.91
42,91,17,0.53
42,92,17,0.5
42,93,17,0.67
42,96,17,0.61
42,11,2,0.26
42,12,2,0.82
42,42,2,0
42,44,2,0.99
42,54,2,0.64
42,58,2,0.04
42,61,2,0.07
42,64,2,0.03
42,73,2,0.78
42,81,2,0.24
42,84,2,0.38
42,88,2,0.18
43,1,33,0.88
43,39,33,0.55
43,43,33,0
43,59,33,0.5
43,82,33,0.65
43,1,9,0.82
43,29,9,0.37
43,39,9,0.35
43,43,9,0
43,64,9,0.87
43,65,9,0.12
43,86,9,0.69
43,88,9,0.3
43,1,28,0.44
43,7,28,0.23
43,26,28,0.8
43,27,28,0.81
43,43,28,0
43,56,28,0.11
43,64,28,0.08
43,71,28,0.98
43,79,28,0.57
44,4,17,0.27
44,16,17,0.38
44,42,17,0.25
44,44,17,0
44,55,17,0.23
44,66,17,0.45
44,91,17,0.57
44,92,17,0.22
44,93,17,0.6
44,96,17,0.11
44,0,18,0.65
44,2,18,0.73
44,9,18,0.31
44,44,18,0
44,62,18,0.67
44,69,18,0.08
44,76,18,0.1
44,77,18,0.49
44,89,18,0.71
44,11,2,0.37
44,12,2,0.33
44,42,2,0.63
44,44,2,0
44,54,2,0.65
44,58,2,0.65
44,61,2,0.84
44,64,2,0.5
44,73,2,0.73
44,81,2,0.59
44,84,2,0.51
44,88,2,0.5
45,3,30,0.02
45,5,30,0.42
45,8,30,0.43
45,40,30,0.53
45,45,30,0
45,50,30,0.88
45,80,30,0.92
45,82,30,0.42
45,6,4,0.46
45,29,4,0.96
45,33,4,0.65
45,45,4,0
45,48,4,0.07
45,54,4,0.42
45,56,4,0.27
45,67,4,0.24
46,14,25,0.58
46,15,25,0.65
46,22,25,0.23
46,35,25,0.31
46,36,25,0.71
46,46,25,0
46,56,25,0.97
46,94,25,0.25
46,18,39,0.4
46,46,39,0
46,83,39,0.81
46,16,21,0.38
46,41,21,0.0
46,46,21,0
46,87,21,0.63
46,90,21,0.74
47,15,1,0.34
47,47,1,0
47,54,1,0.93
47,59,1,0.53
47,68,1,0.64
47,6,31,0.57
47,18,31,0.7
47,25,31,0.19
47,32,31,0.92
47,34,31,0.49
47,37,31,0.32
47,39,31,0.34
47,40,31,0.2
47,47,31,0
47,57,31,0.81
47,86,31,0.09
47,91,31,0.71
47,4,5,0.81
47,6,5,0.56
47,30,5,0.45
47,47,5,0
47,49,5,0.32
47,85,5,0.95
48,10,34,0.81
48,20,34,0.07
48,23,34,0.91
48,48,34,0
48,58,34,0.07
48,63,34,0.95
48,72,34,0.29
48,73,34,0.94
48,85,34,0.1
48,88,34,0.61
48,95,34,0.39
48,6,4,0.15
48,29,4,0.23
48,33,4,0.51
48,45,4,0.17
48,48,4,0
48,54,4,0.85
48,56,4,0.28
48,67,4,0.83
48,10,24,0.77
48,33,24,0.21
48,41,24,0.05
48,48,24,0
48,50,24,0.4
48,55,24,0.58
48,68,24,0.55
48,73,24,0.23
48,80,24,0.69
49,16,22,0.6
49,19,22,0.44
49,29,22,0.74
49,49,22,0
49,54,22,0.65
49,58,22,0.65
49,87,22,0.28
49,97,22,0.0
49,4,5,0.22
49,6,5,0.38
49,30,5,0.55
49,47,5,0.68
49,49,5,0
49,85,5,0.58
49,7,38,0.8
49,14,38,0.48
49,17,38,0.69
49,30,38,0.44
49,32,38,0.63
49,49,38,0
49,61,38,0.88
49,63,38,0.75
49,79,38,0.23
49,97,38,0.9
49,98,38,0.79
50,11,35,0.89
50,50,35,0
50,52,35,0.39
50,62,35,0.3
50,67,35,0.87
50,70,35,0.99
50,86,35,0.25
50,92,35,0.81
50,93,35,0.81
50,3,30,0.25
50,5,30,0.66
50,8,30,0.5
50,40,30,0.1
50,45,30,0.75
50,50,30,0
50,80,30,0.3
50,82,30,0.54
50,24,11,0.31
50,34,11,0.76
50,50,11,0
50,66,11,0.45
50,67,11,0.96
50,77,11,0.94
50,83,11,0.97
50,99,11,0.21
50,10,24,0.15
50,33,24,0.14
50,41,24,0.56
50,48,24,0.67
50,50,24,0
50,55,24,0.32
50,68,24,0.73
50,73,24,0.73
50,80,24,0.61
51,26,36,0.84
51,34,36,0.96
51,36,36,0.64
51,38,36,0.35
51,39,36,0.6
51,40,36,0.41
51,51,36,0
51,52,36,0.83
51,59,36,0.31
51,60,36,0.89
51,63,36,0.53
51,67,36,0.06
51,76,36,0.12
51,93,36,0.12
51,0,12,0.01
51,17,12,0.26
51,23,12,0.86
51,25,12,0.24
51,31,12,0.78
51,35,12,0.17
51,37,12,0.82
51,51,12,0
51,70,12,0.53
51,83,12,0.21
51,97,12,0.33
51,7,20,0.62
51,8,20,0.22
51,25,20,0.06
51,29,20,0.36
51,51,20,0
51,55,20,0.41
52,11,35,0.2
52,50,35,0.45
52,52,35,0
52,62,35,0.62
52,67,35,0.34
52,70,35,0.86
52,86,35,0.32
52,92,35,0.99
52,93,35,0.86
52,26,36,0.22
52,34,36,0.01
52,36,36,0.9
52,38,36,0.81
52,39,36,0.02
52,40,36,0.93
52,51,36,0.97
52,52,36,0
52,59,36,0.4
52,60,36,0.15
52,63,36,0.83
52,67,36,0.43
52,76,36,0.56
52,93,36,0.43
53,5,16,0.84
53,15,16,0.7
53,20,16,0.14
53,34,16,0.39
53,53,16,0
53,79,16,0.14
53,89,16,0.93
53,97,16,0.74
53,10,32,0.4
53,21,32,0.47
53,25,32,0.8
53,33,32,0.02
53,36,32,0.54
53,53,32,0
53,78,32,0.34
54,6,4,0.17
54,29,4,0.39
54,33,4,0.74
54,45,4,0.26
54,48,4,0.91
54,54,4,0
54,56,4,0.5
54,67,4,0.53
54,15,1,0.59
54,47,1,0.03
54,54,1,0
54,59,1,0.67
54,68,1,0.67
54,16,22,0.6
54,19,22,0.95
54,29,22,0.41
54,49,22,0.14
54,54,22,0
54,58,22,0.8
54,87,22,0.99
54,97,22,0.57
54,11,2,0.93
54,12,2,0.18
54,42,2,0.49
54,44,2,0.51
54,54,2,0
54,58,2,0.61
54,61,2,0.22
54,64,2,0.11
54,73,2,0.77
54,81,2,0.55
54,84,2,0.97
54,88,2,0.95
55,10,24,0.92
55,33,24,0.4
55,41,24,0.48
55,48,24,0.45
55,50,24,0.08
55,55,24,0
55,68,24,0.65
55,73,24,0.77
55,80,24,0.78
55,4,17,0.58
55,16,17,0.78
55,42,17,0.74
55,44,17,0.78
55,55,17,0
55,66,17,0.56
55,91,17,0.27
55,92,17,0.36
55,93,17,0.36
55,96,17,0.79
55,35,15,0.84
55,55,15,0
55,56,15,0.45
55,58,15,0.12
55,65,15,0.7
55,73,15,0.93
55,76,15,0.23
55,98,15,0.21
55,7,20,0.16
55,8,20,0.39
55,25,20,0.94
55,29,20,0.8
55,51,20,0.6
55,55,20,0
56,35,15,0.59
56,55,15,0.11
56,56,15,0
56,58,15,0.54
56,65,15,0.4
56,73,15,0.1
56,76,15,0.42
56,98,15,0.67
56,14,25,0.28
56,15,25,0.41
56,22,25,0.69
56,35,25,0.91
56,36,25,0.78
56,46,25,0.55
56,56,25,0
56,94,25,0.32
56,6,4,0.83
56,29,4,0.14
56,33,4,0.82
56,45,4,0.26
56,48,4,0.1
56,54,4,0.46
56,56,4,0
56,67,4,0.86
56,1,28,0.87
56,7,28,0.5
56,26,28,0.05
56,27,28,0.99
56,43,28,0.09
56,56,28,0
56,64,28,0.52
56,71,28,0.18
56,79,28,0.28
57,12,13,0.79
57,30,13,0.47
57,57,13,0
57,69,13,0.79
57,74,13,0.32
57,77,13,0.45
57,86,13,0.31
57,90,13,0.19
57,96,13,0.81
57,99,13,0.71
57,6,31,0.98
57,18,31,0.55
57,25,31,0.66
57,32,31,0.29
57,34,31,0.11
57,37,31,0.98
57,39,31,0.26
57,40,31,0.67
57,47,31,0.35
57,57,31,0
57,86,31,0.91
57,91,31,0.93
58,11,2,0.54
58,12,2,0.24
58,42,2,0.14
58,44,2,0.93
58,54,2,0.31
58,58,2,0
58,61,2,0.48
58,64,2,0.76
58,73,2,0.39
58,81,2,0.08
58,84,2,0.83
58,88,2,0.66
58,35,15,0.08
58,55,15,0.74
58,56,15,0.73
58,58,15,0
58,65,15,0.7
58,73,15,0.35
58,76,15,0.19
58,98,15,0.98
58,10,34,0.15
58,20,34,0.57
58,23,34,0.08
58,48,34,0.78
58,58,34,0
58,63,34,0.93
58,72,34,0.06
58,73,34,0.02
58,85,34,0.3
58,88,34,0.84
58,95,34,0.35
58,16,22,0.08
58,19,22,0.2
58,29,22,0.89
58,49,22,0.14
58,54,22,0.3
58,58,22,0
58,87,22,0.51
58,97,22,0.89
59,28,19,0.25
59,59,19,0
59,64,19,0.6
59,71,19,0.66
59,78,19,0.03
59,90,19,0.0
59,92,19,0.4
59,1,33,0.07
59,39,33,0.89
59,43,33,0.28
59,59,33,0
59,82,33,0.57
59,15,1,0.71
59,47,1,0.55
59,54,1,0.31
59,59,1,0
59,68,1,0.11
59,26,36,0.43
59,34,36,0.7
59,36,36,0.23
59,38,36,0.44
59,39,36,0.72
59,40,36,0.16
59,51,36,0.85
59,52,36,0.39
59,59,36,0
59,60,36,0.8
59,63,36,0.82
59,67,36,0.48
59,76,36,0.95
59,93,36,0.27
60,2,7,0.09
60,7,7,0.62
60,16,7,0.2
60,20,7,0.1
60,31,7,0.08
60,60,7,0
60,71,7,0.56
60,95,7,0.62
60,60,27,0
60,90,27,0.25
60,26,36,0.9
60,34,36,0.22
60,36,36,0.06
60,38,36,0.47
60,39,36,0.56
60,40,36,0.62
60,51,36,0.97
60,52,36,0.69
60,59,36,0.66
60,60,36,0
60,63,36,0.84
60,67,36,0.07
60,76,36,0.58
60,93,36,0.33
60,13,3,0.68
60,22,3,0.9
60,27,3,0.64
60,28,3,0.66
60,60,3,0
60,65,3,0.74
60,81,3,0.16
60,89,3,0.27
60,95,3,0.41
61,7,38,0.78
61,14,38,0.28
61,17,38,0.91
61,30,38,0.62
61,32,38,0.23
61,49,38,0.95
61,61,38,0
61,63,38,0.22
61,79,38,0.49
61,97,38,0.76
61,98,38,0.05
61,11,2,0.72
61,12,2,0.13
61,42,2,0.05
61,44,2,0.85
61,54,2,0.82
61,58,2,0.01
61,61,2,0
61,64,2,0.22
61,73,2,0.57
61,81,2,0.22
61,84,2,0.88
61,88,2,0.96
62,0,18,0.85
62,2,18,0.62
62,9,18,0.14
62,44,18,0.75
62,62,18,0
62,69,18,0.37
62,76,18,0.03
62,77,18,0.58
62,89,18,0.49
62,11,35,0.82
62,50,35,0.09
62,52,35,0.71
62,62,35,0
62,67,35,0.91
62,70,35,0.28
62,86,35,0.33
62,92,35,0.65
62,93,35,0.87
63,7,38,0.26
63,14,38,0.09
63,17,38,0.54
63,30,38,0.75
63,32,38,0.24
63,49,38,0.73
63,61,38,0.18
63,63,38,0
63,79,38,0.97
63,97,38,0.1
63,98,38,0.63
63,10,34,0.67
63,20,34,0.18
63,23,34,0.86
63,48,34,0.79
63,58,34,0.94
63,63,34,0
63,72,34,0.98
63,73,34,0.61
63,85,34,0.04
63,88,34,0.8
63,95,34,0.47
63,26,36,0.41
63,34,36,0.59
63,36,36,0.44
63,38,36,0.58
63,39,36,0.86
63,40,36,0.99
63,51,36,0.04
63,52,36,0.39
63,59,36,0.7
63,60,36,0.72
63,63,36,0
63,67,36,0.19
63,76,36,0.28
63,93,36,0.98
63,63,6,0
63,69,6,0.11
63,74,6,0.58
63,84,6,0.19
64,11,2,0.02
64,12,2,0.01
64,42,2,0.61
64,44,2,0.78
64,54,2,0.9
64,58,2,0.87
64,61,2,0.11
64,64,2,0
64,73,2,0.97
64,81,2,0.52
64,84,2,0.37
64,88,2,0.58
64,1,9,0.78
64,29,9,0.46
64,39,9,0.23
64,43,9,0.65
64,64,9,0
64,65,9,0.69
64,86,9,0.17
64,88,9,0.02
64,28,19,0.58
64,59,19,0.85
64,64,19,0
64,71,19,0.85
64,78,19,0.77
64,90,19,0.19
64,92,19,0.53
64,1,28,0.8
64,7,28,0.55
64,26,28,0.08
64,27,28,0.25
64,43,28,0.74
64,56,28,0.61
64,64,28,0
64,71,28,0.1
64,79,28,0.24
65,13,3,0.34
65,22,3,0.05
65,27,3,0.63
65,28,3,0.88
65,60,3,0.93
65,65,3,0
65,81,3,0.57
65,89,3,0.93
65,95,3,0.86
65,1,9,0.77
65,29,9,0.65
65,39,9,0.82
65,43,9,0.3
65,64,9,0.77
65,65,9,0
65,86,9,0.77
65,88,9,0.74
65,11,14,0.11
65,21,14,0.56
65,35,14,0.65
65,65,14,0
65,70,14,0.0
65,75,14,0.33
65,81,14,0.57
65,95,14,0.75
65,35,15,0.06
65,55,15,0.41
65,56,15,0.51
65,58,15,0.08
65,65,15,0
65,73,15,0.6
65,76,15,0.26
65,98,15,0.79
66,4,17,0.98
66,16,17,0.03
66,42,17,0.17
66,44,17,0.71
66,55,17,0.74
66,66,17,0
66,91,17,0.68
66,92,17,0.95
66,93,17,0.53
66,96,17,0.57
66,24,11,0.19
66,34,11,0.25
66,50,11,0.58
66,66,11,0
66,67,11,0.09
66,77,11,0.95
66,83,11,0.83
66,99,11,0.05
67,6,4,0.18
67,29,4,0.39
67,33,4,0.31
67,45,4,0.4
67,48,4,0.43
67,54,4,0.77
67,56,4,0.32
67,67,4,0
67,26,36,0.77
67,34,36,0.7
67,36,36,0.28
67,38,36,0.85
67,39,36,0.8
67,40,36,0.23
67,51,36,0.99
67,52,36,0.81
67,59,36,0.85
67,60,36,0.01
67,63,36,0.05
67,67,36,0
67,76,36,0.11
67,93,36,0.62
67,24,11,0.52
67,34,11,0.45
67,50,11,0.02
67,66,11,0.32
67,67,11,0
67,77,11,0.38
67,83,11,0.96
67,99,11,0.96
67,11,35,0.57
67,50,35,0.61
67,52,35,0.55
67,62,35,0.34
67,67,35,0
67,70,35,0.95
67,86,35,0.51
67,92,35,0.3
67,93,35,0.4
68,10,24,0.55
68,33,24,0.6
68,41,24,0.31
68,48,24,0.43
68,50,24,0.19
68,55,24,0.11
68,68,24,0
68,73,24,0.43
68,80,24,0.15
68,1,23,0.3
68,18,23,0.4
68,68,23,0
68,83,23,0.66
68,68,0,0
68,78,0,0.39
68,79,0,0.95
68,15,1,0.63
68,47,1,0.78
68,54,1,0.42
68,59,1,0.44
68,68,1,0
69,12,13,0.4
69,30,13,0.82
69,57,13,0.05
69,69,13,0
69,74,13,0.36
69,77,13,0.22
69,86,13,0.35
69,90,13,0.07
69,96,13,0.32
69,99,13,0.45
69,0,18,0.61
69,2,18,0.04
69,9,18,0.16
69,44,18,0.46
69,62,18,0.17
69,69,18,0
69,76,18,0.32
69,77,18,0.99
69,89,18,0.75
69,63,6,0.22
69,69,6,0
69,74,6,0.63
69,84,6,0.26
70,11,35,0.93
70,50,35,0.34
70,52,35,0.88
70,62,35,0.76
70,67,35,0.69
70,70,35,0
70,86,35,0.81
70,92,35,0.64
70,93,35,0.64
70,0,12,0.82
70,17,12,0.27
70,23,12,0.45
70,25,12,0.3
70,31,12,0.68
70,35,12,0.63
70,37,12,0.54
70,51,12,0.28
70,70,12,0
70,83,12,0.58
70,97,12,0.02
70,8,26,0.09
70,13,26,0.88
70,70,26,0
70,72,26,0.39
70,11,14,0.8
70,21,14,0.24
70,35,14,0.07
70,65,14,0.77
70,70,14,0
70,75,14,1.0
70,81,14,0.38
70,95,14,0.87
71,1,28,0.67
71,7,28,0.01
71,26,28,0.84
71,27,28,0.59
71,43,28,0.24
71,56,28,0.82
71,64,28,0.7
71,71,28,0
71,79,28,0.88
71,2,7,0.57
71,7,7,0.07
71,16,7,0.72
71,20,7,0.32
71,31,7,0.22
71,60,7,0.19
71,71,7,0
71,95,7,0.35
71,28,19,0.32
71,59,19,0.33
71,64,19,0.55
71,71,19,0
71,78,19,0.07
71,90,19,0.17
71,92,19,0.02
72,8,26,0.98
72,13,26,0.89
72,70,26,0.24
72,72,26,0
72,10,34,0.41
72,20,34,0.69
72,23,34,0.41
72,48,34,0.22
72,58,34,0.93
72,63,34,0.3
72,72,34,0
72,73,34,0.54
72,85,34,0.44
72,88,34,0.12
72,95,34,0.65
73,11,2,0.46
73,12,2,0.22
73,42,2,0.27
73,44,2,0.41
73,54,2,0.98
73,58,2,0.18
73,61,2,0.82
73,64,2,0.51
73,73,2,0
73,81,2,0.59
73,84,2,0.58
73,88,2,0.73
73,10,24,0.61
73,33,24,0.33
73,41,24,0.95
73,48,24,0.0
73,50,24,0.51
73,55,24,0.89
73,68,24,0.92
73,73,24,0
73,80,24,0.96
73,35,15,0.54
73,55,15,0.22
73,56,15,0.6
73,58,15,0.43
73,65,15,0.92
73,73,15,0
73,76,15,0.39
73,98,15,0.08
73,10,34,0.83
73,20,34,0.35
73,23,34,0.7
73,48,34,0.77
73,58,34,0.71
73,63,34,0.85
73,72,34,0.5
73,73,34,0
73,85,34,0.91
73,88,34,0.71
73,95,34,0.51
74,3,10,0.76
74,9,10,0.63
74,14,10,0.72
74,32,10,0.33
74,36,10,0.72
74,37,10,0.34
74,74,10,0
74,81,10,0.9
74,63,6,0.23
74,69,6,0.51
74,74,6,0
74,84,6,0.66
74,12,13,0.41
74,30,13,0.78
74,57,13,0.13
74,69,13,0.68
74,74,13,0
74,77,13,0.4
74,86,13,0.99
74,90,13,0.61
74,96,13,0.28
74,99,13,0.71
75,13,8,0.79
75,31,8,0.71
75,75,8,0
75,11,14,0.63
75,21,14,0.42
75,35,14,0.94
75,65,14,0.81
75,70,14,0.13
75,75,14,0
75,81,14,0.86
75,95,14,0.92
75,15,37,0.66
75,38,37,0.7
75,75,37,0
76,26,36,0.62
76,34,36,0.91
76,36,36,0.03
76,38,36,0.96
76,39,36,0.55
76,40,36,0.65
76,51,36,0.28
76,52,36,0.41
76,59,36,0.88
76,60,36,0.5
76,63,36,0.66
76,67,36,0.85
76,76,36,0
76,93,36,0.62
76,35,15,0.19
76,55,15,0.24
76,56,15,0.43
76,58,15,0.72
76,65,15,0.24
76,73,15,0.23
76,76,15,0
76,98,15,0.85
76,0,18,0.24
76,2,18,0.54
76,9,18,0.86
76,44,18,0.54
76,62,18,0.88
76,69,18,0.82
76,76,18,0
76,77,18,0.87
76,89,18,0.72
77,0,18,0.68
77,2,18,0.65
77,9,18,0.24
77,44,18,0.06
77,62,18,0.16
77,69,18,0.59
77,76,18,0.7
77,77,18,0
77,89,18,0.94
77,24,11,0.82
77,34,11,0.46
77,50,11,0.07
77,66,11,0.52
77,67,11,0.8
77,77,11,0
77,83,11,0.58
77,99,11,0.22
77,12,13,0.58
77,30,13,0.2
77,57,13,0.2
77,69,13,0.15
77,74,13,0.32
77,77,13,0
77,86,13,0.56
77,90,13,0.17
77,96,13,0.69
77,99,13,0.7
78,28,19,0.59
78,59,19,0.72
78,64,19,0.31
78,71,19,0.76
78,78,19,0
78,90,19,0.39
78,92,19,0.68
78,68,0,0.64
78,78,0,0
78,79,0,0.69
78,10,32,0.01
78,21,32,0.8
78,25,32,0.42
78,33,32,0.17
78,36,32,0.47
78,53,32,0.13
78,78,32,0
79,5,16,0.54
79,15,16,0.13
79,20,16,0.26
79,34,16,0.24
79,53,16,0.38
79,79,16,0
79,89,16,0.33
79,97,16,0.94
79,7,38,0.98
79,14,38,0.56
79,17,38,0.47
79,30,38,0.77
79,32,38,0.87
79,49,38,0.49
79,61,38,0.43
79,63,38,0.07
79,79,38,0
79,97,38,0.37
79,98,38,0.0
79,68,0,0.98
79,78,0,0.88
79,79,0,0
79,1,28,0.34
79,7,28,0.46
79,26,28,0.4
79,27,28,0.03
79,43,28,0.03
79,56,28,0.47
79,64,28,0.77
79,71,28,0.72
79,79,28,0
80,3,30,0.02
80,5,30,0.96
80,8,30,0.08
80,40,30,0.16
80,45,30,0.06
80,50,30,0.97
80,80,30,0
80,82,30,0.31
80,10,24,0.75
80,33,24,0.89
80,41,24,0.28
80,48,24,0.57
80,50,24,0.17
80,55,24,0.43
80,68,24,0.77
80,73,24,0.9
80,80,24,0
81,13,3,0.25
81,22,3,0.79
81,27,3,0.94
81,28,3,0.32
81,60,3,0.34
81,65,3,0.89
81,81,3,0
81,89,3,0.96
81,95,3,0.14
81,11,14,0.25
81,21,14,0.61
81,35,14,0.4
81,65,14,0.83
81,70,14,0.85
81,75,14,0.4
81,81,14,0
81,95,14,0.68
81,3,10,0.53
81,9,10,0.96
81,14,10,0.6
81,32,10,0.45
81,36,10,0.79
81,37,10,0.89
81,74,10,0.67
81,81,10,0
81,11,2,0.83
81,12,2,0.76
81,42,2,0.55
81,44,2,0.96
81,54,2,0.27
81,58,2,0.43
81,61,2,0.15
81,64,2,0.63
81,73,2,0.78
81,81,2,0
81,84,2,0.51
81,88,2,0.55
82,3,30,0.68
82,5,30,0.29
82,8,30,0.79
82,40,30,0.49
82,45,30,0.66
82,50,30,0.06
82,80,30,0.12
82,82,30,0
82,1,33,0.7
82,39,33,0.64
82,43,33,0.23
82,59,33,0.9
82,82,33,0
83,0,12,0.59
83,17,12,0.95
83,23,12,0.12
83,25,12,0.97
83,31,12,0.41
83,35,12,0.34
83,37,12,0.31
83,51,12,0.19
83,70,12,0.35
83,83,12,0
83,97,12,0.06
83,1,23,0.83
83,18,23,0.07
83,68,23,0.95
83,83,23,0
83,24,11,0.72
83,34,11,0.46
83,50,11,0.6
83,66,11,0.44
83,67,11,0.38
83,77,11,0.15
83,83,11,0
83,99,11,0.13
83,18,39,0.04
83,46,39,0.79
83,83,39,0
84,11,2,0.76
84,12,2,0.98
84,42,2,0.11
84,44,2,0.66
84,54,2,0.6
84,58,2,0.11
84,61,2,0.15
84,64,2,0.49
84,73,2,0.97
84,81,2,0.71
84,84,2,0
84,88,2,0.78
84,63,6,0.05
84,69,6,0.6
84,74,6,0.99
84,84,6,0
85,4,5,0.75
85,6,5,0.63
85,30,5,0.1
85,47,5,0.55
85,49,5,0.73
85,85,5,0
85,10,34,0.11
85,20,34,0.53
85,23,34,0.16
85,48,34,0.66
85,58,34,0.41
85,63,34,0.72
85,72,34,0.52
85,73,34,0.29
85,85,34,0
85,88,34,0.74
85,95,34,0.21
86,6,31,0.14
86,18,31,0.55
86,25,31,0.01
86,32,31,0.35
86,34,31,0.31
86,37,31,0.09
86,39,31,0.11
86,40,31,0.92
86,47,31,0.24
86,57,31,0.58
86,86,31,0
86,91,31,0.49
86,12,13,0.25
86,30,13,0.65
86,57,13,0.96
86,69,13,0.89
86,74,13,0.88
86,77,13,0.39
86,86,13,0
86,90,13,0.46
86,96,13,0.76
86,99,13,0.99
86,1,9,0.55
86,29,9,0.09
86,39,9,0.32
86,43,9,0.89
86,64,9,0.11
86,65,9,0.21
86,86,9,0
86,88,9,0.4
86,11,35,0.91
86,50,35,0.7
86,52,35,0.24
86,62,35,0.98
86,67,35,0.88
86,70,35,0.01
86,86,35,0
86,92,35,0.51
86,93,35,0.52
87,16,22,0.19
87,19,22,0.14
87,29,22,0.47
87,49,22,0.93
87,54,22,0.23
87,58,22,0.75
87,87,22,0
87,97,22,0.94
87,16,21,0.32
87,41,21,0.22
87,46,21,0.58
87,87,21,0
87,90,21,0.74
87,10,29,0.95
87,19,29,0.33
87,20,29,0.07
87,24,29,0.32
87,28,29,0.97
87,31,29,0.32
87,87,29,0
87,88,29,0.78
87,91,29,0.78
87,94,29,0.04
87,98,29,0.5
88,10,34,0.95
88,20,34,0.97
88,23,34,0.53
88,48,34,0.15
88,58,34,0.16
88,63,34,0.46
88,72,34,0.29
88,73,34,0.91
88,85,34,0.19
88,88,34,0
88,95,34,0.69
88,1,9,0.95
88,29,9,0.76
88,39,9,0.71
88,43,9,0.94
88,64,9,0.28
88,65,9,0.18
88,86,9,0.66
88,88,9,0
88,11,2,0.36
88,12,2,0.45
88,42,2,0.7
88,44,2,0.26
88,54,2,0.06
88,58,2,0.98
88,61,2,0.47
88,64,2,0.98
88,73,2,0.41
88,81,2,0.94
88,84,2,0.49
88,88,2,0
88,10,29,0.78
88,19,29,0.74
88,20,29,0.22
88,24,29,0.65
88,28,29,0.62
88,31,29,0.83
88,87,29,0.41
88,88,29,0
88,91,29,0.21
88,94,29,0.52
88,98,29,0.03
89,13,3,0.46
89,22,3,0.39
89,27,3,0.98
89,28,3,0.29
89,60,3,0.34
89,65,3,0.69
89,81,3,0.39
89,89,3,0
89,95,3,0.74
89,0,18,0.18
89,2,18,0.39
89,9,18,0.94
89,44,18,0.19
89,62,18,0.06
89,69,18,0.17
89,76,18,0.84
89,77,18,0.69
89,89,18,0
89,5,16,0.02
89,15,16,0.27
89,20,16,0.77
89,34,16,0.23
89,53,16,0.45
89,79,16,0.33
89,89,16,0
89,97,16,0.36
90,60,27,0.15
90,90,27,0
90,28,19,0.6
90,59,19,0.95
90,64,19,0.67
90,71,19,0.88
90,78,19,0.65
90,90,19,0
90,92,19,0.22
90,12,13,0.52
90,30,13,0.76
90,57,13,0.71
90,69,13,0.1
90,74,13,0.33
90,77,13,0.76
90,86,13,0.24
90,90,13,0
90,96,13,0.19
90,99,13,0.07
90,16,21,0.63
90,41,21,0.74
90,46,21,0.72
90,87,21,1.0
90,90,21,0
91,6,31,0.29
91,18,31,0.74
91,25,31,0.1
91,32,31,0.73
91,34,31,0.75
91,37,31,0.26
91,39,31,0.25
91,40,31,0.59
91,47,31,0.71
91,57,31,0.29
91,86,31,0.9
91,91,31,0
91,4,17,0.45
91,16,17,0.82
91,42,17,0.23
91,44,17,0.13
91,55,17,0.79
91,66,17,0.7
91,91,17,0
91,92,17,0.41
91,93,17,0.96
91,96,17,0.97
91,10,29,0.03
91,19,29,0.72
91,20,29,0.58
91,24,29,0.82
91,28,29,0.18
91,31,29,0.78
91,87,29,0.94
91,88,29,0.38
91,91,29,0
91,94,29,0.08
91,98,29,0.24
92,11,35,0.06
92,50,35,0.43
92,52,35,0.01
92,62,35,0.85
92,67,35,0.61
92,70,35,0.49
92,86,35,0.64
92,92,35,0
92,93,35,0.57
92,4,17,0.8
92,16,17,0.4
92,42,17,0.51
92,44,17,0.15
92,55,17,0.43
92,66,17,0.73
92,91,17,0.98
92,92,17,0
92,93,17,0.19
92,96,17,0.94
92,28,19,0.82
92,59,19,0.21
92,64,19,0.35
92,71,19,0.07
92,78,19,0.22
92,90,19,0.66
92,92,19,0
93,26,36,0.97
93,34,36,0.59
93,36,36,0.37
93,38,36,0.26
93,39,36,0.13
93,40,36,0.92
93,51,36,0.35
93,52,36,0.63
93,59,36,0.84
93,60,36,0.07
93,63,36,0.53
93,67,36,0.33
93,76,36,0.27
93,93,36,0
93,11,35,0.35
93,50,35,0.92
93,52,35,0.57
93,62,35,0.25
93,67,35,0.68
93,70,35,0.67
93,86,35,0.57
93,92,35,0.13
93,93,35,0
93,4,17,0.4
93,16,17,0.31
93,42,17,0.81
93,44,17,0.88
93,55,17,0.29
93,66,17,0.7
93,91,17,0.57
93,92,17,0.35
93,93,17,0
93,96,17,0.99
94,14,25,0.47
94,15,25,0.43
94,22,25,0.43
94,35,25,0.07
94,36,25,0.89
94,46,25,0.21
94,56,25,0.19
94,94,25,0
94,10,29,0.53
94,19,29,0.36
94,20,29,0.91
94,24,29,0.12
94,28,29,0.13
94,31,29,0.35
94,87,29,0.89
94,88,29,0.18
94,91,29,0.39
94,94,29,0
94,98,29,0.95
95,2,7,0.35
95,7,7,0.28
95,16,7,0.31
95,20,7,0.65
95,31,7,0.4
95,60,7,0.16
95,71,7,0.53
95,95,7,0
95,10,34,0.52
95,20,34,0.48
95,23,34,0.35
95,48,34,0.62
95,58,34,0.91
95,63,34,0.49
95,72,34,0.13
95,73,34,0.4
95,85,34,0.53
95,88,34,0.79
95,95,34,0
95,13,3,0.67
95,22,3,0.4
95,27,3,0.83
95,28,3,0.71
95,60,3,0.34
95,65,3,0.85
95,81,3,0.99
95,89,3,0.26
95,95,3,0
95,11,14,0.13
95,21,14,0.84
95,35,14,0.66
95,65,14,0.73
95,70,14,0.47
95,75,14,0.2
95,81,14,0.04
95,95,14,0
96,4,17,0.49
96,16,17,0.6
96,42,17,0.57
96,44,17,0.76
96,55,17,0.53
96,66,17,0.45
96,91,17,0.17
96,92,17,0.95
96,93,17,0.62
96,96,17,0
96,12,13,0.64
96,30,13,0.25
96,57,13,0.61
96,69,13,0.94
96,74,13,0.54
96,77,13,0.9
96,86,13,0.77
96,90,13,0.45
96,96,13,0
96,99,13,0.61
97,5,16,0.88
97,15,16,0.51
97,20,16,0.92
97,34,16,0.79
97,53,16,0.97
97,79,16,0.71
97,89,16,0.91
97,97,16,0
97,0,12,0.71
97,17,12,0.59
97,23,12,0.94
97,25,12,0.58
97,31,12,0.38
97,35,12,0.45
97,37,12,0.04
97,51,12,0.66
97,70,12,0.92
97,83,12,0.91
97,97,12,0
97,7,38,0.61
97,14,38,0.71
97,17,38,0.55
97,30,38,0.27
97,32,38,0.53
97,49,38,0.44
97,61,38,0.43
97,63,38,0.74
97,79,38,0.68
97,97,38,0
97,98,38,0.99
97,16,22,0.09
97,19,22,0.66
97,29,22,0.14
97,49,22,0.4
97,54,22,0.29
97,58,22,0.29
97,87,22,0.98
97,97,22,0
98,7,38,0.19
98,14,38,0.32
98,17,38,0.96
98,30,38,0.19
98,32,38,0.62
98,49,38,0.84
98,61,38,0.06
98,63,38,0.35
98,79,38,0.01
98,97,38,0.11
98,98,38,0
98,10,29,0.82
98,19,29,0.25
98,20,29,0.14
98,24,29,0.26
98,28,29,0.52
98,31,29,0.46
98,87,29,0.6
98,88,29,0.89
98,91,29,0.59
98,94,29,0.78
98,98,29,0
98,35,15,0.02
98,55,15,0.44
98,56,15,0.83
98,58,15,0.15
98,65,15,0.53
98,73,15,0.01
98,76,15,0.39
98,98,15,0
99,24,11,0.6
99,34,11,0.42
99,50,11,0.61
99,66,11,0.61
99,67,11,0.37
99,77,11,0.27
99,83,11,0.46
99,99,11,0
99,12,13,0.92
99,30,13,0.81
99,57,13,0.49
99,69,13,0.21
99,74,13,0.6
99,77,13,0.77
99,86,13,0.03
99,90,13,0.83
99,96,13,0.82
99,99,13,0