M,100,P,30,Q,100000,targetS,0.1,targetW,0.1

Resources name, resource id, current workload and max workload
R_0,0,0.79,1
R_1,1,0.75,1
R_2,2,0.64,1
R_3,3,0.71,1
R_4,4,0.67,1
R_5,5,0.63,1
R_6,6,0.76,1
R_7,7,0.69,1
R_8,8,0.67,1
R_9,9,0.65,1
R_10,10,0.75,1
R_11,11,0.77,1
R_12,12,0.7,1
R_13,13,0.7,1
R_14,14,0.64,1
R_15,15,0.65,1
R_16,16,0.76,1
R_17,17,0.71,1
R_18,18,0.67,1
R_19,19,0.68,1
R_20,20,0.69,1
R_21,21,0.68,1
R_22,22,0.72,1
R_23,23,0.6,1
R_24,24,0.75,1
R_25,25,0.65,1
R_26,26,0.76,1
R_27,27,0.67,1
R_28,28,0.69,1
R_29,29,0.68,1
R_30,30,0.63,1
R_31,31,0.66,1
R_32,32,0.77,1
R_33,33,0.63,1
R_34,34,0.71,1
R_35,35,0.69,1
R_36,36,0.65,1
R_37,37,0.73,1
R_38,38,0.64,1
R_39,39,0.67,1
R_40,40,0.71,1
R_41,41,0.64,1
R_42,42,0.77,1
R_43,43,0.63,1
R_44,44,0.66,1
R_45,45,0.76,1
R_46,46,0.74,1
R_47,47,0.64,1
R_48,48,0.65,1
R_49,49,0.69,1
R_50,50,0.67,1
R_51,51,0.79,1
R_52,52,0.69,1
R_53,53,0.73,1
R_54,54,0.63,1
R_55,55,0.63,1
R_56,56,0.69,1
R_57,57,0.68,1
R_58,58,0.65,1
R_59,59,0.67,1
R_60,60,0.64,1
R_61,61,0.72,1
R_62,62,0.63,1
R_63,63,0.72,1
R_64,64,0.73,1
R_65,65,0.68,1
R_66,66,0.67,1
R_67,67,0.61,1
R_68,68,0.62,1
R_69,69,0.8,1
R_70,70,0.67,1
R_71,71,0.68,1
R_72,72,0.65,1
R_73,73,0.65,1
R_74,74,0.73,1
R_75,75,0.67,1
R_76,76,0.67,1
R_77,77,0.8,1
R_78,78,0.63,1
R_79,79,0.71,1
R_80,80,0.63,1
R_81,81,0.68,1
R_82,82,0.77,1
R_83,83,0.62,1
R_84,84,0.8,1
R_85,85,0.64,1
R_86,86,0.63,1
R_87,87,0.6,1
R_88,88,0.78,1
R_89,89,0.61,1
R_90,90,0.74,1
R_91,91,0.73,1
R_92,92,0.69,1
R_93,93,0.69,1
R_94,94,0.78,1
R_95,95,0.74,1
R_96,96,0.72,1
R_97,97,0.75,1
R_98,98,0.62,1
R_99,99,0.71,1

Activities name, activity id, lambda, stress, resource id, priority, rifiutato
act_6,6,0.19,0.51,0,307,0
act_3,3,0.12,0.24,1,229,0
act_18,18,0.06,0.72,1,190,1
act_18,18,0.06,0.72,1,46,1
act_0,0,0.25,0.43,2,24,0
act_10,10,0.02,0.9,2,4,1
act_10,10,0.02,0.9,2,194,1
act_10,10,0.02,0.9,2,17,1
act_10,10,0.02,0.9,2,268,1
act_10,10,0.02,0.9,2,342,1
act_3,3,0.12,0.24,3,312,0
act_8,8,0.17,0.07,3,256,0
act_17,17,0.05,0.36,4,52,1
act_17,17,0.05,0.36,4,126,1
act_17,17,0.05,0.36,4,84,1
act_17,17,0.05,0.36,4,337,1
act_10,10,0.02,0.9,4,100,1
act_17,17,0.05,0.36,4,172,1
act_17,17,0.05,0.36,4,314,1
act_15,15,0.23,0.22,5,69,0
act_11,11,0.07,0.72,5,94,0
act_2,2,0.12,0.29,6,162,0
act_4,4,0.02,0.83,6,277,1
act_4,4,0.02,0.83,6,334,1
act_4,4,0.02,0.83,6,22,1
act_4,4,0.02,0.83,6,270,1
act_4,4,0.02,0.83,6,101,1
act_17,17,0.05,0.36,7,250,0
act_10,10,0.02,0.9,7,325,1
act_11,11,0.07,0.72,7,210,0
act_17,17,0.05,0.36,7,148,0
act_17,17,0.05,0.36,7,224,0
act_17,17,0.05,0.36,7,10,0
act_10,10,0.02,0.9,7,218,1
act_10,10,0.02,0.9,8,348,0
act_6,6,0.19,0.51,8,326,0
act_10,10,0.02,0.9,8,79,0
act_10,10,0.02,0.9,8,251,0
act_10,10,0.02,0.9,8,96,0
act_10,10,0.02,0.9,8,102,0
act_10,10,0.02,0.9,8,67,0
act_7,7,0.25,0.84,9,352,0
act_4,4,0.02,0.83,10,294,0
act_10,10,0.02,0.9,10,0,1
act_10,10,0.02,0.9,10,168,1
act_10,10,0.02,0.9,10,316,1
act_5,5,0.13,0.17,10,35,0
act_4,4,0.02,0.83,10,303,0
act_4,4,0.02,0.83,10,161,0
act_17,17,0.05,0.36,11,275,1
act_17,17,0.05,0.36,11,241,1
act_17,17,0.05,0.36,11,80,1
act_10,10,0.02,0.9,11,245,1
act_17,17,0.05,0.36,11,39,1
act_11,11,0.07,0.72,12,248,1
act_17,17,0.05,0.36,12,169,1
act_5,5,0.13,0.17,12,174,0
act_17,17,0.05,0.36,12,116,1
act_14,14,0.29,0.85,13,308,0
act_19,19,0.05,0.9,14,9,1
act_12,12,0.15,0.77,14,164,1
act_12,12,0.15,0.77,14,289,1
act_11,11,0.07,0.72,15,124,0
act_11,11,0.07,0.72,15,286,0
act_17,17,0.05,0.36,15,181,0
act_17,17,0.05,0.36,15,184,0
act_17,17,0.05,0.36,15,120,0
act_17,17,0.05,0.36,15,267,0
act_10,10,0.02,0.9,16,20,1
act_10,10,0.02,0.9,16,27,1
act_10,10,0.02,0.9,16,43,1
act_10,10,0.02,0.9,16,332,1
act_10,10,0.02,0.9,16,138,1
act_10,10,0.02,0.9,16,207,1
act_10,10,0.02,0.9,16,97,1
act_10,10,0.02,0.9,16,132,1
act_10,10,0.02,0.9,16,71,1
act_10,10,0.02,0.9,16,338,1
act_10,10,0.02,0.9,16,63,1
act_10,10,0.02,0.9,16,198,1
act_12,12,0.15,0.77,17,330,0
act_11,11,0.07,0.72,17,105,0
act_1,1,0.29,0.04,18,167,0
act_4,4,0.02,0.83,18,12,1
act_4,4,0.02,0.83,18,266,1
act_4,4,0.02,0.83,19,322,0
act_4,4,0.02,0.83,19,109,0
act_12,12,0.15,0.77,19,50,0
act_4,4,0.02,0.83,19,183,0
act_18,18,0.06,0.72,19,112,0
act_4,4,0.02,0.83,19,242,0
act_4,4,0.02,0.83,19,62,0
act_2,2,0.12,0.29,20,359,0
act_8,8,0.17,0.07,20,313,0
act_5,5,0.13,0.17,21,8,0
act_12,12,0.15,0.77,21,160,0
act_11,11,0.07,0.72,22,297,1
act_11,11,0.07,0.72,22,110,1
act_17,17,0.05,0.36,22,246,1
act_11,11,0.07,0.72,22,336,1
act_10,10,0.02,0.9,23,219,1
act_10,10,0.02,0.9,23,60,1
act_10,10,0.02,0.9,23,319,1
act_19,19,0.05,0.9,23,234,1
act_19,19,0.05,0.9,23,134,1
act_10,10,0.02,0.9,23,19,1
act_19,19,0.05,0.9,23,23,1
act_10,10,0.02,0.9,23,187,1
act_10,10,0.02,0.9,23,239,1
act_10,10,0.02,0.9,23,283,1
act_19,19,0.05,0.9,23,252,1
act_10,10,0.02,0.9,23,86,1
act_10,10,0.02,0.9,23,213,1
act_3,3,0.12,0.24,24,117,0
act_5,5,0.13,0.17,24,287,0
act_19,19,0.05,0.9,25,278,1
act_19,19,0.05,0.9,25,128,1
act_2,2,0.12,0.29,25,42,0
act_19,19,0.05,0.9,25,75,1
act_19,19,0.05,0.9,25,304,1
act_5,5,0.13,0.17,26,153,0
act_18,18,0.06,0.72,26,11,0
act_8,8,0.17,0.07,27,15,0
act_13,13,0.14,0.91,27,44,0
act_17,17,0.05,0.36,28,302,0
act_13,13,0.14,0.91,28,106,1
act_10,10,0.02,0.9,28,144,0
act_17,17,0.05,0.36,28,31,0
act_17,17,0.05,0.36,28,37,0
act_15,15,0.23,0.22,29,76,0
act_11,11,0.07,0.72,30,92,1
act_11,11,0.07,0.72,30,331,1
act_11,11,0.07,0.72,30,260,1
act_11,11,0.07,0.72,30,30,1
act_11,11,0.07,0.72,30,53,1
act_6,6,0.19,0.51,31,129,0
act_15,15,0.23,0.22,32,179,0
act_11,11,0.07,0.72,33,18,1
act_11,11,0.07,0.72,33,58,1
act_6,6,0.19,0.51,33,151,0
act_17,17,0.05,0.36,34,158,1
act_17,17,0.05,0.36,34,358,1
act_17,17,0.05,0.36,34,201,1
act_17,17,0.05,0.36,34,99,1
act_17,17,0.05,0.36,34,196,1
act_12,12,0.15,0.77,35,136,0
act_12,12,0.15,0.77,35,73,0
act_3,3,0.12,0.24,36,333,0
act_3,3,0.12,0.24,36,328,0
act_6,6,0.19,0.51,37,291,1
act_4,4,0.02,0.83,37,26,1
act_4,4,0.02,0.83,37,33,1
act_4,4,0.02,0.83,37,135,1
act_1,1,0.29,0.04,38,258,0
act_11,11,0.07,0.72,38,295,0
act_5,5,0.13,0.17,39,197,0
act_5,5,0.13,0.17,39,235,0
act_19,19,0.05,0.9,39,273,0
act_18,18,0.06,0.72,40,127,1
act_18,18,0.06,0.72,40,311,1
act_18,18,0.06,0.72,40,299,1
act_18,18,0.06,0.72,40,211,1
act_8,8,0.17,0.07,41,281,0
act_10,10,0.02,0.9,41,206,1
act_10,10,0.02,0.9,41,217,1
act_10,10,0.02,0.9,41,104,1
act_10,10,0.02,0.9,41,182,1
act_10,10,0.02,0.9,41,227,1
act_10,10,0.02,0.9,41,310,1
act_10,10,0.02,0.9,41,14,1
act_10,10,0.02,0.9,41,292,1
act_10,10,0.02,0.9,41,150,1
act_6,6,0.19,0.51,42,81,0
act_17,17,0.05,0.36,43,7,0
act_3,3,0.12,0.24,43,261,0
act_6,6,0.19,0.51,43,118,0
act_0,0,0.25,0.43,44,263,0
act_2,2,0.12,0.29,45,95,0
act_2,2,0.12,0.29,45,351,0
act_17,17,0.05,0.36,46,327,0
act_9,9,0.19,0.82,46,262,0
act_4,4,0.02,0.83,46,237,0
act_8,8,0.17,0.07,47,28,0
act_8,8,0.17,0.07,47,271,0
act_8,8,0.17,0.07,48,93,0
act_8,8,0.17,0.07,48,47,0
act_14,14,0.29,0.85,49,152,0
act_1,1,0.29,0.04,50,361,0
act_9,9,0.19,0.82,51,274,0
act_2,2,0.12,0.29,52,156,0
act_2,2,0.12,0.29,52,149,0
act_17,17,0.05,0.36,52,305,0
act_7,7,0.25,0.84,53,123,1
act_4,4,0.02,0.83,53,48,1
act_18,18,0.06,0.72,54,34,0
act_5,5,0.13,0.17,54,345,0
act_5,5,0.13,0.17,54,318,0
act_8,8,0.17,0.07,55,209,0
act_8,8,0.17,0.07,55,66,0
act_5,5,0.13,0.17,56,68,0
act_5,5,0.13,0.17,56,354,0
act_3,3,0.12,0.24,57,360,0
act_8,8,0.17,0.07,57,202,0
act_17,17,0.05,0.36,58,238,1
act_2,2,0.12,0.29,58,356,0
act_17,17,0.05,0.36,58,108,1
act_17,17,0.05,0.36,58,119,1
act_17,17,0.05,0.36,58,103,1
act_15,15,0.23,0.22,59,38,0
act_9,9,0.19,0.82,60,177,1
act_11,11,0.07,0.72,60,280,1
act_11,11,0.07,0.72,60,195,1
act_9,9,0.19,0.82,61,255,0
act_11,11,0.07,0.72,61,176,0
act_10,10,0.02,0.9,61,121,0
act_18,18,0.06,0.72,62,309,1
act_18,18,0.06,0.72,62,131,1
act_17,17,0.05,0.36,62,143,0
act_17,17,0.05,0.36,62,321,0
act_17,17,0.05,0.36,62,32,0
act_18,18,0.06,0.72,62,64,1
act_18,18,0.06,0.72,63,301,1
act_18,18,0.06,0.72,63,282,1
act_18,18,0.06,0.72,63,55,1
act_18,18,0.06,0.72,63,142,1
act_4,4,0.02,0.83,64,130,1
act_4,4,0.02,0.83,64,288,1
act_10,10,0.02,0.9,64,233,1
act_4,4,0.02,0.83,64,293,1
act_10,10,0.02,0.9,64,200,1
act_10,10,0.02,0.9,64,285,1
act_10,10,0.02,0.9,64,335,1
act_10,10,0.02,0.9,64,133,1
act_10,10,0.02,0.9,64,232,1
act_10,10,0.02,0.9,64,173,1
act_4,4,0.02,0.83,64,344,1
act_4,4,0.02,0.83,64,13,1
act_10,10,0.02,0.9,64,290,1
act_2,2,0.12,0.29,65,220,0
act_9,9,0.19,0.82,65,204,0
act_0,0,0.25,0.43,66,78,1
act_4,4,0.02,0.83,66,180,1
act_17,17,0.05,0.36,66,107,0
act_15,15,0.23,0.22,67,205,0
act_16,16,0.22,0.87,68,51,0
act_6,6,0.19,0.51,69,341,0
act_2,2,0.12,0.29,70,163,0
act_2,2,0.12,0.29,70,226,0
act_7,7,0.25,0.84,71,317,1
act_10,10,0.02,0.9,71,346,1
act_10,10,0.02,0.9,71,272,1
act_10,10,0.02,0.9,71,3,1
act_11,11,0.07,0.72,72,343,1
act_8,8,0.17,0.07,72,88,0
act_11,11,0.07,0.72,72,166,1
act_1,1,0.29,0.04,73,159,0
act_4,4,0.02,0.83,73,65,1
act_4,4,0.02,0.83,73,265,1
act_3,3,0.12,0.24,74,41,0
act_3,3,0.12,0.24,74,355,0
act_12,12,0.15,0.77,75,339,1
act_12,12,0.15,0.77,75,244,1
act_17,17,0.05,0.36,76,40,1
act_19,19,0.05,0.9,76,222,1
act_17,17,0.05,0.36,76,193,1
act_19,19,0.05,0.9,76,98,1
act_19,19,0.05,0.9,76,25,1
act_17,17,0.05,0.36,76,296,1
act_12,12,0.15,0.77,77,350,1
act_19,19,0.05,0.9,77,154,1
act_19,19,0.05,0.9,78,208,0
act_6,6,0.19,0.51,78,139,0
act_4,4,0.02,0.83,78,306,0
act_19,19,0.05,0.9,78,175,0
act_19,19,0.05,0.9,78,249,0
act_2,2,0.12,0.29,79,298,0
act_2,2,0.12,0.29,79,115,0
act_17,17,0.05,0.36,80,5,0
act_5,5,0.13,0.17,80,243,0
act_5,5,0.13,0.17,80,70,0
act_17,17,0.05,0.36,80,59,0
act_10,10,0.02,0.9,81,21,0
act_4,4,0.02,0.83,81,259,0
act_10,10,0.02,0.9,81,29,0
act_3,3,0.12,0.24,81,357,0
act_10,10,0.02,0.9,81,165,0
act_10,10,0.02,0.9,81,87,0
act_4,4,0.02,0.83,81,254,0
act_10,10,0.02,0.9,81,276,0
act_10,10,0.02,0.9,81,77,0
act_4,4,0.02,0.83,81,36,0
act_4,4,0.02,0.83,81,45,0
act_9,9,0.19,0.82,82,320,0
act_1,1,0.29,0.04,83,188,0
act_4,4,0.02,0.83,83,74,1
act_4,4,0.02,0.83,83,146,1
act_4,4,0.02,0.83,83,141,1
act_4,4,0.02,0.83,83,111,1
act_19,19,0.05,0.9,84,192,1
act_19,19,0.05,0.9,84,157,1
act_19,19,0.05,0.9,84,315,1
act_19,19,0.05,0.9,84,264,1
act_11,11,0.07,0.72,85,56,0
act_1,1,0.29,0.04,85,185,0
act_17,17,0.05,0.36,86,284,0
act_9,9,0.19,0.82,86,191,0
act_17,17,0.05,0.36,86,257,0
act_19,19,0.05,0.9,86,89,1
act_12,12,0.15,0.77,87,329,0
act_9,9,0.19,0.82,87,54,0
act_3,3,0.12,0.24,88,6,0
act_10,10,0.02,0.9,89,212,1
act_10,10,0.02,0.9,89,113,1
act_0,0,0.25,0.43,89,147,0
act_10,10,0.02,0.9,89,214,1
act_10,10,0.02,0.9,89,57,1
act_10,10,0.02,0.9,89,223,1
act_10,10,0.02,0.9,89,155,1
act_10,10,0.02,0.9,89,349,1
act_4,4,0.02,0.83,90,49,0
act_4,4,0.02,0.83,90,324,0
act_4,4,0.02,0.83,90,236,0
act_11,11,0.07,0.72,90,145,0
act_11,11,0.07,0.72,90,225,0
act_4,4,0.02,0.83,90,231,0
act_4,4,0.02,0.83,90,215,0
act_4,4,0.02,0.83,90,240,0
act_0,0,0.25,0.43,91,300,0
act_7,7,0.25,0.84,92,82,0
act_8,8,0.17,0.07,93,137,0
act_4,4,0.02,0.83,93,189,1
act_4,4,0.02,0.83,93,347,1
act_4,4,0.02,0.83,93,253,1
act_4,4,0.02,0.83,93,122,1
act_4,4,0.02,0.83,93,279,1
act_4,4,0.02,0.83,93,199,1
act_12,12,0.15,0.77,94,125,0
act_4,4,0.02,0.83,94,140,0
act_4,4,0.02,0.83,94,221,0
act_4,4,0.02,0.83,94,323,0
act_18,18,0.06,0.72,95,114,1
act_18,18,0.06,0.72,95,72,1
act_18,18,0.06,0.72,95,203,1
act_18,18,0.06,0.72,95,2,1
act_4,4,0.02,0.83,96,340,0
act_18,18,0.06,0.72,96,178,0
act_18,18,0.06,0.72,96,228,0
act_13,13,0.14,0.91,96,85,0
act_11,11,0.07,0.72,97,353,1
act_11,11,0.07,0.72,97,83,1
act_11,11,0.07,0.72,97,216,1
act_10,10,0.02,0.9,98,269,1
act_9,9,0.19,0.82,98,61,0
act_10,10,0.02,0.9,98,171,1
act_10,10,0.02,0.9,98,90,1
act_10,10,0.02,0.9,98,16,1
act_10,10,0.02,0.9,98,247,1
act_10,10,0.02,0.9,98,1,1
act_10,10,0.02,0.9,98,91,1
act_10,10,0.02,0.9,98,170,1
act_10,10,0.02,0.9,98,230,1
act_0,0,0.25,0.43,99,186,0

Alpha (resource id, list of activity ids)
0:16,6,1
1:18,3
2:0,10,3
3:8,1,17,3
4:17,10
5:15,0,11
6:2,4,9
7:1,11,10,17
8:6,10
9:14,7
10:2,10,4,5
11:10,17,11
12:5,17,11,0
13:3,14,10,18
14:12,19,9,1
15:17,11
16:14,10,7
17:14,12,11
18:1,3,4
19:4,18,12,6
20:2,8,13,0
21:7,12,5
22:7,17,11
23:10,19
24:13,5,3
25:2,19,13,0
26:5,7,18,2
27:8,15,3,13
28:13,17,10
29:15,0,14
30:11,0
31:15,6
32:0,15,7,2
33:6,19,11,7
34:1,7,17
35:13,12
36:8,1,3
37:7,4,9,6
38:3,11,1,6
39:5,19,0
40:1,18
41:8,10,6
42:16,6,14
43:17,6,3,15
44:0,9,13
45:16,10,2,0
46:9,18,17,4
47:8,12
48:8,15,10,9
49:9,14,5
50:1,14
51:17,13,9,5
52:2,17,14,3
53:7,4,14
54:18,5
55:16,1,5,8
56:14,5
57:6,13,3,8
58:11,16,17,2
59:15,9,16
60:1,9,11
61:9,10,11,5
62:17,18
63:18,0
64:4,10
65:2,13,9
66:4,17,0,15
67:1,15
68:9,16
69:7,10,6
70:8,2,13
71:7,10
72:11,8
73:4,12,1,16
74:8,0,3
75:16,12
76:17,19
77:19,12
78:4,19,6
79:8,7,2
80:17,5
81:10,4,3
82:9,14,1
83:4,1,8
84:15,16,19
85:14,11,19,1
86:17,7,9,19
87:9,12,7
88:6,3,5
89:10,0,1,12
90:11,4
91:1,0
92:15,7,5
93:8,4
94:4,8,16,12
95:16,18
96:13,4,18
97:16,11
98:9,10
99:0,9

Costs (resource, resource to replace, activity, cost)
0,0,16,0
0,42,16,0.66
0,45,16,0.07
0,55,16,0.26
0,58,16,0.04
0,59,16,0.9
0,68,16,0.7
0,73,16,0.32
0,75,16,0.14
0,84,16,0.99
0,94,16,0.39
0,95,16,0.39
0,97,16,0.5
0,0,6,0
0,8,6,0.06
0,19,6,0.78
0,31,6,0.56
0,33,6,0.41
0,37,6,0.35
0,38,6,0.11
0,41,6,0.75
0,42,6,0.1
0,43,6,0.26
0,57,6,0.95
0,69,6,0.69
0,78,6,0.01
0,88,6,0.89
0,0,1,0
0,3,1,0.37
0,7,1,0.51
0,14,1,0.65
0,18,1,0.24
0,34,1,0.61
0,36,1,0.19
0,38,1,0.52
0,40,1,0.52
0,50,1,0.27
0,55,1,0.93
0,60,1,0.92
0,67,1,0.45
0,73,1,0.29
0,82,1,0.62
0,83,1,0.17
0,85,1,0.12
0,89,1,0.6
0,91,1,0.73
1,1,18,0
1,13,18,0.72
1,19,18,0.32
1,26,18,0.46
1,40,18,0.51
1,46,18,0.34
1,54,18,0.21
1,62,18,0.31
1,63,18,0.24
1,95,18,0.58
1,96,18,0.59
1,1,3,0
1,2,3,0.5
1,3,3,0.15
1,13,3,0.71
1,18,3,0.74
1,24,3,0.52
1,27,3,0.9
1,36,3,0.79
1,38,3,0.66
1,43,3,0.93
1,52,3,0.94
1,57,3,0.97
1,74,3,0.79
1,81,3,0.9
1,88,3,0.14
2,2,0,0
2,5,0,0.0
2,12,0,0.65
2,20,0,0.7
2,25,0,0.48
2,29,0,0.42
2,30,0,0.63
2,32,0,0.43
2,39,0,0.55
2,44,0,0.69
2,45,0,0.97
2,63,0,0.62
2,66,0,0.96
2,74,0,0.04
2,89,0,0.87
2,91,0,0.84
2,99,0,0.49
2,2,10,0
2,4,10,0.55
2,7,10,0.02
2,8,10,0.62
2,10,10,0.1
2,11,10,0.73
2,13,10,0.39
2,16,10,0.04
2,23,10,0.52
2,28,10,0.1
2,41,10,0.68
2,45,10,0.99
2,48,10,0.79
2,61,10,0.61
2,64,10,0.9
2,69,10,0.85
2,71,10,0.84
2,81,10,0.76
2,89,10,0.57
2,98,10,0.87
2,1,3,0.15
2,2,3,0
2,3,3,0.94
2,13,3,0.93
2,18,3,0.96
2,24,3,0.87
2,27,3,0.01
2,36,3,0.79
2,38,3,0.01
2,43,3,0.33
2,52,3,0.68
2,57,3,0.7
2,74,3,0.67
2,81,3,0.35
2,88,3,0.57
3,3,8,0
3,20,8,0.81
3,27,8,0.57
3,36,8,0.26
3,41,8,0.5
3,47,8,0.46
3,48,8,0.19
3,55,8,0.84
3,57,8,0.36
3,70,8,0.57
3,72,8,0.56
3,74,8,0.05
3,79,8,0.75
3,83,8,0.54
3,93,8,0.84
3,94,8,0.5
3,0,1,0.4
3,3,1,0
3,7,1,0.08
3,14,1,0.12
3,18,1,0.46
3,34,1,0.69
3,36,1,0.47
3,38,1,0.82
3,40,1,0.91
3,50,1,0.3
3,55,1,0.54
3,60,1,0.64
3,67,1,0.28
3,73,1,0.69
3,82,1,0.75
3,83,1,0.96
3,85,1,0.44
3,89,1,0.48
3,91,1,0.22
3,3,17,0
3,4,17,0.24
3,7,17,0.13
3,11,17,0.81
3,12,17,0.68
3,15,17,0.13
3,22,17,0.58
3,28,17,0.29
3,34,17,0.07
3,43,17,0.16
3,46,17,0.72
3,51,17,0.89
3,52,17,0.26
3,58,17,0.52
3,62,17,0.45
3,66,17,0.45
3,76,17,0.08
3,80,17,0.82
3,86,17,0.67
3,1,3,0.84
3,2,3,0.93
3,3,3,0
3,13,3,0.81
3,18,3,0.59
3,24,3,0.9
3,27,3,0.98
3,36,3,0.71
3,38,3,0.3
3,43,3,0.72
3,52,3,0.85
3,57,3,0.07
3,74,3,0.33
3,81,3,0.47
3,88,3,0.8
4,3,17,0.4
4,4,17,0
4,7,17,0.54
4,11,17,0.65
4,12,17,0.63
4,15,17,0.57
4,22,17,0.73
4,28,17,0.56
4,34,17,0.76
4,43,17,0.06
4,46,17,0.54
4,51,17,0.08
4,52,17,0.43
4,58,17,0.34
4,62,17,0.1
4,66,17,0.96
4,76,17,0.83
4,80,17,0.6
4,86,17,0.09
4,2,10,0.12
4,4,10,0
4,7,10,0.5
4,8,10,0.65
4,10,10,0.02
4,11,10,0.84
4,13,10,0.85
4,16,10,0.02
4,23,10,0.68
4,28,10,0.09
4,41,10,0.36
4,45,10,0.38
4,48,10,0.97
4,61,10,0.47
4,64,10,1.0
4,69,10,0.13
4,71,10,0.54
4,81,10,0.71
4,89,10,0.18
4,98,10,0.14
5,5,15,0
5,27,15,0.23
5,29,15,0.59
5,31,15,0.28
5,32,15,0.45
5,43,15,0.92
5,48,15,0.07
5,59,15,0.87
5,66,15,0.69
5,67,15,0.95
5,84,15,0.13
5,92,15,0.31
5,2,0,0.38
5,5,0,0
5,12,0,0.46
5,20,0,0.15
5,25,0,0.62
5,29,0,0.78
5,30,0,0.12
5,32,0,0.65
5,39,0,0.67
5,44,0,0.84
5,45,0,0.98
5,63,0,0.53
5,66,0,0.36
5,74,0,0.01
5,89,0,0.98
5,91,0,0.11
5,99,0,0.08
5,5,11,0
5,7,11,0.69
5,11,11,0.3
5,12,11,0.15
5,15,11,0.75
5,17,11,0.89
5,22,11,0.05
5,30,11,0.63
5,33,11,0.34
5,38,11,0.52
5,58,11,0.84
5,60,11,0.41
5,61,11,0.82
5,72,11,0.35
5,85,11,0.72
5,90,11,0.11
5,97,11,0.1
6,6,2,0
6,10,2,0.62
6,20,2,0.66
6,25,2,0.25
6,26,2,0.69
6,32,2,0.4
6,45,2,0.95
6,52,2,0.05
6,58,2,0.5
6,65,2,0.26
6,70,2,0.18
6,79,2,0.37
6,6,4,0
6,10,4,0.88
6,18,4,0.75
6,19,4,0.98
6,37,4,0.73
6,46,4,0.0
6,53,4,0.29
6,64,4,0.11
6,66,4,0.86
6,73,4,0.86
6,78,4,0.68
6,81,4,0.71
6,83,4,0.37
6,90,4,0.25
6,93,4,0.55
6,94,4,0.05
6,96,4,0.63
6,6,9,0
6,14,9,0.78
6,37,9,0.58
6,44,9,0.51
6,46,9,0.51
6,48,9,0.2
6,49,9,0.04
6,51,9,0.22
6,59,9,0.82
6,60,9,0.76
6,61,9,0.15
6,65,9,0.78
6,68,9,0.91
6,82,9,0.11
6,86,9,0.96
6,87,9,0.23
6,98,9,0.12
6,99,9,0.07
7,0,1,0.32
7,3,1,0.54
7,7,1,0
7,14,1,0.03
7,18,1,0.25
7,34,1,0.53
7,36,1,0.3
7,38,1,0.54
7,40,1,0.1
7,50,1,0.61
7,55,1,0.65
7,60,1,0.96
7,67,1,0.96
7,73,1,0.7
7,82,1,0.87
7,83,1,0.73
7,85,1,0.57
7,89,1,0.4
7,91,1,0.1
7,5,11,0.31
7,7,11,0
7,11,11,0.86
7,12,11,0.35
7,15,11,0.85
7,17,11,0.41
7,22,11,0.3
7,30,11,0.86
7,33,11,0.52
7,38,11,0.92
7,58,11,0.66
7,60,11,0.88
7,61,11,0.84
7,72,11,0.31
7,85,11,0.86
7,90,11,0.3
7,97,11,0.85
7,2,10,0.54
7,4,10,0.58
7,7,10,0
7,8,10,0.78
7,10,10,0.54
7,11,10,0.61
7,13,10,0.23
7,16,10,0.54
7,23,10,0.54
7,28,10,0.88
7,41,10,0.28
7,45,10,0.37
7,48,10,0.93
7,61,10,0.75
7,64,10,0.23
7,69,10,0.15
7,71,10,0.47
7,81,10,0.49
7,89,10,0.69
7,98,10,0.95
7,3,17,0.33
7,4,17,0.97
7,7,17,0
7,11,17,0.81
7,12,17,0.87
7,15,17,0.56
7,22,17,0.33
7,28,17,0.81
7,34,17,0.86
7,43,17,0.44
7,46,17,0.4
7,51,17,0.32
7,52,17,0.91
7,58,17,0.37
7,62,17,0.6
7,66,17,0.2
7,76,17,0.64
7,80,17,0.44
7,86,17,0.03
8,0,6,0.27
8,8,6,0
8,19,6,0.38
8,31,6,0.68
8,33,6,0.09
8,37,6,0.54
8,38,6,0.62
8,41,6,0.37
8,42,6,0.62
8,43,6,0.21
8,57,6,0.68
8,69,6,0.2
8,78,6,0.17
8,88,6,0.77
8,2,10,0.45
8,4,10,0.86
8,7,10,0.69
8,8,10,0
8,10,10,0.78
8,11,10,0.21
8,13,10,0.76
8,16,10,0.05
8,23,10,0.81
8,28,10,0.18
8,41,10,0.53
8,45,10,0.13
8,48,10,0.59
8,61,10,0.19
8,64,10,0.93
8,69,10,0.53
8,71,10,0.9
8,81,10,0.02
8,89,10,0.97
8,98,10,0.99
9,9,14,0
9,13,14,0.33
9,16,14,0.16
9,17,14,0.82
9,29,14,0.17
9,42,14,0.57
9,49,14,0.87
9,50,14,0.45
9,52,14,0.37
9,53,14,0.56
9,56,14,0.28
9,82,14,0.98
9,85,14,0.28
9,9,7,0
9,16,7,0.78
9,21,7,0.34
9,22,7,0.24
9,26,7,0.73
9,32,7,0.4
9,33,7,0.03
9,34,7,0.24
9,37,7,0.66
9,53,7,0.91
9,69,7,0.85
9,71,7,0.8
9,79,7,0.0
9,86,7,0.16
9,87,7,0.12
9,92,7,0.02
10,6,2,0.36
10,10,2,0
10,20,2,0.82
10,25,2,0.06
10,26,2,0.62
10,32,2,0.47
10,45,2,0.41
10,52,2,0.3
10,58,2,0.85
10,65,2,0.44
10,70,2,0.37
10,79,2,0.09
10,2,10,0.19
10,4,10,0.08
10,7,10,0.69
10,8,10,0.24
10,10,10,0
10,11,10,0.96
10,13,10,0.57
10,16,10,0.87
10,23,10,0.18
10,28,10,0.62
10,41,10,0.62
10,45,10,0.74
10,48,10,0.75
10,61,10,0.59
10,64,10,0.59
10,69,10,0.09
10,71,10,0.32
10,81,10,0.84
10,89,10,0.0
10,98,10,0.16
10,6,4,0.11
10,10,4,0
10,18,4,0.24
10,19,4,0.27
10,37,4,0.93
10,46,4,0.49
10,53,4,0.75
10,64,4,0.12
10,66,4,0.33
10,73,4,0.17
10,78,4,0.34
10,81,4,0.12
10,83,4,0.43
10,90,4,0.63
10,93,4,0.25
10,94,4,0.62
10,96,4,0.99
10,10,5,0
10,12,5,0.74
10,21,5,0.97
10,24,5,0.73
10,26,5,0.39
10,39,5,0.43
10,49,5,0.61
10,51,5,0.97
10,54,5,0.18
10,55,5,0.6
10,56,5,0.57
10,61,5,0.37
10,80,5,0.46
10,88,5,0.62
10,92,5,0.57
11,2,10,0.1
11,4,10,0.2
11,7,10,0.58
11,8,10,0.98
11,10,10,0.61
11,11,10,0
11,13,10,0.5
11,16,10,0.47
11,23,10,0.88
11,28,10,0.3
11,41,10,0.81
11,45,10,0.92
11,48,10,0.06
11,61,10,0.24
11,64,10,0.48
11,69,10,0.82
11,71,10,0.1
11,81,10,0.82
11,89,10,0.25
11,98,10,0.52
11,3,17,0.97
11,4,17,0.99
11,7,17,0.64
11,11,17,0
11,12,17,0.06
11,15,17,0.95
11,22,17,0.98
11,28,17,0.6
11,34,17,0.99
11,43,17,0.03
11,46,17,0.33
11,51,17,0.5
11,52,17,0.96
11,58,17,0.15
11,62,17,0.64
11,66,17,0.29
11,76,17,0.34
11,80,17,0.91
11,86,17,0.35
11,5,11,0.98
11,7,11,0.3
11,11,11,0
11,12,11,0.63
11,15,11,0.59
11,17,11,0.22
11,22,11,0.27
11,30,11,0.15
11,33,11,0.58
11,38,11,0.24
11,58,11,0.24
11,60,11,0.04
11,61,11,0.19
11,72,11,0.86
11,85,11,0.9
11,90,11,0.4
11,97,11,0.76
12,10,5,0.2
12,12,5,0
12,21,5,0.52
12,24,5,0.94
12,26,5,0.49
12,39,5,0.77
12,49,5,0.63
12,51,5,0.52
12,54,5,0.13
12,55,5,0.33
12,56,5,0.54
12,61,5,0.41
12,80,5,0.26
12,88,5,0.54
12,92,5,0.78
12,3,17,0.44
12,4,17,0.75
12,7,17,0.15
12,11,17,0.69
12,12,17,0
12,15,17,0.88
12,22,17,0.93
12,28,17,0.34
12,34,17,0.33
12,43,17,0.02
12,46,17,0.43
12,51,17,0.85
12,52,17,0.6
12,58,17,0.04
12,62,17,0.37
12,66,17,0.28
12,76,17,0.28
12,80,17,0.44
12,86,17,0.75
12,5,11,0.73
12,7,11,0.03
12,11,11,0.89
12,12,11,0
12,15,11,0.89
12,17,11,0.26
12,22,11,0.1
12,30,11,0.09
12,33,11,0.53
12,38,11,1.0
12,58,11,0.02
12,60,11,0.17
12,61,11,0.86
12,72,11,0.79
12,85,11,0.75
12,90,11,0.54
12,97,11,0.79
12,2,0,0.71
12,5,0,0.78
12,12,0,0
12,20,0,0.31
12,25,0,0.4
12,29,0,0.15
12,30,0,0.32
12,32,0,0.61
12,39,0,0.89
12,44,0,0.07
12,45,0,0.7
12,63,0,0.8
12,66,0,0.41
12,74,0,0.17
12,89,0,0.13
12,91,0,0.3
12,99,0,0.49
13,1,3,0.72
13,2,3,0.76
13,3,3,0.02
13,13,3,0
13,18,3,0.16
13,24,3,0.16
13,27,3,0.46
13,36,3,0.85
13,38,3,0.73
13,43,3,0.2
13,52,3,0.61
13,57,3,0.05
13,74,3,0.41
13,81,3,0.86
13,88,3,0.27
13,9,14,0.92
13,13,14,0
13,16,14,0.7
13,17,14,0.82
13,29,14,0.3
13,42,14,0.03
13,49,14,0.84
13,50,14,0.2
13,52,14,0.05
13,53,14,0.96
13,56,14,0.13
13,82,14,0.39
13,85,14,1.0
13,2,10,0.95
13,4,10,0.57
13,7,10,0.81
13,8,10,0.07
13,10,10,0.02
13,11,10,0.68
13,13,10,0
13,16,10,0.22
13,23,10,0.16
13,28,10,0.26
13,41,10,0.66
13,45,10,0.88
13,48,10,0.34
13,61,10,0.62
13,64,10,0.33
13,69,10,0.25
13,71,10,0.26
13,81,10,0.84
13,89,10,0.52
13,98,10,0.4
13,1,18,0.08
13,13,18,0
13,19,18,0.91
13,26,18,0.4
13,40,18,0.82
13,46,18,0.84
13,54,18,0.22
13,62,18,0.9
13,63,18,0.94
13,95,18,0.15
13,96,18,0.77
14,14,12,0
14,17,12,0.27
14,19,12,0.28
14,21,12,0.99
14,35,12,0.71
14,47,12,0.15
14,73,12,0.05
14,75,12,0.75
14,77,12,0.35
14,87,12,0.65
14,89,12,0.44
14,94,12,0.59
14,14,19,0
14,23,19,0.97
14,25,19,0.05
14,33,19,0.8
14,39,19,0.4
14,76,19,0.13
14,77,19,0.84
14,78,19,0.13
14,84,19,0.96
14,85,19,0.06
14,86,19,0.22
14,6,9,0.94
14,14,9,0
14,37,9,0.04
14,44,9,0.14
14,46,9,0.17
14,48,9,0.27
14,49,9,0.04
14,51,9,0.03
14,59,9,0.23
14,60,9,0.29
14,61,9,0.42
14,65,9,0.47
14,68,9,0.07
14,82,9,0.5
14,86,9,0.08
14,87,9,0.32
14,98,9,0.51
14,99,9,0.98
14,0,1,0.47
14,3,1,0.62
14,7,1,0.09
14,14,1,0
14,18,1,0.7
14,34,1,0.74
14,36,1,0.94
14,38,1,0.78
14,40,1,0.75
14,50,1,0.67
14,55,1,0.01
14,60,1,0.74
14,67,1,0.36
14,73,1,0.84
14,82,1,0.68
14,83,1,0.5
14,85,1,0.71
14,89,1,0.42
14,91,1,0.6
15,3,17,0.86
15,4,17,0.86
15,7,17,0.31
15,11,17,0.89
15,12,17,0.33
15,15,17,0
15,22,17,0.87
15,28,17,0.08
15,34,17,0.91
15,43,17,0.54
15,46,17,0.4
15,51,17,0.16
15,52,17,0.48
15,58,17,0.69
15,62,17,0.07
15,66,17,0.01
15,76,17,0.89
15,80,17,0.03
15,86,17,0.33
15,5,11,0.47
15,7,11,0.78
15,11,11,0.85
15,12,11,0.26
15,15,11,0
15,17,11,0.78
15,22,11,0.63
15,30,11,0.17
15,33,11,0.33
15,38,11,0.41
15,58,11,0.29
15,60,11,0.74
15,61,11,0.72
15,72,11,0.59
15,85,11,0.07
15,90,11,0.04
15,97,11,0.25
16,9,14,0.61
16,13,14,0.84
16,16,14,0
16,17,14,0.98
16,29,14,0.67
16,42,14,0.42
16,49,14,0.97
16,50,14,0.73
16,52,14,0.7
16,53,14,0.56
16,56,14,0.44
16,82,14,0.08
16,85,14,0.57
16,2,10,0.85
16,4,10,0.09
16,7,10,0.02
16,8,10,0.56
16,10,10,0.73
16,11,10,0.78
16,13,10,0.0
16,16,10,0
16,23,10,0.54
16,28,10,0.03
16,41,10,0.93
16,45,10,0.93
16,48,10,0.49
16,61,10,0.75
16,64,10,0.93
16,69,10,0.37
16,71,10,0.54
16,81,10,0.32
16,89,10,0.15
16,98,10,0.68
16,9,7,0.38
16,16,7,0
16,21,7,0.9
16,22,7,0.82
16,26,7,0.97
16,32,7,0.77
16,33,7,0.3
16,34,7,0.19
16,37,7,0.65
16,53,7,0.35
16,69,7,0.86
16,71,7,0.9
16,79,7,0.51
16,86,7,0.27
16,87,7,0.46
16,92,7,0.42
17,9,14,0.54
17,13,14,0.03
17,16,14,0.3
17,17,14,0
17,29,14,0.95
17,42,14,0.13
17,49,14,0.92
17,50,14,0.82
17,52,14,0.46
17,53,14,0.82
17,56,14,0.44
17,82,14,0.87
17,85,14,0.7
17,14,12,0.22
17,17,12,0
17,19,12,0.75
17,21,12,0.53
17,35,12,0.7
17,47,12,0.42
17,73,12,0.44
17,75,12,0.81
17,77,12,0.81
17,87,12,0.38
17,89,12,0.52
17,94,12,0.23
17,5,11,0.16
17,7,11,0.94
17,11,11,0.29
17,12,11,0.62
17,15,11,0.91
17,17,11,0
17,22,11,0.74
17,30,11,0.25
17,33,11,0.52
17,38,11,0.92
17,58,11,0.61
17,60,11,0.06
17,61,11,0.12
17,72,11,0.74
17,85,11,0.33
17,90,11,0.98
17,97,11,0.64
18,0,1,0.23
18,3,1,0.2
18,7,1,0.14
18,14,1,0.82
18,18,1,0
18,34,1,0.94
18,36,1,0.37
18,38,1,0.99
18,40,1,0.54
18,50,1,0.15
18,55,1,0.95
18,60,1,0.85
18,67,1,0.3
18,73,1,0.05
18,82,1,0.64
18,83,1,0.07
18,85,1,0.83
18,89,1,0.94
18,91,1,0.6
18,1,3,0.47
18,2,3,0.28
18,3,3,0.29
18,13,3,0.67
18,18,3,0
18,24,3,0.16
18,27,3,0.97
18,36,3,0.96
18,38,3,0.47
18,43,3,0.54
18,52,3,0.28
18,57,3,0.14
18,74,3,0.67
18,81,3,0.32
18,88,3,0.33
18,6,4,0.75
18,10,4,0.85
18,18,4,0
18,19,4,0.56
18,37,4,0.3
18,46,4,0.12
18,53,4,0.9
18,64,4,0.65
18,66,4,0.57
18,73,4,0.64
18,78,4,0.89
18,81,4,0.65
18,83,4,1.0
18,90,4,0.07
18,93,4,0.1
18,94,4,0.9
18,96,4,0.18
19,6,4,0.85
19,10,4,0.34
19,18,4,0.33
19,19,4,0
19,37,4,0.03
19,46,4,0.03
19,53,4,0.74
19,64,4,0.09
19,66,4,0.86
19,73,4,0.99
19,78,4,0.74
19,81,4,0.8
19,83,4,0.91
19,90,4,0.83
19,93,4,0.17
19,94,4,0.13
19,96,4,0.58
19,1,18,0.64
19,13,18,0.92
19,19,18,0
19,26,18,0.69
19,40,18,0.87
19,46,18,0.37
19,54,18,0.33
19,62,18,0.31
19,63,18,0.58
19,95,18,0.96
19,96,18,0.09
19,14,12,0.4
19,17,12,0.23
19,19,12,0
19,21,12,1.0
19,35,12,0.31
19,47,12,0.92
19,73,12,0.73
19,75,12,0.23
19,77,12,0.81
19,87,12,0.37
19,89,12,0.5
19,94,12,0.84
19,0,6,0.2
19,8,6,0.51
19,19,6,0
19,31,6,0.53
19,33,6,0.27
19,37,6,0.93
19,38,6,0.7
19,41,6,0.49
19,42,6,0.94
19,43,6,0.8
19,57,6,0.47
19,69,6,0.53
19,78,6,0.8
19,88,6,0.61
20,6,2,0.19
20,10,2,0.17
20,20,2,0
20,25,2,0.08
20,26,2,0.96
20,32,2,0.54
20,45,2,0.88
20,52,2,0.2
20,58,2,0.5
20,65,2,0.33
20,70,2,0.7
20,79,2,0.46
20,3,8,0.6
20,20,8,0
20,27,8,0.8
20,36,8,0.17
20,41,8,0.82
20,47,8,0.42
20,48,8,0.62
20,55,8,0.63
20,57,8,0.57
20,70,8,0.6
20,72,8,0.94
20,74,8,0.11
20,79,8,0.78
20,83,8,0.88
20,93,8,0.92
20,94,8,0.33
20,20,13,0
20,24,13,0.88
20,25,13,0.09
20,27,13,0.53
20,28,13,0.73
20,35,13,0.03
20,44,13,0.77
20,51,13,0.77
20,57,13,0.92
20,65,13,0.3
20,70,13,0.87
20,96,13,0.29
20,2,0,0.37
20,5,0,0.02
20,12,0,0.15
20,20,0,0
20,25,0,0.29
20,29,0,0.91
20,30,0,0.68
20,32,0,0.09
20,39,0,0.95
20,44,0,0.9
20,45,0,0.12
20,63,0,0.47
20,66,0,0.85
20,74,0,0.68
20,89,0,0.54
20,91,0,0.71
20,99,0,0.46
21,9,7,0.59
21,16,7,0.7
21,21,7,0
21,22,7,0.91
21,26,7,0.42
21,32,7,0.7
21,33,7,0.47
21,34,7,0.95
21,37,7,0.67
21,53,7,0.66
21,69,7,0.25
21,71,7,0.33
21,79,7,0.4
21,86,7,0.76
21,87,7,0.56
21,92,7,0.62
21,14,12,0.46
21,17,12,0.89
21,19,12,0.11
21,21,12,0
21,35,12,0.04
21,47,12,0.57
21,73,12,0.98
21,75,12,0.78
21,77,12,0.68
21,87,12,0.54
21,89,12,0.17
21,94,12,0.53
21,10,5,0.27
21,12,5,0.23
21,21,5,0
21,24,5,0.33
21,26,5,0.36
21,39,5,0.11
21,49,5,0.52
21,51,5,0.83
21,54,5,0.23
21,55,5,0.12
21,56,5,0.36
21,61,5,0.59
21,80,5,0.16
21,88,5,0.32
21,92,5,0.18
22,9,7,0.07
22,16,7,0.21
22,21,7,0.7
22,22,7,0
22,26,7,0.97
22,32,7,0.06
22,33,7,0.38
22,34,7,0.49
22,37,7,0.71
22,53,7,0.59
22,69,7,0.43
22,71,7,0.44
22,79,7,0.95
22,86,7,0.0
22,87,7,0.01
22,92,7,0.8
22,3,17,0.29
22,4,17,0.02
22,7,17,0.63
22,11,17,0.88
22,12,17,0.48
22,15,17,0.78
22,22,17,0
22,28,17,0.68
22,34,17,0.39
22,43,17,0.67
22,46,17,0.63
22,51,17,0.6
22,52,17,0.34
22,58,17,0.47
22,62,17,0.55
22,66,17,1.0
22,76,17,0.12
22,80,17,0.36
22,86,17,0.31
22,5,11,0.25
22,7,11,0.09
22,11,11,0.87
22,12,11,0.44
22,15,11,0.6
22,17,11,0.78
22,22,11,0
22,30,11,0.27
22,33,11,0.73
22,38,11,0.94
22,58,11,0.09
22,60,11,0.56
22,61,11,0.55
22,72,11,0.05
22,85,11,0.46
22,90,11,0.21
22,97,11,0.77
23,2,10,0.76
23,4,10,0.34
23,7,10,0.51
23,8,10,0.25
23,10,10,0.73
23,11,10,0.26
23,13,10,0.39
23,16,10,0.74
23,23,10,0
23,28,10,0.67
23,41,10,0.61
23,45,10,0.3
23,48,10,1.0
23,61,10,0.33
23,64,10,0.32
23,69,10,0.12
23,71,10,0.71
23,81,10,0.35
23,89,10,0.14
23,98,10,0.4
23,14,19,0.22
23,23,19,0
23,25,19,0.84
23,33,19,0.62
23,39,19,0.6
23,76,19,0.83
23,77,19,0.97
23,78,19,0.37
23,84,19,0.94
23,85,19,0.78
23,86,19,0.29
24,20,13,0.32
24,24,13,0
24,25,13,0.95
24,27,13,0.85
24,28,13,0.16
24,35,13,0.56
24,44,13,0.44
24,51,13,0.89
24,57,13,0.87
24,65,13,0.46
24,70,13,0.53
24,96,13,0.39
24,10,5,0.57
24,12,5,0.13
24,21,5,0.96
24,24,5,0
24,26,5,0.47
24,39,5,0.39
24,49,5,0.18
24,51,5,0.6
24,54,5,0.44
24,55,5,0.64
24,56,5,0.71
24,61,5,0.34
24,80,5,0.99
24,88,5,0.25
24,92,5,0.47
24,1,3,0.63
24,2,3,0.57
24,3,3,0.25
24,13,3,0.55
24,18,3,0.88
24,24,3,0
24,27,3,0.29
24,36,3,0.49
24,38,3,0.12
24,43,3,0.9
24,52,3,0.81
24,57,3,0.68
24,74,3,0.06
24,81,3,0.59
24,88,3,0.22
25,6,2,0.59
25,10,2,0.46
25,20,2,0.29
25,25,2,0
25,26,2,0.68
25,32,2,0.8
25,45,2,0.3
25,52,2,0.69
25,58,2,0.23
25,65,2,0.29
25,70,2,0.47
25,79,2,0.68
25,14,19,0.28
25,23,19,0.65
25,25,19,0
25,33,19,0.46
25,39,19,0.42
25,76,19,0.04
25,77,19,0.11
25,78,19,0.62
25,84,19,0.71
25,85,19,0.68
25,86,19,0.21
25,20,13,0.67
25,24,13,0.99
25,25,13,0
25,27,13,0.94
25,28,13,0.8
25,35,13,0.75
25,44,13,0.29
25,51,13,0.2
25,57,13,0.23
25,65,13,0.59
25,70,13,0.31
25,96,13,0.77
25,2,0,0.01
25,5,0,0.51
25,12,0,0.66
25,20,0,0.3
25,25,0,0
25,29,0,0.21
25,30,0,0.63
25,32,0,0.39
25,39,0,0.14
25,44,0,0.72
25,45,0,0.11
25,63,0,0.8
25,66,0,0.99
25,74,0,0.98
25,89,0,0.97
25,91,0,0.43
25,99,0,0.78
26,10,5,0.67
26,12,5,0.73
26,21,5,0.02
26,24,5,0.91
26,26,5,0
26,39,5,0.42
26,49,5,0.5
26,51,5,0.63
26,54,5,0.16
26,55,5,0.16
26,56,5,0.83
26,61,5,0.68
26,80,5,0.03
26,88,5,0.88
26,92,5,0.89
26,9,7,0.71
26,16,7,0.22
26,21,7,0.43
26,22,7,0.76
26,26,7,0
26,32,7,0.87
26,33,7,0.19
26,34,7,0.38
26,37,7,0.54
26,53,7,0.36
26,69,7,0.5
26,71,7,0.34
26,79,7,0.27
26,86,7,0.25
26,87,7,0.66
26,92,7,0.22
26,1,18,0.61
26,13,18,0.75
26,19,18,0.56
26,26,18,0
26,40,18,0.93
26,46,18,0.79
26,54,18,0.72
26,62,18,0.42
26,63,18,0.01
26,95,18,0.16
26,96,18,0.88
26,6,2,0.39
26,10,2,0.05
26,20,2,0.92
26,25,2,0.27
26,26,2,0
26,32,2,0.94
26,45,2,0.09
26,52,2,0.87
26,58,2,0.12
26,65,2,0.43
26,70,2,0.23
26,79,2,0.48
27,3,8,0.09
27,20,8,0.46
27,27,8,0
27,36,8,0.03
27,41,8,0.56
27,47,8,0.07
27,48,8,0.88
27,55,8,0.06
27,57,8,0.5
27,70,8,0.86
27,72,8,0.57
27,74,8,0.36
27,79,8,0.98
27,83,8,0.76
27,93,8,0.55
27,94,8,0.64
27,5,15,0.2
27,27,15,0
27,29,15,0.86
27,31,15,0.23
27,32,15,0.64
27,43,15,0.79
27,48,15,0.33
27,59,15,0.22
27,66,15,0.37
27,67,15,0.17
27,84,15,0.61
27,92,15,0.85
27,1,3,0.77
27,2,3,0.03
27,3,3,0.22
27,13,3,0.98
27,18,3,0.38
27,24,3,0.06
27,27,3,0
27,36,3,0.06
27,38,3,0.44
27,43,3,0.45
27,52,3,0.08
27,57,3,0.32
27,74,3,0.28
27,81,3,0.96
27,88,3,0.49
27,20,13,0.43
27,24,13,0.79
27,25,13,0.7
27,27,13,0
27,28,13,0.05
27,35,13,0.27
27,44,13,0.13
27,51,13,0.75
27,57,13,0.21
27,65,13,0.24
27,70,13,0.93
27,96,13,0.86
28,20,13,0.73
28,24,13,0.04
28,25,13,0.67
28,27,13,0.64
28,28,13,0
28,35,13,0.01
28,44,13,0.97
28,51,13,0.89
28,57,13,0.02
28,65,13,0.96
28,70,13,0.55
28,96,13,0.91
28,3,17,0.28
28,4,17,0.33
28,7,17,0.01
28,11,17,0.85
28,12,17,0.69
28,15,17,0.56
28,22,17,0.09
28,28,17,0
28,34,17,0.85
28,43,17,0.25
28,46,17,0.84
28,51,17,0.84
28,52,17,0.57
28,58,17,0.77
28,62,17,0.21
28,66,17,0.1
28,76,17,0.78
28,80,17,0.79
28,86,17,0.5
28,2,10,0.91
28,4,10,0.49
28,7,10,0.72
28,8,10,0.05
28,10,10,0.27
28,11,10,0.78
28,13,10,0.23
28,16,10,0.88
28,23,10,0.85
28,28,10,0
28,41,10,0.74
28,45,10,0.78
28,48,10,0.91
28,61,10,0.58
28,64,10,0.58
28,69,10,0.02
28,71,10,0.28
28,81,10,0.15
28,89,10,0.78
28,98,10,0.09
29,5,15,0.2
29,27,15,0.28
29,29,15,0
29,31,15,0.81
29,32,15,0.43
29,43,15,0.57
29,48,15,0.63
29,59,15,0.7
29,66,15,0.56
29,67,15,0.21
29,84,15,0.82
29,92,15,0.41
29,2,0,0.88
29,5,0,0.03
29,12,0,0.54
29,20,0,0.95
29,25,0,0.85
29,29,0,0
29,30,0,0.69
29,32,0,0.22
29,39,0,0.54
29,44,0,0.84
29,45,0,0.71
29,63,0,0.61
29,66,0,0.79
29,74,0,0.05
29,89,0,0.91
29,91,0,0.86
29,99,0,0.9
29,9,14,0.17
29,13,14,0.16
29,16,14,0.37
29,17,14,0.2
29,29,14,0
29,42,14,0.23
29,49,14,0.68
29,50,14,0.63
29,52,14,0.52
29,53,14,0.18
29,56,14,0.89
29,82,14,0.36
29,85,14,0.21
30,5,11,1.0
30,7,11,0.12
30,11,11,0.37
30,12,11,0.73
30,15,11,0.63
30,17,11,0.98
30,22,11,0.87
30,30,11,0
30,33,11,0.79
30,38,11,0.07
30,58,11,0.57
30,60,11,0.89
30,61,11,0.9
30,72,11,0.37
30,85,11,0.77
30,90,11,0.42
30,97,11,0.51
30,2,0,0.31
30,5,0,0.79
30,12,0,0.96
30,20,0,0.91
30,25,0,0.59
30,29,0,0.02
30,30,0,0
30,32,0,0.63
30,39,0,0.6
30,44,0,0.25
30,45,0,0.69
30,63,0,0.87
30,66,0,0.63
30,74,0,0.49
30,89,0,0.84
30,91,0,0.15
30,99,0,0.41
31,5,15,0.82
31,27,15,0.06
31,29,15,0.63
31,31,15,0
31,32,15,0.32
31,43,15,0.46
31,48,15,0.98
31,59,15,0.29
31,66,15,0.54
31,67,15,0.9
31,84,15,0.2
31,92,15,0.15
31,0,6,0.13
31,8,6,0.58
31,19,6,0.95
31,31,6,0
31,33,6,0.74
31,37,6,0.37
31,38,6,0.59
31,41,6,0.92
31,42,6,0.87
31,43,6,0.87
31,57,6,0.15
31,69,6,0.43
31,78,6,0.87
31,88,6,0.62
32,2,0,0.21
32,5,0,0.21
32,12,0,0.01
32,20,0,0.99
32,25,0,0.43
32,29,0,0.93
32,30,0,0.82
32,32,0,0
32,39,0,0.08
32,44,0,0.41
32,45,0,0.31
32,63,0,0.02
32,66,0,0.19
32,74,0,0.56
32,89,0,0.71
32,91,0,0.74
32,99,0,0.81
32,5,15,0.51
32,27,15,0.0
32,29,15,0.24
32,31,15,0.11
32,32,15,0
32,43,15,0.68
32,48,15,0.49
32,59,15,0.69
32,66,15,0.07
32,67,15,0.9
32,84,15,0.76
32,92,15,0.74
32,9,7,0.02
32,16,7,0.69
32,21,7,0.54
32,22,7,0.45
32,26,7,0.99
32,32,7,0
32,33,7,0.09
32,34,7,0.78
32,37,7,0.85
32,53,7,0.73
32,69,7,0.19
32,71,7,0.9
32,79,7,0.71
32,86,7,0.49
32,87,7,0.38
32,92,7,0.67
32,6,2,0.99
32,10,2,0.4
32,20,2,0.89
32,25,2,0.55
32,26,2,0.64
32,32,2,0
32,45,2,0.8
32,52,2,0.33
32,58,2,0.9
32,65,2,0.11
32,70,2,0.24
32,79,2,0.33
33,0,6,0.49
33,8,6,0.43
33,19,6,0.9
33,31,6,0.94
33,33,6,0
33,37,6,0.91
33,38,6,0.62
33,41,6,0.25
33,42,6,0.49
33,43,6,0.2
33,57,6,0.93
33,69,6,0.36
33,78,6,0.99
33,88,6,0.91
33,14,19,0.23
33,23,19,0.69
33,25,19,0.18
33,33,19,0
33,39,19,0.3
33,76,19,0.83
33,77,19,0.84
33,78,19,0.88
33,84,19,0.87
33,85,19,0.24
33,86,19,0.86
33,5,11,0.37
33,7,11,0.94
33,11,11,0.7
33,12,11,0.41
33,15,11,0.98
33,17,11,0.19
33,22,11,0.89
33,30,11,0.9
33,33,11,0
33,38,11,0.36
33,58,11,0.85
33,60,11,0.87
33,61,11,0.13
33,72,11,0.76
33,85,11,0.4
33,90,11,0.81
33,97,11,0.76
33,9,7,0.76
33,16,7,0.47
33,21,7,0.69
33,22,7,0.02
33,26,7,0.33
33,32,7,0.44
33,33,7,0
33,34,7,0.9
33,37,7,0.37
33,53,7,0.64
33,69,7,0.21
33,71,7,0.44
33,79,7,0.62
33,86,7,0.91
33,87,7,0.65
33,92,7,0.99
34,0,1,0.38
34,3,1,0.78
34,7,1,0.41
34,14,1,0.57
34,18,1,0.97
34,34,1,0
34,36,1,0.07
34,38,1,0.11
34,40,1,0.75
34,50,1,0.67
34,55,1,0.13
34,60,1,0.89
34,67,1,0.31
34,73,1,0.33
34,82,1,0.78
34,83,1,0.34
34,85,1,0.14
34,89,1,0.16
34,91,1,0.46
34,9,7,0.42
34,16,7,0.78
34,21,7,0.56
34,22,7,0.79
34,26,7,0.67
34,32,7,0.01
34,33,7,0.31
34,34,7,0
34,37,7,0.33
34,53,7,0.15
34,69,7,0.64
34,71,7,0.65
34,79,7,0.57
34,86,7,0.88
34,87,7,0.69
34,92,7,0.76
34,3,17,0.88
34,4,17,0.47
34,7,17,0.88
34,11,17,0.88
34,12,17,0.86
34,15,17,0.07
34,22,17,0.09
34,28,17,0.15
34,34,17,0
34,43,17,0.69
34,46,17,0.63
34,51,17,0.8
34,52,17,0.19
34,58,17,0.2
34,62,17,0.96
34,66,17,0.8
34,76,17,0.03
34,80,17,0.48
34,86,17,0.43
35,20,13,0.27
35,24,13,0.31
35,25,13,0.27
35,27,13,0.88
35,28,13,0.1
35,35,13,0
35,44,13,0.64
35,51,13,0.4
35,57,13,0.11
35,65,13,0.71
35,70,13,0.2
35,96,13,0.55
35,14,12,0.98
35,17,12,0.49
35,19,12,0.86
35,21,12,0.34
35,35,12,0
35,47,12,0.8
35,73,12,0.55
35,75,12,0.04
35,77,12,0.86
35,87,12,0.52
35,89,12,0.58
35,94,12,0.77
36,3,8,0.26
36,20,8,0.68
36,27,8,0.3
36,36,8,0
36,41,8,0.44
36,47,8,0.99
36,48,8,0.79
36,55,8,0.33
36,57,8,0.71
36,70,8,0.19
36,72,8,0.96
36,74,8,0.21
36,79,8,0.81
36,83,8,0.38
36,93,8,0.36
36,94,8,0.45
36,0,1,0.34
36,3,1,0.29
36,7,1,0.59
36,14,1,0.61
36,18,1,0.87
36,34,1,0.48
36,36,1,0
36,38,1,0.21
36,40,1,0.99
36,50,1,0.81
36,55,1,0.79
36,60,1,0.6
36,67,1,0.0
36,73,1,0.83
36,82,1,0.68
36,83,1,0.16
36,85,1,0.81
36,89,1,0.06
36,91,1,0.48
36,1,3,0.18
36,2,3,0.69
36,3,3,0.4
36,13,3,0.23
36,18,3,0.98
36,24,3,0.46
36,27,3,0.13
36,36,3,0
36,38,3,0.08
36,43,3,0.06
36,52,3,0.44
36,57,3,0.06
36,74,3,0.62
36,81,3,0.73
36,88,3,0.34
37,9,7,0.05
37,16,7,0.76
37,21,7,0.02
37,22,7,0.21
37,26,7,0.36
37,32,7,0.97
37,33,7,0.08
37,34,7,0.82
37,37,7,0
37,53,7,0.56
37,69,7,0.53
37,71,7,0.58
37,79,7,0.07
37,86,7,0.36
37,87,7,0.8
37,92,7,0.95
37,6,4,0.37
37,10,4,0.58
37,18,4,0.05
37,19,4,0.82
37,37,4,0
37,46,4,0.41
37,53,4,0.83
37,64,4,0.06
37,66,4,0.85
37,73,4,0.62
37,78,4,0.42
37,81,4,0.63
37,83,4,0.84
37,90,4,0.8
37,93,4,0.64
37,94,4,0.82
37,96,4,0.4
37,6,9,0.36
37,14,9,0.26
37,37,9,0
37,44,9,0.2
37,46,9,0.96
37,48,9,0.61
37,49,9,0.87
37,51,9,0.7
37,59,9,0.45
37,60,9,0.15
37,61,9,0.01
37,65,9,0.92
37,68,9,0.72
37,82,9,0.8
37,86,9,0.51
37,87,9,0.01
37,98,9,0.71
37,99,9,0.31
37,0,6,0.34
37,8,6,0.08
37,19,6,0.74
37,31,6,0.66
37,33,6,0.26
37,37,6,0
37,38,6,0.83
37,41,6,0.09
37,42,6,0.94
37,43,6,0.96
37,57,6,0.06
37,69,6,0.17
37,78,6,0.69
37,88,6,0.02
38,1,3,0.27
38,2,3,0.9
38,3,3,0.35
38,13,3,0.99
38,18,3,0.63
38,24,3,0.81
38,27,3,0.35
38,36,3,0.62
38,38,3,0
38,43,3,0.28
38,52,3,0.09
38,57,3,0.14
38,74,3,0.6
38,81,3,0.54
38,88,3,0.7
38,5,11,0.51
38,7,11,0.09
38,11,11,0.38
38,12,11,0.63
38,15,11,0.04
38,17,11,0.5
38,22,11,0.48
38,30,11,0.92
38,33,11,0.9
38,38,11,0
38,58,11,0.09
38,60,11,0.77
38,61,11,0.69
38,72,11,0.81
38,85,11,0.55
38,90,11,0.85
38,97,11,0.02
38,0,1,0.82
38,3,1,0.18
38,7,1,0.94
38,14,1,0.84
38,18,1,0.22
38,34,1,0.74
38,36,1,0.68
38,38,1,0
38,40,1,0.45
38,50,1,0.25
38,55,1,0.32
38,60,1,0.61
38,67,1,0.19
38,73,1,0.04
38,82,1,0.78
38,83,1,0.17
38,85,1,0.67
38,89,1,0.78
38,91,1,0.4
38,0,6,0.07
38,8,6,0.73
38,19,6,0.32
38,31,6,0.45
38,33,6,0.79
38,37,6,0.08
38,38,6,0
38,41,6,0.16
38,42,6,0.92
38,43,6,0.07
38,57,6,0.05
38,69,6,0.86
38,78,6,0.18
38,88,6,0.72
39,10,5,0.04
39,12,5,0.88
39,21,5,0.38
39,24,5,0.45
39,26,5,0.41
39,39,5,0
39,49,5,0.9
39,51,5,0.59
39,54,5,0.4
39,55,5,0.51
39,56,5,0.35
39,61,5,0.58
39,80,5,0.26
39,88,5,0.79
39,92,5,0.04
39,14,19,0.0
39,23,19,0.47
39,25,19,0.48
39,33,19,0.11
39,39,19,0
39,76,19,0.29
39,77,19,0.26
39,78,19,0.56
39,84,19,0.82
39,85,19,0.94
39,86,19,0.74
39,2,0,0.34
39,5,0,0.1
39,12,0,0.27
39,20,0,0.55
39,25,0,0.29
39,29,0,0.21
39,30,0,0.1
39,32,0,0.65
39,39,0,0
39,44,0,0.57
39,45,0,0.7
39,63,0,0.05
39,66,0,0.78
39,74,0,0.79
39,89,0,0.01
39,91,0,0.29
39,99,0,0.38
40,0,1,0.79
40,3,1,0.18
40,7,1,0.06
40,14,1,0.05
40,18,1,0.65
40,34,1,0.02
40,36,1,0.37
40,38,1,0.07
40,40,1,0
40,50,1,0.54
40,55,1,0.19
40,60,1,0.21
40,67,1,0.07
40,73,1,0.05
40,82,1,0.99
40,83,1,0.26
40,85,1,0.23
40,89,1,0.72
40,91,1,0.06
40,1,18,0.79
40,13,18,0.5
40,19,18,0.81
40,26,18,0.46
40,40,18,0
40,46,18,0.02
40,54,18,0.93
40,62,18,0.05
40,63,18,0.36
40,95,18,0.49
40,96,18,0.89
41,3,8,0.08
41,20,8,0.11
41,27,8,0.33
41,36,8,0.52
41,41,8,0
41,47,8,0.02
41,48,8,0.34
41,55,8,0.26
41,57,8,0.32
41,70,8,0.47
41,72,8,0.73
41,74,8,0.39
41,79,8,0.12
41,83,8,0.09
41,93,8,0.04
41,94,8,0.35
41,2,10,0.64
41,4,10,0.17
41,7,10,0.1
41,8,10,0.3
41,10,10,0.8
41,11,10,0.81
41,13,10,0.4
41,16,10,0.6
41,23,10,0.87
41,28,10,0.61
41,41,10,0
41,45,10,0.53
41,48,10,0.25
41,61,10,0.87
41,64,10,0.67
41,69,10,0.58
41,71,10,0.21
41,81,10,0.11
41,89,10,0.19
41,98,10,0.07
41,0,6,0.55
41,8,6,0.62
41,19,6,0.48
41,31,6,0.45
41,33,6,0.6
41,37,6,0.89
41,38,6,0.24
41,41,6,0
41,42,6,0.29
41,43,6,0.02
41,57,6,0.79
41,69,6,0.92
41,78,6,0.08
41,88,6,0.13
42,0,16,0.2
42,42,16,0
42,45,16,0.09
42,55,16,0.25
42,58,16,0.44
42,59,16,0.83
42,68,16,0.07
42,73,16,0.96
42,75,16,0.87
42,84,16,0.99
42,94,16,0.35
42,95,16,0.92
42,97,16,0.33
42,0,6,0.86
42,8,6,0.42
42,19,6,0.47
42,31,6,0.4
42,33,6,0.59
42,37,6,0.3
42,38,6,0.5
42,41,6,0.1
42,42,6,0
42,43,6,0.8
42,57,6,0.32
42,69,6,0.42
42,78,6,0.42
42,88,6,0.66
42,9,14,0.52
42,13,14,0.35
42,16,14,0.93
42,17,14,0.11
42,29,14,0.55
42,42,14,0
42,49,14,0.08
42,50,14,0.32
42,52,14,0.56
42,53,14,0.95
42,56,14,0.92
42,82,14,0.11
42,85,14,0.3
43,3,17,0.47
43,4,17,0.37
43,7,17,0.6
43,11,17,0.25
43,12,17,0.68
43,15,17,0.57
43,22,17,0.32
43,28,17,0.08
43,34,17,0.9
43,43,17,0
43,46,17,0.86
43,51,17,0.83
43,52,17,0.27
43,58,17,0.33
43,62,17,0.19
43,66,17,0.61
43,76,17,0.01
43,80,17,0.45
43,86,17,0.38
43,0,6,0.22
43,8,6,0.88
43,19,6,0.56
43,31,6,0.57
43,33,6,0.42
43,37,6,0.1
43,38,6,0.47
43,41,6,0.69
43,42,6,0.34
43,43,6,0
43,57,6,0.6
43,69,6,0.36
43,78,6,0.29
43,88,6,0.69
43,1,3,0.26
43,2,3,0.86
43,3,3,0.34
43,13,3,0.92
43,18,3,0.99
43,24,3,0.83
43,27,3,0.93
43,36,3,0.71
43,38,3,0.26
43,43,3,0
43,52,3,0.01
43,57,3,0.8
43,74,3,0.61
43,81,3,0.95
43,88,3,0.28
43,5,15,0.3
43,27,15,0.93
43,29,15,0.12
43,31,15,0.35
43,32,15,0.68
43,43,15,0
43,48,15,0.85
43,59,15,0.43
43,66,15,0.87
43,67,15,0.14
43,84,15,0.85
43,92,15,0.46
44,2,0,0.62
44,5,0,0.47
44,12,0,0.81
44,20,0,0.49
44,25,0,0.46
44,29,0,0.58
44,30,0,0.51
44,32,0,0.81
44,39,0,0.03
44,44,0,0
44,45,0,0.64
44,63,0,0.89
44,66,0,0.42
44,74,0,0.44
44,89,0,0.05
44,91,0,0.74
44,99,0,0.11
44,6,9,0.59
44,14,9,0.7
44,37,9,0.12
44,44,9,0
44,46,9,0.87
44,48,9,0.04
44,49,9,0.11
44,51,9,0.68
44,59,9,0.63
44,60,9,0.1
44,61,9,0.93
44,65,9,0.81
44,68,9,0.72
44,82,9,0.14
44,86,9,0.98
44,87,9,0.33
44,98,9,0.42
44,99,9,0.69
44,20,13,0.13
44,24,13,0.73
44,25,13,0.51
44,27,13,0.71
44,28,13,0.03
44,35,13,0.37
44,44,13,0
44,51,13,0.96
44,57,13,0.16
44,65,13,0.65
44,70,13,0.72
44,96,13,0.8
45,0,16,0.83
45,42,16,0.78
45,45,16,0
45,55,16,0.67
45,58,16,0.19
45,59,16,0.51
45,68,16,0.53
45,73,16,0.27
45,75,16,0.57
45,84,16,0.75
45,94,16,0.97
45,95,16,0.4
45,97,16,0.59
45,2,10,0.15
45,4,10,0.06
45,7,10,0.41
45,8,10,0.78
45,10,10,0.23
45,11,10,0.26
45,13,10,0.66
45,16,10,0.11
45,23,10,0.32
45,28,10,0.24
45,41,10,0.99
45,45,10,0
45,48,10,0.31
45,61,10,0.41
45,64,10,0.19
45,69,10,0.2
45,71,10,0.03
45,81,10,0.03
45,89,10,0.37
45,98,10,0.66
45,6,2,0.9
45,10,2,0.62
45,20,2,0.79
45,25,2,0.74
45,26,2,0.01
45,32,2,0.84
45,45,2,0
45,52,2,0.27
45,58,2,0.67
45,65,2,0.32
45,70,2,0.62
45,79,2,0.81
45,2,0,0.26
45,5,0,0.93
45,12,0,0.22
45,20,0,0.94
45,25,0,0.43
45,29,0,0.74
45,30,0,0.22
45,32,0,0.81
45,39,0,0.09
45,44,0,0.02
45,45,0,0
45,63,0,0.97
45,66,0,0.34
45,74,0,0.37
45,89,0,0.79
45,91,0,0.89
45,99,0,0.07
46,6,9,0.15
46,14,9,0.23
46,37,9,0.59
46,44,9,0.87
46,46,9,0
46,48,9,0.38
46,49,9,0.24
46,51,9,0.51
46,59,9,0.05
46,60,9,0.91
46,61,9,0.5
46,65,9,0.22
46,68,9,0.83
46,82,9,0.27
46,86,9,0.74
46,87,9,0.95
46,98,9,0.51
46,99,9,0.97
46,1,18,0.68
46,13,18,0.98
46,19,18,0.77
46,26,18,0.19
46,40,18,0.81
46,46,18,0
46,54,18,0.5
46,62,18,0.14
46,63,18,0.16
46,95,18,0.19
46,96,18,0.93
46,3,17,0.65
46,4,17,0.08
46,7,17,0.63
46,11,17,0.97
46,12,17,0.05
46,15,17,0.77
46,22,17,0.6
46,28,17,0.35
46,34,17,0.39
46,43,17,0.08
46,46,17,0
46,51,17,0.06
46,52,17,0.38
46,58,17,0.26
46,62,17,0.49
46,66,17,0.67
46,76,17,0.81
46,80,17,0.21
46,86,17,0.88
46,6,4,0.53
46,10,4,0.84
46,18,4,0.66
46,19,4,0.77
46,37,4,0.37
46,46,4,0
46,53,4,0.27
46,64,4,0.24
46,66,4,0.87
46,73,4,0.65
46,78,4,0.52
46,81,4,0.0
46,83,4,0.6
46,90,4,0.46
46,93,4,0.7
46,94,4,0.96
46,96,4,0.72
47,3,8,0.19
47,20,8,0.08
47,27,8,0.99
47,36,8,0.46
47,41,8,0.55
47,47,8,0
47,48,8,0.46
47,55,8,0.28
47,57,8,0.44
47,70,8,0.11
47,72,8,0.77
47,74,8,0.88
47,79,8,0.74
47,83,8,0.68
47,93,8,0.34
47,94,8,0.95
47,14,12,0.5
47,17,12,0.58
47,19,12,0.98
47,21,12,0.6
47,35,12,0.99
47,47,12,0
47,73,12,0.27
47,75,12,0.71
47,77,12,0.43
47,87,12,0.7
47,89,12,0.93
47,94,12,0.62
48,3,8,0.85
48,20,8,0.19
48,27,8,0.01
48,36,8,0.75
48,41,8,0.02
48,47,8,0.58
48,48,8,0
48,55,8,0.96
48,57,8,0.72
48,70,8,0.21
48,72,8,0.58
48,74,8,0.25
48,79,8,0.15
48,83,8,0.72
48,93,8,0.36
48,94,8,0.7
48,5,15,0.91
48,27,15,0.94
48,29,15,0.47
48,31,15,0.63
48,32,15,0.52
48,43,15,0.06
48,48,15,0
48,59,15,0.17
48,66,15,0.99
48,67,15,0.79
48,84,15,0.63
48,92,15,0.93
48,2,10,0.69
48,4,10,0.18
48,7,10,0.48
48,8,10,0.08
48,10,10,0.15
48,11,10,0.95
48,13,10,0.86
48,16,10,0.3
48,23,10,0.16
48,28,10,0.66
48,41,10,0.45
48,45,10,0.49
48,48,10,0
48,61,10,0.84
48,64,10,0.5
48,69,10,0.86
48,71,10,0.77
48,81,10,0.01
48,89,10,0.76
48,98,10,0.75
48,6,9,0.3
48,14,9,1.0
48,37,9,0.9
48,44,9,0.51
48,46,9,0.08
48,48,9,0
48,49,9,0.5
48,51,9,0.85
48,59,9,0.42
48,60,9,0.51
48,61,9,0.38
48,65,9,0.12
48,68,9,0.96
48,82,9,0.45
48,86,9,0.78
48,87,9,0.48
48,98,9,0.06
48,99,9,0.75
49,6,9,0.62
49,14,9,0.63
49,37,9,0.42
49,44,9,0.03
49,46,9,0.33
49,48,9,0.83
49,49,9,0
49,51,9,0.43
49,59,9,0.55
49,60,9,0.89
49,61,9,0.13
49,65,9,0.05
49,68,9,0.2
49,82,9,0.07
49,86,9,0.99
49,87,9,0.43
49,98,9,0.4
49,99,9,0.48
49,9,14,0.03
49,13,14,0.41
49,16,14,0.06
49,17,14,0.63
49,29,14,0.25
49,42,14,0.14
49,49,14,0
49,50,14,0.95
49,52,14,0.3
49,53,14,0.84
49,56,14,0.79
49,82,14,0.12
49,85,14,0.31
49,10,5,0.99
49,12,5,0.52
49,21,5,0.9
49,24,5,0.9
49,26,5,0.31
49,39,5,0.74
49,49,5,0
49,51,5,0.48
49,54,5,0.41
49,55,5,0.24
49,56,5,0.14
49,61,5,0.13
49,80,5,0.21
49,88,5,0.34
49,92,5,0.51
50,0,1,0.47
50,3,1,0.27
50,7,1,0.98
50,14,1,0.26
50,18,1,0.34
50,34,1,0.47
50,36,1,0.91
50,38,1,0.16
50,40,1,0.44
50,50,1,0
50,55,1,0.04
50,60,1,0.95
50,67,1,0.33
50,73,1,0.55
50,82,1,0.8
50,83,1,0.54
50,85,1,0.18
50,89,1,0.05
50,91,1,0.68
50,9,14,0.78
50,13,14,0.36
50,16,14,0.19
50,17,14,0.42
50,29,14,0.03
50,42,14,0.44
50,49,14,0.88
50,50,14,0
50,52,14,0.23
50,53,14,0.84
50,56,14,0.46
50,82,14,0.95
50,85,14,0.28
51,3,17,0.88
51,4,17,0.75
51,7,17,0.44
51,11,17,0.32
51,12,17,0.85
51,15,17,0.97
51,22,17,0.01
51,28,17,0.59
51,34,17,0.67
51,43,17,0.84
51,46,17,0.68
51,51,17,0
51,52,17,0.68
51,58,17,0.86
51,62,17,0.09
51,66,17,0.4
51,76,17,0.41
51,80,17,0.25
51,86,17,0.22
51,20,13,0.57
51,24,13,0.67
51,25,13,0.92
51,27,13,0.16
51,28,13,0.59
51,35,13,0.77
51,44,13,0.86
51,51,13,0
51,57,13,0.87
51,65,13,0.98
51,70,13,0.57
51,96,13,0.35
51,6,9,0.84
51,14,9,0.44
51,37,9,0.22
51,44,9,0.9
51,46,9,0.25
51,48,9,0.13
51,49,9,0.52
51,51,9,0
51,59,9,0.06
51,60,9,0.61
51,61,9,0.21
51,65,9,0.83
51,68,9,0.73
51,82,9,0.91
51,86,9,0.49
51,87,9,0.78
51,98,9,0.13
51,99,9,0.5
51,10,5,0.96
51,12,5,0.54
51,21,5,0.25
51,24,5,0.35
51,26,5,0.63
51,39,5,0.63
51,49,5,0.56
51,51,5,0
51,54,5,0.73
51,55,5,0.01
51,56,5,0.7
51,61,5,0.31
51,80,5,0.48
51,88,5,0.45
51,92,5,0.4
52,6,2,0.55
52,10,2,0.81
52,20,2,0.94
52,25,2,0.43
52,26,2,0.05
52,32,2,0.52
52,45,2,0.67
52,52,2,0
52,58,2,0.48
52,65,2,0.14
52,70,2,0.56
52,79,2,0.79
52,3,17,0.58
52,4,17,0.63
52,7,17,0.43
52,11,17,0.04
52,12,17,0.46
52,15,17,0.2
52,22,17,0.93
52,28,17,0.38
52,34,17,0.75
52,43,17,0.77
52,46,17,0.49
52,51,17,0.54
52,52,17,0
52,58,17,0.13
52,62,17,0.16
52,66,17,0.64
52,76,17,0.65
52,80,17,0.29
52,86,17,0.39
52,9,14,0.61
52,13,14,0.34
52,16,14,0.42
52,17,14,0.19
52,29,14,0.85
52,42,14,0.69
52,49,14,0.97
52,50,14,0.24
52,52,14,0
52,53,14,0.74
52,56,14,0.82
52,82,14,0.77
52,85,14,0.14
52,1,3,0.43
52,2,3,0.02
52,3,3,0.27
52,13,3,0.01
52,18,3,0.76
52,24,3,0.62
52,27,3,0.57
52,36,3,0.02
52,38,3,0.62
52,43,3,0.28
52,52,3,0
52,57,3,0.74
52,74,3,0.32
52,81,3,0.31
52,88,3,0.27
53,9,7,0.56
53,16,7,0.21
53,21,7,0.82
53,22,7,0.68
53,26,7,0.88
53,32,7,0.88
53,33,7,0.41
53,34,7,0.31
53,37,7,0.25
53,53,7,0
53,69,7,0.47
53,71,7,0.57
53,79,7,0.15
53,86,7,0.05
53,87,7,0.57
53,92,7,0.52
53,6,4,0.61
53,10,4,0.61
53,18,4,0.56
53,19,4,0.32
53,37,4,0.27
53,46,4,0.9
53,53,4,0
53,64,4,0.03
53,66,4,0.05
53,73,4,0.6
53,78,4,0.28
53,81,4,0.71
53,83,4,0.72
53,90,4,0.42
53,93,4,0.93
53,94,4,0.53
53,96,4,0.85
53,9,14,0.24
53,13,14,0.13
53,16,14,0.73
53,17,14,0.84
53,29,14,0.5
53,42,14,0.71
53,49,14,0.18
53,50,14,0.19
53,52,14,0.16
53,53,14,0
53,56,14,0.78
53,82,14,0.91
53,85,14,0.9
54,1,18,0.41
54,13,18,0.01
54,19,18,0.15
54,26,18,0.35
54,40,18,0.06
54,46,18,0.96
54,54,18,0
54,62,18,0.45
54,63,18,0.39
54,95,18,0.83
54,96,18,0.47
54,10,5,0.72
54,12,5,0.02
54,21,5,0.98
54,24,5,0.29
54,26,5,0.43
54,39,5,0.67
54,49,5,0.03
54,51,5,0.13
54,54,5,0
54,55,5,0.92
54,56,5,0.92
54,61,5,0.26
54,80,5,0.68
54,88,5,0.09
54,92,5,0.3
55,0,16,0.79
55,42,16,0.56
55,45,16,0.64
55,55,16,0
55,58,16,0.48
55,59,16,0.5
55,68,16,0.44
55,73,16,0.43
55,75,16,0.68
55,84,16,0.34
55,94,16,0.39
55,95,16,0.96
55,97,16,0.86
55,0,1,0.43
55,3,1,0.66
55,7,1,0.95
55,14,1,0.42
55,18,1,0.67
55,34,1,0.08
55,36,1,0.47
55,38,1,0.49
55,40,1,0.13
55,50,1,0.7
55,55,1,0
55,60,1,0.11
55,67,1,0.76
55,73,1,0.05
55,82,1,0.98
55,83,1,0.52
55,85,1,0.99
55,89,1,0.34
55,91,1,0.43
55,10,5,0.43
55,12,5,0.36
55,21,5,0.34
55,24,5,0.62
55,26,5,0.73
55,39,5,0.58
55,49,5,0.03
55,51,5,0.42
55,54,5,0.44
55,55,5,0
55,56,5,0.52
55,61,5,0.35
55,80,5,0.37
55,88,5,0.99
55,92,5,0.44
55,3,8,0.47
55,20,8,0.79
55,27,8,0.33
55,36,8,0.52
55,41,8,0.06
55,47,8,0.15
55,48,8,0.22
55,55,8,0
55,57,8,0.48
55,70,8,0.23
55,72,8,0.2
55,74,8,0.62
55,79,8,0.48
55,83,8,0.61
55,93,8,0.43
55,94,8,0.33
56,9,14,0.46
56,13,14,0.23
56,16,14,0.37
56,17,14,0.13
56,29,14,0.71
56,42,14,0.97
56,49,14,0.58
56,50,14,0.59
56,52,14,0.17
56,53,14,0.34
56,56,14,0
56,82,14,0.98
56,85,14,0.29
56,10,5,0.24
56,12,5,0.45
56,21,5,0.15
56,24,5,0.27
56,26,5,0.64
56,39,5,0.96
56,49,5,0.65
56,51,5,0.1
56,54,5,0.45
56,55,5,0.26
56,56,5,0
56,61,5,0.49
56,80,5,0.8
56,88,5,0.71
56,92,5,0.38
57,0,6,0.01
57,8,6,0.83
57,19,6,0.67
57,31,6,0.19
57,33,6,0.75
57,37,6,0.77
57,38,6,0.54
57,41,6,0.11
57,42,6,0.18
57,43,6,0.75
57,57,6,0
57,69,6,0.65
57,78,6,0.84
57,88,6,0.17
57,20,13,0.77
57,24,13,0.32
57,25,13,0.17
57,27,13,0.43
57,28,13,0.85
57,35,13,0.95
57,44,13,0.32
57,51,13,0.91
57,57,13,0
57,65,13,0.78
57,70,13,0.56
57,96,13,0.01
57,1,3,0.59
57,2,3,0.03
57,3,3,0.42
57,13,3,0.11
57,18,3,0.39
57,24,3,0.77
57,27,3,0.5
57,36,3,0.5
57,38,3,0.31
57,43,3,0.02
57,52,3,0.94
57,57,3,0
57,74,3,0.06
57,81,3,0.06
57,88,3,0.23
57,3,8,0.37
57,20,8,0.64
57,27,8,0.21
57,36,8,0.82
57,41,8,0.12
57,47,8,0.31
57,48,8,0.81
57,55,8,0.86
57,57,8,0
57,70,8,0.59
57,72,8,0.93
57,74,8,0.85
57,79,8,0.97
57,83,8,0.12
57,93,8,0.41
57,94,8,0.89
58,5,11,0.36
58,7,11,0.68
58,11,11,0.91
58,12,11,0.9
58,15,11,0.65
58,17,11,0.56
58,22,11,0.54
58,30,11,0.01
58,33,11,0.61
58,38,11,0.5
58,58,11,0
58,60,11,0.08
58,61,11,0.1
58,72,11,0.88
58,85,11,0.55
58,90,11,0.18
58,97,11,0.91
58,0,16,0.89
58,42,16,0.73
58,45,16,0.19
58,55,16,0.84
58,58,16,0
58,59,16,0.06
58,68,16,0.63
58,73,16,0.58
58,75,16,0.9
58,84,16,0.79
58,94,16,0.35
58,95,16,0.81
58,97,16,0.32
58,3,17,0.64
58,4,17,0.63
58,7,17,0.17
58,11,17,0.06
58,12,17,0.34
58,15,17,0.01
58,22,17,0.9
58,28,17,0.23
58,34,17,0.01
58,43,17,0.63
58,46,17,0.04
58,51,17,0.67
58,52,17,0.15
58,58,17,0
58,62,17,0.0
58,66,17,0.19
58,76,17,0.72
58,80,17,0.34
58,86,17,0.85
58,6,2,0.08
58,10,2,0.23
58,20,2,0.87
58,25,2,0.57
58,26,2,0.1
58,32,2,0.85
58,45,2,0.77
58,52,2,0.16
58,58,2,0
58,65,2,0.03
58,70,2,0.19
58,79,2,0.49
59,5,15,0.13
59,27,15,0.34
59,29,15,0.83
59,31,15,0.76
59,32,15,0.96
59,43,15,0.11
59,48,15,0.47
59,59,15,0
59,66,15,0.83
59,67,15,0.38
59,84,15,0.7
59,92,15,0.41
59,6,9,0.68
59,14,9,0.0
59,37,9,0.56
59,44,9,0.92
59,46,9,0.88
59,48,9,0.83
59,49,9,0.51
59,51,9,0.27
59,59,9,0
59,60,9,0.49
59,61,9,0.2
59,65,9,0.19
59,68,9,0.15
59,82,9,0.58
59,86,9,0.87
59,87,9,0.16
59,98,9,0.84
59,99,9,0.78
59,0,16,0.34
59,42,16,0.74
59,45,16,0.45
59,55,16,0.93
59,58,16,0.48
59,59,16,0
59,68,16,0.64
59,73,16,0.54
59,75,16,0.9
59,84,16,0.68
59,94,16,0.16
59,95,16,0.09
59,97,16,0.79
60,0,1,0.08
60,3,1,0.94
60,7,1,0.93
60,14,1,0.02
60,18,1,0.57
60,34,1,0.82
60,36,1,0.31
60,38,1,0.4
60,40,1,0.49
60,50,1,0.64
60,55,1,0.78
60,60,1,0
60,67,1,0.93
60,73,1,0.2
60,82,1,0.48
60,83,1,0.76
60,85,1,0.58
60,89,1,0.81
60,91,1,0.63
60,6,9,0.74
60,14,9,0.41
60,37,9,0.51
60,44,9,0.25
60,46,9,0.46
60,48,9,0.68
60,49,9,0.61
60,51,9,0.51
60,59,9,0.83
60,60,9,0
60,61,9,0.87
60,65,9,0.89
60,68,9,0.45
60,82,9,0.3
60,86,9,0.29
60,87,9,0.9
60,98,9,0.95
60,99,9,0.27
60,5,11,0.4
60,7,11,0.54
60,11,11,0.36
60,12,11,0.17
60,15,11,0.82
60,17,11,0.18
60,22,11,0.22
60,30,11,0.35
60,33,11,0.99
60,38,11,0.08
60,58,11,0.92
60,60,11,0
60,61,11,1.0
60,72,11,0.02
60,85,11,0.53
60,90,11,0.73
60,97,11,0.11
61,6,9,0.8
61,14,9,0.65
61,37,9,0.14
61,44,9,0.52
61,46,9,0.37
61,48,9,0.26
61,49,9,0.21
61,51,9,0.44
61,59,9,0.22
61,60,9,0.63
61,61,9,0
61,65,9,0.43
61,68,9,0.27
61,82,9,1.0
61,86,9,0.7
61,87,9,0.43
61,98,9,0.06
61,99,9,0.16
61,2,10,0.01
61,4,10,0.46
61,7,10,0.4
61,8,10,0.58
61,10,10,0.4
61,11,10,0.7
61,13,10,0.7
61,16,10,0.42
61,23,10,0.1
61,28,10,0.17
61,41,10,0.65
61,45,10,0.15
61,48,10,0.87
61,61,10,0
61,64,10,0.34
61,69,10,0.98
61,71,10,0.25
61,81,10,0.33
61,89,10,0.68
61,98,10,0.51
61,5,11,0.13
61,7,11,0.84
61,11,11,0.66
61,12,11,0.34
61,15,11,0.61
61,17,11,0.89
61,22,11,0.27
61,30,11,0.09
61,33,11,0.09
61,38,11,0.67
61,58,11,0.34
61,60,11,0.89
61,61,11,0
61,72,11,0.95
61,85,11,0.0
61,90,11,0.82
61,97,11,0.9
61,10,5,0.6
61,12,5,0.31
61,21,5,0.92
61,24,5,0.73
61,26,5,0.75
61,39,5,0.73
61,49,5,0.51
61,51,5,0.29
61,54,5,0.52
61,55,5,0.3
61,56,5,0.97
61,61,5,0
61,80,5,0.78
61,88,5,0.04
61,92,5,0.69
62,3,17,0.92
62,4,17,0.89
62,7,17,0.19
62,11,17,0.81
62,12,17,0.45
62,15,17,0.37
62,22,17,0.99
62,28,17,0.74
62,34,17,0.27
62,43,17,0.16
62,46,17,0.75
62,51,17,0.92
62,52,17,0.38
62,58,17,0.12
62,62,17,0
62,66,17,0.44
62,76,17,0.15
62,80,17,0.83
62,86,17,0.16
62,1,18,0.3
62,13,18,0.28
62,19,18,0.44
62,26,18,0.06
62,40,18,0.96
62,46,18,0.13
62,54,18,0.21
62,62,18,0
62,63,18,0.23
62,95,18,0.78
62,96,18,0.28
63,1,18,0.18
63,13,18,0.08
63,19,18,0.96
63,26,18,0.53
63,40,18,0.55
63,46,18,0.64
63,54,18,0.25
63,62,18,0.19
63,63,18,0
63,95,18,0.96
63,96,18,0.5
63,2,0,0.38
63,5,0,0.26
63,12,0,0.09
63,20,0,0.89
63,25,0,0.45
63,29,0,0.73
63,30,0,0.54
63,32,0,0.73
63,39,0,0.43
63,44,0,0.65
63,45,0,0.94
63,63,0,0
63,66,0,0.8
63,74,0,0.04
63,89,0,0.98
63,91,0,0.64
63,99,0,0.42
64,6,4,0.87
64,10,4,0.13
64,18,4,0.87
64,19,4,0.82
64,37,4,0.19
64,46,4,0.26
64,53,4,0.4
64,64,4,0
64,66,4,0.12
64,73,4,0.95
64,78,4,0.51
64,81,4,0.51
64,83,4,0.93
64,90,4,0.0
64,93,4,0.98
64,94,4,0.49
64,96,4,0.86
64,2,10,0.74
64,4,10,0.89
64,7,10,0.9
64,8,10,0.06
64,10,10,0.96
64,11,10,0.52
64,13,10,0.66
64,16,10,0.99
64,23,10,0.21
64,28,10,0.86
64,41,10,0.6
64,45,10,0.05
64,48,10,0.14
64,61,10,0.89
64,64,10,0
64,69,10,0.14
64,71,10,0.33
64,81,10,0.08
64,89,10,0.18
64,98,10,0.71
65,6,2,0.09
65,10,2,0.23
65,20,2,0.26
65,25,2,0.8
65,26,2,0.24
65,32,2,0.11
65,45,2,0.94
65,52,2,0.3
65,58,2,0.29
65,65,2,0
65,70,2,0.03
65,79,2,0.01
65,20,13,0.24
65,24,13,0.51
65,25,13,0.25
65,27,13,0.06
65,28,13,0.69
65,35,13,0.34
65,44,13,0.99
65,51,13,0.34
65,57,13,0.05
65,65,13,0
65,70,13,0.32
65,96,13,0.84
65,6,9,0.17
65,14,9,0.44
65,37,9,0.13
65,44,9,0.03
65,46,9,0.93
65,48,9,0.52
65,49,9,0.33
65,51,9,0.85
65,59,9,0.89
65,60,9,0.96
65,61,9,0.48
65,65,9,0
65,68,9,0.91
65,82,9,0.24
65,86,9,0.61
65,87,9,0.92
65,98,9,0.63
65,99,9,0.01
66,6,4,0.4
66,10,4,0.78
66,18,4,0.54
66,19,4,0.16
66,37,4,0.0
66,46,4,0.41
66,53,4,0.29
66,64,4,0.65
66,66,4,0
66,73,4,0.03
66,78,4,0.67
66,81,4,0.35
66,83,4,0.58
66,90,4,0.03
66,93,4,0.2
66,94,4,0.78
66,96,4,0.87
66,3,17,0.77
66,4,17,0.75
66,7,17,0.34
66,11,17,0.52
66,12,17,0.75
66,15,17,0.28
66,22,17,0.62
66,28,17,0.51
66,34,17,0.85
66,43,17,0.6
66,46,17,0.45
66,51,17,0.53
66,52,17,0.32
66,58,17,0.02
66,62,17,0.34
66,66,17,0
66,76,17,0.7
66,80,17,0.87
66,86,17,0.98
66,2,0,0.64
66,5,0,0.57
66,12,0,0.73
66,20,0,0.9
66,25,0,0.52
66,29,0,0.95
66,30,0,0.45
66,32,0,0.59
66,39,0,0.13
66,44,0,0.01
66,45,0,0.31
66,63,0,0.94
66,66,0,0
66,74,0,0.92
66,89,0,0.51
66,91,0,0.44
66,99,0,0.9
66,5,15,0.2
66,27,15,0.78
66,29,15,0.0
66,31,15,0.85
66,32,15,0.61
66,43,15,0.1
66,48,15,1.0
66,59,15,0.73
66,66,15,0
66,67,15,0.2
66,84,15,0.54
66,92,15,0.79
67,0,1,0.38
67,3,1,0.06
67,7,1,0.19
67,14,1,0.9
67,18,1,0.94
67,34,1,0.85
67,36,1,0.36
67,38,1,0.82
67,40,1,0.59
67,50,1,0.85
67,55,1,0.27
67,60,1,0.59
67,67,1,0
67,73,1,0.29
67,82,1,0.5
67,83,1,0.32
67,85,1,0.04
67,89,1,0.07
67,91,1,0.8
67,5,15,0.02
67,27,15,0.89
67,29,15,0.44
67,31,15,0.62
67,32,15,0.67
67,43,15,0.57
67,48,15,0.92
67,59,15,0.63
67,66,15,0.84
67,67,15,0
67,84,15,0.78
67,92,15,0.6
68,6,9,0.09
68,14,9,0.28
68,37,9,0.75
68,44,9,0.2
68,46,9,0.23
68,48,9,0.77
68,49,9,0.85
68,51,9,0.9
68,59,9,0.16
68,60,9,0.17
68,61,9,0.95
68,65,9,0.08
68,68,9,0
68,82,9,0.2
68,86,9,0.08
68,87,9,0.33
68,98,9,0.9
68,99,9,0.71
68,0,16,0.49
68,42,16,0.93
68,45,16,0.73
68,55,16,0.28
68,58,16,0.72
68,59,16,0.73
68,68,16,0
68,73,16,0.53
68,75,16,0.0
68,84,16,0.38
68,94,16,0.42
68,95,16,0.06
68,97,16,0.22
69,9,7,0.2
69,16,7,0.15
69,21,7,0.13
69,22,7,0.18
69,26,7,0.51
69,32,7,0.16
69,33,7,0.82
69,34,7,0.76
69,37,7,0.35
69,53,7,0.46
69,69,7,0
69,71,7,0.42
69,79,7,0.23
69,86,7,1.0
69,87,7,0.5
69,92,7,0.28
69,2,10,0.9
69,4,10,0.82
69,7,10,0.84
69,8,10,0.07
69,10,10,0.66
69,11,10,0.95
69,13,10,0.25
69,16,10,0.74
69,23,10,0.4
69,28,10,0.54
69,41,10,0.28
69,45,10,0.44
69,48,10,0.84
69,61,10,0.21
69,64,10,0.44
69,69,10,0
69,71,10,0.11
69,81,10,0.6
69,89,10,0.65
69,98,10,0.21
69,0,6,0.73
69,8,6,0.29
69,19,6,0.11
69,31,6,0.02
69,33,6,0.72
69,37,6,0.86
69,38,6,0.18
69,41,6,0.99
69,42,6,0.19
69,43,6,0.65
69,57,6,0.27
69,69,6,0
69,78,6,0.56
69,88,6,0.1
70,3,8,0.59
70,20,8,0.96
70,27,8,0.0
70,36,8,0.24
70,41,8,0.29
70,47,8,0.47
70,48,8,0.01
70,55,8,0.02
70,57,8,0.72
70,70,8,0
70,72,8,0.85
70,74,8,0.01
70,79,8,0.57
70,83,8,0.77
70,93,8,0.68
70,94,8,0.07
70,6,2,0.31
70,10,2,0.38
70,20,2,0.01
70,25,2,0.8
70,26,2,0.01
70,32,2,0.43
70,45,2,0.27
70,52,2,0.36
70,58,2,0.19
70,65,2,0.82
70,70,2,0
70,79,2,0.29
70,20,13,0.62
70,24,13,0.12
70,25,13,0.27
70,27,13,0.38
70,28,13,0.11
70,35,13,0.62
70,44,13,0.77
70,51,13,0.93
70,57,13,0.6
70,65,13,0.86
70,70,13,0
70,96,13,0.08
71,9,7,0.28
71,16,7,0.79
71,21,7,0.18
71,22,7,0.06
71,26,7,0.49
71,32,7,0.96
71,33,7,0.34
71,34,7,0.86
71,37,7,0.26
71,53,7,0.24
71,69,7,0.51
71,71,7,0
71,79,7,0.02
71,86,7,0.83
71,87,7,0.66
71,92,7,0.43
71,2,10,0.41
71,4,10,0.21
71,7,10,0.64
71,8,10,0.54
71,10,10,0.28
71,11,10,0.52
71,13,10,0.59
71,16,10,0.36
71,23,10,0.44
71,28,10,0.92
71,41,10,0.95
71,45,10,0.35
71,48,10,0.76
71,61,10,0.19
71,64,10,0.02
71,69,10,0.89
71,71,10,0
71,81,10,0.16
71,89,10,0.55
71,98,10,0.2
72,5,11,0.04
72,7,11,0.28
72,11,11,0.68
72,12,11,0.39
72,15,11,0.46
72,17,11,0.82
72,22,11,0.41
72,30,11,0.39
72,33,11,0.77
72,38,11,0.81
72,58,11,0.48
72,60,11,0.58
72,61,11,0.03
72,72,11,0
72,85,11,0.2
72,90,11,0.15
72,97,11,0.53
72,3,8,0.41
72,20,8,0.38
72,27,8,1.0
72,36,8,0.57
72,41,8,0.23
72,47,8,0.58
72,48,8,0.86
72,55,8,0.67
72,57,8,0.32
72,70,8,0.42
72,72,8,0
72,74,8,0.89
72,79,8,0.19
72,83,8,0.98
72,93,8,0.52
72,94,8,0.85
73,6,4,0.67
73,10,4,0.65
73,18,4,0.43
73,19,4,0.46
73,37,4,0.08
73,46,4,0.86
73,53,4,0.84
73,64,4,0.81
73,66,4,0.76
73,73,4,0
73,78,4,0.35
73,81,4,0.43
73,83,4,0.89
73,90,4,0.89
73,93,4,0.05
73,94,4,0.69
73,96,4,0.23
73,14,12,0.54
73,17,12,0.06
73,19,12,0.49
73,21,12,0.05
73,35,12,0.09
73,47,12,0.67
73,73,12,0
73,75,12,0.18
73,77,12,0.55
73,87,12,0.61
73,89,12,0.56
73,94,12,0.84
73,0,1,0.63
73,3,1,0.9
73,7,1,0.82
73,14,1,0.88
73,18,1,0.3
73,34,1,0.09
73,36,1,0.17
73,38,1,0.47
73,40,1,0.96
73,50,1,0.3
73,55,1,0.29
73,60,1,0.43
73,67,1,0.82
73,73,1,0
73,82,1,0.52
73,83,1,0.45
73,85,1,0.17
73,89,1,0.83
73,91,1,0.57
73,0,16,0.8
73,42,16,0.26
73,45,16,0.61
73,55,16,0.2
73,58,16,0.77
73,59,16,0.97
73,68,16,0.39
73,73,16,0
73,75,16,0.19
73,84,16,0.41
73,94,16,0.05
73,95,16,0.55
73,97,16,0.15
74,3,8,0.24
74,20,8,0.1
74,27,8,0.63
74,36,8,0.28
74,41,8,0.81
74,47,8,0.92
74,48,8,0.56
74,55,8,0.12
74,57,8,0.63
74,70,8,0.21
74,72,8,0.73
74,74,8,0
74,79,8,0.33
74,83,8,0.81
74,93,8,0.77
74,94,8,0.35
74,2,0,0.13
74,5,0,0.22
74,12,0,0.63
74,20,0,0.54
74,25,0,0.74
74,29,0,0.5
74,30,0,0.58
74,32,0,0.19
74,39,0,0.15
74,44,0,0.01
74,45,0,0.54
74,63,0,0.74
74,66,0,0.5
74,74,0,0
74,89,0,0.77
74,91,0,0.89
74,99,0,0.47
74,1,3,0.95
74,2,3,0.66
74,3,3,0.04
74,13,3,0.27
74,18,3,0.28
74,24,3,0.93
74,27,3,0.5
74,36,3,0.18
74,38,3,0.16
74,43,3,0.8
74,52,3,0.54
74,57,3,0.68
74,74,3,0
74,81,3,0.9
74,88,3,0.91
75,0,16,0.41
75,42,16,0.97
75,45,16,0.13
75,55,16,0.35
75,58,16,0.93
75,59,16,0.35
75,68,16,0.36
75,73,16,0.48
75,75,16,0
75,84,16,0.27
75,94,16,0.19
75,95,16,0.59
75,97,16,0.07
75,14,12,0.05
75,17,12,0.66
75,19,12,0.68
75,21,12,0.58
75,35,12,0.05
75,47,12,0.39
75,73,12,0.3
75,75,12,0
75,77,12,0.62
75,87,12,0.43
75,89,12,0.05
75,94,12,0.27
76,3,17,0.69
76,4,17,0.25
76,7,17,0.66
76,11,17,0.75
76,12,17,0.0
76,15,17,0.91
76,22,17,0.2
76,28,17,0.43
76,34,17,0.46
76,43,17,0.04
76,46,17,0.54
76,51,17,0.22
76,52,17,0.23
76,58,17,0.09
76,62,17,0.37
76,66,17,0.72
76,76,17,0
76,80,17,0.81
76,86,17,0.24
76,14,19,0.76
76,23,19,0.49
76,25,19,0.3
76,33,19,0.65
76,39,19,0.56
76,76,19,0
76,77,19,0.9
76,78,19,0.29
76,84,19,0.06
76,85,19,0.88
76,86,19,0.16
77,14,19,0.77
77,23,19,0.99
77,25,19,0.87
77,33,19,0.95
77,39,19,0.96
77,76,19,0.81
77,77,19,0
77,78,19,0.95
77,84,19,0.51
77,85,19,0.87
77,86,19,0.8
77,14,12,0.9
77,17,12,0.68
77,19,12,0.71
77,21,12,0.29
77,35,12,0.62
77,47,12,0.19
77,73,12,0.81
77,75,12,0.29
77,77,12,0
77,87,12,0.16
77,89,12,0.9
77,94,12,0.74
78,6,4,0.47
78,10,4,0.45
78,18,4,0.29
78,19,4,0.55
78,37,4,0.52
78,46,4,0.88
78,53,4,0.22
78,64,4,0.26
78,66,4,0.27
78,73,4,0.58
78,78,4,0
78,81,4,0.52
78,83,4,0.52
78,90,4,0.67
78,93,4,0.45
78,94,4,0.75
78,96,4,0.85
78,14,19,0.47
78,23,19,0.59
78,25,19,0.96
78,33,19,0.56
78,39,19,0.22
78,76,19,0.28
78,77,19,0.56
78,78,19,0
78,84,19,0.23
78,85,19,0.43
78,86,19,0.65
78,0,6,0.95
78,8,6,0.69
78,19,6,0.48
78,31,6,0.52
78,33,6,0.51
78,37,6,0.35
78,38,6,0.94
78,41,6,0.35
78,42,6,0.32
78,43,6,0.16
78,57,6,0.85
78,69,6,0.19
78,78,6,0
78,88,6,0.83
79,3,8,0.52
79,20,8,0.95
79,27,8,0.64
79,36,8,0.66
79,41,8,0.31
79,47,8,0.07
79,48,8,0.13
79,55,8,0.23
79,57,8,0.47
79,70,8,0.8
79,72,8,0.87
79,74,8,0.6
79,79,8,0
79,83,8,0.68
79,93,8,0.12
79,94,8,0.51
79,9,7,0.72
79,16,7,0.65
79,21,7,0.16
79,22,7,0.28
79,26,7,0.94
79,32,7,0.93
79,33,7,0.63
79,34,7,0.0
79,37,7,0.1
79,53,7,0.92
79,69,7,0.62
79,71,7,0.7
79,79,7,0
79,86,7,0.84
79,87,7,0.66
79,92,7,0.38
79,6,2,0.99
79,10,2,0.86
79,20,2,0.29
79,25,2,0.42
79,26,2,0.32
79,32,2,0.6
79,45,2,0.83
79,52,2,0.21
79,58,2,0.53
79,65,2,0.98
79,70,2,0.84
79,79,2,0
80,3,17,0.5
80,4,17,0.68
80,7,17,0.72
80,11,17,0.65
80,12,17,0.99
80,15,17,0.18
80,22,17,0.62
80,28,17,0.78
80,34,17,0.35
80,43,17,0.42
80,46,17,0.36
80,51,17,0.06
80,52,17,0.25
80,58,17,0.93
80,62,17,0.9
80,66,17,0.34
80,76,17,0.13
80,80,17,0
80,86,17,0.21
80,10,5,0.45
80,12,5,0.03
80,21,5,0.68
80,24,5,0.67
80,26,5,0.33
80,39,5,0.08
80,49,5,0.63
80,51,5,0.39
80,54,5,0.8
80,55,5,0.89
80,56,5,0.1
80,61,5,0.61
80,80,5,0
80,88,5,0.46
80,92,5,0.28
81,2,10,0.38
81,4,10,0.96
81,7,10,0.33
81,8,10,0.13
81,10,10,0.41
81,11,10,0.6
81,13,10,0.73
81,16,10,0.38
81,23,10,0.9
81,28,10,0.8
81,41,10,0.13
81,45,10,0.47
81,48,10,0.12
81,61,10,0.68
81,64,10,0.53
81,69,10,0.72
81,71,10,0.86
81,81,10,0
81,89,10,0.77
81,98,10,0.45
81,6,4,0.26
81,10,4,0.79
81,18,4,0.03
81,19,4,0.45
81,37,4,0.95
81,46,4,0.97
81,53,4,0.58
81,64,4,0.78
81,66,4,0.24
81,73,4,0.57
81,78,4,0.37
81,81,4,0
81,83,4,0.51
81,90,4,0.3
81,93,4,0.94
81,94,4,0.94
81,96,4,0.58
81,1,3,0.83
81,2,3,0.81
81,3,3,0.89
81,13,3,0.83
81,18,3,0.45
81,24,3,0.95
81,27,3,0.33
81,36,3,0.99
81,38,3,0.06
81,43,3,0.42
81,52,3,0.45
81,57,3,0.5
81,74,3,0.7
81,81,3,0
81,88,3,0.47
82,6,9,0.12
82,14,9,0.54
82,37,9,0.01
82,44,9,0.81
82,46,9,0.57
82,48,9,0.62
82,49,9,0.73
82,51,9,0.69
82,59,9,0.8
82,60,9,0.9
82,61,9,0.85
82,65,9,0.4
82,68,9,0.46
82,82,9,0
82,86,9,0.42
82,87,9,0.15
82,98,9,0.76
82,99,9,0.45
82,9,14,0.37
82,13,14,0.14
82,16,14,0.31
82,17,14,0.01
82,29,14,0.91
82,42,14,0.39
82,49,14,0.95
82,50,14,0.3
82,52,14,0.79
82,53,14,0.53
82,56,14,0.13
82,82,14,0
82,85,14,0.52
82,0,1,0.84
82,3,1,0.79
82,7,1,0.35
82,14,1,0.34
82,18,1,0.57
82,34,1,0.24
82,36,1,0.24
82,38,1,0.84
82,40,1,0.9
82,50,1,0.51
82,55,1,0.16
82,60,1,0.3
82,67,1,0.29
82,73,1,0.86
82,82,1,0
82,83,1,0.82
82,85,1,0.8
82,89,1,0.03
82,91,1,0.06
83,6,4,0.78
83,10,4,0.78
83,18,4,0.86
83,19,4,0.68
83,37,4,0.29
83,46,4,0.2
83,53,4,0.17
83,64,4,0.66
83,66,4,0.32
83,73,4,0.16
83,78,4,0.43
83,81,4,0.24
83,83,4,0
83,90,4,0.72
83,93,4,0.23
83,94,4,0.32
83,96,4,0.42
83,0,1,0.02
83,3,1,0.33
83,7,1,0.97
83,14,1,0.52
83,18,1,0.95
83,34,1,0.16
83,36,1,0.88
83,38,1,0.27
83,40,1,0.05
83,50,1,0.82
83,55,1,0.19
83,60,1,0.58
83,67,1,0.31
83,73,1,0.99
83,82,1,0.45
83,83,1,0
83,85,1,0.73
83,89,1,0.32
83,91,1,0.26
83,3,8,0.18
83,20,8,0.98
83,27,8,0.01
83,36,8,0.17
83,41,8,0.54
83,47,8,0.82
83,48,8,0.92
83,55,8,0.04
83,57,8,0.82
83,70,8,0.22
83,72,8,0.77
83,74,8,0.16
83,79,8,0.34
83,83,8,0
83,93,8,0.63
83,94,8,0.23
84,5,15,0.12
84,27,15,0.84
84,29,15,0.8
84,31,15,0.43
84,32,15,0.45
84,43,15,0.96
84,48,15,0.43
84,59,15,0.4
84,66,15,0.92
84,67,15,0.18
84,84,15,0
84,92,15,0.19
84,0,16,0.7
84,42,16,0.62
84,45,16,0.82
84,55,16,0.87
84,58,16,0.95
84,59,16,0.09
84,68,16,0.07
84,73,16,0.73
84,75,16,0.36
84,84,16,0
84,94,16,0.12
84,95,16,0.27
84,97,16,0.05
84,14,19,0.5
84,23,19,0.78
84,25,19,0.17
84,33,19,0.63
84,39,19,0.71
84,76,19,0.82
84,77,19,0.67
84,78,19,0.16
84,84,19,0
84,85,19,0.35
84,86,19,0.26
85,9,14,0.98
85,13,14,0.18
85,16,14,0.64
85,17,14,0.91
85,29,14,0.36
85,42,14,0.42
85,49,14,0.52
85,50,14,0.61
85,52,14,0.99
85,53,14,0.89
85,56,14,0.59
85,82,14,0.15
85,85,14,0
85,5,11,0.3
85,7,11,0.05
85,11,11,0.84
85,12,11,0.68
85,15,11,0.18
85,17,11,0.71
85,22,11,0.91
85,30,11,0.1
85,33,11,0.67
85,38,11,0.64
85,58,11,0.64
85,60,11,0.5
85,61,11,0.33
85,72,11,0.48
85,85,11,0
85,90,11,0.23
85,97,11,0.57
85,14,19,0.94
85,23,19,0.73
85,25,19,0.95
85,33,19,0.16
85,39,19,0.75
85,76,19,0.07
85,77,19,0.89
85,78,19,0.17
85,84,19,0.44
85,85,19,0
85,86,19,0.84
85,0,1,0.73
85,3,1,0.98
85,7,1,0.92
85,14,1,0.88
85,18,1,0.35
85,34,1,0.78
85,36,1,0.02
85,38,1,0.45
85,40,1,0.59
85,50,1,0.95
85,55,1,0.66
85,60,1,0.73
85,67,1,0.48
85,73,1,0.08
85,82,1,0.06
85,83,1,0.59
85,85,1,0
85,89,1,0.86
85,91,1,0.7
86,3,17,0.89
86,4,17,0.68
86,7,17,0.55
86,11,17,0.59
86,12,17,0.86
86,15,17,0.27
86,22,17,0.24
86,28,17,0.33
86,34,17,0.69
86,43,17,0.11
86,46,17,0.53
86,51,17,0.74
86,52,17,0.45
86,58,17,0.63
86,62,17,0.44
86,66,17,0.53
86,76,17,0.94
86,80,17,0.58
86,86,17,0
86,9,7,0.43
86,16,7,0.33
86,21,7,0.48
86,22,7,0.88
86,26,7,0.89
86,32,7,0.09
86,33,7,0.39
86,34,7,0.09
86,37,7,0.11
86,53,7,0.79
86,69,7,0.44
86,71,7,0.91
86,79,7,0.26
86,86,7,0
86,87,7,0.42
86,92,7,0.35
86,6,9,0.09
86,14,9,0.25
86,37,9,0.53
86,44,9,0.53
86,46,9,0.7
86,48,9,0.28
86,49,9,0.73
86,51,9,0.25
86,59,9,0.15
86,60,9,0.62
86,61,9,0.74
86,65,9,0.87
86,68,9,0.43
86,82,9,0.22
86,86,9,0
86,87,9,0.84
86,98,9,0.79
86,99,9,0.84
86,14,19,0.75
86,23,19,0.68
86,25,19,0.39
86,33,19,0.26
86,39,19,1.0
86,76,19,0.77
86,77,19,0.09
86,78,19,0.5
86,84,19,0.43
86,85,19,0.3
86,86,19,0
87,6,9,0.39
87,14,9,0.51
87,37,9,0.51
87,44,9,0.38
87,46,9,0.29
87,48,9,0.36
87,49,9,0.02
87,51,9,0.44
87,59,9,0.89
87,60,9,0.77
87,61,9,0.25
87,65,9,0.48
87,68,9,0.22
87,82,9,0.06
87,86,9,0.25
87,87,9,0
87,98,9,0.9
87,99,9,0.03
87,14,12,0.2
87,17,12,0.16
87,19,12,0.83
87,21,12,0.87
87,35,12,0.56
87,47,12,0.17
87,73,12,0.42
87,75,12,0.36
87,77,12,0.83
87,87,12,0
87,89,12,0.88
87,94,12,0.31
87,9,7,0.75
87,16,7,0.73
87,21,7,0.02
87,22,7,0.53
87,26,7,0.32
87,32,7,0.7
87,33,7,0.99
87,34,7,0.04
87,37,7,0.25
87,53,7,0.64
87,69,7,0.03
87,71,7,0.95
87,79,7,0.48
87,86,7,0.05
87,87,7,0
87,92,7,0.01
88,0,6,0.73
88,8,6,0.58
88,19,6,0.72
88,31,6,0.82
88,33,6,0.69
88,37,6,0.13
88,38,6,0.29
88,41,6,0.62
88,42,6,0.7
88,43,6,0.0
88,57,6,0.45
88,69,6,0.49
88,78,6,0.04
88,88,6,0
88,1,3,0.6
88,2,3,0.26
88,3,3,0.44
88,13,3,0.53
88,18,3,0.25
88,24,3,0.08
88,27,3,0.34
88,36,3,0.44
88,38,3,0.34
88,43,3,0.22
88,52,3,0.75
88,57,3,0.07
88,74,3,0.26
88,81,3,0.11
88,88,3,0
88,10,5,0.9
88,12,5,0.83
88,21,5,0.84
88,24,5,0.57
88,26,5,0.46
88,39,5,1.0
88,49,5,0.78
88,51,5,0.12
88,54,5,0.19
88,55,5,0.62
88,56,5,0.68
88,61,5,0.96
88,80,5,0.56
88,88,5,0
88,92,5,0.87
89,2,10,0.68
89,4,10,0.58
89,7,10,0.16
89,8,10,0.87
89,10,10,0.03
89,11,10,0.67
89,13,10,0.68
89,16,10,0.31
89,23,10,0.24
89,28,10,0.0
89,41,10,0.47
89,45,10,0.65
89,48,10,0.24
89,61,10,0.78
89,64,10,0.22
89,69,10,0.31
89,71,10,0.24
89,81,10,0.84
89,89,10,0
89,98,10,0.33
89,2,0,0.75
89,5,0,0.31
89,12,0,0.19
89,20,0,0.15
89,25,0,0.53
89,29,0,0.75
89,30,0,0.44
89,32,0,0.28
89,39,0,0.06
89,44,0,0.3
89,45,0,0.78
89,63,0,0.22
89,66,0,0.89
89,74,0,0.6
89,89,0,0
89,91,0,0.23
89,99,0,0.73
89,0,1,0.4
89,3,1,0.19
89,7,1,0.4
89,14,1,0.09
89,18,1,0.45
89,34,1,0.79
89,36,1,0.67
89,38,1,0.87
89,40,1,0.14
89,50,1,0.5
89,55,1,0.11
89,60,1,0.4
89,67,1,0.34
89,73,1,0.35
89,82,1,0.34
89,83,1,0.39
89,85,1,0.06
89,89,1,0
89,91,1,0.26
89,14,12,0.18
89,17,12,0.07
89,19,12,0.11
89,21,12,0.91
89,35,12,0.81
89,47,12,0.16
89,73,12,0.03
89,75,12,0.62
89,77,12,0.6
89,87,12,0.5
89,89,12,0
89,94,12,0.16
90,5,11,0.7
90,7,11,0.54
90,11,11,0.42
90,12,11,0.63
90,15,11,0.52
90,17,11,0.5
90,22,11,0.28
90,30,11,0.93
90,33,11,0.32
90,38,11,0.52
90,58,11,0.77
90,60,11,0.61
90,61,11,0.99
90,72,11,0.6
90,85,11,0.46
90,90,11,0
90,97,11,0.25
90,6,4,0.74
90,10,4,0.8
90,18,4,0.95
90,19,4,0.0
90,37,4,0.42
90,46,4,0.15
90,53,4,0.59
90,64,4,0.06
90,66,4,0.79
90,73,4,0.21
90,78,4,0.66
90,81,4,0.72
90,83,4,0.04
90,90,4,0
90,93,4,0.89
90,94,4,0.91
90,96,4,0.69
91,0,1,0.4
91,3,1,0.95
91,7,1,0.45
91,14,1,0.83
91,18,1,0.86
91,34,1,0.07
91,36,1,0.51
91,38,1,0.72
91,40,1,0.89
91,50,1,0.05
91,55,1,0.7
91,60,1,0.14
91,67,1,0.78
91,73,1,0.36
91,82,1,0.07
91,83,1,0.1
91,85,1,1.0
91,89,1,0.22
91,91,1,0
91,2,0,0.22
91,5,0,0.5
91,12,0,0.11
91,20,0,0.69
91,25,0,0.14
91,29,0,0.94
91,30,0,0.34
91,32,0,0.46
91,39,0,0.37
91,44,0,0.57
91,45,0,0.76
91,63,0,0.45
91,66,0,0.86
91,74,0,0.35
91,89,0,0.72
91,91,0,0
91,99,0,0.94
92,5,15,0.5
92,27,15,0.9
92,29,15,0.14
92,31,15,0.06
92,32,15,0.45
92,43,15,0.91
92,48,15,0.93
92,59,15,0.21
92,66,15,0.44
92,67,15,0.71
92,84,15,0.65
92,92,15,0
92,9,7,0.82
92,16,7,0.1
92,21,7,0.68
92,22,7,0.03
92,26,7,0.05
92,32,7,0.92
92,33,7,0.1
92,34,7,0.3
92,37,7,0.2
92,53,7,0.1
92,69,7,0.58
92,71,7,0.16
92,79,7,0.93
92,86,7,0.22
92,87,7,0.4
92,92,7,0
92,10,5,0.08
92,12,5,0.79
92,21,5,0.16
92,24,5,0.59
92,26,5,0.21
92,39,5,0.06
92,49,5,0.33
92,51,5,0.25
92,54,5,0.68
92,55,5,0.49
92,56,5,0.56
92,61,5,0.05
92,80,5,0.55
92,88,5,0.9
92,92,5,0
93,3,8,0.47
93,20,8,0.2
93,27,8,0.28
93,36,8,0.04
93,41,8,0.61
93,47,8,0.99
93,48,8,0.76
93,55,8,0.22
93,57,8,0.96
93,70,8,0.05
93,72,8,0.93
93,74,8,0.46
93,79,8,0.32
93,83,8,0.98
93,93,8,0
93,94,8,0.48
93,6,4,0.2
93,10,4,0.91
93,18,4,0.5
93,19,4,0.6
93,37,4,0.53
93,46,4,0.93
93,53,4,0.66
93,64,4,0.65
93,66,4,0.71
93,73,4,0.73
93,78,4,0.43
93,81,4,0.35
93,83,4,0.67
93,90,4,0.42
93,93,4,0
93,94,4,0.07
93,96,4,0.31
94,6,4,0.14
94,10,4,0.27
94,18,4,0.42
94,19,4,0.16
94,37,4,0.63
94,46,4,0.99
94,53,4,0.12
94,64,4,0.45
94,66,4,0.99
94,73,4,0.11
94,78,4,0.8
94,81,4,0.48
94,83,4,0.24
94,90,4,0.8
94,93,4,0.08
94,94,4,0
94,96,4,0.87
94,3,8,0.91
94,20,8,0.41
94,27,8,0.13
94,36,8,0.5
94,41,8,0.6
94,47,8,0.37
94,48,8,0.35
94,55,8,0.56
94,57,8,0.02
94,70,8,0.28
94,72,8,0.11
94,74,8,0.06
94,79,8,0.44
94,83,8,0.63
94,93,8,0.74
94,94,8,0
94,0,16,0.43
94,42,16,0.9
94,45,16,0.05
94,55,16,0.12
94,58,16,0.11
94,59,16,0.51
94,68,16,0.52
94,73,16,0.82
94,75,16,0.42
94,84,16,0.95
94,94,16,0
94,95,16,0.98
94,97,16,1.0
94,14,12,0.43
94,17,12,0.85
94,19,12,0.55
94,21,12,0.17
94,35,12,0.39
94,47,12,0.78
94,73,12,0.32
94,75,12,0.04
94,77,12,0.95
94,87,12,0.4
94,89,12,0.12
94,94,12,0
95,0,16,0.85
95,42,16,0.56
95,45,16,0.15
95,55,16,0.23
95,58,16,0.34
95,59,16,0.37
95,68,16,0.06
95,73,16,0.36
95,75,16,0.47
95,84,16,0.26
95,94,16,0.01
95,95,16,0
95,97,16,0.1
95,1,18,0.91
95,13,18,0.87
95,19,18,0.21
95,26,18,0.27
95,40,18,0.16
95,46,18,0.3
95,54,18,0.42
95,62,18,0.11
95,63,18,0.83
95,95,18,0
95,96,18,0.0
96,20,13,0.36
96,24,13,0.76
96,25,13,0.09
96,27,13,0.94
96,28,13,0.43
96,35,13,0.29
96,44,13,0.78
96,51,13,0.76
96,57,13,0.2
96,65,13,0.28
96,70,13,0.87
96,96,13,0
96,6,4,0.22
96,10,4,0.99
96,18,4,0.79
96,19,4,0.11
96,37,4,0.21
96,46,4,0.68
96,53,4,0.33
96,64,4,0.21
96,66,4,0.58
96,73,4,0.29
96,78,4,0.17
96,81,4,0.38
96,83,4,0.68
96,90,4,0.76
96,93,4,0.5
96,94,4,0.85
96,96,4,0
96,1,18,0.41
96,13,18,0.12
96,19,18,0.88
96,26,18,0.67
96,40,18,0.45
96,46,18,0.94
96,54,18,0.86
96,62,18,0.32
96,63,18,0.99
96,95,18,0.15
96,96,18,0
97,0,16,0.33
97,42,16,0.19
97,45,16,0.45
97,55,16,0.72
97,58,16,0.39
97,59,16,0.33
97,68,16,0.21
97,73,16,0.85
97,75,16,0.4
97,84,16,0.8
97,94,16,0.97
97,95,16,0.69
97,97,16,0
97,5,11,0.83
97,7,11,0.97
97,11,11,0.93
97,12,11,0.94
97,15,11,0.57
97,17,11,0.29
97,22,11,0.36
97,30,11,0.05
97,33,11,0.8
97,38,11,0.66
97,58,11,0.45
97,60,11,0.35
97,61,11,0.93
97,72,11,0.34
97,85,11,0.81
97,90,11,0.62
97,97,11,0
98,6,9,0.49
98,14,9,0.09
98,37,9,0.12
98,44,9,0.89
98,46,9,0.82
98,48,9,0.15
98,49,9,0.1
98,51,9,0.57
98,59,9,0.62
98,60,9,0.24
98,61,9,0.4
98,65,9,0.95
98,68,9,0.05
98,82,9,0.71
98,86,9,0.2
98,87,9,0.14
98,98,9,0
98,99,9,0.86
98,2,10,0.69
98,4,10,0.7
98,7,10,0.14
98,8,10,0.99
98,10,10,0.67
98,11,10,0.29
98,13,10,0.79
98,16,10,0.88
98,23,10,0.18
98,28,10,0.11
98,41,10,0.52
98,45,10,0.57
98,48,10,0.34
98,61,10,0.85
98,64,10,0.84
98,69,10,0.41
98,71,10,0.26
98,81,10,0.15
98,89,10,0.23
98,98,10,0
99,2,0,0.41
99,5,0,0.07
99,12,0,0.37
99,20,0,0.73
99,25,0,0.47
99,29,0,0.27
99,30,0,0.56
99,32,0,0.08
99,39,0,0.99
99,44,0,0.02
99,45,0,0.18
99,63,0,0.26
99,66,0,0.09
99,74,0,0.82
99,89,0,0.55
99,91,0,0.27
99,99,0,0
99,6,9,0.09
99,14,9,0.62
99,37,9,0.88
99,44,9,0.37
99,46,9,0.56
99,48,9,0.65
99,49,9,0.62
99,51,9,0.88
99,59,9,0.74
99,60,9,0.26
99,61,9,0.81
99,65,9,0.74
99,68,9,0.24
99,82,9,0.18
99,86,9,0.99
99,87,9,0.63
99,98,9,0.49
99,99,9,0