M,100,P,30,Q,100000,targetS,0.1,targetW,0.1

Resources name, resource id, current workload and max workload
R_0,0,0.61,1
R_1,1,0.79,1
R_2,2,0.75,1
R_3,3,0.62,1
R_4,4,0.61,1
R_5,5,0.76,1
R_6,6,0.63,1
R_7,7,0.69,1
R_8,8,0.72,1
R_9,9,0.76,1
R_10,10,0.7,1
R_11,11,0.67,1
R_12,12,0.68,1
R_13,13,0.66,1
R_14,14,0.71,1
R_15,15,0.65,1
R_16,16,0.75,1
R_17,17,0.71,1
R_18,18,0.75,1
R_19,19,0.74,1
R_20,20,0.63,1
R_21,21,0.75,1
R_22,22,0.73,1
R_23,23,0.7,1
R_24,24,0.71,1
R_25,25,0.65,1
R_26,26,0.71,1
R_27,27,0.74,1
R_28,28,0.61,1
R_29,29,0.77,1
R_30,30,0.67,1
R_31,31,0.74,1
R_32,32,0.7,1
R_33,33,0.76,1
R_34,34,0.62,1
R_35,35,0.66,1
R_36,36,0.72,1
R_37,37,0.77,1
R_38,38,0.64,1
R_39,39,0.69,1
R_40,40,0.67,1
R_41,41,0.73,1
R_42,42,0.68,1
R_43,43,0.61,1
R_44,44,0.67,1
R_45,45,0.65,1
R_46,46,0.68,1
R_47,47,0.63,1
R_48,48,0.64,1
R_49,49,0.73,1
R_50,50,0.63,1
R_51,51,0.73,1
R_52,52,0.8,1
R_53,53,0.74,1
R_54,54,0.77,1
R_55,55,0.79,1
R_56,56,0.7,1
R_57,57,0.65,1
R_58,58,0.78,1
R_59,59,0.73,1
R_60,60,0.77,1
R_61,61,0.69,1
R_62,62,0.74,1
R_63,63,0.67,1
R_64,64,0.77,1
R_65,65,0.64,1
R_66,66,0.63,1
R_67,67,0.68,1
R_68,68,0.66,1
R_69,69,0.76,1
R_70,70,0.77,1
R_71,71,0.65,1
R_72,72,0.69,1
R_73,73,0.64,1
R_74,74,0.79,1
R_75,75,0.69,1
R_76,76,0.65,1
R_77,77,0.68,1
R_78,78,0.7,1
R_79,79,0.71,1
R_80,80,0.71,1
R_81,81,0.64,1
R_82,82,0.76,1
R_83,83,0.62,1
R_84,84,0.77,1
R_85,85,0.63,1
R_86,86,0.63,1
R_87,87,0.67,1
R_88,88,0.8,1
R_89,89,0.63,1
R_90,90,0.79,1
R_91,91,0.62,1
R_92,92,0.73,1
R_93,93,0.67,1
R_94,94,0.79,1
R_95,95,0.67,1
R_96,96,0.64,1
R_97,97,0.66,1
R_98,98,0.69,1
R_99,99,0.75,1

Activities name, activity id, lambda, stress, resource id, priority, rifiutato
act_2,2,0.28,0.38,0,105,0
act_8,8,0.12,0.76,1,110,0
act_3,3,0.06,0.55,2,4,0
act_36,36,0.05,0.64,2,179,1
act_36,36,0.05,0.64,2,282,1
act_3,3,0.06,0.55,2,24,0
act_23,23,0.29,0.71,3,62,0
act_7,7,0.14,0.38,4,304,1
act_21,21,0.03,0.25,4,168,0
act_7,7,0.14,0.38,4,0,1
act_21,21,0.03,0.25,4,7,0
act_21,21,0.03,0.25,4,9,0
act_7,7,0.14,0.38,5,230,0
act_32,32,0.04,0.15,5,241,0
act_32,32,0.04,0.15,5,275,0
act_10,10,0.26,0.34,6,291,1
act_15,15,0.06,0.55,6,50,1
act_11,11,0.09,0.32,7,223,1
act_11,11,0.09,0.32,7,286,1
act_11,11,0.09,0.32,7,229,1
act_17,17,0.19,0.05,8,98,0
act_6,6,0.12,0.16,9,159,0
act_39,39,0.27,0.87,10,266,0
act_24,24,0.23,0.95,11,228,0
act_30,30,0.09,0.01,12,113,0
act_30,30,0.09,0.01,12,306,0
act_30,30,0.09,0.01,12,11,0
act_36,36,0.05,0.64,12,287,0
act_35,35,0.05,0.12,13,166,0
act_17,17,0.19,0.05,13,107,0
act_35,35,0.05,0.12,13,37,0
act_35,35,0.05,0.12,13,278,0
act_2,2,0.28,0.38,14,187,0
act_7,7,0.14,0.38,15,195,0
act_7,7,0.14,0.38,15,79,0
act_18,18,0.05,0.44,15,249,1
act_14,14,0.25,0.58,16,20,0
act_28,28,0.19,0.93,17,106,0
act_6,6,0.12,0.16,18,268,0
act_6,6,0.12,0.16,18,157,0
act_14,14,0.25,0.58,19,201,0
act_7,7,0.14,0.38,20,80,1
act_7,7,0.14,0.38,20,27,1
act_3,3,0.06,0.55,20,251,1
act_27,27,0.21,0.06,21,82,0
act_21,21,0.03,0.25,21,36,0
act_20,20,0.16,0.89,22,222,0
act_29,29,0.27,0.54,23,123,0
act_39,39,0.27,0.87,24,281,0
act_5,5,0.28,0.31,25,128,0
act_13,13,0.02,0.35,26,116,1
act_39,39,0.27,0.87,26,217,1
act_26,26,0.14,1.0,27,81,1
act_30,30,0.09,0.01,27,264,0
act_16,16,0.24,0.27,28,234,0
act_35,35,0.05,0.12,28,207,0
act_3,3,0.06,0.55,28,30,0
act_20,20,0.16,0.89,29,150,0
act_4,4,0.07,0.54,29,25,0
act_31,31,0.02,0.09,30,295,0
act_29,29,0.27,0.54,30,238,0
act_31,31,0.02,0.09,30,259,0
act_31,31,0.02,0.09,30,132,0
act_12,12,0.15,0.42,31,140,0
act_31,31,0.02,0.09,31,51,0
act_31,31,0.02,0.09,31,267,0
act_31,31,0.02,0.09,31,221,0
act_31,31,0.02,0.09,31,283,0
act_31,31,0.02,0.09,31,100,0
act_39,39,0.27,0.87,32,199,0
act_6,6,0.12,0.16,33,257,0
act_6,6,0.12,0.16,33,88,0
act_17,17,0.19,0.05,34,292,0
act_17,17,0.19,0.05,34,121,0
act_12,12,0.15,0.42,35,59,1
act_4,4,0.07,0.54,35,127,1
act_4,4,0.07,0.54,35,56,1
act_13,13,0.02,0.35,36,52,0
act_20,20,0.16,0.89,36,108,1
act_13,13,0.02,0.35,36,263,0
act_13,13,0.02,0.35,36,305,0
act_13,13,0.02,0.35,36,97,0
act_13,13,0.02,0.35,36,161,0
act_7,7,0.14,0.38,37,165,1
act_34,34,0.02,0.43,37,254,1
act_34,34,0.02,0.43,37,15,1
act_34,34,0.02,0.43,37,219,1
act_34,34,0.02,0.43,37,290,1
act_19,19,0.26,0.99,38,205,1
act_4,4,0.07,0.54,38,64,1
act_2,2,0.28,0.38,39,48,0
act_5,5,0.28,0.31,40,33,0
act_9,9,0.03,0.77,41,45,1
act_33,33,0.11,0.7,41,151,0
act_33,33,0.11,0.7,41,216,0
act_22,22,0.24,0.25,42,246,0
act_25,25,0.24,0.74,43,261,0
act_6,6,0.12,0.16,44,297,0
act_6,6,0.12,0.16,44,73,0
act_24,24,0.23,0.95,45,57,0
act_30,30,0.09,0.01,45,119,0
act_36,36,0.05,0.64,46,84,1
act_35,35,0.05,0.12,46,177,0
act_35,35,0.05,0.12,46,163,0
act_36,36,0.05,0.64,46,129,1
act_36,36,0.05,0.64,46,118,1
act_36,36,0.05,0.64,46,289,1
act_31,31,0.02,0.09,47,247,0
act_13,13,0.02,0.35,47,55,1
act_27,27,0.21,0.06,47,258,0
act_31,31,0.02,0.09,47,237,0
act_13,13,0.02,0.35,47,141,1
act_31,31,0.02,0.09,47,138,0
act_31,31,0.02,0.09,47,162,0
act_13,13,0.02,0.35,47,90,1
act_13,13,0.02,0.35,48,250,1
act_13,13,0.02,0.35,48,284,1
act_13,13,0.02,0.35,48,280,1
act_13,13,0.02,0.35,48,60,1
act_3,3,0.06,0.55,48,149,1
act_13,13,0.02,0.35,48,198,1
act_3,3,0.06,0.55,48,145,1
act_13,13,0.02,0.35,48,193,1
act_3,3,0.06,0.55,48,26,1
act_13,13,0.02,0.35,48,92,1
act_13,13,0.02,0.35,48,248,1
act_13,13,0.02,0.35,48,136,1
act_12,12,0.15,0.42,49,68,0
act_31,31,0.02,0.09,49,99,0
act_31,31,0.02,0.09,49,272,0
act_31,31,0.02,0.09,49,202,0
act_31,31,0.02,0.09,49,71,0
act_31,31,0.02,0.09,49,76,0
act_10,10,0.26,0.34,50,243,1
act_11,11,0.09,0.32,50,252,1
act_13,13,0.02,0.35,51,35,1
act_13,13,0.02,0.35,51,233,1
act_13,13,0.02,0.35,51,192,1
act_13,13,0.02,0.35,51,180,1
act_9,9,0.03,0.77,51,231,1
act_13,13,0.02,0.35,51,63,1
act_9,9,0.03,0.77,51,203,1
act_13,13,0.02,0.35,51,260,1
act_13,13,0.02,0.35,51,16,1
act_9,9,0.03,0.77,51,85,1
act_9,9,0.03,0.77,51,12,1
act_20,20,0.16,0.89,52,91,0
act_36,36,0.05,0.64,53,142,1
act_36,36,0.05,0.64,53,210,1
act_36,36,0.05,0.64,53,154,1
act_36,36,0.05,0.64,53,69,1
act_32,32,0.04,0.15,53,158,0
act_6,6,0.12,0.16,54,112,0
act_15,15,0.06,0.55,54,156,0
act_32,32,0.04,0.15,55,245,0
act_32,32,0.04,0.15,55,5,0
act_32,32,0.04,0.15,55,78,0
act_32,32,0.04,0.15,55,303,0
act_32,32,0.04,0.15,55,14,0
act_1,1,0.22,0.26,56,94,0
act_31,31,0.02,0.09,56,300,0
act_31,31,0.02,0.09,56,285,0
act_31,31,0.02,0.09,56,29,0
act_33,33,0.11,0.7,57,135,0
act_33,33,0.11,0.7,57,87,0
act_33,33,0.11,0.7,57,160,0
act_20,20,0.16,0.89,58,204,0
act_35,35,0.05,0.12,58,227,0
act_33,33,0.11,0.7,59,188,1
act_15,15,0.06,0.55,59,239,1
act_15,15,0.06,0.55,59,185,1
act_3,3,0.06,0.55,60,8,1
act_18,18,0.05,0.44,60,2,1
act_18,18,0.05,0.44,60,58,1
act_18,18,0.05,0.44,60,220,1
act_18,18,0.05,0.44,61,21,0
act_25,25,0.24,0.74,61,196,1
act_34,34,0.02,0.43,61,170,0
act_20,20,0.16,0.89,62,299,0
act_12,12,0.15,0.42,63,200,0
act_35,35,0.05,0.12,63,34,0
act_31,31,0.02,0.09,63,18,0
act_31,31,0.02,0.09,63,77,0
act_31,31,0.02,0.09,63,102,0
act_35,35,0.05,0.12,63,302,0
act_31,31,0.02,0.09,63,86,0
act_1,1,0.22,0.26,64,190,0
act_12,12,0.15,0.42,65,41,0
act_33,33,0.11,0.7,65,103,0
act_9,9,0.03,0.77,66,294,1
act_23,23,0.29,0.71,66,206,0
act_9,9,0.03,0.77,66,271,1
act_26,26,0.14,1.0,67,131,1
act_26,26,0.14,1.0,67,274,1
act_38,38,0.2,0.64,68,191,1
act_34,34,0.02,0.43,68,114,1
act_34,34,0.02,0.43,68,134,1
act_34,34,0.02,0.43,68,242,1
act_34,34,0.02,0.43,68,54,1
act_34,34,0.02,0.43,68,61,1
act_34,34,0.02,0.43,68,276,1
act_11,11,0.09,0.32,69,31,1
act_11,11,0.09,0.32,69,172,1
act_1,1,0.22,0.26,70,124,0
act_29,29,0.27,0.54,71,214,0
act_22,22,0.24,0.25,72,176,0
act_4,4,0.07,0.54,72,39,0
act_0,0,0.29,0.36,73,175,0
act_21,21,0.03,0.25,73,211,0
act_21,21,0.03,0.25,73,197,0
act_21,21,0.03,0.25,74,43,0
act_21,21,0.03,0.25,74,1,0
act_21,21,0.03,0.25,74,125,0
act_21,21,0.03,0.25,74,144,0
act_21,21,0.03,0.25,74,277,0
act_21,21,0.03,0.25,74,208,0
act_3,3,0.06,0.55,75,65,1
act_35,35,0.05,0.12,75,104,0
act_20,20,0.16,0.89,75,120,1
act_36,36,0.05,0.64,76,117,0
act_28,28,0.19,0.93,76,255,0
act_36,36,0.05,0.64,76,70,0
act_36,36,0.05,0.64,76,89,0
act_16,16,0.24,0.27,77,137,0
act_15,15,0.06,0.55,78,167,0
act_15,15,0.06,0.55,78,213,0
act_36,36,0.05,0.64,78,22,0
act_15,15,0.06,0.55,78,270,0
act_36,36,0.05,0.64,78,218,0
act_36,36,0.05,0.64,79,72,1
act_36,36,0.05,0.64,79,186,1
act_36,36,0.05,0.64,79,115,1
act_36,36,0.05,0.64,79,83,1
act_36,36,0.05,0.64,79,155,1
act_9,9,0.03,0.77,80,96,1
act_9,9,0.03,0.77,80,13,1
act_9,9,0.03,0.77,80,173,1
act_12,12,0.15,0.42,80,169,1
act_9,9,0.03,0.77,80,244,1
act_22,22,0.24,0.25,81,194,0
act_8,8,0.12,0.76,82,183,0
act_32,32,0.04,0.15,82,262,0
act_32,32,0.04,0.15,82,225,0
act_18,18,0.05,0.44,83,182,0
act_22,22,0.24,0.25,83,10,0
act_18,18,0.05,0.44,83,74,0
act_17,17,0.19,0.05,84,296,0
act_2,2,0.28,0.38,85,3,0
act_4,4,0.07,0.54,85,38,0
act_13,13,0.02,0.35,86,6,1
act_13,13,0.02,0.35,86,32,1
act_13,13,0.02,0.35,86,28,1
act_13,13,0.02,0.35,86,298,1
act_18,18,0.05,0.44,86,153,1
act_13,13,0.02,0.35,86,47,1
act_13,13,0.02,0.35,86,164,1
act_18,18,0.05,0.44,86,75,1
act_18,18,0.05,0.44,86,174,1
act_13,13,0.02,0.35,86,212,1
act_18,18,0.05,0.44,86,66,1
act_13,13,0.02,0.35,86,143,1
act_19,19,0.26,0.99,87,130,0
act_21,21,0.03,0.25,87,147,0
act_21,21,0.03,0.25,87,273,0
act_31,31,0.02,0.09,88,269,0
act_31,31,0.02,0.09,88,93,0
act_31,31,0.02,0.09,88,253,0
act_31,31,0.02,0.09,88,95,0
act_31,31,0.02,0.09,88,301,0
act_31,31,0.02,0.09,88,189,0
act_31,31,0.02,0.09,88,184,0
act_31,31,0.02,0.09,88,240,0
act_31,31,0.02,0.09,88,40,0
act_31,31,0.02,0.09,88,109,0
act_3,3,0.06,0.55,89,152,0
act_23,23,0.29,0.71,89,146,0
act_9,9,0.03,0.77,90,178,1
act_9,9,0.03,0.77,90,209,1
act_9,9,0.03,0.77,90,49,1
act_9,9,0.03,0.77,90,67,1
act_9,9,0.03,0.77,90,288,1
act_9,9,0.03,0.77,90,101,1
act_9,9,0.03,0.77,90,46,1
act_26,26,0.14,1.0,91,265,1
act_27,27,0.21,0.06,91,19,0
act_38,38,0.2,0.64,92,126,1
act_15,15,0.06,0.55,92,232,0
act_24,24,0.23,0.95,93,23,0
act_12,12,0.15,0.42,94,133,0
act_39,39,0.27,0.87,95,279,0
act_21,21,0.03,0.25,95,171,0
act_9,9,0.03,0.77,96,148,0
act_39,39,0.27,0.87,96,53,0
act_9,9,0.03,0.77,96,139,0
act_9,9,0.03,0.77,96,215,0
act_7,7,0.14,0.38,97,236,1
act_7,7,0.14,0.38,97,256,1
act_12,12,0.15,0.42,98,308,1
act_12,12,0.15,0.42,98,307,1
act_34,34,0.02,0.43,99,226,0
act_34,34,0.02,0.43,99,42,0
act_21,21,0.03,0.25,99,44,0
act_34,34,0.02,0.43,99,181,0
act_34,34,0.02,0.43,99,235,0
act_21,21,0.03,0.25,99,293,0
act_21,21,0.03,0.25,99,17,0
act_34,34,0.02,0.43,99,111,0
act_34,34,0.02,0.43,99,224,0
act_21,21,0.03,0.25,99,122,0

Alpha (resource id, list of activity ids)
0:2,26
1:8,2,25
2:25,36,3
3:20,23
4:38,21,7
5:32,7
6:10,19,24,15
7:11,20,17
8:17,1,33
9:6,38
10:39,35
11:24,1
12:30,36,28
13:35,17
14:38,2
15:11,18,7
16:8,14
17:0,28,10
18:16,6
19:10,9,2,14
20:3,7,39
21:18,10,21,27
22:20,29,26
23:19,29
24:5,39
25:0,25,5
26:13,39
27:30,39,26
28:16,3,26,35
29:21,20,4
30:31,29
31:5,14,12,31
32:39,3,38
33:6,10,23
34:4,22,17
35:5,12,28,4
36:13,23,20
37:7,29,2,34
38:4,21,19
39:24,2
40:5,19
41:9,33
42:22,29,39
43:39,25
44:0,6,38
45:24,30,6,0
46:0,28,35,36
47:27,31,13
48:3,13
49:12,31
50:26,11,10
51:9,13
52:20,5,36,2
53:29,32,23,36
54:15,6,14
55:23,22,25,32
56:1,12,31
57:29,33
58:35,20
59:15,33
60:18,3
61:25,18,7,34
62:20,23,25
63:31,12,35,38
64:1,12,18
65:33,12
66:9,0,23
67:26,36,8
68:38,19,34
69:39,11
70:25,1,19,14
71:24,33,29,26
72:22,4
73:21,16,0
74:21,23,8
75:35,20,3
76:28,20,39,36
77:16,33
78:16,15,36
79:3,23,36
80:2,18,9,12
81:12,22,39
82:32,8
83:18,22
84:14,17,6,23
85:12,2,4,23
86:18,13
87:36,2,21,19
88:10,31
89:23,4,3
90:1,24,9
91:27,26,23
92:2,25,38,15
93:39,24,33
94:22,12,29,28
95:21,4,10,39
96:39,22,7,9
97:7,2
98:12,31
99:22,21,34

Costs (resource, resource to replace, activity, cost)
0,0,2,0
0,1,2,0.23
0,14,2,0.84
0,19,2,0.49
0,37,2,0.26
0,39,2,0.62
0,52,2,0.67
0,80,2,0.12
0,85,2,0.46
0,87,2,0.95
0,92,2,0.64
0,97,2,0.06
0,0,26,0
0,22,26,0.58
0,27,26,0.39
0,28,26,0.16
0,50,26,0.2
0,67,26,0.79
0,71,26,0.92
0,91,26,0.92
1,1,8,0
1,16,8,0.35
1,67,8,0.43
1,74,8,0.54
1,82,8,0.19
1,1,37,0
1,5,37,0.63
1,16,37,0.84
1,33,37,0.29
1,62,37,0.98
1,99,37,0.94
1,0,2,0.94
1,1,2,0
1,14,2,0.07
1,19,2,0.3
1,37,2,0.17
1,39,2,0.37
1,52,2,0.08
1,80,2,0.69
1,85,2,0.49
1,87,2,0.95
1,92,2,0.6
1,97,2,0.51
1,1,25,0
1,2,25,0.75
1,25,25,0.82
1,43,25,0.84
1,55,25,0.9
1,61,25,0.81
1,62,25,0.32
1,70,25,0.24
1,92,25,0.09
2,1,25,0.12
2,2,25,0
2,25,25,0.16
2,43,25,0.13
2,55,25,0.86
2,61,25,0.47
2,62,25,0.41
2,70,25,0.88
2,92,25,0.45
2,2,36,0
2,12,36,0.24
2,46,36,0.17
2,52,36,0.04
2,53,36,0.07
2,67,36,0.73
2,76,36,0.96
2,78,36,0.89
2,79,36,0.24
2,87,36,0.69
2,2,3,0
2,20,3,0.46
2,28,3,0.08
2,32,3,0.9
2,48,3,0.3
2,60,3,0.31
2,75,3,0.82
2,79,3,0.01
2,89,3,0.09
3,3,20,0
3,7,20,0.95
3,22,20,0.6
3,29,20,0.83
3,36,20,0.41
3,52,20,0.08
3,58,20,0.37
3,62,20,0.02
3,75,20,0.75
3,76,20,0.08
3,3,23,0
3,33,23,0.49
3,36,23,0.67
3,53,23,0.95
3,55,23,0.74
3,62,23,0.02
3,66,23,0.73
3,74,23,0.61
3,79,23,0.18
3,84,23,0.69
3,85,23,0.63
3,89,23,0.01
3,91,23,0.38
4,4,38,0
4,9,38,0.64
4,14,38,0.61
4,32,38,0.63
4,44,38,0.4
4,63,38,0.21
4,68,38,0.48
4,92,38,0.47
4,4,21,0
4,21,21,0.67
4,29,21,0.17
4,38,21,0.27
4,73,21,0.47
4,74,21,0.59
4,87,21,0.27
4,95,21,0.13
4,99,21,0.99
4,4,7,0
4,5,7,0.32
4,15,7,0.16
4,20,7,0.06
4,37,7,0.87
4,61,7,0.2
4,96,7,0.7
4,97,7,0.81
5,1,37,0.06
5,5,37,0
5,16,37,0.16
5,33,37,0.19
5,62,37,0.43
5,99,37,0.82
5,5,32,0
5,53,32,0.15
5,55,32,0.82
5,82,32,0.41
5,4,7,0.42
5,5,7,0
5,15,7,0.09
5,20,7,0.56
5,37,7,0.62
5,61,7,0.69
5,96,7,0.36
5,97,7,0.66
6,6,10,0
6,17,10,0.01
6,19,10,0.59
6,21,10,0.13
6,33,10,0.97
6,50,10,0.65
6,88,10,0.56
6,95,10,0.17
6,6,19,0
6,23,19,0.39
6,38,19,0.23
6,40,19,0.95
6,68,19,0.27
6,70,19,0.64
6,87,19,0.37
6,6,24,0
6,11,24,0.86
6,39,24,0.65
6,45,24,0.97
6,71,24,0.75
6,90,24,0.04
6,93,24,0.75
6,6,15,0
6,54,15,0.57
6,59,15,0.79
6,78,15,0.47
6,92,15,0.78
7,7,11,0
7,15,11,0.32
7,50,11,0.07
7,69,11,0.07
7,3,20,0.5
7,7,20,0
7,22,20,0.86
7,29,20,0.58
7,36,20,0.99
7,52,20,0.76
7,58,20,0.02
7,62,20,0.94
7,75,20,0.12
7,76,20,0.07
7,7,17,0
7,8,17,0.96
7,13,17,0.9
7,34,17,0.88
7,84,17,0.7
8,7,17,0.83
8,8,17,0
8,13,17,0.25
8,34,17,0.27
8,84,17,0.98
8,8,1,0
8,11,1,0.87
8,56,1,0.78
8,64,1,0.25
8,70,1,0.37
8,90,1,0.86
8,8,33,0
8,41,33,0.05
8,57,33,0.62
8,59,33,0.2
8,65,33,0.26
8,71,33,0.65
8,77,33,0.72
8,93,33,0.92
9,9,6,0
9,18,6,0.02
9,33,6,0.21
9,44,6,0.39
9,45,6,0.31
9,54,6,0.81
9,84,6,0.82
9,4,38,0.41
9,9,38,0
9,14,38,0.94
9,32,38,0.15
9,44,38,0.55
9,63,38,0.09
9,68,38,0.35
9,92,38,0.88
10,10,39,0
10,20,39,0.91
10,24,39,0.57
10,26,39,0.35
10,27,39,0.8
10,32,39,0.66
10,42,39,0.63
10,43,39,0.51
10,69,39,0.4
10,76,39,0.16
10,81,39,0.47
10,93,39,0.46
10,95,39,0.5
10,96,39,0.24
10,10,35,0
10,13,35,0.01
10,28,35,0.34
10,46,35,0.94
10,58,35,0.87
10,63,35,0.63
10,75,35,0.47
11,6,24,0.23
11,11,24,0
11,39,24,0.8
11,45,24,0.67
11,71,24,0.2
11,90,24,0.19
11,93,24,0.7
11,8,1,0.23
11,11,1,0
11,56,1,0.83
11,64,1,0.98
11,70,1,0.9
11,90,1,0.4
12,12,30,0
12,27,30,0.57
12,45,30,0.43
12,2,36,0.06
12,12,36,0
12,46,36,0.83
12,52,36,0.81
12,53,36,0.87
12,67,36,0.38
12,76,36,0.35
12,78,36,0.89
12,79,36,0.98
12,87,36,0.77
12,12,28,0
12,17,28,0.86
12,35,28,0.45
12,46,28,0.49
12,76,28,0.05
12,94,28,0.9
13,10,35,0.29
13,13,35,0
13,28,35,0.54
13,46,35,0.83
13,58,35,0.28
13,63,35,0.46
13,75,35,0.7
13,7,17,0.13
13,8,17,0.87
13,13,17,0
13,34,17,0.78
13,84,17,0.56
14,4,38,0.26
14,9,38,0.05
14,14,38,0
14,32,38,0.9
14,44,38,0.73
14,63,38,0.81
14,68,38,0.58
14,92,38,0.71
14,0,2,0.13
14,1,2,0.47
14,14,2,0
14,19,2,0.55
14,37,2,1.0
14,39,2,1.0
14,52,2,0.71
14,80,2,0.78
14,85,2,0.6
14,87,2,0.84
14,92,2,0.28
14,97,2,0.21
15,7,11,0.43
15,15,11,0
15,50,11,0.76
15,69,11,0.33
15,15,18,0
15,21,18,0.77
15,60,18,0.07
15,61,18,0.97
15,64,18,0.81
15,80,18,0.81
15,83,18,0.07
15,86,18,0.2
15,4,7,0.8
15,5,7,0.77
15,15,7,0
15,20,7,0.31
15,37,7,0.51
15,61,7,0.92
15,96,7,0.36
15,97,7,0.72
16,1,37,0.88
16,5,37,0.68
16,16,37,0
16,33,37,0.52
16,62,37,0.85
16,99,37,0.52
16,1,8,0.51
16,16,8,0
16,67,8,0.66
16,74,8,0.83
16,82,8,0.98
16,16,14,0
16,19,14,0.44
16,31,14,0.63
16,54,14,0.54
16,70,14,0.23
16,84,14,0.12
17,17,0,0
17,25,0,0.47
17,44,0,0.55
17,45,0,0.88
17,46,0,0.42
17,66,0,0.39
17,73,0,0.22
17,12,28,0.52
17,17,28,0
17,35,28,0.37
17,46,28,0.65
17,76,28,0.27
17,94,28,0.94
17,6,10,0.01
17,17,10,0
17,19,10,0.35
17,21,10,0.23
17,33,10,0.88
17,50,10,0.49
17,88,10,0.09
17,95,10,0.6
18,18,16,0
18,28,16,0.01
18,73,16,0.17
18,77,16,0.62
18,78,16,0.96
18,9,6,0.6
18,18,6,0
18,33,6,0.6
18,44,6,0.83
18,45,6,0.8
18,54,6,0.78
18,84,6,0.84
19,6,10,0.14
19,17,10,0.14
19,19,10,0
19,21,10,0.22
19,33,10,0.8
19,50,10,0.76
19,88,10,0.01
19,95,10,0.96
19,19,9,0
19,41,9,0.91
19,51,9,0.32
19,66,9,0.94
19,80,9,0.1
19,90,9,0.48
19,96,9,0.68
19,0,2,0.76
19,1,2,0.44
19,14,2,0.97
19,19,2,0
19,37,2,0.01
19,39,2,0.29
19,52,2,0.6
19,80,2,0.34
19,85,2,0.83
19,87,2,0.63
19,92,2,0.58
19,97,2,0.22
19,16,14,0.94
19,19,14,0
19,31,14,0.39
19,54,14,0.12
19,70,14,0.17
19,84,14,0.24
20,2,3,0.88
20,20,3,0
20,28,3,0.54
20,32,3,0.4
20,48,3,0.05
20,60,3,0.81
20,75,3,0.67
20,79,3,0.4
20,89,3,0.1
20,4,7,0.07
20,5,7,0.48
20,15,7,0.47
20,20,7,0
20,37,7,0.89
20,61,7,0.24
20,96,7,0.02
20,97,7,0.37
20,10,39,0.81
20,20,39,0
20,24,39,0.72
20,26,39,0.59
20,27,39,0.83
20,32,39,0.88
20,42,39,0.88
20,43,39,0.65
20,69,39,0.32
20,76,39,0.9
20,81,39,0.23
20,93,39,0.95
20,95,39,0.85
20,96,39,0.07
21,15,18,0.67
21,21,18,0
21,60,18,0.12
21,61,18,0.25
21,64,18,0.84
21,80,18,0.61
21,83,18,0.29
21,86,18,0.63
21,6,10,0.84
21,17,10,0.12
21,19,10,0.85
21,21,10,0
21,33,10,0.93
21,50,10,0.88
21,88,10,0.36
21,95,10,0.5
21,4,21,0.37
21,21,21,0
21,29,21,0.49
21,38,21,0.75
21,73,21,0.81
21,74,21,0.21
21,87,21,0.5
21,95,21,0.57
21,99,21,0.38
21,21,27,0
21,47,27,0.23
21,91,27,0.45
22,3,20,0.93
22,7,20,0.62
22,22,20,0
22,29,20,0.94
22,36,20,0.07
22,52,20,0.16
22,58,20,0.26
22,62,20,0.37
22,75,20,0.63
22,76,20,0.57
22,22,29,0
22,23,29,0.89
22,30,29,0.21
22,37,29,0.85
22,42,29,0.75
22,53,29,0.31
22,57,29,0.08
22,71,29,0.27
22,94,29,0.9
22,0,26,0.44
22,22,26,0
22,27,26,0.8
22,28,26,0.05
22,50,26,0.69
22,67,26,0.43
22,71,26,0.71
22,91,26,0.97
23,6,19,0.92
23,23,19,0
23,38,19,0.26
23,40,19,0.21
23,68,19,0.88
23,70,19,0.67
23,87,19,0.8
23,22,29,0.02
23,23,29,0
23,30,29,0.53
23,37,29,0.56
23,42,29,0.76
23,53,29,0.64
23,57,29,0.53
23,71,29,0.39
23,94,29,0.03
24,24,5,0
24,25,5,0.95
24,31,5,0.44
24,35,5,0.55
24,40,5,0.44
24,52,5,0.66
24,10,39,0.35
24,20,39,0.71
24,24,39,0
24,26,39,0.72
24,27,39,0.15
24,32,39,0.16
24,42,39,0.38
24,43,39,0.64
24,69,39,0.89
24,76,39,0.28
24,81,39,0.19
24,93,39,0.75
24,95,39,0.51
24,96,39,0.62
25,17,0,0.22
25,25,0,0
25,44,0,0.18
25,45,0,0.91
25,46,0,0.21
25,66,0,0.82
25,73,0,0.02
25,1,25,0.54
25,2,25,0.77
25,25,25,0
25,43,25,0.13
25,55,25,0.94
25,61,25,0.64
25,62,25,0.18
25,70,25,0.41
25,92,25,0.97
25,24,5,0.62
25,25,5,0
25,31,5,0.26
25,35,5,0.46
25,40,5,0.79
25,52,5,0.7
26,26,13,0
26,36,13,0.43
26,47,13,0.02
26,48,13,0.41
26,51,13,0.71
26,86,13,0.41
26,10,39,0.01
26,20,39,0.69
26,24,39,0.56
26,26,39,0
26,27,39,0.07
26,32,39,0.19
26,42,39,0.02
26,43,39,0.48
26,69,39,0.84
26,76,39,0.44
26,81,39,0.19
26,93,39,0.59
26,95,39,0.68
26,96,39,0.54
27,12,30,0.72
27,27,30,0
27,45,30,0.38
27,10,39,0.65
27,20,39,1.0
27,24,39,0.37
27,26,39,0.92
27,27,39,0
27,32,39,0.88
27,42,39,0.21
27,43,39,0.79
27,69,39,0.13
27,76,39,0.91
27,81,39,0.82
27,93,39,0.52
27,95,39,0.66
27,96,39,0.82
27,0,26,0.72
27,22,26,0.9
27,27,26,0
27,28,26,0.13
27,50,26,0.4
27,67,26,0.57
27,71,26,0.37
27,91,26,0.1
28,18,16,0.54
28,28,16,0
28,73,16,0.47
28,77,16,0.27
28,78,16,0.87
28,2,3,0.62
28,20,3,0.56
28,28,3,0
28,32,3,0.03
28,48,3,0.63
28,60,3,0.48
28,75,3,0.35
28,79,3,0.91
28,89,3,0.91
28,0,26,0.35
28,22,26,0.28
28,27,26,0.67
28,28,26,0
28,50,26,0.59
28,67,26,0.0
28,71,26,0.27
28,91,26,0.12
28,10,35,0.52
28,13,35,0.51
28,28,35,0
28,46,35,0.53
28,58,35,0.8
28,63,35,0.29
28,75,35,0.93
29,4,21,0.5
29,21,21,0.31
29,29,21,0
29,38,21,0.95
29,73,21,0.31
29,74,21,0.91
29,87,21,0.92
29,95,21,0.4
29,99,21,0.55
29,3,20,0.69
29,7,20,0.73
29,22,20,0.33
29,29,20,0
29,36,20,0.82
29,52,20,0.8
29,58,20,0.61
29,62,20,0.38
29,75,20,0.53
29,76,20,0.51
29,29,4,0
29,34,4,0.44
29,35,4,0.56
29,38,4,0.95
29,72,4,0.72
29,85,4,0.73
29,89,4,0.68
29,95,4,0.98
30,30,31,0
30,31,31,0.14
30,47,31,0.39
30,49,31,0.68
30,56,31,0.97
30,63,31,0.06
30,88,31,0.45
30,98,31,0.95
30,22,29,0.53
30,23,29,0.1
30,30,29,0
30,37,29,0.38
30,42,29,0.6
30,53,29,0.2
30,57,29,0.45
30,71,29,0.17
30,94,29,0.22
31,24,5,0.56
31,25,5,0.24
31,31,5,0
31,35,5,0.55
31,40,5,0.69
31,52,5,0.27
31,16,14,0.89
31,19,14,0.82
31,31,14,0
31,54,14,0.62
31,70,14,0.74
31,84,14,0.44
31,31,12,0
31,35,12,0.82
31,49,12,0.4
31,56,12,0.57
31,63,12,0.98
31,64,12,0.87
31,65,12,0.67
31,80,12,0.18
31,81,12,0.91
31,85,12,0.48
31,94,12,0.84
31,98,12,0.77
31,30,31,0.82
31,31,31,0
31,47,31,0.38
31,49,31,0.95
31,56,31,0.84
31,63,31,0.27
31,88,31,0.62
31,98,31,0.67
32,10,39,0.02
32,20,39,0.4
32,24,39,0.42
32,26,39,0.7
32,27,39,0.83
32,32,39,0
32,42,39,0.89
32,43,39,0.41
32,69,39,0.74
32,76,39,0.25
32,81,39,0.77
32,93,39,0.67
32,95,39,0.42
32,96,39,0.61
32,2,3,0.41
32,20,3,0.74
32,28,3,0.45
32,32,3,0
32,48,3,0.01
32,60,3,0.21
32,75,3,0.19
32,79,3,0.72
32,89,3,0.33
32,4,38,0.91
32,9,38,0.94
32,14,38,0.04
32,32,38,0
32,44,38,0.68
32,63,38,0.64
32,68,38,0.43
32,92,38,0.94
33,1,37,0.24
33,5,37,0.34
33,16,37,0.24
33,33,37,0
33,62,37,0.07
33,99,37,0.9
33,9,6,0.89
33,18,6,0.21
33,33,6,0
33,44,6,0.21
33,45,6,0.41
33,54,6,0.17
33,84,6,0.53
33,6,10,0.76
33,17,10,0.42
33,19,10,0.08
33,21,10,0.16
33,33,10,0
33,50,10,0.33
33,88,10,0.06
33,95,10,0.32
33,3,23,0.8
33,33,23,0
33,36,23,0.13
33,53,23,0.62
33,55,23,0.85
33,62,23,0.39
33,66,23,0.78
33,74,23,0.87
33,79,23,0.97
33,84,23,0.21
33,85,23,0.63
33,89,23,0.78
33,91,23,0.72
34,29,4,0.86
34,34,4,0
34,35,4,0.53
34,38,4,0.53
34,72,4,0.75
34,85,4,0.85
34,89,4,0.11
34,95,4,0.07
34,34,22,0
34,42,22,0.27
34,55,22,0.71
34,72,22,0.43
34,81,22,0.98
34,83,22,0.74
34,94,22,0.55
34,96,22,0.7
34,99,22,0.79
34,7,17,0.06
34,8,17,0.97
34,13,17,0.3
34,34,17,0
34,84,17,0.22
35,24,5,0.44
35,25,5,0.91
35,31,5,0.78
35,35,5,0
35,40,5,0.33
35,52,5,0.42
35,31,12,0.18
35,35,12,0
35,49,12,0.91
35,56,12,0.7
35,63,12,0.81
35,64,12,0.79
35,65,12,0.33
35,80,12,0.7
35,81,12,0.16
35,85,12,0.97
35,94,12,0.6
35,98,12,0.04
35,12,28,0.63
35,17,28,0.03
35,35,28,0
35,46,28,0.76
35,76,28,0.75
35,94,28,0.87
35,29,4,0.92
35,34,4,0.14
35,35,4,0
35,38,4,0.6
35,72,4,0.67
35,85,4,0.8
35,89,4,0.91
35,95,4,0.77
36,26,13,0.91
36,36,13,0
36,47,13,0.12
36,48,13,0.14
36,51,13,0.11
36,86,13,0.33
36,3,23,0.09
36,33,23,0.62
36,36,23,0
36,53,23,0.94
36,55,23,0.2
36,62,23,0.61
36,66,23,0.82
36,74,23,0.21
36,79,23,0.74
36,84,23,0.56
36,85,23,0.1
36,89,23,0.48
36,91,23,0.82
36,3,20,0.0
36,7,20,0.24
36,22,20,0.22
36,29,20,0.47
36,36,20,0
36,52,20,0.7
36,58,20,0.73
36,62,20,0.71
36,75,20,0.88
36,76,20,0.53
37,4,7,0.84
37,5,7,0.24
37,15,7,0.12
37,20,7,0.06
37,37,7,0
37,61,7,0.96
37,96,7,0.31
37,97,7,0.63
37,22,29,0.85
37,23,29,0.28
37,30,29,0.17
37,37,29,0
37,42,29,0.31
37,53,29,0.87
37,57,29,0.18
37,71,29,0.14
37,94,29,0.92
37,0,2,0.52
37,1,2,0.33
37,14,2,0.9
37,19,2,0.73
37,37,2,0
37,39,2,0.07
37,52,2,0.5
37,80,2,0.56
37,85,2,0.02
37,87,2,0.99
37,92,2,0.28
37,97,2,0.18
37,37,34,0
37,61,34,0.63
37,68,34,0.62
37,99,34,0.95
38,29,4,0.75
38,34,4,0.94
38,35,4,0.95
38,38,4,0
38,72,4,0.03
38,85,4,0.6
38,89,4,0.3
38,95,4,0.85
38,4,21,0.09
38,21,21,0.43
38,29,21,0.85
38,38,21,0
38,73,21,0.87
38,74,21,0.87
38,87,21,0.68
38,95,21,0.24
38,99,21,0.45
38,6,19,0.2
38,23,19,0.96
38,38,19,0
38,40,19,0.98
38,68,19,0.83
38,70,19,0.35
38,87,19,0.32
39,6,24,0.43
39,11,24,0.7
39,39,24,0
39,45,24,0.7
39,71,24,0.14
39,90,24,0.8
39,93,24,0.75
39,0,2,0.47
39,1,2,0.17
39,14,2,0.03
39,19,2,0.52
39,37,2,0.67
39,39,2,0
39,52,2,0.18
39,80,2,0.06
39,85,2,0.96
39,87,2,0.71
39,92,2,0.27
39,97,2,0.17
40,24,5,0.25
40,25,5,0.78
40,31,5,0.25
40,35,5,0.93
40,40,5,0
40,52,5,0.72
40,6,19,0.61
40,23,19,0.54
40,38,19,0.52
40,40,19,0
40,68,19,0.91
40,70,19,0.83
40,87,19,0.87
41,19,9,0.04
41,41,9,0
41,51,9,0.87
41,66,9,0.08
41,80,9,0.62
41,90,9,0.53
41,96,9,0.25
41,8,33,0.66
41,41,33,0
41,57,33,0.17
41,59,33,1.0
41,65,33,0.8
41,71,33,0.64
41,77,33,0.57
41,93,33,0.65
42,34,22,0.45
42,42,22,0
42,55,22,0.64
42,72,22,0.17
42,81,22,0.24
42,83,22,0.02
42,94,22,0.21
42,96,22,0.44
42,99,22,0.15
42,22,29,0.44
42,23,29,0.44
42,30,29,0.25
42,37,29,0.41
42,42,29,0
42,53,29,0.12
42,57,29,0.54
42,71,29,0.82
42,94,29,0.76
42,10,39,0.65
42,20,39,0.08
42,24,39,0.71
42,26,39,0.17
42,27,39,0.66
42,32,39,0.17
42,42,39,0
42,43,39,0.3
42,69,39,0.08
42,76,39,0.02
42,81,39,0.29
42,93,39,0.12
42,95,39,0.99
42,96,39,0.2
43,10,39,0.78
43,20,39,0.12
43,24,39,0.18
43,26,39,0.49
43,27,39,0.7
43,32,39,0.23
43,42,39,0.2
43,43,39,0
43,69,39,0.02
43,76,39,0.37
43,81,39,0.71
43,93,39,0.29
43,95,39,0.1
43,96,39,0.17
43,1,25,0.79
43,2,25,0.23
43,25,25,0.66
43,43,25,0
43,55,25,0.18
43,61,25,0.72
43,62,25,0.94
43,70,25,0.84
43,92,25,0.8
44,17,0,0.02
44,25,0,0.35
44,44,0,0
44,45,0,0.69
44,46,0,0.27
44,66,0,0.17
44,73,0,0.73
44,9,6,0.45
44,18,6,0.91
44,33,6,0.84
44,44,6,0
44,45,6,0.41
44,54,6,0.83
44,84,6,0.75
44,4,38,0.47
44,9,38,0.93
44,14,38,0.55
44,32,38,0.63
44,44,38,0
44,63,38,0.59
44,68,38,0.6
44,92,38,0.4
45,6,24,0.17
45,11,24,0.43
45,39,24,0.34
45,45,24,0
45,71,24,0.49
45,90,24,0.28
45,93,24,0.32
45,12,30,0.26
45,27,30,0.23
45,45,30,0
45,9,6,0.78
45,18,6,0.61
45,33,6,0.67
45,44,6,0.11
45,45,6,0
45,54,6,0.16
45,84,6,0.9
45,17,0,0.22
45,25,0,0.35
45,44,0,0.04
45,45,0,0
45,46,0,0.4
45,66,0,0.11
45,73,0,0.46
46,17,0,0.83
46,25,0,0.44
46,44,0,1.0
46,45,0,0.82
46,46,0,0
46,66,0,0.43
46,73,0,0.72
46,12,28,0.52
46,17,28,0.13
46,35,28,0.24
46,46,28,0
46,76,28,0.17
46,94,28,0.53
46,10,35,0.66
46,13,35,0.86
46,28,35,0.75
46,46,35,0
46,58,35,0.45
46,63,35,0.77
46,75,35,0.79
46,2,36,0.8
46,12,36,0.22
46,46,36,0
46,52,36,0.97
46,53,36,0.25
46,67,36,0.37
46,76,36,0.86
46,78,36,0.03
46,79,36,0.65
46,87,36,0.72
47,21,27,0.45
47,47,27,0
47,91,27,0.4
47,30,31,0.9
47,31,31,0.42
47,47,31,0
47,49,31,0.99
47,56,31,0.22
47,63,31,0.2
47,88,31,0.2
47,98,31,0.1
47,26,13,0.14
47,36,13,0.68
47,47,13,0
47,48,13,0.85
47,51,13,0.48
47,86,13,0.69
48,2,3,0.61
48,20,3,0.1
48,28,3,0.72
48,32,3,0.3
48,48,3,0
48,60,3,0.92
48,75,3,0.36
48,79,3,0.86
48,89,3,0.81
48,26,13,0.46
48,36,13,0.32
48,47,13,0.79
48,48,13,0
48,51,13,0.06
48,86,13,0.29
49,31,12,0.57
49,35,12,0.34
49,49,12,0
49,56,12,0.82
49,63,12,0.79
49,64,12,0.01
49,65,12,0.77
49,80,12,0.47
49,81,12,0.75
49,85,12,0.82
49,94,12,0.01
49,98,12,0.78
49,30,31,0.79
49,31,31,0.78
49,47,31,0.25
49,49,31,0
49,56,31,0.46
49,63,31,0.93
49,88,31,0.12
49,98,31,0.37
50,0,26,0.12
50,22,26,0.1
50,27,26,0.83
50,28,26,0.46
50,50,26,0
50,67,26,0.45
50,71,26,0.68
50,91,26,0.04
50,7,11,0.32
50,15,11,0.22
50,50,11,0
50,69,11,0.86
50,6,10,0.38
50,17,10,0.9
50,19,10,0.64
50,21,10,0.65
50,33,10,0.45
50,50,10,0
50,88,10,0.56
50,95,10,0.2
51,19,9,0.95
51,41,9,0.7
51,51,9,0
51,66,9,0.8
51,80,9,0.03
51,90,9,0.52
51,96,9,0.32
51,26,13,0.23
51,36,13,0.04
51,47,13,0.93
51,48,13,0.75
51,51,13,0
51,86,13,0.28
52,3,20,0.03
52,7,20,0.19
52,22,20,0.23
52,29,20,0.66
52,36,20,0.79
52,52,20,0
52,58,20,0.38
52,62,20,0.67
52,75,20,0.46
52,76,20,0.8
52,24,5,0.56
52,25,5,0.9
52,31,5,0.07
52,35,5,0.36
52,40,5,0.64
52,52,5,0
52,2,36,0.71
52,12,36,0.65
52,46,36,0.26
52,52,36,0
52,53,36,0.87
52,67,36,0.77
52,76,36,0.82
52,78,36,0.69
52,79,36,0.12
52,87,36,0.68
52,0,2,0.78
52,1,2,0.57
52,14,2,0.81
52,19,2,0.48
52,37,2,0.38
52,39,2,0.51
52,52,2,0
52,80,2,0.99
52,85,2,0.34
52,87,2,0.98
52,92,2,0.94
52,97,2,0.0
53,22,29,0.5
53,23,29,0.02
53,30,29,0.26
53,37,29,0.68
53,42,29,0.66
53,53,29,0
53,57,29,0.61
53,71,29,0.83
53,94,29,0.21
53,5,32,0.05
53,53,32,0
53,55,32,0.54
53,82,32,0.2
53,3,23,0.49
53,33,23,0.45
53,36,23,0.0
53,53,23,0
53,55,23,0.36
53,62,23,0.63
53,66,23,0.03
53,74,23,0.45
53,79,23,0.74
53,84,23,0.69
53,85,23,0.35
53,89,23,0.17
53,91,23,0.73
53,2,36,0.55
53,12,36,0.44
53,46,36,0.78
53,52,36,0.74
53,53,36,0
53,67,36,0.87
53,76,36,0.29
53,78,36,0.71
53,79,36,0.6
53,87,36,0.01
54,6,15,0.9
54,54,15,0
54,59,15,0.4
54,78,15,0.66
54,92,15,0.31
54,9,6,0.21
54,18,6,0.39
54,33,6,0.84
54,44,6,0.81
54,45,6,0.92
54,54,6,0
54,84,6,0.92
54,16,14,0.96
54,19,14,0.5
54,31,14,0.67
54,54,14,0
54,70,14,0.23
54,84,14,0.34
55,3,23,0.27
55,33,23,0.94
55,36,23,0.26
55,53,23,0.01
55,55,23,0
55,62,23,0.02
55,66,23,0.99
55,74,23,0.95
55,79,23,0.87
55,84,23,0.51
55,85,23,0.24
55,89,23,0.92
55,91,23,0.65
55,34,22,0.61
55,42,22,0.15
55,55,22,0
55,72,22,0.8
55,81,22,0.98
55,83,22,0.86
55,94,22,0.94
55,96,22,0.85
55,99,22,0.59
55,1,25,0.07
55,2,25,0.69
55,25,25,0.59
55,43,25,0.47
55,55,25,0
55,61,25,0.79
55,62,25,0.67
55,70,25,0.15
55,92,25,0.98
55,5,32,0.22
55,53,32,0.62
55,55,32,0
55,82,32,0.46
56,8,1,0.12
56,11,1,0.82
56,56,1,0
56,64,1,0.52
56,70,1,0.14
56,90,1,0.64
56,31,12,0.55
56,35,12,0.9
56,49,12,0.25
56,56,12,0
56,63,12,0.86
56,64,12,0.29
56,65,12,0.54
56,80,12,0.44
56,81,12,0.7
56,85,12,0.15
56,94,12,0.46
56,98,12,0.44
56,30,31,0.94
56,31,31,0.68
56,47,31,0.23
56,49,31,0.71
56,56,31,0
56,63,31,0.43
56,88,31,0.29
56,98,31,0.19
57,22,29,0.66
57,23,29,0.78
57,30,29,0.62
57,37,29,0.34
57,42,29,0.29
57,53,29,0.63
57,57,29,0
57,71,29,0.1
57,94,29,0.4
57,8,33,0.67
57,41,33,0.06
57,57,33,0
57,59,33,0.49
57,65,33,0.85
57,71,33,0.72
57,77,33,0.18
57,93,33,0.76
58,10,35,1.0
58,13,35,0.2
58,28,35,0.95
58,46,35,0.17
58,58,35,0
58,63,35,0.48
58,75,35,0.48
58,3,20,0.38
58,7,20,0.47
58,22,20,0.36
58,29,20,0.79
58,36,20,0.22
58,52,20,0.07
58,58,20,0
58,62,20,0.84
58,75,20,0.97
58,76,20,0.78
59,6,15,0.47
59,54,15,0.41
59,59,15,0
59,78,15,0.32
59,92,15,0.36
59,8,33,0.19
59,41,33,0.03
59,57,33,0.36
59,59,33,0
59,65,33,0.73
59,71,33,0.5
59,77,33,0.36
59,93,33,0.11
60,15,18,0.09
60,21,18,0.12
60,60,18,0
60,61,18,0.17
60,64,18,0.45
60,80,18,0.16
60,83,18,0.68
60,86,18,0.63
60,2,3,0.48
60,20,3,0.12
60,28,3,0.32
60,32,3,0.28
60,48,3,0.98
60,60,3,0
60,75,3,0.83
60,79,3,0.36
60,89,3,0.71
61,1,25,0.24
61,2,25,0.74
61,25,25,0.49
61,43,25,0.7
61,55,25,0.69
61,61,25,0
61,62,25,0.35
61,70,25,0.21
61,92,25,0.86
61,15,18,0.0
61,21,18,1.0
61,60,18,0.43
61,61,18,0
61,64,18,0.68
61,80,18,0.77
61,83,18,0.65
61,86,18,0.49
61,4,7,0.29
61,5,7,0.58
61,15,7,0.1
61,20,7,0.65
61,37,7,0.58
61,61,7,0
61,96,7,0.84
61,97,7,0.61
61,37,34,0.4
61,61,34,0
61,68,34,0.25
61,99,34,0.53
62,3,20,0.83
62,7,20,0.72
62,22,20,0.63
62,29,20,0.7
62,36,20,0.8
62,52,20,0.62
62,58,20,0.96
62,62,20,0
62,75,20,0.78
62,76,20,1.0
62,3,23,0.34
62,33,23,0.45
62,36,23,0.08
62,53,23,0.35
62,55,23,0.6
62,62,23,0
62,66,23,0.79
62,74,23,0.65
62,79,23,0.39
62,84,23,0.34
62,85,23,0.59
62,89,23,0.47
62,91,23,0.35
62,1,37,0.41
62,5,37,0.65
62,16,37,0.11
62,33,37,0.14
62,62,37,0
62,99,37,0.86
62,1,25,0.83
62,2,25,0.83
62,25,25,0.69
62,43,25,0.28
62,55,25,0.25
62,61,25,0.77
62,62,25,0
62,70,25,0.83
62,92,25,0.1
63,30,31,0.48
63,31,31,0.06
63,47,31,0.29
63,49,31,0.36
63,56,31,0.8
63,63,31,0
63,88,31,0.37
63,98,31,0.54
63,31,12,0.05
63,35,12,0.29
63,49,12,0.34
63,56,12,0.83
63,63,12,0
63,64,12,0.74
63,65,12,0.14
63,80,12,0.42
63,81,12,0.66
63,85,12,0.08
63,94,12,0.48
63,98,12,0.42
63,10,35,0.6
63,13,35,0.71
63,28,35,0.23
63,46,35,0.68
63,58,35,0.25
63,63,35,0
63,75,35,0.34
63,4,38,0.01
63,9,38,0.33
63,14,38,0.95
63,32,38,0.37
63,44,38,0.6
63,63,38,0
63,68,38,0.65
63,92,38,0.91
64,8,1,0.27
64,11,1,0.52
64,56,1,0.49
64,64,1,0
64,70,1,0.8
64,90,1,0.74
64,31,12,0.5
64,35,12,0.32
64,49,12,0.13
64,56,12,0.2
64,63,12,0.72
64,64,12,0
64,65,12,0.04
64,80,12,0.41
64,81,12,0.35
64,85,12,0.25
64,94,12,0.7
64,98,12,0.83
64,15,18,0.81
64,21,18,0.26
64,60,18,0.7
64,61,18,0.65
64,64,18,0
64,80,18,0.05
64,83,18,0.17
64,86,18,0.63
65,8,33,1.0
65,41,33,0.7
65,57,33,0.73
65,59,33,0.99
65,65,33,0
65,71,33,0.15
65,77,33,0.99
65,93,33,0.58
65,31,12,0.66
65,35,12,0.22
65,49,12,0.37
65,56,12,0.75
65,63,12,0.69
65,64,12,0.55
65,65,12,0
65,80,12,0.29
65,81,12,0.65
65,85,12,0.82
65,94,12,0.17
65,98,12,0.54
66,19,9,0.93
66,41,9,0.4
66,51,9,0.39
66,66,9,0
66,80,9,0.73
66,90,9,0.13
66,96,9,0.76
66,17,0,0.54
66,25,0,0.74
66,44,0,0.45
66,45,0,0.17
66,46,0,0.85
66,66,0,0
66,73,0,0.6
66,3,23,0.75
66,33,23,0.51
66,36,23,0.48
66,53,23,0.15
66,55,23,0.13
66,62,23,0.54
66,66,23,0
66,74,23,0.09
66,79,23,0.14
66,84,23,0.16
66,85,23,0.37
66,89,23,0.62
66,91,23,0.52
67,0,26,0.99
67,22,26,0.98
67,27,26,0.6
67,28,26,0.06
67,50,26,0.06
67,67,26,0
67,71,26,0.03
67,91,26,0.8
67,2,36,0.48
67,12,36,0.69
67,46,36,0.08
67,52,36,0.46
67,53,36,0.47
67,67,36,0
67,76,36,0.15
67,78,36,0.44
67,79,36,0.08
67,87,36,0.82
67,1,8,0.46
67,16,8,0.9
67,67,8,0
67,74,8,0.25
67,82,8,0.13
68,4,38,0.6
68,9,38,0.81
68,14,38,0.44
68,32,38,0.68
68,44,38,0.57
68,63,38,0.64
68,68,38,0
68,92,38,0.04
68,6,19,0.54
68,23,19,0.25
68,38,19,0.3
68,40,19,0.65
68,68,19,0
68,70,19,0.79
68,87,19,0.39
68,37,34,0.73
68,61,34,0.42
68,68,34,0
68,99,34,0.57
69,10,39,0.67
69,20,39,0.07
69,24,39,0.27
69,26,39,0.26
69,27,39,0.09
69,32,39,0.31
69,42,39,0.25
69,43,39,0.88
69,69,39,0
69,76,39,0.88
69,81,39,0.28
69,93,39,0.98
69,95,39,0.15
69,96,39,0.61
69,7,11,0.44
69,15,11,0.83
69,50,11,0.62
69,69,11,0
70,1,25,0.95
70,2,25,0.38
70,25,25,0.94
70,43,25,0.01
70,55,25,0.78
70,61,25,0.48
70,62,25,0.03
70,70,25,0
70,92,25,0.21
70,8,1,0.62
70,11,1,0.94
70,56,1,0.58
70,64,1,0.0
70,70,1,0
70,90,1,0.37
70,6,19,0.66
70,23,19,0.66
70,38,19,0.19
70,40,19,0.95
70,68,19,0.26
70,70,19,0
70,87,19,0.32
70,16,14,0.47
70,19,14,0.77
70,31,14,0.68
70,54,14,0.72
70,70,14,0
70,84,14,0.82
71,6,24,0.56
71,11,24,0.52
71,39,24,0.96
71,45,24,0.33
71,71,24,0
71,90,24,0.66
71,93,24,0.31
71,8,33,0.28
71,41,33,0.72
71,57,33,0.66
71,59,33,0.57
71,65,33,0.8
71,71,33,0
71,77,33,0.72
71,93,33,0.44
71,22,29,0.44
71,23,29,0.81
71,30,29,0.14
71,37,29,0.82
71,42,29,0.91
71,53,29,0.1
71,57,29,0.64
71,71,29,0
71,94,29,0.83
71,0,26,0.4
71,22,26,0.47
71,27,26,0.12
71,28,26,0.72
71,50,26,0.98
71,67,26,0.05
71,71,26,0
71,91,26,0.46
72,34,22,0.21
72,42,22,0.04
72,55,22,0.35
72,72,22,0
72,81,22,0.78
72,83,22,0.43
72,94,22,0.1
72,96,22,0.04
72,99,22,0.35
72,29,4,0.25
72,34,4,0.72
72,35,4,0.75
72,38,4,0.26
72,72,4,0
72,85,4,0.94
72,89,4,0.79
72,95,4,0.94
73,4,21,0.02
73,21,21,0.05
73,29,21,0.16
73,38,21,0.47
73,73,21,0
73,74,21,0.95
73,87,21,0.94
73,95,21,0.49
73,99,21,0.43
73,18,16,0.6
73,28,16,0.0
73,73,16,0
73,77,16,0.15
73,78,16,0.37
73,17,0,0.18
73,25,0,0.97
73,44,0,0.32
73,45,0,0.14
73,46,0,0.63
73,66,0,0.69
73,73,0,0
74,4,21,0.78
74,21,21,0.32
74,29,21,0.87
74,38,21,0.15
74,73,21,0.75
74,74,21,0
74,87,21,0.67
74,95,21,0.52
74,99,21,0.39
74,3,23,0.96
74,33,23,0.63
74,36,23,0.47
74,53,23,0.45
74,55,23,0.41
74,62,23,0.83
74,66,23,0.46
74,74,23,0
74,79,23,0.03
74,84,23,0.95
74,85,23,0.74
74,89,23,0.58
74,91,23,0.44
74,1,8,0.43
74,16,8,0.82
74,67,8,0.9
74,74,8,0
74,82,8,0.91
75,10,35,0.33
75,13,35,0.12
75,28,35,0.29
75,46,35,0.89
75,58,35,0.59
75,63,35,0.62
75,75,35,0
75,3,20,0.32
75,7,20,0.93
75,22,20,0.33
75,29,20,0.12
75,36,20,0.87
75,52,20,0.56
75,58,20,0.7
75,62,20,0.34
75,75,20,0
75,76,20,0.87
75,2,3,0.1
75,20,3,0.5
75,28,3,0.66
75,32,3,0.2
75,48,3,0.55
75,60,3,0.51
75,75,3,0
75,79,3,0.84
75,89,3,0.27
76,12,28,0.06
76,17,28,0.12
76,35,28,0.46
76,46,28,0.36
76,76,28,0
76,94,28,0.37
76,3,20,0.0
76,7,20,0.36
76,22,20,0.92
76,29,20,0.03
76,36,20,0.81
76,52,20,0.32
76,58,20,0.83
76,62,20,0.72
76,75,20,0.23
76,76,20,0
76,10,39,0.75
76,20,39,0.41
76,24,39,0.42
76,26,39,0.59
76,27,39,0.54
76,32,39,0.84
76,42,39,0.84
76,43,39,0.86
76,69,39,0.49
76,76,39,0
76,81,39,0.54
76,93,39,0.25
76,95,39,0.42
76,96,39,0.93
76,2,36,0.1
76,12,36,0.59
76,46,36,0.92
76,52,36,0.15
76,53,36,0.24
76,67,36,0.24
76,76,36,0
76,78,36,0.92
76,79,36,0.9
76,87,36,0.05
77,18,16,0.75
77,28,16,0.76
77,73,16,0.71
77,77,16,0
77,78,16,0.58
77,8,33,0.12
77,41,33,0.59
77,57,33,0.04
77,59,33,0.67
77,65,33,0.55
77,71,33,0.71
77,77,33,0
77,93,33,0.75
78,18,16,0.67
78,28,16,0.2
78,73,16,0.46
78,77,16,0.93
78,78,16,0
78,6,15,0.3
78,54,15,0.75
78,59,15,0.69
78,78,15,0
78,92,15,1.0
78,2,36,0.26
78,12,36,0.61
78,46,36,0.14
78,52,36,0.86
78,53,36,0.8
78,67,36,0.2
78,76,36,0.78
78,78,36,0
78,79,36,0.85
78,87,36,0.37
79,2,3,0.44
79,20,3,0.26
79,28,3,0.43
79,32,3,0.4
79,48,3,0.83
79,60,3,0.93
79,75,3,0.16
79,79,3,0
79,89,3,0.58
79,3,23,0.42
79,33,23,0.26
79,36,23,0.25
79,53,23,0.42
79,55,23,0.11
79,62,23,0.58
79,66,23,0.01
79,74,23,0.07
79,79,23,0
79,84,23,0.14
79,85,23,0.68
79,89,23,0.07
79,91,23,0.97
79,2,36,0.53
79,12,36,0.29
79,46,36,0.77
79,52,36,0.09
79,53,36,0.21
79,67,36,0.03
79,76,36,0.83
79,78,36,0.95
79,79,36,0
79,87,36,0.21
80,0,2,0.94
80,1,2,0.88
80,14,2,0.08
80,19,2,0.71
80,37,2,0.25
80,39,2,0.26
80,52,2,0.88
80,80,2,0
80,85,2,0.48
80,87,2,0.29
80,92,2,0.95
80,97,2,0.22
80,15,18,0.93
80,21,18,0.18
80,60,18,0.17
80,61,18,0.23
80,64,18,0.75
80,80,18,0
80,83,18,0.89
80,86,18,0.0
80,19,9,0.34
80,41,9,0.61
80,51,9,0.64
80,66,9,0.45
80,80,9,0
80,90,9,0.69
80,96,9,0.42
80,31,12,0.36
80,35,12,0.8
80,49,12,0.29
80,56,12,0.51
80,63,12,0.33
80,64,12,0.29
80,65,12,0.07
80,80,12,0
80,81,12,0.15
80,85,12,0.37
80,94,12,0.94
80,98,12,0.83
81,31,12,0.63
81,35,12,0.96
81,49,12,0.4
81,56,12,0.72
81,63,12,0.53
81,64,12,0.42
81,65,12,0.14
81,80,12,0.55
81,81,12,0
81,85,12,0.63
81,94,12,0.22
81,98,12,0.34
81,34,22,0.7
81,42,22,0.06
81,55,22,0.08
81,72,22,0.33
81,81,22,0
81,83,22,0.26
81,94,22,0.86
81,96,22,0.13
81,99,22,0.21
81,10,39,0.53
81,20,39,0.86
81,24,39,0.62
81,26,39,0.2
81,27,39,0.25
81,32,39,0.74
81,42,39,0.13
81,43,39,0.95
81,69,39,0.9
81,76,39,0.4
81,81,39,0
81,93,39,0.02
81,95,39,0.76
81,96,39,0.75
82,5,32,0.33
82,53,32,0.88
82,55,32,0.19
82,82,32,0
82,1,8,0.62
82,16,8,0.06
82,67,8,0.88
82,74,8,0.5
82,82,8,0
83,15,18,0.38
83,21,18,0.29
83,60,18,0.31
83,61,18,0.31
83,64,18,0.74
83,80,18,0.12
83,83,18,0
83,86,18,0.04
83,34,22,0.26
83,42,22,0.65
83,55,22,0.84
83,72,22,0.7
83,81,22,0.14
83,83,22,0
83,94,22,0.58
83,96,22,0.69
83,99,22,0.72
84,16,14,0.7
84,19,14,0.01
84,31,14,0.36
84,54,14,0.21
84,70,14,0.56
84,84,14,0
84,7,17,0.19
84,8,17,0.36
84,13,17,0.27
84,34,17,0.88
84,84,17,0
84,9,6,0.75
84,18,6,0.99
84,33,6,0.14
84,44,6,0.33
84,45,6,0.24
84,54,6,0.99
84,84,6,0
84,3,23,0.88
84,33,23,0.3
84,36,23,0.11
84,53,23,0.59
84,55,23,0.65
84,62,23,0.61
84,66,23,0.68
84,74,23,0.63
84,79,23,0.54
84,84,23,0
84,85,23,0.55
84,89,23,0.83
84,91,23,0.5
85,31,12,0.23
85,35,12,0.86
85,49,12,0.62
85,56,12,0.01
85,63,12,0.03
85,64,12,0.78
85,65,12,0.13
85,80,12,0.99
85,81,12,0.6
85,85,12,0
85,94,12,0.84
85,98,12,0.12
85,0,2,0.38
85,1,2,0.19
85,14,2,0.86
85,19,2,0.01
85,37,2,0.25
85,39,2,0.01
85,52,2,0.01
85,80,2,0.55
85,85,2,0
85,87,2,0.56
85,92,2,0.6
85,97,2,0.99
85,29,4,0.56
85,34,4,0.19
85,35,4,0.11
85,38,4,0.22
85,72,4,0.33
85,85,4,0
85,89,4,0.97
85,95,4,0.28
85,3,23,0.24
85,33,23,0.33
85,36,23,0.26
85,53,23,0.76
85,55,23,0.06
85,62,23,0.09
85,66,23,0.1
85,74,23,0.28
85,79,23,0.23
85,84,23,0.43
85,85,23,0
85,89,23,0.06
85,91,23,0.91
86,15,18,0.14
86,21,18,0.98
86,60,18,0.39
86,61,18,0.2
86,64,18,0.69
86,80,18,0.67
86,83,18,0.81
86,86,18,0
86,26,13,0.17
86,36,13,0.37
86,47,13,0.1
86,48,13,0.77
86,51,13,0.64
86,86,13,0
87,2,36,0.87
87,12,36,0.22
87,46,36,0.35
87,52,36,0.58
87,53,36,0.59
87,67,36,0.42
87,76,36,0.29
87,78,36,0.78
87,79,36,0.12
87,87,36,0
87,0,2,0.45
87,1,2,0.82
87,14,2,0.16
87,19,2,0.38
87,37,2,0.98
87,39,2,0.83
87,52,2,0.85
87,80,2,0.18
87,85,2,0.71
87,87,2,0
87,92,2,0.78
87,97,2,0.95
87,4,21,0.71
87,21,21,0.82
87,29,21,0.66
87,38,21,0.36
87,73,21,0.92
87,74,21,0.05
87,87,21,0
87,95,21,0.98
87,99,21,0.73
87,6,19,0.24
87,23,19,0.22
87,38,19,0.65
87,40,19,0.76
87,68,19,0.81
87,70,19,0.55
87,87,19,0
88,6,10,0.99
88,17,10,0.44
88,19,10,0.85
88,21,10,0.75
88,33,10,0.83
88,50,10,0.39
88,88,10,0
88,95,10,0.05
88,30,31,0.5
88,31,31,0.75
88,47,31,0.18
88,49,31,0.29
88,56,31,0.72
88,63,31,0.65
88,88,31,0
88,98,31,0.11
89,3,23,0.69
89,33,23,0.49
89,36,23,0.82
89,53,23,0.18
89,55,23,0.32
89,62,23,0.92
89,66,23,0.22
89,74,23,0.3
89,79,23,0.35
89,84,23,0.93
89,85,23,0.88
89,89,23,0
89,91,23,0.3
89,29,4,0.57
89,34,4,0.78
89,35,4,0.37
89,38,4,0.34
89,72,4,0.02
89,85,4,0.18
89,89,4,0
89,95,4,0.07
89,2,3,0.96
89,20,3,0.57
89,28,3,0.25
89,32,3,0.05
89,48,3,0.35
89,60,3,0.67
89,75,3,0.17
89,79,3,0.96
89,89,3,0
90,8,1,0.12
90,11,1,0.5
90,56,1,0.25
90,64,1,0.28
90,70,1,0.78
90,90,1,0
90,6,24,0.01
90,11,24,0.19
90,39,24,0.18
90,45,24,0.43
90,71,24,0.31
90,90,24,0
90,93,24,0.87
90,19,9,0.65
90,41,9,0.33
90,51,9,0.43
90,66,9,0.1
90,80,9,0.22
90,90,9,0
90,96,9,0.24
91,21,27,0.05
91,47,27,0.35
91,91,27,0
91,0,26,0.17
91,22,26,0.44
91,27,26,0.82
91,28,26,0.2
91,50,26,0.79
91,67,26,0.58
91,71,26,0.61
91,91,26,0
91,3,23,0.09
91,33,23,0.53
91,36,23,0.46
91,53,23,0.82
91,55,23,0.71
91,62,23,0.79
91,66,23,0.78
91,74,23,0.7
91,79,23,0.65
91,84,23,0.36
91,85,23,0.92
91,89,23,0.79
91,91,23,0
92,0,2,0.98
92,1,2,0.29
92,14,2,0.96
92,19,2,0.96
92,37,2,0.54
92,39,2,0.6
92,52,2,0.01
92,80,2,0.45
92,85,2,0.09
92,87,2,0.38
92,92,2,0
92,97,2,0.91
92,1,25,0.8
92,2,25,0.97
92,25,25,0.86
92,43,25,0.94
92,55,25,0.7
92,61,25,0.63
92,62,25,0.88
92,70,25,0.85
92,92,25,0
92,4,38,0.25
92,9,38,0.52
92,14,38,0.55
92,32,38,0.13
92,44,38,0.81
92,63,38,0.29
92,68,38,0.32
92,92,38,0
92,6,15,0.83
92,54,15,0.49
92,59,15,0.9
92,78,15,0.57
92,92,15,0
93,10,39,0.93
93,20,39,0.37
93,24,39,0.6
93,26,39,0.47
93,27,39,0.46
93,32,39,0.67
93,42,39,0.9
93,43,39,0.84
93,69,39,0.77
93,76,39,0.7
93,81,39,0.03
93,93,39,0
93,95,39,0.94
93,96,39,0.85
93,6,24,0.84
93,11,24,0.98
93,39,24,0.13
93,45,24,0.77
93,71,24,0.99
93,90,24,0.65
93,93,24,0
93,8,33,0.23
93,41,33,0.22
93,57,33,0.16
93,59,33,0.51
93,65,33,0.26
93,71,33,0.63
93,77,33,0.35
93,93,33,0
94,34,22,0.36
94,42,22,0.34
94,55,22,0.22
94,72,22,0.58
94,81,22,0.91
94,83,22,0.9
94,94,22,0
94,96,22,0.77
94,99,22,0.34
94,31,12,0.63
94,35,12,0.78
94,49,12,0.53
94,56,12,0.42
94,63,12,0.44
94,64,12,0.73
94,65,12,0.49
94,80,12,0.44
94,81,12,0.26
94,85,12,0.95
94,94,12,0
94,98,12,0.1
94,22,29,0.73
94,23,29,0.84
94,30,29,0.26
94,37,29,0.23
94,42,29,0.3
94,53,29,0.4
94,57,29,0.37
94,71,29,0.25
94,94,29,0
94,12,28,0.08
94,17,28,0.23
94,35,28,0.93
94,46,28,0.39
94,76,28,0.15
94,94,28,0
95,4,21,0.02
95,21,21,0.83
95,29,21,0.83
95,38,21,0.31
95,73,21,0.8
95,74,21,0.02
95,87,21,0.15
95,95,21,0
95,99,21,0.9
95,29,4,0.85
95,34,4,0.48
95,35,4,0.8
95,38,4,0.71
95,72,4,0.03
95,85,4,0.37
95,89,4,0.69
95,95,4,0
95,6,10,0.37
95,17,10,0.25
95,19,10,0.77
95,21,10,0.53
95,33,10,0.57
95,50,10,0.19
95,88,10,0.82
95,95,10,0
95,10,39,0.14
95,20,39,0.54
95,24,39,0.52
95,26,39,0.16
95,27,39,0.92
95,32,39,0.03
95,42,39,0.85
95,43,39,0.39
95,69,39,0.33
95,76,39,0.05
95,81,39,0.95
95,93,39,0.41
95,95,39,0
95,96,39,0.28
96,10,39,0.64
96,20,39,0.85
96,24,39,0.92
96,26,39,0.77
96,27,39,0.96
96,32,39,0.7
96,42,39,0.58
96,43,39,0.26
96,69,39,0.27
96,76,39,0.32
96,81,39,0.19
96,93,39,0.52
96,95,39,0.7
96,96,39,0
96,34,22,0.54
96,42,22,0.25
96,55,22,0.45
96,72,22,0.98
96,81,22,0.52
96,83,22,0.8
96,94,22,0.02
96,96,22,0
96,99,22,0.89
96,4,7,0.95
96,5,7,0.86
96,15,7,0.15
96,20,7,0.35
96,37,7,0.68
96,61,7,0.62
96,96,7,0
96,97,7,0.92
96,19,9,0.95
96,41,9,0.29
96,51,9,0.39
96,66,9,0.63
96,80,9,0.12
96,90,9,0.69
96,96,9,0
97,4,7,0.63
97,5,7,0.51
97,15,7,0.97
97,20,7,0.52
97,37,7,0.69
97,61,7,0.52
97,96,7,0.12
97,97,7,0
97,0,2,0.07
97,1,2,0.92
97,14,2,0.45
97,19,2,0.98
97,37,2,0.06
97,39,2,0.63
97,52,2,0.33
97,80,2,0.87
97,85,2,0.14
97,87,2,0.03
97,92,2,0.94
97,97,2,0
98,31,12,0.82
98,35,12,0.51
98,49,12,0.07
98,56,12,0.03
98,63,12,0.0
98,64,12,0.61
98,65,12,0.66
98,80,12,0.41
98,81,12,0.45
98,85,12,0.35
98,94,12,0.79
98,98,12,0
98,30,31,0.52
98,31,31,0.52
98,47,31,0.82
98,49,31,0.67
98,56,31,0.48
98,63,31,0.59
98,88,31,0.27
98,98,31,0
99,34,22,0.68
99,42,22,0.99
99,55,22,0.95
99,72,22,0.21
99,81,22,0.91
99,83,22,0.04
99,94,22,0.87
99,96,22,0.58
99,99,22,0
99,1,37,0.18
99,5,37,0.46
99,16,37,0.98
99,33,37,0.34
99,62,37,0.44
99,99,37,0
99,4,21,0.03
99,21,21,0.37
99,29,21,0.73
99,38,21,0.66
99,73,21,0.12
99,74,21,0.85
99,87,21,0.18
99,95,21,0.08
99,99,21,0
99,37,34,0.89
99,61,34,0.92
99,68,34,0.01
99,99,34,0