M,100,P,30,Q,100000,targetS,0.1,targetW,0.1

Resources name, resource id, current workload and max workload
R_0,0,0.67,1
R_1,1,0.64,1
R_2,2,0.67,1
R_3,3,0.78,1
R_4,4,0.6,1
R_5,5,0.63,1
R_6,6,0.74,1
R_7,7,0.73,1
R_8,8,0.72,1
R_9,9,0.61,1
R_10,10,0.75,1
R_11,11,0.61,1
R_12,12,0.69,1
R_13,13,0.78,1
R_14,14,0.71,1
R_15,15,0.69,1
R_16,16,0.78,1
R_17,17,0.65,1
R_18,18,0.64,1
R_19,19,0.63,1
R_20,20,0.79,1
R_21,21,0.7,1
R_22,22,0.67,1
R_23,23,0.8,1
R_24,24,0.68,1
R_25,25,0.6,1
R_26,26,0.66,1
R_27,27,0.78,1
R_28,28,0.73,1
R_29,29,0.72,1
R_30,30,0.61,1
R_31,31,0.69,1
R_32,32,0.78,1
R_33,33,0.66,1
R_34,34,0.61,1
R_35,35,0.75,1
R_36,36,0.76,1
R_37,37,0.74,1
R_38,38,0.66,1
R_39,39,0.66,1
R_40,40,0.61,1
R_41,41,0.79,1
R_42,42,0.71,1
R_43,43,0.72,1
R_44,44,0.79,1
R_45,45,0.62,1
R_46,46,0.77,1
R_47,47,0.61,1
R_48,48,0.61,1
R_49,49,0.71,1
R_50,50,0.69,1
R_51,51,0.71,1
R_52,52,0.76,1
R_53,53,0.64,1
R_54,54,0.72,1
R_55,55,0.68,1
R_56,56,0.8,1
R_57,57,0.63,1
R_58,58,0.63,1
R_59,59,0.72,1
R_60,60,0.74,1
R_61,61,0.78,1
R_62,62,0.65,1
R_63,63,0.61,1
R_64,64,0.69,1
R_65,65,0.73,1
R_66,66,0.73,1
R_67,67,0.73,1
R_68,68,0.65,1
R_69,69,0.74,1
R_70,70,0.73,1
R_71,71,0.74,1
R_72,72,0.79,1
R_73,73,0.63,1
R_74,74,0.64,1
R_75,75,0.6,1
R_76,76,0.71,1
R_77,77,0.66,1
R_78,78,0.68,1
R_79,79,0.63,1
R_80,80,0.65,1
R_81,81,0.71,1
R_82,82,0.77,1
R_83,83,0.6,1
R_84,84,0.8,1
R_85,85,0.64,1
R_86,86,0.76,1
R_87,87,0.67,1
R_88,88,0.79,1
R_89,89,0.74,1
R_90,90,0.74,1
R_91,91,0.78,1
R_92,92,0.74,1
R_93,93,0.66,1
R_94,94,0.67,1
R_95,95,0.75,1
R_96,96,0.78,1
R_97,97,0.74,1
R_98,98,0.66,1
R_99,99,0.64,1

Activities name, activity id, lambda, stress, resource id, priority, rifiutato
act_16,16,0.19,0.86,0,225,1
act_7,7,0.12,0.7,0,88,0
act_4,4,0.29,0.12,1,406,0
act_12,12,0.04,0.96,1,1,0
act_2,2,0.23,0.63,2,233,0
act_10,10,0.02,0.43,2,277,0
act_10,10,0.02,0.43,2,106,0
act_10,10,0.02,0.43,2,108,0
act_10,10,0.02,0.43,2,395,0
act_8,8,0.02,0.21,3,23,0
act_11,11,0.07,0.23,3,156,0
act_8,8,0.02,0.21,3,131,0
act_8,8,0.02,0.21,3,355,0
act_8,8,0.02,0.21,3,203,0
act_8,8,0.02,0.21,3,428,0
act_8,8,0.02,0.21,3,318,0
act_8,8,0.02,0.21,3,321,0
act_19,19,0.07,0.21,4,177,0
act_4,4,0.29,0.12,4,391,0
act_10,10,0.02,0.43,5,421,1
act_10,10,0.02,0.43,5,261,1
act_10,10,0.02,0.43,5,269,1
act_10,10,0.02,0.43,5,80,1
act_3,3,0.21,0.5,5,22,1
act_10,10,0.02,0.43,5,91,1
act_10,10,0.02,0.43,5,176,1
act_10,10,0.02,0.43,5,93,1
act_10,10,0.02,0.43,5,69,1
act_8,8,0.02,0.21,6,314,0
act_11,11,0.07,0.23,6,280,0
act_11,11,0.07,0.23,6,329,0
act_8,8,0.02,0.21,6,206,0
act_8,8,0.02,0.21,6,393,0
act_8,8,0.02,0.21,6,358,0
act_8,8,0.02,0.21,6,3,0
act_16,16,0.19,0.86,7,134,0
act_11,11,0.07,0.23,7,417,0
act_8,8,0.02,0.21,8,263,0
act_8,8,0.02,0.21,8,317,0
act_5,5,0.19,0.25,8,166,0
act_8,8,0.02,0.21,8,376,0
act_8,8,0.02,0.21,8,181,0
act_18,18,0.3,0.78,9,151,1
act_10,10,0.02,0.43,9,52,1
act_10,10,0.02,0.43,9,324,1
act_10,10,0.02,0.43,9,28,1
act_10,10,0.02,0.43,9,270,1
act_11,11,0.07,0.23,10,197,0
act_11,11,0.07,0.23,10,430,0
act_11,11,0.07,0.23,10,230,0
act_0,0,0.02,0.34,11,299,1
act_0,0,0.02,0.34,11,17,1
act_12,12,0.04,0.96,11,398,1
act_0,0,0.02,0.34,11,409,1
act_12,12,0.04,0.96,11,68,1
act_12,12,0.04,0.96,11,6,1
act_0,0,0.02,0.34,11,379,1
act_0,0,0.02,0.34,11,27,1
act_12,12,0.04,0.96,11,298,1
act_12,12,0.04,0.96,11,418,1
act_12,12,0.04,0.96,11,104,1
act_0,0,0.02,0.34,11,101,1
act_0,0,0.02,0.34,11,332,1
act_15,15,0.11,0.7,12,296,1
act_7,7,0.12,0.7,12,394,1
act_8,8,0.02,0.21,12,162,0
act_8,8,0.02,0.21,12,34,0
act_8,8,0.02,0.21,12,228,0
act_8,8,0.02,0.21,12,384,0
act_16,16,0.19,0.86,13,21,0
act_11,11,0.07,0.23,14,231,0
act_5,5,0.19,0.25,14,122,0
act_9,9,0.09,0.19,15,85,0
act_9,9,0.09,0.19,15,366,0
act_9,9,0.09,0.19,15,305,0
act_12,12,0.04,0.96,15,385,0
act_9,9,0.09,0.19,16,335,0
act_10,10,0.02,0.43,16,24,0
act_9,9,0.09,0.19,16,356,0
act_8,8,0.02,0.21,17,7,0
act_11,11,0.07,0.23,17,175,0
act_11,11,0.07,0.23,17,267,0
act_10,10,0.02,0.43,17,251,0
act_10,10,0.02,0.43,17,59,0
act_11,11,0.07,0.23,17,183,0
act_8,8,0.02,0.21,17,90,0
act_8,8,0.02,0.21,17,208,0
act_8,8,0.02,0.21,17,64,0
act_10,10,0.02,0.43,17,303,0
act_14,14,0.08,0.4,18,26,1
act_14,14,0.08,0.4,18,185,1
act_0,0,0.02,0.34,18,330,1
act_14,14,0.08,0.4,18,70,1
act_0,0,0.02,0.34,18,336,1
act_0,0,0.02,0.34,18,73,1
act_0,0,0.02,0.34,18,347,1
act_0,0,0.02,0.34,18,129,1
act_9,9,0.09,0.19,19,157,0
act_9,9,0.09,0.19,19,130,0
act_10,10,0.02,0.43,19,344,0
act_10,10,0.02,0.43,19,148,0
act_10,10,0.02,0.43,19,142,0
act_9,9,0.09,0.19,19,337,0
act_10,10,0.02,0.43,19,325,0
act_10,10,0.02,0.43,19,133,0
act_1,1,0.11,0.15,20,326,0
act_11,11,0.07,0.23,20,54,0
act_0,0,0.02,0.34,21,284,0
act_12,12,0.04,0.96,21,264,0
act_12,12,0.04,0.96,21,392,0
act_12,12,0.04,0.96,21,289,0
act_0,0,0.02,0.34,21,189,0
act_12,12,0.04,0.96,21,75,0
act_12,12,0.04,0.96,21,390,0
act_12,12,0.04,0.96,21,184,0
act_0,0,0.02,0.34,21,49,0
act_0,0,0.02,0.34,22,194,0
act_0,0,0.02,0.34,22,310,0
act_0,0,0.02,0.34,22,58,0
act_14,14,0.08,0.4,22,92,1
act_14,14,0.08,0.4,22,128,1
act_14,14,0.08,0.4,22,182,1
act_0,0,0.02,0.34,22,413,0
act_10,10,0.02,0.43,23,272,1
act_10,10,0.02,0.43,23,405,1
act_10,10,0.02,0.43,23,377,1
act_10,10,0.02,0.43,23,14,1
act_10,10,0.02,0.43,23,274,1
act_10,10,0.02,0.43,23,205,1
act_10,10,0.02,0.43,23,116,1
act_10,10,0.02,0.43,23,144,1
act_10,10,0.02,0.43,23,98,1
act_10,10,0.02,0.43,23,402,1
act_7,7,0.12,0.7,24,419,0
act_1,1,0.11,0.15,24,320,0
act_10,10,0.02,0.43,25,429,0
act_18,18,0.3,0.78,25,187,0
act_10,10,0.02,0.43,25,248,0
act_10,10,0.02,0.43,25,372,0
act_10,10,0.02,0.43,25,105,0
act_4,4,0.29,0.12,26,342,0
act_5,5,0.19,0.25,27,65,0
act_7,7,0.12,0.7,28,415,1
act_7,7,0.12,0.7,28,343,1
act_10,10,0.02,0.43,29,89,0
act_16,16,0.19,0.86,29,82,0
act_12,12,0.04,0.96,29,196,1
act_10,10,0.02,0.43,29,403,0
act_15,15,0.11,0.7,30,349,1
act_1,1,0.11,0.15,30,39,0
act_1,1,0.11,0.15,30,103,0
act_12,12,0.04,0.96,30,219,1
act_6,6,0.16,0.36,31,15,0
act_8,8,0.02,0.21,31,382,0
act_8,8,0.02,0.21,31,242,0
act_8,8,0.02,0.21,31,287,0
act_8,8,0.02,0.21,31,37,0
act_8,8,0.02,0.21,31,369,0
act_8,8,0.02,0.21,31,378,0
act_8,8,0.02,0.21,31,362,0
act_6,6,0.16,0.36,32,179,0
act_17,17,0.3,0.77,33,286,0
act_15,15,0.11,0.7,34,74,0
act_7,7,0.12,0.7,34,51,0
act_7,7,0.12,0.7,34,259,0
act_7,7,0.12,0.7,35,243,0
act_19,19,0.07,0.21,35,48,0
act_2,2,0.23,0.63,36,293,0
act_13,13,0.22,0.2,37,29,0
act_6,6,0.16,0.36,38,113,1
act_6,6,0.16,0.36,38,345,1
act_8,8,0.02,0.21,39,352,0
act_8,8,0.02,0.21,39,19,0
act_8,8,0.02,0.21,39,56,0
act_0,0,0.02,0.34,39,2,0
act_8,8,0.02,0.21,39,300,0
act_0,0,0.02,0.34,39,153,0
act_8,8,0.02,0.21,39,141,0
act_8,8,0.02,0.21,39,44,0
act_0,0,0.02,0.34,39,408,0
act_8,8,0.02,0.21,39,161,0
act_0,0,0.02,0.34,39,4,0
act_8,8,0.02,0.21,39,140,0
act_0,0,0.02,0.34,39,348,0
act_0,0,0.02,0.34,39,76,0
act_0,0,0.02,0.34,39,9,0
act_8,8,0.02,0.21,39,258,0
act_8,8,0.02,0.21,39,307,0
act_6,6,0.16,0.36,40,57,0
act_6,6,0.16,0.36,40,229,0
act_15,15,0.11,0.7,41,397,0
act_1,1,0.11,0.15,42,367,0
act_1,1,0.11,0.15,42,78,0
act_11,11,0.07,0.23,42,216,0
act_10,10,0.02,0.43,43,407,1
act_6,6,0.16,0.36,43,186,1
act_10,10,0.02,0.43,43,199,1
act_19,19,0.07,0.21,43,145,0
act_8,8,0.02,0.21,44,60,0
act_8,8,0.02,0.21,44,431,0
act_8,8,0.02,0.21,44,167,0
act_8,8,0.02,0.21,44,435,0
act_8,8,0.02,0.21,44,10,0
act_8,8,0.02,0.21,44,220,0
act_8,8,0.02,0.21,44,226,0
act_8,8,0.02,0.21,44,63,0
act_8,8,0.02,0.21,44,25,0
act_8,8,0.02,0.21,44,400,0
act_8,8,0.02,0.21,45,425,0
act_4,4,0.29,0.12,45,311,0
act_8,8,0.02,0.21,45,117,0
act_8,8,0.02,0.21,45,338,0
act_8,8,0.02,0.21,45,221,0
act_9,9,0.09,0.19,46,139,0
act_9,9,0.09,0.19,46,339,0
act_10,10,0.02,0.43,47,414,0
act_10,10,0.02,0.43,47,340,0
act_1,1,0.11,0.15,47,341,0
act_10,10,0.02,0.43,47,301,0
act_1,1,0.11,0.15,47,55,0
act_10,10,0.02,0.43,47,170,0
act_10,10,0.02,0.43,47,351,0
act_10,10,0.02,0.43,47,282,0
act_10,10,0.02,0.43,47,381,0
act_10,10,0.02,0.43,47,309,0
act_16,16,0.19,0.86,48,364,0
act_9,9,0.09,0.19,48,147,0
act_19,19,0.07,0.21,48,66,0
act_19,19,0.07,0.21,49,126,0
act_19,19,0.07,0.21,49,380,0
act_7,7,0.12,0.7,49,168,0
act_16,16,0.19,0.86,50,312,0
act_9,9,0.09,0.19,50,373,0
act_15,15,0.11,0.7,51,365,0
act_15,15,0.11,0.7,51,279,0
act_0,0,0.02,0.34,52,319,0
act_6,6,0.16,0.36,52,135,1
act_0,0,0.02,0.34,52,239,0
act_0,0,0.02,0.34,52,5,0
act_0,0,0.02,0.34,52,359,0
act_17,17,0.3,0.77,53,8,0
act_8,8,0.02,0.21,54,281,0
act_1,1,0.11,0.15,54,138,0
act_8,8,0.02,0.21,54,368,0
act_1,1,0.11,0.15,54,83,0
act_8,8,0.02,0.21,54,217,0
act_7,7,0.12,0.7,55,119,0
act_0,0,0.02,0.34,55,223,0
act_0,0,0.02,0.34,55,388,0
act_7,7,0.12,0.7,55,283,0
act_8,8,0.02,0.21,55,260,0
act_5,5,0.19,0.25,56,200,0
act_15,15,0.11,0.7,57,121,0
act_15,15,0.11,0.7,57,257,0
act_15,15,0.11,0.7,57,256,0
act_0,0,0.02,0.34,57,404,0
act_8,8,0.02,0.21,58,47,0
act_14,14,0.08,0.4,58,238,1
act_8,8,0.02,0.21,58,16,0
act_2,2,0.23,0.63,58,77,1
act_13,13,0.22,0.2,59,163,0
act_10,10,0.02,0.43,59,399,1
act_12,12,0.04,0.96,59,42,1
act_9,9,0.09,0.19,60,188,0
act_9,9,0.09,0.19,60,316,0
act_12,12,0.04,0.96,61,45,0
act_12,12,0.04,0.96,61,152,0
act_12,12,0.04,0.96,61,127,0
act_14,14,0.08,0.4,61,434,0
act_0,0,0.02,0.34,62,302,0
act_0,0,0.02,0.34,62,424,0
act_0,0,0.02,0.34,62,132,0
act_0,0,0.02,0.34,62,268,0
act_14,14,0.08,0.4,62,198,1
act_0,0,0.02,0.34,62,87,0
act_14,14,0.08,0.4,62,350,1
act_14,14,0.08,0.4,62,30,1
act_19,19,0.07,0.21,63,331,0
act_19,19,0.07,0.21,63,386,0
act_19,19,0.07,0.21,63,255,0
act_19,19,0.07,0.21,63,174,0
act_19,19,0.07,0.21,63,354,0
act_18,18,0.3,0.78,64,154,0
act_12,12,0.04,0.96,65,86,1
act_15,15,0.11,0.7,65,295,0
act_12,12,0.04,0.96,65,210,1
act_12,12,0.04,0.96,65,294,1
act_5,5,0.19,0.25,66,416,0
act_12,12,0.04,0.96,67,172,1
act_1,1,0.11,0.15,67,322,0
act_11,11,0.07,0.23,67,370,0
act_12,12,0.04,0.96,67,96,1
act_1,1,0.11,0.15,68,212,0
act_1,1,0.11,0.15,68,71,0
act_1,1,0.11,0.15,68,192,0
act_11,11,0.07,0.23,69,202,0
act_11,11,0.07,0.23,69,191,0
act_11,11,0.07,0.23,69,207,0
act_8,8,0.02,0.21,70,155,0
act_8,8,0.02,0.21,70,214,0
act_12,12,0.04,0.96,70,12,1
act_12,12,0.04,0.96,70,43,1
act_8,8,0.02,0.21,70,94,0
act_8,8,0.02,0.21,70,31,0
act_8,8,0.02,0.21,70,308,0
act_12,12,0.04,0.96,70,146,1
act_12,12,0.04,0.96,70,136,1
act_19,19,0.07,0.21,71,432,0
act_12,12,0.04,0.96,71,249,0
act_12,12,0.04,0.96,71,195,0
act_19,19,0.07,0.21,71,124,0
act_16,16,0.19,0.86,72,169,0
act_19,19,0.07,0.21,73,306,0
act_10,10,0.02,0.43,73,193,1
act_10,10,0.02,0.43,73,143,1
act_19,19,0.07,0.21,73,422,0
act_10,10,0.02,0.43,73,32,1
act_19,19,0.07,0.21,73,53,0
act_19,19,0.07,0.21,73,234,0
act_10,10,0.02,0.43,73,420,1
act_12,12,0.04,0.96,74,35,1
act_12,12,0.04,0.96,74,412,1
act_12,12,0.04,0.96,74,109,1
act_8,8,0.02,0.21,74,387,0
act_8,8,0.02,0.21,74,266,0
act_12,12,0.04,0.96,74,209,1
act_8,8,0.02,0.21,74,72,0
act_8,8,0.02,0.21,74,20,0
act_8,8,0.02,0.21,74,273,0
act_12,12,0.04,0.96,74,291,1
act_8,8,0.02,0.21,74,290,0
act_8,8,0.02,0.21,74,13,0
act_1,1,0.11,0.15,75,246,0
act_1,1,0.11,0.15,75,433,0
act_1,1,0.11,0.15,75,247,0
act_15,15,0.11,0.7,76,41,0
act_19,19,0.07,0.21,76,110,0
act_19,19,0.07,0.21,76,241,0
act_9,9,0.09,0.19,77,244,0
act_9,9,0.09,0.19,77,165,0
act_9,9,0.09,0.19,77,375,0
act_8,8,0.02,0.21,78,253,0
act_18,18,0.3,0.78,78,323,0
act_12,12,0.04,0.96,79,410,1
act_12,12,0.04,0.96,79,254,1
act_1,1,0.11,0.15,79,427,0
act_1,1,0.11,0.15,79,327,0
act_12,12,0.04,0.96,79,114,1
act_3,3,0.21,0.5,80,38,1
act_0,0,0.02,0.34,80,389,1
act_0,0,0.02,0.34,80,275,1
act_0,0,0.02,0.34,80,262,1
act_0,0,0.02,0.34,80,285,1
act_0,0,0.02,0.34,80,0,1
act_0,0,0.02,0.34,80,211,1
act_0,0,0.02,0.34,80,218,1
act_8,8,0.02,0.21,81,97,0
act_19,19,0.07,0.21,81,115,0
act_8,8,0.02,0.21,81,111,0
act_19,19,0.07,0.21,81,250,0
act_8,8,0.02,0.21,81,374,0
act_19,19,0.07,0.21,81,222,0
act_8,8,0.02,0.21,81,158,0
act_1,1,0.11,0.15,82,297,0
act_1,1,0.11,0.15,82,357,0
act_10,10,0.02,0.43,83,215,1
act_16,16,0.19,0.86,83,396,1
act_10,10,0.02,0.43,83,150,1
act_10,10,0.02,0.43,83,235,1
act_10,10,0.02,0.43,83,40,1
act_10,10,0.02,0.43,83,118,1
act_10,10,0.02,0.43,83,204,1
act_10,10,0.02,0.43,83,61,1
act_10,10,0.02,0.43,83,67,1
act_10,10,0.02,0.43,83,201,1
act_10,10,0.02,0.43,83,278,1
act_1,1,0.11,0.15,84,120,0
act_11,11,0.07,0.23,84,313,0
act_0,0,0.02,0.34,84,401,0
act_0,0,0.02,0.34,85,180,0
act_6,6,0.16,0.36,85,227,0
act_0,0,0.02,0.34,85,107,0
act_14,14,0.08,0.4,85,84,0
act_0,0,0.02,0.34,85,371,0
act_0,0,0.02,0.34,85,224,0
act_0,0,0.02,0.34,85,333,0
act_0,0,0.02,0.34,85,190,0
act_12,12,0.04,0.96,86,426,1
act_19,19,0.07,0.21,86,304,0
act_12,12,0.04,0.96,86,81,1
act_12,12,0.04,0.96,86,237,1
act_12,12,0.04,0.96,86,315,1
act_17,17,0.3,0.77,87,411,0
act_15,15,0.11,0.7,88,62,0
act_19,19,0.07,0.21,88,271,0
act_19,19,0.07,0.21,89,123,0
act_19,19,0.07,0.21,89,346,0
act_19,19,0.07,0.21,89,171,0
act_5,5,0.19,0.25,90,36,0
act_10,10,0.02,0.43,90,149,0
act_0,0,0.02,0.34,90,240,0
act_0,0,0.02,0.34,90,252,0
act_9,9,0.09,0.19,91,95,0
act_15,15,0.11,0.7,91,173,0
act_10,10,0.02,0.43,92,164,1
act_6,6,0.16,0.36,92,137,1
act_10,10,0.02,0.43,92,160,1
act_8,8,0.02,0.21,92,288,0
act_10,10,0.02,0.43,92,33,1
act_8,8,0.02,0.21,92,100,0
act_6,6,0.16,0.36,93,292,0
act_6,6,0.16,0.36,93,125,0
act_1,1,0.11,0.15,94,361,0
act_7,7,0.12,0.7,94,178,0
act_3,3,0.21,0.5,95,236,0
act_10,10,0.02,0.43,95,99,0
act_8,8,0.02,0.21,96,353,0
act_8,8,0.02,0.21,96,383,0
act_8,8,0.02,0.21,96,328,0
act_8,8,0.02,0.21,96,232,0
act_8,8,0.02,0.21,96,334,0
act_8,8,0.02,0.21,96,50,0
act_8,8,0.02,0.21,96,102,0
act_8,8,0.02,0.21,96,213,0
act_8,8,0.02,0.21,96,11,0
act_8,8,0.02,0.21,96,245,0
act_8,8,0.02,0.21,96,423,0
act_8,8,0.02,0.21,97,360,0
act_8,8,0.02,0.21,97,265,0
act_3,3,0.21,0.5,97,79,0
act_6,6,0.16,0.36,98,159,0
act_12,12,0.04,0.96,98,18,1
act_1,1,0.11,0.15,98,112,0
act_17,17,0.3,0.77,99,363,0
act_8,8,0.02,0.21,99,276,0
act_8,8,0.02,0.21,99,46,0

Alpha (resource id, list of activity ids)
0:16,7
1:4,3,12,1
2:2,4,10,16
3:11,8,13
4:17,19,4
5:3,10
6:11,8
7:2,11,16
8:5,8,1,13
9:18,2,10
10:11,2
11:0,12
12:7,17,15,8
13:16,18,5,12
14:5,13,11
15:2,12,9
16:10,9,2
17:8,11,10
18:0,14,3,9
19:9,10
20:11,3,15,1
21:0,12,4
22:0,14
23:10,4
24:4,7,1
25:18,15,10
26:4,19
27:5,19
28:7,1
29:16,10,4,12
30:12,15,1
31:6,8
32:3,6
33:15,2,17,6
34:15,7
35:17,7,13,19
36:2,1,3
37:13,9
38:6,3,5
39:8,0
40:6,4,16,13
41:7,16,15
42:3,11,15,1
43:6,17,10,19
44:18,8,4
45:14,8,4
46:9,4
47:13,10,1
48:19,1,16,9
49:1,19,7
50:3,16,9
51:15,17
52:6,14,4,0
53:2,17
54:1,8
55:0,7,11,8
56:3,5,0
57:15,0
58:8,14,2
59:10,12,13
60:18,9
61:12,14,18
62:13,14,0
63:4,19
64:0,18
65:12,15
66:5,17
67:12,3,1,11
68:2,1
69:6,17,11,4
70:19,12,8
71:12,19
72:16,4
73:16,19,18,10
74:8,12
75:17,1
76:11,15,19
77:6,9,13
78:8,5,18
79:12,1
80:3,0,6
81:19,8,5,7
82:3,17,1
83:16,10
84:0,1,11
85:0,17,6,14
86:19,12
87:18,19,17
88:15,19
89:3,19,13
90:0,5,10,7
91:15,9
92:6,10,8
93:6,19
94:7,1,18
95:3,17,10
96:18,8
97:3,8
98:12,1,6
99:4,18,17,8

Costs (resource, resource to replace, activity, cost)
0,0,16,0
0,2,16,0.36
0,7,16,0.69
0,13,16,0.66
0,29,16,0.56
0,40,16,0.71
0,41,16,0.99
0,48,16,0.57
0,50,16,0.19
0,72,16,0.34
0,73,16,0.16
0,83,16,0.94
0,0,7,0
0,12,7,0.2
0,24,7,0.47
0,28,7,0.98
0,34,7,0.82
0,35,7,0.18
0,41,7,0.37
0,49,7,0.66
0,55,7,0.77
0,81,7,0.61
0,90,7,0.51
0,94,7,0.36
1,1,4,0
1,2,4,0.87
1,4,4,0.47
1,21,4,0.78
1,23,4,0.34
1,24,4,0.33
1,26,4,0.83
1,29,4,0.84
1,40,4,0.86
1,44,4,0.47
1,45,4,0.61
1,46,4,0.46
1,52,4,0.04
1,63,4,0.54
1,69,4,0.24
1,72,4,0.06
1,99,4,0.99
1,1,3,0
1,5,3,0.34
1,18,3,0.85
1,20,3,0.12
1,32,3,0.87
1,36,3,0.28
1,38,3,0.25
1,42,3,0.76
1,50,3,0.58
1,56,3,0.48
1,67,3,0.0
1,80,3,0.11
1,82,3,0.98
1,89,3,0.92
1,95,3,0.43
1,97,3,0.56
1,1,12,0
1,11,12,0.43
1,13,12,0.29
1,15,12,0.4
1,21,12,0.18
1,29,12,0.11
1,30,12,0.51
1,59,12,0.35
1,61,12,0.18
1,65,12,0.17
1,67,12,0.9
1,70,12,0.21
1,71,12,0.94
1,74,12,0.64
1,79,12,0.95
1,86,12,0.06
1,98,12,0.33
1,1,1,0
1,8,1,0.8
1,20,1,0.98
1,24,1,0.51
1,28,1,0.27
1,30,1,0.35
1,36,1,0.94
1,42,1,0.63
1,47,1,0.45
1,48,1,0.36
1,49,1,0.11
1,54,1,0.63
1,67,1,0.61
1,68,1,0.36
1,75,1,0.57
1,79,1,0.34
1,82,1,0.07
1,84,1,0.01
1,94,1,0.92
1,98,1,0.37
2,2,2,0
2,7,2,0.63
2,9,2,0.65
2,10,2,0.91
2,15,2,0.8
2,16,2,0.01
2,33,2,0.45
2,36,2,0.73
2,53,2,0.13
2,58,2,0.32
2,68,2,0.92
2,1,4,0.83
2,2,4,0
2,4,4,0.25
2,21,4,0.42
2,23,4,0.12
2,24,4,0.34
2,26,4,0.37
2,29,4,0.62
2,40,4,0.95
2,44,4,0.97
2,45,4,0.9
2,46,4,0.75
2,52,4,0.58
2,63,4,0.2
2,69,4,0.52
2,72,4,0.52
2,99,4,0.87
2,2,10,0
2,5,10,0.34
2,9,10,0.22
2,16,10,0.77
2,17,10,0.4
2,19,10,0.88
2,23,10,0.48
2,25,10,0.36
2,29,10,0.25
2,43,10,0.12
2,47,10,0.55
2,59,10,0.95
2,73,10,0.06
2,83,10,0.9
2,90,10,0.51
2,92,10,0.77
2,95,10,0.66
2,0,16,0.59
2,2,16,0
2,7,16,0.96
2,13,16,0.69
2,29,16,0.61
2,40,16,0.85
2,41,16,0.66
2,48,16,0.75
2,50,16,0.04
2,72,16,0.88
2,73,16,0.37
2,83,16,0.48
3,3,11,0
3,6,11,0.5
3,7,11,0.04
3,10,11,0.36
3,14,11,0.25
3,17,11,0.85
3,20,11,0.87
3,42,11,0.87
3,55,11,0.16
3,67,11,0.7
3,69,11,0.0
3,76,11,0.72
3,84,11,0.42
3,3,8,0
3,6,8,0.22
3,8,8,0.52
3,12,8,0.04
3,17,8,0.89
3,31,8,0.13
3,39,8,0.25
3,44,8,0.24
3,45,8,0.57
3,54,8,0.15
3,55,8,0.25
3,58,8,0.89
3,70,8,0.34
3,74,8,0.91
3,78,8,0.32
3,81,8,0.38
3,92,8,0.75
3,96,8,0.11
3,97,8,0.87
3,99,8,0.91
3,3,13,0
3,8,13,0.9
3,14,13,0.8
3,35,13,0.03
3,37,13,0.77
3,40,13,0.18
3,47,13,0.32
3,59,13,0.5
3,62,13,0.91
3,77,13,0.52
3,89,13,0.1
4,4,17,0
4,12,17,0.16
4,33,17,0.91
4,35,17,0.73
4,43,17,0.52
4,51,17,0.85
4,53,17,0.63
4,66,17,0.24
4,69,17,0.67
4,75,17,0.94
4,82,17,0.27
4,85,17,0.07
4,87,17,0.54
4,95,17,0.06
4,99,17,0.43
4,4,19,0
4,26,19,0.91
4,27,19,0.78
4,35,19,0.09
4,43,19,0.1
4,48,19,0.0
4,49,19,0.98
4,63,19,0.73
4,70,19,0.86
4,71,19,0.04
4,73,19,0.22
4,76,19,0.41
4,81,19,0.68
4,86,19,0.48
4,87,19,0.46
4,88,19,0.28
4,89,19,0.68
4,93,19,0.62
4,1,4,0.89
4,2,4,0.94
4,4,4,0
4,21,4,0.42
4,23,4,0.3
4,24,4,0.52
4,26,4,0.12
4,29,4,0.99
4,40,4,0.58
4,44,4,0.45
4,45,4,0.05
4,46,4,0.81
4,52,4,0.15
4,63,4,0.85
4,69,4,0.57
4,72,4,0.95
4,99,4,0.38
5,1,3,0.35
5,5,3,0
5,18,3,0.93
5,20,3,0.96
5,32,3,0.28
5,36,3,0.21
5,38,3,0.52
5,42,3,0.57
5,50,3,0.52
5,56,3,0.01
5,67,3,0.42
5,80,3,0.5
5,82,3,0.24
5,89,3,0.36
5,95,3,0.22
5,97,3,0.89
5,2,10,0.45
5,5,10,0
5,9,10,0.47
5,16,10,0.55
5,17,10,0.64
5,19,10,0.3
5,23,10,0.24
5,25,10,0.84
5,29,10,0.94
5,43,10,0.0
5,47,10,0.66
5,59,10,0.81
5,73,10,0.28
5,83,10,0.71
5,90,10,0.22
5,92,10,0.3
5,95,10,0.56
6,3,11,0.83
6,6,11,0
6,7,11,0.19
6,10,11,0.96
6,14,11,0.33
6,17,11,0.23
6,20,11,0.44
6,42,11,0.24
6,55,11,0.09
6,67,11,0.32
6,69,11,0.21
6,76,11,0.79
6,84,11,0.22
6,3,8,0.58
6,6,8,0
6,8,8,0.94
6,12,8,0.34
6,17,8,0.02
6,31,8,0.49
6,39,8,0.21
6,44,8,0.94
6,45,8,0.66
6,54,8,0.34
6,55,8,0.92
6,58,8,0.96
6,70,8,0.16
6,74,8,0.73
6,78,8,0.91
6,81,8,0.76
6,92,8,0.51
6,96,8,0.3
6,97,8,0.39
6,99,8,0.86
7,2,2,0.5
7,7,2,0
7,9,2,0.55
7,10,2,0.59
7,15,2,0.63
7,16,2,0.8
7,33,2,0.73
7,36,2,0.76
7,53,2,1.0
7,58,2,0.0
7,68,2,0.77
7,3,11,0.27
7,6,11,0.21
7,7,11,0
7,10,11,0.83
7,14,11,0.16
7,17,11,0.65
7,20,11,0.41
7,42,11,0.79
7,55,11,0.62
7,67,11,0.16
7,69,11,0.55
7,76,11,0.61
7,84,11,0.77
7,0,16,0.86
7,2,16,0.7
7,7,16,0
7,13,16,0.66
7,29,16,0.77
7,40,16,0.31
7,41,16,0.75
7,48,16,0.47
7,50,16,0.24
7,72,16,0.74
7,73,16,0.71
7,83,16,0.15
8,8,5,0
8,13,5,0.66
8,14,5,0.28
8,27,5,0.91
8,38,5,0.53
8,56,5,0.94
8,66,5,0.31
8,78,5,0.29
8,81,5,0.68
8,90,5,0.85
8,3,8,0.23
8,6,8,0.41
8,8,8,0
8,12,8,0.78
8,17,8,0.17
8,31,8,0.19
8,39,8,0.44
8,44,8,0.16
8,45,8,0.03
8,54,8,0.53
8,55,8,0.07
8,58,8,0.53
8,70,8,0.51
8,74,8,0.09
8,78,8,0.05
8,81,8,0.68
8,92,8,0.7
8,96,8,0.75
8,97,8,0.24
8,99,8,0.12
8,1,1,0.4
8,8,1,0
8,20,1,0.2
8,24,1,0.31
8,28,1,0.4
8,30,1,0.28
8,36,1,0.54
8,42,1,0.26
8,47,1,0.87
8,48,1,0.03
8,49,1,0.6
8,54,1,0.79
8,67,1,0.4
8,68,1,0.87
8,75,1,0.93
8,79,1,0.29
8,82,1,0.73
8,84,1,0.45
8,94,1,0.43
8,98,1,0.98
8,3,13,0.9
8,8,13,0
8,14,13,0.1
8,35,13,0.16
8,37,13,0.7
8,40,13,0.22
8,47,13,0.43
8,59,13,0.59
8,62,13,0.24
8,77,13,0.96
8,89,13,0.66
9,9,18,0
9,13,18,0.12
9,25,18,0.75
9,44,18,0.9
9,60,18,0.41
9,61,18,0.16
9,64,18,0.25
9,73,18,0.94
9,78,18,0.7
9,87,18,0.79
9,94,18,0.64
9,96,18,0.12
9,99,18,0.72
9,2,2,0.34
9,7,2,0.25
9,9,2,0
9,10,2,0.01
9,15,2,0.62
9,16,2,0.56
9,33,2,0.61
9,36,2,0.05
9,53,2,0.09
9,58,2,0.12
9,68,2,0.05
9,2,10,0.96
9,5,10,0.74
9,9,10,0
9,16,10,0.27
9,17,10,0.78
9,19,10,0.06
9,23,10,0.08
9,25,10,0.02
9,29,10,0.89
9,43,10,0.67
9,47,10,0.09
9,59,10,0.13
9,73,10,0.63
9,83,10,0.04
9,90,10,0.39
9,92,10,0.33
9,95,10,0.38
10,3,11,0.42
10,6,11,0.14
10,7,11,0.02
10,10,11,0
10,14,11,0.93
10,17,11,0.41
10,20,11,0.1
10,42,11,0.71
10,55,11,0.08
10,67,11,0.13
10,69,11,0.21
10,76,11,0.84
10,84,11,0.68
10,2,2,0.07
10,7,2,0.98
10,9,2,0.48
10,10,2,0
10,15,2,0.07
10,16,2,0.97
10,33,2,0.33
10,36,2,0.26
10,53,2,0.19
10,58,2,0.37
10,68,2,0.9
11,11,0,0
11,18,0,0.37
11,21,0,0.63
11,22,0,0.02
11,39,0,0.66
11,52,0,0.53
11,55,0,0.82
11,56,0,0.36
11,57,0,0.39
11,62,0,0.1
11,64,0,0.93
11,80,0,0.84
11,84,0,0.71
11,85,0,0.82
11,90,0,0.4
11,1,12,0.51
11,11,12,0
11,13,12,0.15
11,15,12,0.77
11,21,12,0.54
11,29,12,0.34
11,30,12,0.96
11,59,12,0.89
11,61,12,0.28
11,65,12,0.03
11,67,12,0.43
11,70,12,0.41
11,71,12,0.59
11,74,12,0.92
11,79,12,0.39
11,86,12,0.79
11,98,12,0.23
12,0,7,0.9
12,12,7,0
12,24,7,0.55
12,28,7,0.52
12,34,7,0.51
12,35,7,0.25
12,41,7,0.84
12,49,7,0.27
12,55,7,0.72
12,81,7,0.15
12,90,7,0.72
12,94,7,0.57
12,4,17,0.38
12,12,17,0
12,33,17,0.39
12,35,17,0.57
12,43,17,0.26
12,51,17,0.96
12,53,17,0.17
12,66,17,0.39
12,69,17,0.73
12,75,17,0.11
12,82,17,0.39
12,85,17,0.87
12,87,17,0.43
12,95,17,0.3
12,99,17,0.03
12,12,15,0
12,20,15,0.53
12,25,15,0.69
12,30,15,0.47
12,33,15,0.53
12,34,15,0.07
12,41,15,0.7
12,42,15,0.43
12,51,15,0.2
12,57,15,0.37
12,65,15,0.07
12,76,15,0.39
12,88,15,0.98
12,91,15,0.93
12,3,8,0.83
12,6,8,0.23
12,8,8,0.36
12,12,8,0
12,17,8,0.29
12,31,8,0.32
12,39,8,0.73
12,44,8,0.05
12,45,8,0.52
12,54,8,0.71
12,55,8,0.62
12,58,8,0.25
12,70,8,0.55
12,74,8,0.13
12,78,8,0.84
12,81,8,0.57
12,92,8,0.8
12,96,8,0.55
12,97,8,0.19
12,99,8,0.7
13,0,16,0.77
13,2,16,0.64
13,7,16,0.27
13,13,16,0
13,29,16,0.07
13,40,16,0.77
13,41,16,0.24
13,48,16,0.17
13,50,16,0.65
13,72,16,0.2
13,73,16,0.75
13,83,16,0.3
13,9,18,0.3
13,13,18,0
13,25,18,0.4
13,44,18,0.04
13,60,18,0.87
13,61,18,0.58
13,64,18,0.65
13,73,18,0.94
13,78,18,0.09
13,87,18,0.9
13,94,18,0.59
13,96,18,0.23
13,99,18,0.23
13,8,5,0.55
13,13,5,0
13,14,5,0.89
13,27,5,0.48
13,38,5,0.11
13,56,5,0.06
13,66,5,0.56
13,78,5,0.1
13,81,5,0.81
13,90,5,0.14
13,1,12,0.24
13,11,12,0.12
13,13,12,0
13,15,12,0.13
13,21,12,0.18
13,29,12,0.48
13,30,12,0.55
13,59,12,0.05
13,61,12,0.19
13,65,12,0.48
13,67,12,0.85
13,70,12,0.72
13,71,12,0.25
13,74,12,0.6
13,79,12,0.66
13,86,12,0.1
13,98,12,0.33
14,8,5,0.27
14,13,5,0.24
14,14,5,0
14,27,5,0.09
14,38,5,0.9
14,56,5,0.29
14,66,5,0.64
14,78,5,0.1
14,81,5,0.47
14,90,5,0.59
14,3,13,0.14
14,8,13,0.58
14,14,13,0
14,35,13,0.41
14,37,13,0.13
14,40,13,0.45
14,47,13,0.77
14,59,13,0.3
14,62,13,0.39
14,77,13,0.37
14,89,13,0.59
14,3,11,0.25
14,6,11,0.86
14,7,11,0.73
14,10,11,0.09
14,14,11,0
14,17,11,0.81
14,20,11,0.33
14,42,11,0.36
14,55,11,0.38
14,67,11,0.2
14,69,11,0.46
14,76,11,0.48
14,84,11,0.22
15,2,2,0.9
15,7,2,0.22
15,9,2,0.96
15,10,2,0.26
15,15,2,0
15,16,2,0.59
15,33,2,0.4
15,36,2,0.95
15,53,2,0.07
15,58,2,0.91
15,68,2,0.11
15,1,12,0.3
15,11,12,0.91
15,13,12,0.84
15,15,12,0
15,21,12,0.6
15,29,12,0.2
15,30,12,0.95
15,59,12,0.77
15,61,12,0.99
15,65,12,0.86
15,67,12,0.11
15,70,12,0.93
15,71,12,0.43
15,74,12,0.69
15,79,12,0.2
15,86,12,0.87
15,98,12,0.02
15,15,9,0
15,16,9,0.18
15,18,9,0.48
15,19,9,0.17
15,37,9,0.03
15,46,9,0.35
15,48,9,0.35
15,50,9,0.58
15,60,9,0.41
15,77,9,0.58
15,91,9,0.99
16,2,10,0.24
16,5,10,0.1
16,9,10,0.59
16,16,10,0
16,17,10,0.42
16,19,10,0.29
16,23,10,0.94
16,25,10,0.79
16,29,10,0.77
16,43,10,0.14
16,47,10,0.7
16,59,10,0.7
16,73,10,0.03
16,83,10,0.02
16,90,10,0.15
16,92,10,0.98
16,95,10,0.65
16,15,9,0.59
16,16,9,0
16,18,9,0.71
16,19,9,0.35
16,37,9,0.27
16,46,9,0.97
16,48,9,0.81
16,50,9,0.41
16,60,9,0.51
16,77,9,0.94
16,91,9,0.24
16,2,2,0.29
16,7,2,0.24
16,9,2,0.53
16,10,2,0.62
16,15,2,0.97
16,16,2,0
16,33,2,0.92
16,36,2,0.91
16,53,2,0.53
16,58,2,0.71
16,68,2,0.8
17,3,8,0.87
17,6,8,0.89
17,8,8,0.93
17,12,8,0.28
17,17,8,0
17,31,8,0.6
17,39,8,0.38
17,44,8,0.92
17,45,8,0.59
17,54,8,0.91
17,55,8,0.79
17,58,8,0.63
17,70,8,0.63
17,74,8,0.19
17,78,8,0.45
17,81,8,0.52
17,92,8,0.56
17,96,8,0.56
17,97,8,0.94
17,99,8,0.22
17,3,11,0.71
17,6,11,0.51
17,7,11,0.1
17,10,11,0.34
17,14,11,0.37
17,17,11,0
17,20,11,0.34
17,42,11,0.08
17,55,11,0.86
17,67,11,0.07
17,69,11,0.12
17,76,11,0.56
17,84,11,0.96
17,2,10,0.49
17,5,10,0.42
17,9,10,0.68
17,16,10,0.38
17,17,10,0
17,19,10,0.16
17,23,10,0.21
17,25,10,0.44
17,29,10,0.49
17,43,10,0.32
17,47,10,0.24
17,59,10,0.08
17,73,10,0.82
17,83,10,0.47
17,90,10,0.75
17,92,10,0.7
17,95,10,0.08
18,11,0,0.75
18,18,0,0
18,21,0,0.83
18,22,0,0.73
18,39,0,0.83
18,52,0,0.79
18,55,0,0.28
18,56,0,0.89
18,57,0,0.49
18,62,0,0.84
18,64,0,0.11
18,80,0,0.23
18,84,0,0.58
18,85,0,0.67
18,90,0,0.39
18,18,14,0
18,22,14,0.27
18,45,14,0.39
18,52,14,0.45
18,58,14,0.99
18,61,14,0.97
18,62,14,0.59
18,85,14,0.21
18,1,3,0.65
18,5,3,0.44
18,18,3,0
18,20,3,0.11
18,32,3,0.16
18,36,3,0.45
18,38,3,0.7
18,42,3,0.74
18,50,3,0.59
18,56,3,0.09
18,67,3,0.85
18,80,3,0.61
18,82,3,0.56
18,89,3,0.71
18,95,3,0.46
18,97,3,0.83
18,15,9,0.99
18,16,9,0.74
18,18,9,0
18,19,9,0.35
18,37,9,0.62
18,46,9,0.47
18,48,9,0.24
18,50,9,0.07
18,60,9,0.16
18,77,9,0.51
18,91,9,0.55
19,15,9,0.74
19,16,9,0.37
19,18,9,0.74
19,19,9,0
19,37,9,0.58
19,46,9,0.43
19,48,9,0.98
19,50,9,0.04
19,60,9,0.84
19,77,9,0.21
19,91,9,0.34
19,2,10,0.53
19,5,10,0.41
19,9,10,0.67
19,16,10,0.61
19,17,10,0.49
19,19,10,0
19,23,10,0.95
19,25,10,0.44
19,29,10,0.6
19,43,10,0.16
19,47,10,0.76
19,59,10,0.97
19,73,10,0.5
19,83,10,0.53
19,90,10,0.62
19,92,10,0.74
19,95,10,0.7
20,3,11,0.69
20,6,11,0.28
20,7,11,0.25
20,10,11,0.82
20,14,11,0.15
20,17,11,0.92
20,20,11,0
20,42,11,0.15
20,55,11,0.62
20,67,11,0.44
20,69,11,0.61
20,76,11,0.01
20,84,11,0.75
20,1,3,0.05
20,5,3,0.02
20,18,3,0.82
20,20,3,0
20,32,3,0.87
20,36,3,0.24
20,38,3,0.19
20,42,3,0.09
20,50,3,0.74
20,56,3,0.99
20,67,3,0.32
20,80,3,0.5
20,82,3,0.85
20,89,3,0.58
20,95,3,0.41
20,97,3,0.63
20,12,15,0.52
20,20,15,0
20,25,15,0.46
20,30,15,0.12
20,33,15,0.7
20,34,15,0.08
20,41,15,0.77
20,42,15,0.29
20,51,15,0.4
20,57,15,0.52
20,65,15,0.93
20,76,15,0.18
20,88,15,0.1
20,91,15,0.7
20,1,1,0.28
20,8,1,0.33
20,20,1,0
20,24,1,0.12
20,28,1,0.95
20,30,1,0.67
20,36,1,0.23
20,42,1,0.73
20,47,1,0.46
20,48,1,0.33
20,49,1,0.32
20,54,1,0.62
20,67,1,0.93
20,68,1,0.03
20,75,1,0.98
20,79,1,0.51
20,82,1,0.29
20,84,1,0.1
20,94,1,0.03
20,98,1,0.78
21,11,0,0.15
21,18,0,0.37
21,21,0,0
21,22,0,0.43
21,39,0,0.08
21,52,0,0.69
21,55,0,0.69
21,56,0,0.25
21,57,0,0.48
21,62,0,0.36
21,64,0,0.61
21,80,0,0.83
21,84,0,0.79
21,85,0,0.71
21,90,0,0.7
21,1,12,0.84
21,11,12,0.59
21,13,12,0.33
21,15,12,0.8
21,21,12,0
21,29,12,0.59
21,30,12,0.34
21,59,12,0.42
21,61,12,0.17
21,65,12,0.2
21,67,12,0.59
21,70,12,0.46
21,71,12,0.45
21,74,12,0.35
21,79,12,0.05
21,86,12,0.82
21,98,12,0.6
21,1,4,0.19
21,2,4,0.72
21,4,4,0.74
21,21,4,0
21,23,4,0.82
21,24,4,0.34
21,26,4,0.53
21,29,4,0.56
21,40,4,0.93
21,44,4,0.18
21,45,4,0.63
21,46,4,0.07
21,52,4,0.54
21,63,4,0.8
21,69,4,0.2
21,72,4,0.21
21,99,4,0.14
22,11,0,0.98
22,18,0,0.61
22,21,0,0.38
22,22,0,0
22,39,0,0.19
22,52,0,0.11
22,55,0,0.8
22,56,0,0.59
22,57,0,0.68
22,62,0,0.53
22,64,0,0.12
22,80,0,0.76
22,84,0,0.9
22,85,0,0.97
22,90,0,0.29
22,18,14,0.62
22,22,14,0
22,45,14,0.67
22,52,14,0.37
22,58,14,0.23
22,61,14,0.98
22,62,14,0.39
22,85,14,0.19
23,2,10,0.24
23,5,10,0.45
23,9,10,0.62
23,16,10,0.28
23,17,10,0.09
23,19,10,0.35
23,23,10,0
23,25,10,0.68
23,29,10,0.11
23,43,10,0.79
23,47,10,0.32
23,59,10,0.17
23,73,10,0.14
23,83,10,0.76
23,90,10,0.11
23,92,10,0.68
23,95,10,0.36
23,1,4,0.95
23,2,4,0.66
23,4,4,0.87
23,21,4,0.13
23,23,4,0
23,24,4,0.83
23,26,4,0.57
23,29,4,0.68
23,40,4,0.39
23,44,4,0.04
23,45,4,0.92
23,46,4,0.59
23,52,4,0.42
23,63,4,0.45
23,69,4,0.05
23,72,4,0.17
23,99,4,0.93
24,1,4,0.54
24,2,4,0.8
24,4,4,0.21
24,21,4,0.44
24,23,4,0.07
24,24,4,0
24,26,4,0.64
24,29,4,0.8
24,40,4,0.93
24,44,4,0.91
24,45,4,0.8
24,46,4,0.2
24,52,4,0.52
24,63,4,0.81
24,69,4,0.61
24,72,4,0.72
24,99,4,0.14
24,0,7,0.03
24,12,7,0.68
24,24,7,0
24,28,7,0.04
24,34,7,0.47
24,35,7,0.05
24,41,7,0.58
24,49,7,0.63
24,55,7,0.04
24,81,7,0.61
24,90,7,0.6
24,94,7,0.45
24,1,1,0.43
24,8,1,0.84
24,20,1,0.22
24,24,1,0
24,28,1,0.56
24,30,1,0.51
24,36,1,0.54
24,42,1,0.15
24,47,1,0.37
24,48,1,0.54
24,49,1,0.41
24,54,1,0.11
24,67,1,0.73
24,68,1,0.16
24,75,1,0.57
24,79,1,0.53
24,82,1,0.05
24,84,1,0.78
24,94,1,0.36
24,98,1,0.12
25,9,18,0.23
25,13,18,0.59
25,25,18,0
25,44,18,0.72
25,60,18,0.46
25,61,18,0.17
25,64,18,0.94
25,73,18,0.77
25,78,18,0.19
25,87,18,0.66
25,94,18,0.04
25,96,18,0.04
25,99,18,0.89
25,12,15,0.63
25,20,15,0.21
25,25,15,0
25,30,15,0.24
25,33,15,0.67
25,34,15,0.8
25,41,15,0.4
25,42,15,0.47
25,51,15,0.53
25,57,15,0.09
25,65,15,0.07
25,76,15,0.86
25,88,15,0.61
25,91,15,0.51
25,2,10,0.68
25,5,10,0.05
25,9,10,0.31
25,16,10,0.24
25,17,10,0.52
25,19,10,0.84
25,23,10,0.65
25,25,10,0
25,29,10,0.6
25,43,10,0.29
25,47,10,0.51
25,59,10,0.31
25,73,10,0.84
25,83,10,0.98
25,90,10,0.85
25,92,10,0.95
25,95,10,0.55
26,1,4,0.66
26,2,4,0.01
26,4,4,0.69
26,21,4,0.79
26,23,4,0.6
26,24,4,0.06
26,26,4,0
26,29,4,0.87
26,40,4,0.19
26,44,4,0.14
26,45,4,0.17
26,46,4,0.8
26,52,4,0.97
26,63,4,0.7
26,69,4,0.47
26,72,4,0.34
26,99,4,0.92
26,4,19,0.4
26,26,19,0
26,27,19,0.28
26,35,19,0.4
26,43,19,0.24
26,48,19,0.26
26,49,19,0.28
26,63,19,0.17
26,70,19,0.6
26,71,19,0.82
26,73,19,0.59
26,76,19,0.01
26,81,19,0.95
26,86,19,0.62
26,87,19,0.06
26,88,19,0.5
26,89,19,0.44
26,93,19,0.8
27,8,5,0.94
27,13,5,0.75
27,14,5,0.08
27,27,5,0
27,38,5,0.86
27,56,5,0.2
27,66,5,0.64
27,78,5,0.48
27,81,5,0.33
27,90,5,0.68
27,4,19,0.91
27,26,19,0.55
27,27,19,0
27,35,19,0.27
27,43,19,0.92
27,48,19,0.91
27,49,19,0.67
27,63,19,0.9
27,70,19,0.54
27,71,19,0.57
27,73,19,0.43
27,76,19,0.36
27,81,19,0.51
27,86,19,0.52
27,87,19,0.25
27,88,19,0.91
27,89,19,0.6
27,93,19,0.03
28,0,7,0.06
28,12,7,0.27
28,24,7,0.05
28,28,7,0
28,34,7,0.97
28,35,7,0.99
28,41,7,0.18
28,49,7,0.94
28,55,7,0.01
28,81,7,0.07
28,90,7,0.67
28,94,7,0.43
28,1,1,0.52
28,8,1,0.67
28,20,1,0.21
28,24,1,0.7
28,28,1,0
28,30,1,0.72
28,36,1,0.37
28,42,1,0.37
28,47,1,0.29
28,48,1,0.7
28,49,1,0.69
28,54,1,0.74
28,67,1,0.44
28,68,1,0.93
28,75,1,0.99
28,79,1,0.25
28,82,1,0.84
28,84,1,0.47
28,94,1,0.94
28,98,1,0.65
29,0,16,1.0
29,2,16,0.16
29,7,16,0.78
29,13,16,0.76
29,29,16,0
29,40,16,0.49
29,41,16,0.41
29,48,16,0.11
29,50,16,0.63
29,72,16,0.49
29,73,16,0.67
29,83,16,0.79
29,2,10,0.26
29,5,10,0.41
29,9,10,0.31
29,16,10,0.16
29,17,10,0.75
29,19,10,0.07
29,23,10,0.4
29,25,10,0.18
29,29,10,0
29,43,10,0.14
29,47,10,0.85
29,59,10,0.95
29,73,10,0.12
29,83,10,0.7
29,90,10,0.73
29,92,10,0.98
29,95,10,0.49
29,1,4,0.66
29,2,4,0.26
29,4,4,0.52
29,21,4,0.88
29,23,4,0.27
29,24,4,0.13
29,26,4,0.71
29,29,4,0
29,40,4,0.51
29,44,4,0.23
29,45,4,0.9
29,46,4,0.43
29,52,4,0.81
29,63,4,0.79
29,69,4,0.58
29,72,4,0.15
29,99,4,0.67
29,1,12,0.67
29,11,12,0.97
29,13,12,0.34
29,15,12,0.38
29,21,12,0.0
29,29,12,0
29,30,12,0.56
29,59,12,0.22
29,61,12,0.2
29,65,12,0.28
29,67,12,0.5
29,70,12,0.19
29,71,12,0.65
29,74,12,0.2
29,79,12,0.68
29,86,12,0.74
29,98,12,0.3
30,1,12,0.83
30,11,12,0.67
30,13,12,0.91
30,15,12,0.95
30,21,12,0.53
30,29,12,0.04
30,30,12,0
30,59,12,0.99
30,61,12,0.38
30,65,12,0.23
30,67,12,0.0
30,70,12,0.3
30,71,12,0.03
30,74,12,0.43
30,79,12,0.3
30,86,12,0.25
30,98,12,0.99
30,12,15,0.73
30,20,15,0.87
30,25,15,0.49
30,30,15,0
30,33,15,0.91
30,34,15,0.66
30,41,15,0.46
30,42,15,0.4
30,51,15,0.04
30,57,15,0.57
30,65,15,0.43
30,76,15,0.51
30,88,15,0.18
30,91,15,0.95
30,1,1,0.38
30,8,1,0.76
30,20,1,0.75
30,24,1,0.15
30,28,1,0.07
30,30,1,0
30,36,1,0.74
30,42,1,0.69
30,47,1,0.56
30,48,1,0.8
30,49,1,0.69
30,54,1,0.8
30,67,1,0.63
30,68,1,0.58
30,75,1,0.84
30,79,1,0.98
30,82,1,0.09
30,84,1,0.21
30,94,1,0.67
30,98,1,0.04
31,31,6,0
31,32,6,0.32
31,33,6,0.5
31,38,6,0.3
31,40,6,0.35
31,43,6,0.97
31,52,6,0.08
31,69,6,0.04
31,77,6,0.23
31,80,6,0.01
31,85,6,0.86
31,92,6,0.34
31,93,6,0.74
31,98,6,0.44
31,3,8,0.85
31,6,8,0.49
31,8,8,0.11
31,12,8,0.47
31,17,8,0.56
31,31,8,0
31,39,8,0.6
31,44,8,0.82
31,45,8,0.58
31,54,8,0.55
31,55,8,0.01
31,58,8,0.39
31,70,8,0.19
31,74,8,0.99
31,78,8,0.55
31,81,8,0.78
31,92,8,0.43
31,96,8,0.83
31,97,8,0.75
31,99,8,0.61
32,1,3,0.93
32,5,3,0.73
32,18,3,0.59
32,20,3,0.63
32,32,3,0
32,36,3,0.69
32,38,3,0.45
32,42,3,0.34
32,50,3,0.78
32,56,3,0.28
32,67,3,0.23
32,80,3,0.68
32,82,3,0.14
32,89,3,0.25
32,95,3,0.37
32,97,3,0.78
32,31,6,0.41
32,32,6,0
32,33,6,0.23
32,38,6,0.06
32,40,6,0.46
32,43,6,0.79
32,52,6,0.36
32,69,6,0.71
32,77,6,0.98
32,80,6,0.49
32,85,6,0.97
32,92,6,0.65
32,93,6,0.25
32,98,6,0.39
33,12,15,0.01
33,20,15,0.65
33,25,15,0.17
33,30,15,0.72
33,33,15,0
33,34,15,0.19
33,41,15,0.38
33,42,15,0.09
33,51,15,0.01
33,57,15,0.41
33,65,15,0.36
33,76,15,0.67
33,88,15,0.39
33,91,15,0.71
33,2,2,0.11
33,7,2,0.08
33,9,2,0.05
33,10,2,0.91
33,15,2,0.68
33,16,2,0.77
33,33,2,0
33,36,2,0.85
33,53,2,0.12
33,58,2,0.55
33,68,2,0.86
33,4,17,0.12
33,12,17,0.59
33,33,17,0
33,35,17,0.41
33,43,17,0.99
33,51,17,0.36
33,53,17,0.0
33,66,17,0.38
33,69,17,0.8
33,75,17,0.66
33,82,17,0.74
33,85,17,0.56
33,87,17,0.56
33,95,17,0.28
33,99,17,0.77
33,31,6,0.39
33,32,6,0.43
33,33,6,0
33,38,6,0.5
33,40,6,0.8
33,43,6,0.6
33,52,6,0.57
33,69,6,0.49
33,77,6,0.55
33,80,6,0.75
33,85,6,0.7
33,92,6,0.1
33,93,6,0.87
33,98,6,0.25
34,12,15,0.58
34,20,15,0.04
34,25,15,0.93
34,30,15,0.22
34,33,15,0.91
34,34,15,0
34,41,15,0.56
34,42,15,0.66
34,51,15,0.19
34,57,15,0.56
34,65,15,0.11
34,76,15,0.53
34,88,15,0.84
34,91,15,0.39
34,0,7,0.22
34,12,7,0.33
34,24,7,0.28
34,28,7,0.52
34,34,7,0
34,35,7,0.42
34,41,7,0.39
34,49,7,0.56
34,55,7,0.63
34,81,7,0.09
34,90,7,0.08
34,94,7,0.86
35,4,17,0.23
35,12,17,0.99
35,33,17,0.67
35,35,17,0
35,43,17,0.99
35,51,17,0.71
35,53,17,0.17
35,66,17,0.06
35,69,17,0.63
35,75,17,0.14
35,82,17,0.33
35,85,17,0.01
35,87,17,0.13
35,95,17,0.94
35,99,17,0.8
35,0,7,0.3
35,12,7,0.85
35,24,7,0.95
35,28,7,0.92
35,34,7,0.01
35,35,7,0
35,41,7,0.93
35,49,7,0.07
35,55,7,0.43
35,81,7,0.31
35,90,7,0.74
35,94,7,0.46
35,3,13,0.82
35,8,13,0.2
35,14,13,0.64
35,35,13,0
35,37,13,0.34
35,40,13,0.21
35,47,13,0.31
35,59,13,0.56
35,62,13,0.63
35,77,13,0.82
35,89,13,0.9
35,4,19,0.62
35,26,19,0.23
35,27,19,0.15
35,35,19,0
35,43,19,0.1
35,48,19,0.64
35,49,19,0.63
35,63,19,0.34
35,70,19,0.46
35,71,19,0.28
35,73,19,0.11
35,76,19,0.2
35,81,19,0.7
35,86,19,0.42
35,87,19,0.52
35,88,19,0.87
35,89,19,0.3
35,93,19,0.55
36,2,2,0.98
36,7,2,0.27
36,9,2,0.91
36,10,2,0.86
36,15,2,0.55
36,16,2,0.99
36,33,2,0.76
36,36,2,0
36,53,2,0.94
36,58,2,0.26
36,68,2,0.17
36,1,1,0.31
36,8,1,0.83
36,20,1,0.4
36,24,1,0.85
36,28,1,0.17
36,30,1,0.14
36,36,1,0
36,42,1,0.74
36,47,1,0.59
36,48,1,0.32
36,49,1,0.97
36,54,1,0.69
36,67,1,0.68
36,68,1,0.22
36,75,1,0.09
36,79,1,0.2
36,82,1,0.72
36,84,1,0.21
36,94,1,0.2
36,98,1,0.07
36,1,3,0.26
36,5,3,0.34
36,18,3,0.06
36,20,3,0.64
36,32,3,0.97
36,36,3,0
36,38,3,0.66
36,42,3,0.13
36,50,3,0.58
36,56,3,0.24
36,67,3,0.98
36,80,3,0.63
36,82,3,0.62
36,89,3,0.76
36,95,3,0.99
36,97,3,0.84
37,3,13,0.67
37,8,13,0.93
37,14,13,0.61
37,35,13,0.48
37,37,13,0
37,40,13,0.4
37,47,13,0.95
37,59,13,0.09
37,62,13,0.85
37,77,13,0.6
37,89,13,0.47
37,15,9,0.15
37,16,9,0.96
37,18,9,0.04
37,19,9,0.43
37,37,9,0
37,46,9,0.8
37,48,9,0.45
37,50,9,0.05
37,60,9,0.51
37,77,9,0.29
37,91,9,0.14
38,31,6,0.24
38,32,6,0.27
38,33,6,0.36
38,38,6,0
38,40,6,0.95
38,43,6,0.66
38,52,6,0.65
38,69,6,0.27
38,77,6,0.48
38,80,6,0.84
38,85,6,0.11
38,92,6,0.06
38,93,6,0.95
38,98,6,0.3
38,1,3,0.26
38,5,3,0.77
38,18,3,0.72
38,20,3,0.43
38,32,3,0.84
38,36,3,0.58
38,38,3,0
38,42,3,0.54
38,50,3,0.26
38,56,3,0.65
38,67,3,0.24
38,80,3,0.43
38,82,3,0.38
38,89,3,0.96
38,95,3,0.89
38,97,3,0.53
38,8,5,0.62
38,13,5,0.39
38,14,5,0.82
38,27,5,0.12
38,38,5,0
38,56,5,0.09
38,66,5,0.42
38,78,5,0.27
38,81,5,0.72
38,90,5,0.35
39,3,8,0.65
39,6,8,0.88
39,8,8,0.83
39,12,8,0.55
39,17,8,0.08
39,31,8,0.99
39,39,8,0
39,44,8,0.87
39,45,8,0.47
39,54,8,0.54
39,55,8,0.86
39,58,8,0.53
39,70,8,0.57
39,74,8,0.64
39,78,8,0.08
39,81,8,0.72
39,92,8,0.37
39,96,8,0.26
39,97,8,0.62
39,99,8,0.04
39,11,0,0.52
39,18,0,0.97
39,21,0,0.47
39,22,0,0.54
39,39,0,0
39,52,0,0.22
39,55,0,0.42
39,56,0,0.16
39,57,0,0.01
39,62,0,0.53
39,64,0,0.87
39,80,0,0.63
39,84,0,0.55
39,85,0,0.92
39,90,0,0.55
40,31,6,0.03
40,32,6,0.16
40,33,6,0.78
40,38,6,0.74
40,40,6,0
40,43,6,0.65
40,52,6,0.88
40,69,6,0.47
40,77,6,0.14
40,80,6,0.7
40,85,6,0.57
40,92,6,0.87
40,93,6,0.12
40,98,6,0.36
40,1,4,0.68
40,2,4,0.45
40,4,4,0.97
40,21,4,0.68
40,23,4,0.63
40,24,4,0.81
40,26,4,0.75
40,29,4,0.28
40,40,4,0
40,44,4,0.58
40,45,4,0.68
40,46,4,0.56
40,52,4,0.6
40,63,4,0.44
40,69,4,0.01
40,72,4,0.46
40,99,4,0.2
40,0,16,0.16
40,2,16,0.74
40,7,16,0.68
40,13,16,0.34
40,29,16,0.92
40,40,16,0
40,41,16,0.83
40,48,16,0.88
40,50,16,0.62
40,72,16,0.32
40,73,16,0.58
40,83,16,0.27
40,3,13,0.82
40,8,13,0.65
40,14,13,0.13
40,35,13,0.42
40,37,13,0.89
40,40,13,0
40,47,13,0.5
40,59,13,0.3
40,62,13,0.22
40,77,13,0.83
40,89,13,0.41
41,0,7,0.52
41,12,7,0.21
41,24,7,0.81
41,28,7,0.05
41,34,7,0.78
41,35,7,0.9
41,41,7,0
41,49,7,0.42
41,55,7,0.92
41,81,7,0.2
41,90,7,0.83
41,94,7,0.93
41,0,16,0.6
41,2,16,0.6
41,7,16,0.15
41,13,16,0.44
41,29,16,0.12
41,40,16,0.49
41,41,16,0
41,48,16,0.93
41,50,16,0.53
41,72,16,0.23
41,73,16,0.01
41,83,16,0.01
41,12,15,0.17
41,20,15,0.7
41,25,15,0.27
41,30,15,0.33
41,33,15,0.05
41,34,15,0.16
41,41,15,0
41,42,15,0.59
41,51,15,0.37
41,57,15,0.77
41,65,15,0.59
41,76,15,0.87
41,88,15,0.62
41,91,15,0.9
42,1,3,0.12
42,5,3,0.93
42,18,3,0.38
42,20,3,0.39
42,32,3,0.67
42,36,3,0.52
42,38,3,0.81
42,42,3,0
42,50,3,0.62
42,56,3,0.99
42,67,3,0.82
42,80,3,0.02
42,82,3,0.69
42,89,3,0.94
42,95,3,0.4
42,97,3,0.03
42,3,11,0.93
42,6,11,0.49
42,7,11,0.72
42,10,11,0.95
42,14,11,0.56
42,17,11,0.52
42,20,11,0.56
42,42,11,0
42,55,11,0.56
42,67,11,0.57
42,69,11,0.94
42,76,11,0.92
42,84,11,0.44
42,12,15,0.72
42,20,15,0.57
42,25,15,0.45
42,30,15,0.34
42,33,15,0.65
42,34,15,0.84
42,41,15,0.32
42,42,15,0
42,51,15,0.6
42,57,15,0.1
42,65,15,0.33
42,76,15,0.58
42,88,15,0.0
42,91,15,0.32
42,1,1,0.51
42,8,1,0.52
42,20,1,0.54
42,24,1,0.12
42,28,1,0.65
42,30,1,0.02
42,36,1,0.17
42,42,1,0
42,47,1,0.58
42,48,1,0.25
42,49,1,0.93
42,54,1,0.76
42,67,1,0.05
42,68,1,0.94
42,75,1,0.93
42,79,1,0.16
42,82,1,0.86
42,84,1,0.87
42,94,1,0.08
42,98,1,0.68
43,31,6,0.46
43,32,6,0.9
43,33,6,0.4
43,38,6,0.51
43,40,6,0.84
43,43,6,0
43,52,6,0.85
43,69,6,0.72
43,77,6,0.7
43,80,6,0.3
43,85,6,0.5
43,92,6,0.7
43,93,6,0.03
43,98,6,0.21
43,4,17,0.5
43,12,17,0.07
43,33,17,0.77
43,35,17,0.12
43,43,17,0
43,51,17,0.75
43,53,17,0.06
43,66,17,0.94
43,69,17,0.16
43,75,17,0.09
43,82,17,0.87
43,85,17,0.27
43,87,17,0.29
43,95,17,0.42
43,99,17,1.0
43,2,10,0.45
43,5,10,0.89
43,9,10,0.07
43,16,10,0.66
43,17,10,0.48
43,19,10,0.47
43,23,10,0.42
43,25,10,0.59
43,29,10,0.08
43,43,10,0
43,47,10,0.8
43,59,10,0.69
43,73,10,0.92
43,83,10,0.14
43,90,10,0.47
43,92,10,0.66
43,95,10,0.73
43,4,19,0.07
43,26,19,0.5
43,27,19,0.42
43,35,19,0.15
43,43,19,0
43,48,19,0.28
43,49,19,0.54
43,63,19,0.25
43,70,19,0.91
43,71,19,1.0
43,73,19,0.65
43,76,19,0.89
43,81,19,0.23
43,86,19,0.34
43,87,19,0.36
43,88,19,0.76
43,89,19,0.04
43,93,19,0.66
44,9,18,0.79
44,13,18,0.93
44,25,18,0.08
44,44,18,0
44,60,18,0.18
44,61,18,0.51
44,64,18,0.2
44,73,18,0.93
44,78,18,0.94
44,87,18,0.81
44,94,18,0.25
44,96,18,0.26
44,99,18,0.38
44,3,8,1.0
44,6,8,0.68
44,8,8,0.49
44,12,8,0.09
44,17,8,0.35
44,31,8,0.11
44,39,8,0.45
44,44,8,0
44,45,8,0.48
44,54,8,0.49
44,55,8,0.29
44,58,8,0.72
44,70,8,0.1
44,74,8,0.84
44,78,8,0.89
44,81,8,0.07
44,92,8,0.75
44,96,8,0.21
44,97,8,0.57
44,99,8,0.62
44,1,4,0.83
44,2,4,0.11
44,4,4,0.87
44,21,4,0.26
44,23,4,0.85
44,24,4,0.78
44,26,4,0.16
44,29,4,0.32
44,40,4,0.71
44,44,4,0
44,45,4,0.07
44,46,4,0.88
44,52,4,0.47
44,63,4,0.46
44,69,4,0.51
44,72,4,0.62
44,99,4,0.01
45,18,14,0.4
45,22,14,0.29
45,45,14,0
45,52,14,0.88
45,58,14,0.89
45,61,14,0.72
45,62,14,0.48
45,85,14,0.27
45,3,8,0.38
45,6,8,0.45
45,8,8,0.13
45,12,8,0.94
45,17,8,0.85
45,31,8,0.78
45,39,8,0.49
45,44,8,0.37
45,45,8,0
45,54,8,0.25
45,55,8,0.59
45,58,8,0.4
45,70,8,0.51
45,74,8,0.94
45,78,8,0.1
45,81,8,0.32
45,92,8,0.89
45,96,8,0.06
45,97,8,0.64
45,99,8,0.24
45,1,4,0.92
45,2,4,0.99
45,4,4,0.99
45,21,4,0.43
45,23,4,0.65
45,24,4,0.57
45,26,4,0.89
45,29,4,0.89
45,40,4,0.07
45,44,4,0.43
45,45,4,0
45,46,4,0.72
45,52,4,0.7
45,63,4,0.5
45,69,4,0.66
45,72,4,0.4
45,99,4,0.27
46,15,9,0.52
46,16,9,0.89
46,18,9,0.78
46,19,9,0.24
46,37,9,0.51
46,46,9,0
46,48,9,0.65
46,50,9,0.94
46,60,9,0.95
46,77,9,0.09
46,91,9,0.76
46,1,4,0.74
46,2,4,0.34
46,4,4,0.67
46,21,4,0.27
46,23,4,0.98
46,24,4,0.59
46,26,4,0.47
46,29,4,0.27
46,40,4,0.37
46,44,4,0.7
46,45,4,0.57
46,46,4,0
46,52,4,0.57
46,63,4,0.21
46,69,4,0.01
46,72,4,0.13
46,99,4,0.24
47,3,13,0.38
47,8,13,0.06
47,14,13,0.11
47,35,13,0.16
47,37,13,0.57
47,40,13,0.49
47,47,13,0
47,59,13,0.88
47,62,13,0.99
47,77,13,1.0
47,89,13,0.1
47,2,10,0.89
47,5,10,0.7
47,9,10,0.73
47,16,10,0.44
47,17,10,0.23
47,19,10,0.77
47,23,10,0.73
47,25,10,0.17
47,29,10,0.1
47,43,10,0.48
47,47,10,0
47,59,10,0.55
47,73,10,0.27
47,83,10,0.25
47,90,10,0.64
47,92,10,0.7
47,95,10,0.46
47,1,1,0.86
47,8,1,0.64
47,20,1,0.1
47,24,1,0.53
47,28,1,0.9
47,30,1,0.45
47,36,1,0.99
47,42,1,0.29
47,47,1,0
47,48,1,0.39
47,49,1,0.5
47,54,1,0.39
47,67,1,0.31
47,68,1,0.73
47,75,1,0.92
47,79,1,0.32
47,82,1,0.85
47,84,1,0.39
47,94,1,0.04
47,98,1,0.94
48,4,19,0.6
48,26,19,0.69
48,27,19,0.29
48,35,19,0.33
48,43,19,0.32
48,48,19,0
48,49,19,0.92
48,63,19,0.85
48,70,19,0.61
48,71,19,0.83
48,73,19,0.27
48,76,19,0.93
48,81,19,0.61
48,86,19,0.09
48,87,19,0.52
48,88,19,0.57
48,89,19,0.7
48,93,19,0.22
48,1,1,0.14
48,8,1,0.53
48,20,1,0.18
48,24,1,0.01
48,28,1,0.11
48,30,1,0.17
48,36,1,0.45
48,42,1,0.77
48,47,1,0.15
48,48,1,0
48,49,1,0.13
48,54,1,0.32
48,67,1,0.77
48,68,1,0.96
48,75,1,0.67
48,79,1,0.43
48,82,1,0.12
48,84,1,0.98
48,94,1,0.5
48,98,1,0.12
48,0,16,0.04
48,2,16,0.38
48,7,16,0.78
48,13,16,0.7
48,29,16,0.49
48,40,16,0.91
48,41,16,0.95
48,48,16,0
48,50,16,0.43
48,72,16,0.04
48,73,16,0.13
48,83,16,0.14
48,15,9,0.52
48,16,9,0.52
48,18,9,0.69
48,19,9,0.3
48,37,9,0.93
48,46,9,0.14
48,48,9,0
48,50,9,0.48
48,60,9,0.99
48,77,9,0.41
48,91,9,0.49
49,1,1,0.79
49,8,1,0.51
49,20,1,0.72
49,24,1,0.21
49,28,1,0.58
49,30,1,0.24
49,36,1,0.06
49,42,1,0.61
49,47,1,0.72
49,48,1,0.35
49,49,1,0
49,54,1,0.21
49,67,1,0.04
49,68,1,0.34
49,75,1,0.69
49,79,1,0.89
49,82,1,0.12
49,84,1,0.48
49,94,1,0.96
49,98,1,0.01
49,4,19,0.06
49,26,19,0.26
49,27,19,0.64
49,35,19,0.06
49,43,19,0.86
49,48,19,0.27
49,49,19,0
49,63,19,0.62
49,70,19,0.27
49,71,19,0.9
49,73,19,0.21
49,76,19,0.46
49,81,19,0.27
49,86,19,0.45
49,87,19,0.67
49,88,19,0.07
49,89,19,0.12
49,93,19,0.55
49,0,7,0.73
49,12,7,0.97
49,24,7,0.71
49,28,7,0.05
49,34,7,0.41
49,35,7,0.76
49,41,7,0.38
49,49,7,0
49,55,7,0.87
49,81,7,0.41
49,90,7,0.89
49,94,7,0.93
50,1,3,0.4
50,5,3,0.03
50,18,3,0.24
50,20,3,0.6
50,32,3,0.7
50,36,3,0.64
50,38,3,0.51
50,42,3,0.07
50,50,3,0
50,56,3,0.12
50,67,3,0.83
50,80,3,0.56
50,82,3,0.12
50,89,3,0.06
50,95,3,0.2
50,97,3,0.64
50,0,16,0.39
50,2,16,0.59
50,7,16,0.33
50,13,16,0.06
50,29,16,0.35
50,40,16,0.81
50,41,16,0.97
50,48,16,0.13
50,50,16,0
50,72,16,0.49
50,73,16,0.08
50,83,16,0.65
50,15,9,0.56
50,16,9,0.64
50,18,9,0.13
50,19,9,0.11
50,37,9,0.55
50,46,9,0.17
50,48,9,0.64
50,50,9,0
50,60,9,0.44
50,77,9,0.96
50,91,9,0.77
51,12,15,0.69
51,20,15,0.44
51,25,15,0.49
51,30,15,0.13
51,33,15,0.63
51,34,15,0.82
51,41,15,0.17
51,42,15,0.8
51,51,15,0
51,57,15,0.69
51,65,15,0.06
51,76,15,0.82
51,88,15,0.61
51,91,15,0.69
51,4,17,0.05
51,12,17,0.82
51,33,17,0.91
51,35,17,0.09
51,43,17,0.15
51,51,17,0
51,53,17,0.95
51,66,17,0.73
51,69,17,0.09
51,75,17,0.35
51,82,17,0.05
51,85,17,0.78
51,87,17,0.93
51,95,17,0.59
51,99,17,0.14
52,31,6,0.01
52,32,6,0.1
52,33,6,0.43
52,38,6,0.61
52,40,6,0.59
52,43,6,0.57
52,52,6,0
52,69,6,0.88
52,77,6,0.94
52,80,6,0.81
52,85,6,0.81
52,92,6,0.68
52,93,6,0.15
52,98,6,0.1
52,18,14,0.5
52,22,14,0.93
52,45,14,0.7
52,52,14,0
52,58,14,0.82
52,61,14,0.07
52,62,14,0.35
52,85,14,0.98
52,1,4,0.74
52,2,4,0.51
52,4,4,0.17
52,21,4,0.82
52,23,4,0.01
52,24,4,0.35
52,26,4,0.12
52,29,4,0.26
52,40,4,0.27
52,44,4,0.77
52,45,4,0.19
52,46,4,0.1
52,52,4,0
52,63,4,0.04
52,69,4,0.64
52,72,4,0.31
52,99,4,0.7
52,11,0,0.48
52,18,0,0.55
52,21,0,0.73
52,22,0,0.27
52,39,0,0.97
52,52,0,0
52,55,0,0.86
52,56,0,0.21
52,57,0,0.66
52,62,0,0.24
52,64,0,0.22
52,80,0,0.04
52,84,0,0.82
52,85,0,0.92
52,90,0,0.22
53,2,2,0.8
53,7,2,0.92
53,9,2,0.3
53,10,2,0.15
53,15,2,0.44
53,16,2,0.12
53,33,2,0.64
53,36,2,0.22
53,53,2,0
53,58,2,0.87
53,68,2,0.06
53,4,17,0.97
53,12,17,0.24
53,33,17,0.11
53,35,17,0.3
53,43,17,0.95
53,51,17,0.85
53,53,17,0
53,66,17,0.66
53,69,17,0.2
53,75,17,0.19
53,82,17,0.19
53,85,17,0.88
53,87,17,0.25
53,95,17,0.84
53,99,17,0.17
54,1,1,0.29
54,8,1,0.0
54,20,1,0.83
54,24,1,0.35
54,28,1,0.13
54,30,1,0.83
54,36,1,0.56
54,42,1,0.3
54,47,1,0.85
54,48,1,0.46
54,49,1,0.25
54,54,1,0
54,67,1,0.28
54,68,1,0.49
54,75,1,0.99
54,79,1,0.62
54,82,1,0.6
54,84,1,0.37
54,94,1,0.99
54,98,1,0.17
54,3,8,0.57
54,6,8,0.01
54,8,8,0.75
54,12,8,0.28
54,17,8,0.01
54,31,8,0.78
54,39,8,0.24
54,44,8,0.27
54,45,8,0.37
54,54,8,0
54,55,8,0.88
54,58,8,0.73
54,70,8,0.23
54,74,8,0.17
54,78,8,0.92
54,81,8,0.29
54,92,8,0.27
54,96,8,0.29
54,97,8,0.75
54,99,8,0.33
55,11,0,0.0
55,18,0,0.67
55,21,0,0.46
55,22,0,0.16
55,39,0,0.71
55,52,0,0.7
55,55,0,0
55,56,0,0.12
55,57,0,0.64
55,62,0,0.83
55,64,0,0.59
55,80,0,0.9
55,84,0,0.13
55,85,0,0.86
55,90,0,0.2
55,0,7,0.85
55,12,7,0.92
55,24,7,0.36
55,28,7,0.21
55,34,7,0.63
55,35,7,0.63
55,41,7,0.15
55,49,7,0.79
55,55,7,0
55,81,7,0.8
55,90,7,0.57
55,94,7,0.57
55,3,11,0.45
55,6,11,0.55
55,7,11,0.08
55,10,11,0.19
55,14,11,0.45
55,17,11,0.06
55,20,11,0.32
55,42,11,0.39
55,55,11,0
55,67,11,0.91
55,69,11,0.84
55,76,11,0.63
55,84,11,0.95
55,3,8,0.4
55,6,8,0.66
55,8,8,0.42
55,12,8,0.3
55,17,8,0.68
55,31,8,0.9
55,39,8,0.92
55,44,8,0.41
55,45,8,0.29
55,54,8,0.3
55,55,8,0
55,58,8,0.76
55,70,8,0.08
55,74,8,0.57
55,78,8,0.59
55,81,8,0.8
55,92,8,0.14
55,96,8,0.88
55,97,8,0.08
55,99,8,0.47
56,1,3,0.44
56,5,3,0.63
56,18,3,0.63
56,20,3,0.18
56,32,3,0.34
56,36,3,0.63
56,38,3,0.31
56,42,3,0.56
56,50,3,0.56
56,56,3,0
56,67,3,0.64
56,80,3,0.8
56,82,3,0.87
56,89,3,0.4
56,95,3,0.6
56,97,3,0.03
56,8,5,0.62
56,13,5,0.48
56,14,5,0.55
56,27,5,0.77
56,38,5,0.92
56,56,5,0
56,66,5,0.43
56,78,5,0.7
56,81,5,0.89
56,90,5,0.56
56,11,0,0.83
56,18,0,0.55
56,21,0,0.03
56,22,0,0.92
56,39,0,0.15
56,52,0,0.08
56,55,0,0.38
56,56,0,0
56,57,0,0.35
56,62,0,0.17
56,64,0,0.96
56,80,0,0.81
56,84,0,0.75
56,85,0,0.11
56,90,0,0.77
57,12,15,0.89
57,20,15,0.77
57,25,15,0.66
57,30,15,0.09
57,33,15,0.77
57,34,15,0.29
57,41,15,0.88
57,42,15,0.78
57,51,15,0.57
57,57,15,0
57,65,15,0.85
57,76,15,0.91
57,88,15,0.17
57,91,15,0.77
57,11,0,0.47
57,18,0,0.81
57,21,0,0.75
57,22,0,0.47
57,39,0,0.35
57,52,0,0.84
57,55,0,0.82
57,56,0,0.4
57,57,0,0
57,62,0,0.07
57,64,0,0.71
57,80,0,0.02
57,84,0,0.07
57,85,0,0.45
57,90,0,0.39
58,3,8,0.94
58,6,8,0.64
58,8,8,0.03
58,12,8,0.29
58,17,8,0.45
58,31,8,0.04
58,39,8,0.14
58,44,8,0.13
58,45,8,0.68
58,54,8,0.15
58,55,8,0.2
58,58,8,0
58,70,8,0.27
58,74,8,0.98
58,78,8,0.64
58,81,8,0.17
58,92,8,0.26
58,96,8,0.18
58,97,8,0.13
58,99,8,0.26
58,18,14,0.76
58,22,14,0.87
58,45,14,0.13
58,52,14,0.16
58,58,14,0
58,61,14,0.38
58,62,14,1.0
58,85,14,0.86
58,2,2,0.99
58,7,2,0.58
58,9,2,0.93
58,10,2,0.1
58,15,2,0.29
58,16,2,0.69
58,33,2,0.6
58,36,2,0.15
58,53,2,0.52
58,58,2,0
58,68,2,0.41
59,2,10,0.65
59,5,10,0.85
59,9,10,0.66
59,16,10,0.24
59,17,10,0.86
59,19,10,0.3
59,23,10,0.76
59,25,10,0.76
59,29,10,0.18
59,43,10,0.81
59,47,10,0.83
59,59,10,0
59,73,10,0.0
59,83,10,0.84
59,90,10,0.81
59,92,10,0.2
59,95,10,0.28
59,1,12,0.18
59,11,12,0.73
59,13,12,0.46
59,15,12,0.79
59,21,12,0.8
59,29,12,0.15
59,30,12,0.15
59,59,12,0
59,61,12,0.9
59,65,12,0.66
59,67,12,0.38
59,70,12,0.98
59,71,12,0.12
59,74,12,0.64
59,79,12,0.34
59,86,12,0.63
59,98,12,0.03
59,3,13,0.36
59,8,13,0.64
59,14,13,0.75
59,35,13,0.97
59,37,13,0.28
59,40,13,0.06
59,47,13,0.14
59,59,13,0
59,62,13,0.33
59,77,13,0.25
59,89,13,0.56
60,9,18,0.84
60,13,18,0.96
60,25,18,0.8
60,44,18,0.99
60,60,18,0
60,61,18,0.68
60,64,18,0.49
60,73,18,0.98
60,78,18,0.18
60,87,18,0.39
60,94,18,0.16
60,96,18,0.07
60,99,18,0.69
60,15,9,0.03
60,16,9,0.13
60,18,9,0.83
60,19,9,0.91
60,37,9,0.07
60,46,9,0.13
60,48,9,0.37
60,50,9,0.14
60,60,9,0
60,77,9,0.22
60,91,9,0.9
61,1,12,0.54
61,11,12,0.31
61,13,12,0.68
61,15,12,0.16
61,21,12,0.54
61,29,12,0.11
61,30,12,0.89
61,59,12,0.46
61,61,12,0
61,65,12,0.23
61,67,12,0.76
61,70,12,0.03
61,71,12,0.55
61,74,12,0.97
61,79,12,0.99
61,86,12,0.44
61,98,12,0.86
61,18,14,0.57
61,22,14,0.34
61,45,14,0.04
61,52,14,0.52
61,58,14,0.01
61,61,14,0
61,62,14,0.73
61,85,14,0.58
61,9,18,0.28
61,13,18,0.49
61,25,18,0.39
61,44,18,0.37
61,60,18,0.56
61,61,18,0
61,64,18,0.31
61,73,18,0.04
61,78,18,0.1
61,87,18,0.9
61,94,18,0.72
61,96,18,0.37
61,99,18,0.11
62,3,13,0.92
62,8,13,0.86
62,14,13,0.6
62,35,13,0.29
62,37,13,0.85
62,40,13,0.94
62,47,13,0.23
62,59,13,0.98
62,62,13,0
62,77,13,0.8
62,89,13,0.32
62,18,14,0.08
62,22,14,0.97
62,45,14,0.62
62,52,14,0.12
62,58,14,0.15
62,61,14,0.8
62,62,14,0
62,85,14,0.35
62,11,0,0.22
62,18,0,0.12
62,21,0,0.78
62,22,0,0.09
62,39,0,0.54
62,52,0,0.48
62,55,0,0.03
62,56,0,0.47
62,57,0,0.62
62,62,0,0
62,64,0,0.41
62,80,0,0.49
62,84,0,0.04
62,85,0,0.02
62,90,0,0.63
63,1,4,0.78
63,2,4,0.57
63,4,4,0.17
63,21,4,0.33
63,23,4,0.72
63,24,4,0.75
63,26,4,0.79
63,29,4,0.19
63,40,4,0.62
63,44,4,0.04
63,45,4,0.36
63,46,4,0.9
63,52,4,0.82
63,63,4,0
63,69,4,0.63
63,72,4,0.57
63,99,4,0.25
63,4,19,0.79
63,26,19,0.5
63,27,19,0.3
63,35,19,0.7
63,43,19,0.41
63,48,19,0.71
63,49,19,0.23
63,63,19,0
63,70,19,0.36
63,71,19,0.21
63,73,19,0.87
63,76,19,0.1
63,81,19,0.09
63,86,19,0.64
63,87,19,0.3
63,88,19,0.92
63,89,19,0.22
63,93,19,0.63
64,11,0,0.23
64,18,0,0.99
64,21,0,0.78
64,22,0,0.94
64,39,0,0.89
64,52,0,0.8
64,55,0,0.72
64,56,0,0.39
64,57,0,0.55
64,62,0,0.48
64,64,0,0
64,80,0,0.06
64,84,0,0.83
64,85,0,0.27
64,90,0,0.46
64,9,18,0.45
64,13,18,0.79
64,25,18,0.49
64,44,18,0.85
64,60,18,0.77
64,61,18,0.76
64,64,18,0
64,73,18,0.77
64,78,18,0.79
64,87,18,0.03
64,94,18,0.33
64,96,18,0.23
64,99,18,0.56
65,1,12,0.84
65,11,12,0.87
65,13,12,0.78
65,15,12,0.29
65,21,12,0.68
65,29,12,0.51
65,30,12,0.87
65,59,12,0.04
65,61,12,0.07
65,65,12,0
65,67,12,0.94
65,70,12,0.08
65,71,12,0.81
65,74,12,0.33
65,79,12,0.2
65,86,12,0.97
65,98,12,0.66
65,12,15,0.38
65,20,15,0.33
65,25,15,0.32
65,30,15,0.52
65,33,15,0.71
65,34,15,0.27
65,41,15,0.72
65,42,15,0.63
65,51,15,0.56
65,57,15,0.59
65,65,15,0
65,76,15,0.22
65,88,15,0.1
65,91,15,0.29
66,8,5,0.22
66,13,5,0.94
66,14,5,0.11
66,27,5,0.16
66,38,5,0.3
66,56,5,0.51
66,66,5,0
66,78,5,0.16
66,81,5,0.27
66,90,5,0.56
66,4,17,0.79
66,12,17,0.46
66,33,17,0.82
66,35,17,0.89
66,43,17,0.43
66,51,17,0.73
66,53,17,0.23
66,66,17,0
66,69,17,0.98
66,75,17,0.22
66,82,17,0.93
66,85,17,0.2
66,87,17,0.23
66,95,17,0.28
66,99,17,0.34
67,1,12,0.46
67,11,12,0.27
67,13,12,0.23
67,15,12,0.4
67,21,12,0.45
67,29,12,0.08
67,30,12,0.08
67,59,12,0.45
67,61,12,0.32
67,65,12,0.87
67,67,12,0
67,70,12,0.32
67,71,12,0.45
67,74,12,0.89
67,79,12,0.25
67,86,12,0.65
67,98,12,0.53
67,1,3,0.01
67,5,3,0.53
67,18,3,0.02
67,20,3,0.06
67,32,3,0.55
67,36,3,0.96
67,38,3,0.39
67,42,3,0.54
67,50,3,0.07
67,56,3,0.54
67,67,3,0
67,80,3,0.63
67,82,3,0.42
67,89,3,0.58
67,95,3,0.54
67,97,3,0.53
67,1,1,0.73
67,8,1,0.06
67,20,1,0.27
67,24,1,0.36
67,28,1,0.67
67,30,1,0.03
67,36,1,0.57
67,42,1,0.55
67,47,1,0.29
67,48,1,0.52
67,49,1,0.41
67,54,1,0.84
67,67,1,0
67,68,1,0.29
67,75,1,0.21
67,79,1,0.3
67,82,1,0.23
67,84,1,0.6
67,94,1,0.6
67,98,1,0.11
67,3,11,0.27
67,6,11,0.8
67,7,11,0.02
67,10,11,0.58
67,14,11,0.17
67,17,11,0.69
67,20,11,0.76
67,42,11,0.8
67,55,11,0.44
67,67,11,0
67,69,11,0.73
67,76,11,0.28
67,84,11,0.39
68,2,2,0.43
68,7,2,0.41
68,9,2,0.59
68,10,2,0.83
68,15,2,0.25
68,16,2,0.76
68,33,2,0.7
68,36,2,0.45
68,53,2,0.41
68,58,2,0.34
68,68,2,0
68,1,1,0.62
68,8,1,0.84
68,20,1,0.83
68,24,1,0.58
68,28,1,0.05
68,30,1,0.46
68,36,1,0.71
68,42,1,0.61
68,47,1,0.79
68,48,1,0.87
68,49,1,0.46
68,54,1,0.5
68,67,1,0.24
68,68,1,0
68,75,1,0.44
68,79,1,0.43
68,82,1,0.06
68,84,1,0.34
68,94,1,1.0
68,98,1,0.3
69,31,6,0.16
69,32,6,0.81
69,33,6,0.98
69,38,6,0.32
69,40,6,0.38
69,43,6,0.03
69,52,6,0.56
69,69,6,0
69,77,6,0.8
69,80,6,0.67
69,85,6,0.15
69,92,6,0.55
69,93,6,0.16
69,98,6,0.17
69,4,17,0.64
69,12,17,0.67
69,33,17,0.76
69,35,17,0.91
69,43,17,0.17
69,51,17,0.74
69,53,17,0.07
69,66,17,0.51
69,69,17,0
69,75,17,0.81
69,82,17,0.18
69,85,17,0.77
69,87,17,0.7
69,95,17,0.22
69,99,17,0.27
69,3,11,0.15
69,6,11,0.08
69,7,11,0.62
69,10,11,0.46
69,14,11,0.24
69,17,11,0.67
69,20,11,0.88
69,42,11,0.03
69,55,11,0.94
69,67,11,0.79
69,69,11,0
69,76,11,0.54
69,84,11,0.83
69,1,4,0.61
69,2,4,0.88
69,4,4,0.82
69,21,4,0.81
69,23,4,0.25
69,24,4,0.19
69,26,4,0.22
69,29,4,0.15
69,40,4,0.47
69,44,4,0.83
69,45,4,0.78
69,46,4,0.31
69,52,4,0.02
69,63,4,0.1
69,69,4,0
69,72,4,0.85
69,99,4,0.83
70,4,19,0.13
70,26,19,0.49
70,27,19,0.42
70,35,19,0.01
70,43,19,0.3
70,48,19,0.76
70,49,19,0.77
70,63,19,0.33
70,70,19,0
70,71,19,0.67
70,73,19,0.52
70,76,19,0.46
70,81,19,0.08
70,86,19,0.12
70,87,19,0.55
70,88,19,0.12
70,89,19,0.01
70,93,19,0.75
70,1,12,0.29
70,11,12,0.11
70,13,12,0.58
70,15,12,0.06
70,21,12,0.59
70,29,12,0.26
70,30,12,0.7
70,59,12,0.83
70,61,12,0.57
70,65,12,0.44
70,67,12,0.7
70,70,12,0
70,71,12,0.45
70,74,12,0.7
70,79,12,0.05
70,86,12,0.58
70,98,12,0.67
70,3,8,0.32
70,6,8,0.81
70,8,8,0.59
70,12,8,0.21
70,17,8,0.89
70,31,8,0.6
70,39,8,0.57
70,44,8,0.44
70,45,8,0.49
70,54,8,0.08
70,55,8,0.58
70,58,8,0.62
70,70,8,0
70,74,8,0.06
70,78,8,0.03
70,81,8,0.48
70,92,8,0.63
70,96,8,0.24
70,97,8,0.0
70,99,8,0.82
71,1,12,0.37
71,11,12,0.31
71,13,12,0.38
71,15,12,0.32
71,21,12,0.51
71,29,12,0.64
71,30,12,0.19
71,59,12,0.79
71,61,12,0.76
71,65,12,0.07
71,67,12,0.35
71,70,12,0.42
71,71,12,0
71,74,12,0.32
71,79,12,0.58
71,86,12,0.18
71,98,12,0.48
71,4,19,0.88
71,26,19,0.65
71,27,19,0.19
71,35,19,0.14
71,43,19,0.77
71,48,19,1.0
71,49,19,0.14
71,63,19,0.74
71,70,19,0.91
71,71,19,0
71,73,19,0.18
71,76,19,0.6
71,81,19,0.62
71,86,19,0.79
71,87,19,0.75
71,88,19,0.16
71,89,19,0.69
71,93,19,0.99
72,0,16,0.16
72,2,16,0.11
72,7,16,0.73
72,13,16,0.63
72,29,16,0.11
72,40,16,0.18
72,41,16,0.44
72,48,16,0.19
72,50,16,0.39
72,72,16,0
72,73,16,0.89
72,83,16,0.1
72,1,4,0.23
72,2,4,0.56
72,4,4,0.04
72,21,4,0.94
72,23,4,0.27
72,24,4,0.8
72,26,4,0.08
72,29,4,0.97
72,40,4,0.56
72,44,4,0.12
72,45,4,0.24
72,46,4,0.32
72,52,4,0.19
72,63,4,0.18
72,69,4,0.84
72,72,4,0
72,99,4,0.64
73,0,16,0.03
73,2,16,0.62
73,7,16,0.7
73,13,16,0.01
73,29,16,0.96
73,40,16,0.46
73,41,16,0.79
73,48,16,0.92
73,50,16,0.3
73,72,16,0.67
73,73,16,0
73,83,16,0.5
73,4,19,0.85
73,26,19,0.47
73,27,19,0.26
73,35,19,0.48
73,43,19,0.04
73,48,19,0.66
73,49,19,0.43
73,63,19,0.66
73,70,19,0.75
73,71,19,0.47
73,73,19,0
73,76,19,0.69
73,81,19,0.16
73,86,19,0.69
73,87,19,0.84
73,88,19,0.54
73,89,19,0.64
73,93,19,0.63
73,9,18,0.63
73,13,18,0.27
73,25,18,0.07
73,44,18,0.32
73,60,18,0.19
73,61,18,0.0
73,64,18,0.5
73,73,18,0
73,78,18,0.14
73,87,18,0.37
73,94,18,0.2
73,96,18,0.75
73,99,18,0.42
73,2,10,0.47
73,5,10,0.88
73,9,10,0.93
73,16,10,0.31
73,17,10,0.96
73,19,10,0.28
73,23,10,0.87
73,25,10,0.86
73,29,10,0.32
73,43,10,0.46
73,47,10,0.21
73,59,10,0.42
73,73,10,0
73,83,10,0.57
73,90,10,0.66
73,92,10,0.47
73,95,10,0.52
74,3,8,0.46
74,6,8,0.07
74,8,8,0.97
74,12,8,0.5
74,17,8,0.77
74,31,8,0.64
74,39,8,0.31
74,44,8,0.72
74,45,8,0.66
74,54,8,0.71
74,55,8,0.89
74,58,8,0.66
74,70,8,0.12
74,74,8,0
74,78,8,0.92
74,81,8,0.79
74,92,8,0.08
74,96,8,0.14
74,97,8,0.26
74,99,8,0.84
74,1,12,0.94
74,11,12,0.21
74,13,12,0.98
74,15,12,0.42
74,21,12,0.23
74,29,12,0.42
74,30,12,0.14
74,59,12,0.61
74,61,12,0.18
74,65,12,0.27
74,67,12,0.38
74,70,12,0.8
74,71,12,0.74
74,74,12,0
74,79,12,0.59
74,86,12,0.25
74,98,12,0.99
75,4,17,0.88
75,12,17,0.23
75,33,17,0.97
75,35,17,0.95
75,43,17,0.52
75,51,17,0.16
75,53,17,0.59
75,66,17,0.58
75,69,17,0.44
75,75,17,0
75,82,17,0.57
75,85,17,0.11
75,87,17,0.79
75,95,17,0.52
75,99,17,0.79
75,1,1,0.72
75,8,1,0.98
75,20,1,0.0
75,24,1,0.83
75,28,1,0.14
75,30,1,0.45
75,36,1,0.04
75,42,1,0.41
75,47,1,0.71
75,48,1,0.25
75,49,1,0.92
75,54,1,0.44
75,67,1,0.46
75,68,1,0.19
75,75,1,0
75,79,1,0.99
75,82,1,0.13
75,84,1,0.01
75,94,1,0.59
75,98,1,0.76
76,3,11,0.64
76,6,11,0.24
76,7,11,0.33
76,10,11,0.7
76,14,11,0.53
76,17,11,0.11
76,20,11,0.24
76,42,11,0.91
76,55,11,0.72
76,67,11,0.98
76,69,11,0.88
76,76,11,0
76,84,11,0.19
76,12,15,0.08
76,20,15,0.58
76,25,15,0.04
76,30,15,0.41
76,33,15,0.77
76,34,15,0.85
76,41,15,0.05
76,42,15,0.0
76,51,15,0.85
76,57,15,0.62
76,65,15,0.67
76,76,15,0
76,88,15,0.5
76,91,15,0.55
76,4,19,0.52
76,26,19,0.64
76,27,19,0.87
76,35,19,0.78
76,43,19,0.53
76,48,19,0.93
76,49,19,0.41
76,63,19,0.44
76,70,19,0.79
76,71,19,0.6
76,73,19,0.45
76,76,19,0
76,81,19,0.88
76,86,19,0.83
76,87,19,0.61
76,88,19,0.21
76,89,19,0.69
76,93,19,0.97
77,31,6,0.1
77,32,6,0.78
77,33,6,0.39
77,38,6,0.15
77,40,6,0.57
77,43,6,0.24
77,52,6,0.3
77,69,6,0.43
77,77,6,0
77,80,6,0.37
77,85,6,0.59
77,92,6,0.64
77,93,6,0.94
77,98,6,0.95
77,15,9,0.7
77,16,9,0.14
77,18,9,0.58
77,19,9,0.17
77,37,9,0.57
77,46,9,0.39
77,48,9,0.17
77,50,9,0.76
77,60,9,0.95
77,77,9,0
77,91,9,0.35
77,3,13,0.54
77,8,13,0.33
77,14,13,0.29
77,35,13,0.51
77,37,13,0.44
77,40,13,0.42
77,47,13,0.67
77,59,13,0.2
77,62,13,0.25
77,77,13,0
77,89,13,0.29
78,3,8,0.1
78,6,8,0.98
78,8,8,0.61
78,12,8,0.63
78,17,8,0.89
78,31,8,0.78
78,39,8,0.88
78,44,8,0.95
78,45,8,0.28
78,54,8,0.85
78,55,8,0.59
78,58,8,0.83
78,70,8,0.16
78,74,8,0.11
78,78,8,0
78,81,8,0.95
78,92,8,0.47
78,96,8,0.65
78,97,8,0.31
78,99,8,0.85
78,8,5,0.65
78,13,5,0.72
78,14,5,0.63
78,27,5,0.56
78,38,5,0.55
78,56,5,0.38
78,66,5,0.95
78,78,5,0
78,81,5,0.7
78,90,5,0.94
78,9,18,0.04
78,13,18,0.16
78,25,18,0.48
78,44,18,0.84
78,60,18,0.5
78,61,18,0.61
78,64,18,0.02
78,73,18,0.28
78,78,18,0
78,87,18,0.84
78,94,18,0.05
78,96,18,0.42
78,99,18,0.27
79,1,12,0.31
79,11,12,0.57
79,13,12,0.95
79,15,12,0.96
79,21,12,0.98
79,29,12,0.92
79,30,12,0.93
79,59,12,0.21
79,61,12,0.65
79,65,12,0.81
79,67,12,0.91
79,70,12,0.38
79,71,12,0.23
79,74,12,0.04
79,79,12,0
79,86,12,0.66
79,98,12,0.62
79,1,1,0.81
79,8,1,0.29
79,20,1,0.77
79,24,1,0.82
79,28,1,0.78
79,30,1,0.08
79,36,1,0.24
79,42,1,0.55
79,47,1,0.94
79,48,1,0.63
79,49,1,0.16
79,54,1,0.34
79,67,1,0.29
79,68,1,0.99
79,75,1,0.11
79,79,1,0
79,82,1,0.07
79,84,1,0.83
79,94,1,0.52
79,98,1,0.45
80,1,3,0.07
80,5,3,0.0
80,18,3,0.87
80,20,3,0.62
80,32,3,0.09
80,36,3,0.84
80,38,3,0.68
80,42,3,0.67
80,50,3,0.79
80,56,3,0.28
80,67,3,0.73
80,80,3,0
80,82,3,0.33
80,89,3,0.97
80,95,3,0.92
80,97,3,0.62
80,11,0,0.68
80,18,0,0.91
80,21,0,0.77
80,22,0,0.18
80,39,0,0.85
80,52,0,0.96
80,55,0,0.34
80,56,0,0.1
80,57,0,0.52
80,62,0,0.24
80,64,0,0.35
80,80,0,0
80,84,0,0.41
80,85,0,0.15
80,90,0,0.73
80,31,6,0.15
80,32,6,0.7
80,33,6,0.16
80,38,6,0.18
80,40,6,0.65
80,43,6,0.84
80,52,6,0.18
80,69,6,0.95
80,77,6,0.79
80,80,6,0
80,85,6,0.49
80,92,6,0.07
80,93,6,0.08
80,98,6,0.54
81,4,19,0.08
81,26,19,0.11
81,27,19,0.8
81,35,19,0.25
81,43,19,0.17
81,48,19,0.31
81,49,19,1.0
81,63,19,0.79
81,70,19,0.81
81,71,19,0.01
81,73,19,0.31
81,76,19,0.19
81,81,19,0
81,86,19,1.0
81,87,19,1.0
81,88,19,0.86
81,89,19,0.61
81,93,19,0.79
81,3,8,0.25
81,6,8,0.82
81,8,8,0.91
81,12,8,0.67
81,17,8,0.65
81,31,8,0.24
81,39,8,0.72
81,44,8,0.27
81,45,8,0.98
81,54,8,0.51
81,55,8,0.83
81,58,8,0.84
81,70,8,0.59
81,74,8,0.61
81,78,8,0.18
81,81,8,0
81,92,8,0.2
81,96,8,0.34
81,97,8,0.72
81,99,8,0.54
81,8,5,0.04
81,13,5,0.54
81,14,5,0.22
81,27,5,0.02
81,38,5,0.69
81,56,5,0.04
81,66,5,0.63
81,78,5,0.58
81,81,5,0
81,90,5,0.44
81,0,7,0.99
81,12,7,0.77
81,24,7,0.11
81,28,7,0.97
81,34,7,0.53
81,35,7,0.97
81,41,7,0.36
81,49,7,0.12
81,55,7,0.93
81,81,7,0
81,90,7,0.7
81,94,7,0.7
82,1,3,0.21
82,5,3,0.88
82,18,3,0.91
82,20,3,0.48
82,32,3,0.13
82,36,3,0.89
82,38,3,0.11
82,42,3,0.8
82,50,3,0.77
82,56,3,0.88
82,67,3,0.83
82,80,3,0.76
82,82,3,0
82,89,3,0.25
82,95,3,0.31
82,97,3,0.81
82,4,17,0.58
82,12,17,0.44
82,33,17,0.34
82,35,17,0.67
82,43,17,0.86
82,51,17,0.71
82,53,17,0.94
82,66,17,0.74
82,69,17,0.26
82,75,17,0.78
82,82,17,0
82,85,17,0.99
82,87,17,0.17
82,95,17,0.13
82,99,17,0.11
82,1,1,0.68
82,8,1,0.3
82,20,1,0.64
82,24,1,0.8
82,28,1,0.93
82,30,1,0.46
82,36,1,0.7
82,42,1,0.96
82,47,1,0.68
82,48,1,0.47
82,49,1,0.12
82,54,1,0.76
82,67,1,0.21
82,68,1,0.41
82,75,1,0.21
82,79,1,0.63
82,82,1,0
82,84,1,0.45
82,94,1,0.95
82,98,1,0.41
83,0,16,0.2
83,2,16,0.8
83,7,16,0.24
83,13,16,0.45
83,29,16,0.31
83,40,16,0.17
83,41,16,0.13
83,48,16,0.85
83,50,16,0.19
83,72,16,0.17
83,73,16,0.81
83,83,16,0
83,2,10,0.69
83,5,10,0.94
83,9,10,0.81
83,16,10,0.91
83,17,10,0.86
83,19,10,0.71
83,23,10,0.18
83,25,10,0.07
83,29,10,0.77
83,43,10,0.6
83,47,10,0.2
83,59,10,0.7
83,73,10,0.72
83,83,10,0
83,90,10,0.56
83,92,10,0.01
83,95,10,0.95
84,11,0,0.05
84,18,0,0.23
84,21,0,0.57
84,22,0,0.27
84,39,0,0.81
84,52,0,0.22
84,55,0,0.23
84,56,0,0.39
84,57,0,0.57
84,62,0,0.52
84,64,0,0.31
84,80,0,0.01
84,84,0,0
84,85,0,0.22
84,90,0,0.88
84,1,1,0.81
84,8,1,0.34
84,20,1,0.56
84,24,1,0.84
84,28,1,0.34
84,30,1,0.21
84,36,1,0.23
84,42,1,0.75
84,47,1,0.69
84,48,1,0.48
84,49,1,0.48
84,54,1,0.34
84,67,1,0.01
84,68,1,0.08
84,75,1,0.86
84,79,1,0.48
84,82,1,0.44
84,84,1,0
84,94,1,0.1
84,98,1,1.0
84,3,11,0.44
84,6,11,0.87
84,7,11,0.93
84,10,11,0.56
84,14,11,0.62
84,17,11,0.46
84,20,11,0.66
84,42,11,0.2
84,55,11,0.62
84,67,11,0.56
84,69,11,0.76
84,76,11,0.07
84,84,11,0
85,11,0,0.36
85,18,0,0.84
85,21,0,0.45
85,22,0,0.48
85,39,0,0.45
85,52,0,0.19
85,55,0,0.15
85,56,0,0.47
85,57,0,0.37
85,62,0,0.28
85,64,0,0.97
85,80,0,0.7
85,84,0,0.78
85,85,0,0
85,90,0,0.81
85,4,17,0.13
85,12,17,0.79
85,33,17,0.26
85,35,17,0.39
85,43,17,0.98
85,51,17,0.53
85,53,17,0.56
85,66,17,0.46
85,69,17,0.91
85,75,17,0.91
85,82,17,0.08
85,85,17,0
85,87,17,0.86
85,95,17,0.21
85,99,17,0.06
85,31,6,0.46
85,32,6,0.45
85,33,6,0.76
85,38,6,0.09
85,40,6,0.85
85,43,6,0.75
85,52,6,0.09
85,69,6,0.63
85,77,6,0.12
85,80,6,0.49
85,85,6,0
85,92,6,0.29
85,93,6,0.81
85,98,6,0.84
85,18,14,0.93
85,22,14,0.9
85,45,14,0.01
85,52,14,0.92
85,58,14,0.93
85,61,14,0.74
85,62,14,0.45
85,85,14,0
86,4,19,0.68
86,26,19,0.26
86,27,19,0.36
86,35,19,0.72
86,43,19,0.29
86,48,19,0.34
86,49,19,0.04
86,63,19,0.65
86,70,19,0.99
86,71,19,0.75
86,73,19,0.13
86,76,19,0.23
86,81,19,0.36
86,86,19,0
86,87,19,0.28
86,88,19,0.57
86,89,19,0.76
86,93,19,0.13
86,1,12,0.91
86,11,12,0.07
86,13,12,0.94
86,15,12,0.85
86,21,12,0.69
86,29,12,0.04
86,30,12,0.99
86,59,12,0.39
86,61,12,0.52
86,65,12,0.85
86,67,12,0.49
86,70,12,0.31
86,71,12,0.14
86,74,12,0.65
86,79,12,0.62
86,86,12,0
86,98,12,0.49
87,9,18,0.73
87,13,18,0.59
87,25,18,0.03
87,44,18,0.65
87,60,18,0.89
87,61,18,0.48
87,64,18,0.77
87,73,18,0.4
87,78,18,0.31
87,87,18,0
87,94,18,0.31
87,96,18,0.48
87,99,18,0.75
87,4,19,0.1
87,26,19,0.01
87,27,19,0.04
87,35,19,0.8
87,43,19,0.59
87,48,19,0.96
87,49,19,0.5
87,63,19,0.6
87,70,19,0.63
87,71,19,0.26
87,73,19,0.02
87,76,19,0.38
87,81,19,0.79
87,86,19,0.82
87,87,19,0
87,88,19,0.06
87,89,19,0.2
87,93,19,0.0
87,4,17,0.85
87,12,17,0.8
87,33,17,0.29
87,35,17,0.26
87,43,17,0.32
87,51,17,0.11
87,53,17,0.23
87,66,17,0.15
87,69,17,0.86
87,75,17,0.51
87,82,17,0.32
87,85,17,0.78
87,87,17,0
87,95,17,0.62
87,99,17,0.42
88,12,15,0.36
88,20,15,0.12
88,25,15,0.96
88,30,15,0.41
88,33,15,0.59
88,34,15,0.5
88,41,15,0.79
88,42,15,0.66
88,51,15,0.34
88,57,15,0.72
88,65,15,0.38
88,76,15,0.12
88,88,15,0
88,91,15,0.72
88,4,19,0.29
88,26,19,0.03
88,27,19,0.83
88,35,19,0.13
88,43,19,0.37
88,48,19,0.51
88,49,19,0.83
88,63,19,0.25
88,70,19,0.5
88,71,19,0.11
88,73,19,0.58
88,76,19,0.76
88,81,19,0.73
88,86,19,0.51
88,87,19,0.46
88,88,19,0
88,89,19,0.68
88,93,19,0.39
89,1,3,0.0
89,5,3,0.71
89,18,3,0.66
89,20,3,0.82
89,32,3,0.1
89,36,3,0.23
89,38,3,0.82
89,42,3,0.62
89,50,3,0.05
89,56,3,0.42
89,67,3,0.21
89,80,3,0.51
89,82,3,0.73
89,89,3,0
89,95,3,0.97
89,97,3,0.68
89,4,19,0.15
89,26,19,0.93
89,27,19,0.48
89,35,19,0.28
89,43,19,0.6
89,48,19,0.73
89,49,19,0.08
89,63,19,0.96
89,70,19,0.5
89,71,19,0.29
89,73,19,0.51
89,76,19,0.19
89,81,19,0.28
89,86,19,0.27
89,87,19,0.59
89,88,19,0.19
89,89,19,0
89,93,19,0.52
89,3,13,0.18
89,8,13,0.49
89,14,13,0.46
89,35,13,0.08
89,37,13,0.3
89,40,13,0.21
89,47,13,0.66
89,59,13,0.08
89,62,13,0.9
89,77,13,0.55
89,89,13,0
90,11,0,0.24
90,18,0,0.91
90,21,0,0.81
90,22,0,0.58
90,39,0,0.35
90,52,0,0.78
90,55,0,0.56
90,56,0,0.31
90,57,0,0.68
90,62,0,0.65
90,64,0,0.82
90,80,0,0.19
90,84,0,0.34
90,85,0,0.08
90,90,0,0
90,8,5,0.03
90,13,5,0.16
90,14,5,0.15
90,27,5,0.86
90,38,5,0.81
90,56,5,0.5
90,66,5,0.04
90,78,5,0.62
90,81,5,0.37
90,90,5,0
90,2,10,0.29
90,5,10,0.28
90,9,10,0.69
90,16,10,0.59
90,17,10,0.59
90,19,10,0.59
90,23,10,0.74
90,25,10,0.23
90,29,10,0.71
90,43,10,0.66
90,47,10,0.38
90,59,10,0.04
90,73,10,0.7
90,83,10,0.05
90,90,10,0
90,92,10,0.07
90,95,10,0.73
90,0,7,0.27
90,12,7,0.3
90,24,7,0.06
90,28,7,0.66
90,34,7,0.04
90,35,7,0.28
90,41,7,0.3
90,49,7,0.59
90,55,7,0.66
90,81,7,0.14
90,90,7,0
90,94,7,0.07
91,12,15,0.47
91,20,15,0.84
91,25,15,0.56
91,30,15,0.76
91,33,15,0.62
91,34,15,0.72
91,41,15,0.68
91,42,15,0.11
91,51,15,0.65
91,57,15,0.12
91,65,15,0.07
91,76,15,0.73
91,88,15,0.11
91,91,15,0
91,15,9,0.81
91,16,9,0.14
91,18,9,0.23
91,19,9,0.93
91,37,9,0.22
91,46,9,0.02
91,48,9,0.3
91,50,9,0.06
91,60,9,0.94
91,77,9,0.89
91,91,9,0
92,31,6,0.72
92,32,6,0.48
92,33,6,0.35
92,38,6,0.18
92,40,6,0.84
92,43,6,0.31
92,52,6,0.43
92,69,6,0.72
92,77,6,0.41
92,80,6,0.88
92,85,6,0.5
92,92,6,0
92,93,6,0.46
92,98,6,0.85
92,2,10,0.86
92,5,10,0.18
92,9,10,0.57
92,16,10,0.71
92,17,10,0.44
92,19,10,0.58
92,23,10,0.5
92,25,10,0.15
92,29,10,0.36
92,43,10,0.33
92,47,10,0.54
92,59,10,0.81
92,73,10,0.02
92,83,10,0.28
92,90,10,0.97
92,92,10,0
92,95,10,0.59
92,3,8,0.65
92,6,8,0.29
92,8,8,0.61
92,12,8,0.87
92,17,8,0.78
92,31,8,0.34
92,39,8,0.82
92,44,8,0.31
92,45,8,0.21
92,54,8,0.67
92,55,8,0.44
92,58,8,0.58
92,70,8,0.08
92,74,8,0.9
92,78,8,0.43
92,81,8,0.44
92,92,8,0
92,96,8,0.66
92,97,8,0.25
92,99,8,0.8
93,31,6,0.28
93,32,6,0.98
93,33,6,0.63
93,38,6,0.4
93,40,6,0.83
93,43,6,0.1
93,52,6,0.52
93,69,6,0.21
93,77,6,0.81
93,80,6,0.14
93,85,6,0.1
93,92,6,0.13
93,93,6,0
93,98,6,0.47
93,4,19,0.49
93,26,19,0.87
93,27,19,0.45
93,35,19,0.68
93,43,19,0.69
93,48,19,0.7
93,49,19,0.9
93,63,19,0.95
93,70,19,0.39
93,71,19,0.33
93,73,19,0.4
93,76,19,0.46
93,81,19,0.79
93,86,19,0.22
93,87,19,0.77
93,88,19,0.99
93,89,19,0.15
93,93,19,0
94,0,7,0.57
94,12,7,0.18
94,24,7,0.17
94,28,7,0.67
94,34,7,0.4
94,35,7,0.57
94,41,7,0.32
94,49,7,0.97
94,55,7,0.27
94,81,7,0.74
94,90,7,0.69
94,94,7,0
94,1,1,0.45
94,8,1,0.92
94,20,1,0.92
94,24,1,0.5
94,28,1,0.11
94,30,1,0.11
94,36,1,0.24
94,42,1,0.49
94,47,1,0.7
94,48,1,0.47
94,49,1,0.25
94,54,1,0.77
94,67,1,0.67
94,68,1,0.68
94,75,1,0.22
94,79,1,0.41
94,82,1,0.5
94,84,1,0.0
94,94,1,0
94,98,1,0.41
94,9,18,0.97
94,13,18,0.13
94,25,18,0.82
94,44,18,0.7
94,60,18,0.49
94,61,18,0.01
94,64,18,0.43
94,73,18,0.76
94,78,18,0.38
94,87,18,0.25
94,94,18,0
94,96,18,0.17
94,99,18,0.39
95,1,3,0.88
95,5,3,0.72
95,18,3,0.6
95,20,3,0.92
95,32,3,0.75
95,36,3,0.56
95,38,3,0.25
95,42,3,0.08
95,50,3,0.08
95,56,3,0.34
95,67,3,0.16
95,80,3,0.65
95,82,3,0.6
95,89,3,0.77
95,95,3,0
95,97,3,0.27
95,4,17,0.46
95,12,17,0.93
95,33,17,0.54
95,35,17,0.77
95,43,17,0.08
95,51,17,0.66
95,53,17,0.16
95,66,17,0.89
95,69,17,0.35
95,75,17,0.92
95,82,17,0.2
95,85,17,0.81
95,87,17,0.72
95,95,17,0
95,99,17,0.9
95,2,10,0.08
95,5,10,0.92
95,9,10,0.32
95,16,10,0.99
95,17,10,0.61
95,19,10,0.08
95,23,10,0.59
95,25,10,0.19
95,29,10,0.46
95,43,10,0.58
95,47,10,0.38
95,59,10,0.08
95,73,10,0.83
95,83,10,0.61
95,90,10,0.47
95,92,10,0.08
95,95,10,0
96,9,18,0.47
96,13,18,0.76
96,25,18,0.56
96,44,18,0.8
96,60,18,0.25
96,61,18,0.95
96,64,18,0.76
96,73,18,0.23
96,78,18,0.9
96,87,18,0.44
96,94,18,0.9
96,96,18,0
96,99,18,0.95
96,3,8,0.81
96,6,8,0.73
96,8,8,0.86
96,12,8,0.1
96,17,8,1.0
96,31,8,0.6
96,39,8,0.43
96,44,8,0.76
96,45,8,0.31
96,54,8,0.28
96,55,8,0.79
96,58,8,0.35
96,70,8,0.49
96,74,8,0.87
96,78,8,0.81
96,81,8,0.02
96,92,8,0.09
96,96,8,0
96,97,8,0.33
96,99,8,0.43
97,1,3,0.46
97,5,3,0.48
97,18,3,0.96
97,20,3,0.93
97,32,3,0.28
97,36,3,0.28
97,38,3,0.71
97,42,3,0.16
97,50,3,0.05
97,56,3,0.58
97,67,3,0.27
97,80,3,0.14
97,82,3,0.4
97,89,3,0.61
97,95,3,0.89
97,97,3,0
97,3,8,0.65
97,6,8,0.79
97,8,8,0.38
97,12,8,0.88
97,17,8,0.33
97,31,8,0.97
97,39,8,0.05
97,44,8,0.58
97,45,8,0.83
97,54,8,0.79
97,55,8,0.97
97,58,8,0.37
97,70,8,0.56
97,74,8,0.27
97,78,8,0.9
97,81,8,0.42
97,92,8,0.96
97,96,8,0.23
97,97,8,0
97,99,8,0.45
98,1,12,0.21
98,11,12,0.52
98,13,12,0.28
98,15,12,0.79
98,21,12,0.4
98,29,12,0.83
98,30,12,0.84
98,59,12,0.53
98,61,12,0.31
98,65,12,0.29
98,67,12,0.09
98,70,12,0.3
98,71,12,0.71
98,74,12,0.76
98,79,12,0.14
98,86,12,0.49
98,98,12,0
98,1,1,0.09
98,8,1,0.07
98,20,1,0.34
98,24,1,0.92
98,28,1,0.52
98,30,1,0.36
98,36,1,0.53
98,42,1,0.24
98,47,1,0.91
98,48,1,0.14
98,49,1,0.31
98,54,1,0.4
98,67,1,0.43
98,68,1,0.46
98,75,1,0.89
98,79,1,0.46
98,82,1,0.23
98,84,1,0.04
98,94,1,0.13
98,98,1,0
98,31,6,0.7
98,32,6,0.99
98,33,6,0.48
98,38,6,0.4
98,40,6,0.83
98,43,6,0.77
98,52,6,0.46
98,69,6,0.84
98,77,6,0.92
98,80,6,0.18
98,85,6,0.14
98,92,6,0.53
98,93,6,0.27
98,98,6,0
99,1,4,0.12
99,2,4,0.4
99,4,4,0.19
99,21,4,0.79
99,23,4,0.58
99,24,4,0.88
99,26,4,0.85
99,29,4,0.22
99,40,4,0.12
99,44,4,0.61
99,45,4,0.01
99,46,4,0.04
99,52,4,0.89
99,63,4,0.81
99,69,4,0.19
99,72,4,0.84
99,99,4,0
99,9,18,0.56
99,13,18,0.78
99,25,18,0.37
99,44,18,0.65
99,60,18,0.32
99,61,18,0.03
99,64,18,0.47
99,73,18,0.38
99,78,18,0.13
99,87,18,0.55
99,94,18,0.09
99,96,18,0.59
99,99,18,0
99,4,17,0.22
99,12,17,0.16
99,33,17,0.48
99,35,17,0.07
99,43,17,0.78
99,51,17,0.03
99,53,17,0.6
99,66,17,0.73
99,69,17,0.93
99,75,17,0.46
99,82,17,0.77
99,85,17,0.28
99,87,17,0.99
99,95,17,0.94
99,99,17,0
99,3,8,0.97
99,6,8,0.47
99,8,8,0.68
99,12,8,0.52
99,17,8,0.18
99,31,8,0.63
99,39,8,0.36
99,44,8,0.99
99,45,8,0.58
99,54,8,0.7
99,55,8,0.71
99,58,8,0.7
99,70,8,0.39
99,74,8,0.23
99,78,8,0.83
99,81,8,0.24
99,92,8,0.92
99,96,8,0.17
99,97,8,0.77
99,99,8,0