M,100,P,30,Q,100000,targetS,0.1,targetW,0.1

Resources name, resource id, current workload and max workload
R_0,0,0.65,1
R_1,1,0.28,1
R_2,2,0.41,1
R_3,3,0.22,1
R_4,4,0.72,1
R_5,5,0.64,1
R_6,6,0.28,1
R_7,7,0.33,1
R_8,8,0.41,1
R_9,9,0.28,1
R_10,10,0.75,1
R_11,11,0.67,1
R_12,12,0.34,1
R_13,13,0.78,1
R_14,14,0.74,1
R_15,15,0.39,1
R_16,16,0.57,1
R_17,17,0.37,1
R_18,18,0.35,1
R_19,19,0.38,1
R_20,20,0.51,1
R_21,21,0.55,1
R_22,22,0.7,1
R_23,23,0.36,1
R_24,24,0.34,1
R_25,25,0.44,1
R_26,26,0.77,1
R_27,27,0.52,1
R_28,28,0.44,1
R_29,29,0.27,1
R_30,30,0.4,1
R_31,31,0.55,1
R_32,32,0.55,1
R_33,33,0.45,1
R_34,34,0.4,1
R_35,35,0.32,1
R_36,36,0.75,1
R_37,37,0.36,1
R_38,38,0.51,1
R_39,39,0.51,1
R_40,40,0.56,1
R_41,41,0.34,1
R_42,42,0.54,1
R_43,43,0.36,1
R_44,44,0.32,1
R_45,45,0.21,1
R_46,46,0.59,1
R_47,47,0.27,1
R_48,48,0.32,1
R_49,49,0.59,1
R_50,50,0.41,1
R_51,51,0.21,1
R_52,52,0.38,1
R_53,53,0.61,1
R_54,54,0.3,1
R_55,55,0.69,1
R_56,56,0.68,1
R_57,57,0.31,1
R_58,58,0.43,1
R_59,59,0.71,1
R_60,60,0.21,1
R_61,61,0.22,1
R_62,62,0.71,1
R_63,63,0.62,1
R_64,64,0.25,1
R_65,65,0.37,1
R_66,66,0.55,1
R_67,67,0.62,1
R_68,68,0.33,1
R_69,69,0.29,1
R_70,70,0.3,1
R_71,71,0.58,1
R_72,72,0.26,1
R_73,73,0.49,1
R_74,74,0.47,1
R_75,75,0.28,1
R_76,76,0.44,1
R_77,77,0.38,1
R_78,78,0.26,1
R_79,79,0.22,1
R_80,80,0.5,1
R_81,81,0.65,1
R_82,82,0.73,1
R_83,83,0.27,1
R_84,84,0.33,1
R_85,85,0.36,1
R_86,86,0.63,1
R_87,87,0.61,1
R_88,88,0.4,1
R_89,89,0.53,1
R_90,90,0.71,1
R_91,91,0.42,1
R_92,92,0.24,1
R_93,93,0.27,1
R_94,94,0.67,1
R_95,95,0.29,1
R_96,96,0.54,1
R_97,97,0.73,1
R_98,98,0.32,1
R_99,99,0.79,1

Activities name, activity id, lambda, stress, resource id, priority, rifiutato
act_12,12,0.12,0.15,0,126,0
act_11,11,0.22,0.68,0,34,0
act_18,18,0.19,0.37,1,123,1
act_8,8,0.21,0.34,1,49,1
act_8,8,0.21,0.34,1,73,1
act_16,16,0.2,0.75,2,177,1
act_9,9,0.12,0.86,2,179,1
act_16,16,0.2,0.75,2,294,1
act_9,9,0.12,0.86,3,209,1
act_16,16,0.2,0.75,3,187,0
act_16,16,0.2,0.75,3,1,0
act_9,9,0.12,0.86,3,296,1
act_9,9,0.12,0.86,3,65,1
act_7,7,0.08,0.31,4,152,0
act_3,3,0.03,0.32,4,263,1
act_7,7,0.08,0.31,4,70,0
act_3,3,0.03,0.32,4,201,1
act_3,3,0.03,0.32,4,53,1
act_3,3,0.03,0.32,4,192,1
act_0,0,0.24,0.03,5,237,0
act_16,16,0.2,0.75,6,39,0
act_12,12,0.12,0.15,6,11,0
act_16,16,0.2,0.75,6,182,0
act_12,12,0.12,0.15,6,267,0
act_16,16,0.2,0.75,7,286,1
act_4,4,0.24,0.94,7,213,1
act_19,19,0.21,0.67,7,86,1
act_13,13,0.15,0.82,8,101,0
act_13,13,0.15,0.82,8,98,0
act_13,13,0.15,0.82,8,17,0
act_3,3,0.03,0.32,8,8,0
act_3,3,0.03,0.32,8,9,0
act_3,3,0.03,0.32,8,100,0
act_3,3,0.03,0.32,8,120,0
act_17,17,0.29,0.74,9,106,1
act_18,18,0.19,0.37,9,246,1
act_18,18,0.19,0.37,9,134,1
act_12,12,0.12,0.15,10,198,0
act_12,12,0.12,0.15,10,38,0
act_16,16,0.2,0.75,11,138,0
act_9,9,0.12,0.86,11,31,1
act_12,12,0.12,0.15,12,302,0
act_19,19,0.21,0.67,12,216,1
act_12,12,0.12,0.15,12,272,0
act_12,12,0.12,0.15,12,289,0
act_7,7,0.08,0.31,12,171,1
act_3,3,0.03,0.32,13,172,0
act_10,10,0.17,0.54,13,266,1
act_16,16,0.2,0.75,14,58,0
act_0,0,0.24,0.03,15,140,0
act_11,11,0.22,0.68,15,37,0
act_16,16,0.2,0.75,16,112,1
act_16,16,0.2,0.75,16,131,1
act_18,18,0.19,0.37,17,45,1
act_5,5,0.17,0.85,17,68,1
act_7,7,0.08,0.31,17,14,1
act_5,5,0.17,0.85,17,0,1
act_1,1,0.22,0.76,18,248,0
act_3,3,0.03,0.32,18,262,0
act_1,1,0.22,0.76,18,7,0
act_3,3,0.03,0.32,18,142,0
act_3,3,0.03,0.32,18,6,0
act_3,3,0.03,0.32,18,298,0
act_3,3,0.03,0.32,18,21,0
act_3,3,0.03,0.32,18,254,0
act_3,3,0.03,0.32,18,284,0
act_2,2,0.27,0.43,19,250,0
act_4,4,0.24,0.94,19,5,1
act_4,4,0.24,0.94,20,111,1
act_3,3,0.03,0.32,20,54,1
act_3,3,0.03,0.32,20,156,1
act_3,3,0.03,0.32,20,26,1
act_3,3,0.03,0.32,20,51,1
act_3,3,0.03,0.32,20,173,1
act_3,3,0.03,0.32,20,219,1
act_3,3,0.03,0.32,20,269,1
act_3,3,0.03,0.32,20,215,1
act_14,14,0.27,0.16,21,252,0
act_12,12,0.12,0.15,21,79,0
act_4,4,0.24,0.94,22,210,0
act_13,13,0.15,0.82,23,151,1
act_15,15,0.27,0.59,23,22,0
act_13,13,0.15,0.82,23,137,1
act_3,3,0.03,0.32,24,10,1
act_0,0,0.24,0.03,24,242,0
act_19,19,0.21,0.67,24,153,1
act_3,3,0.03,0.32,24,32,1
act_3,3,0.03,0.32,24,214,1
act_3,3,0.03,0.32,24,146,1
act_3,3,0.03,0.32,24,221,1
act_3,3,0.03,0.32,24,74,1
act_15,15,0.27,0.59,25,50,1
act_15,15,0.27,0.59,25,122,1
act_10,10,0.17,0.54,26,306,0
act_15,15,0.27,0.59,27,195,0
act_12,12,0.12,0.15,27,15,0
act_2,2,0.27,0.43,28,25,0
act_12,12,0.12,0.15,28,229,0
act_12,12,0.12,0.15,28,307,0
act_11,11,0.22,0.68,29,202,1
act_11,11,0.22,0.68,29,211,1
act_11,11,0.22,0.68,29,24,1
act_17,17,0.29,0.74,30,180,0
act_13,13,0.15,0.82,30,81,1
act_13,13,0.15,0.82,30,281,1
act_17,17,0.29,0.74,31,144,0
act_2,2,0.27,0.43,32,268,0
act_12,12,0.12,0.15,32,244,0
act_9,9,0.12,0.86,33,57,1
act_15,15,0.27,0.59,33,145,1
act_9,9,0.12,0.86,33,303,1
act_18,18,0.19,0.37,34,148,1
act_7,7,0.08,0.31,34,141,1
act_18,18,0.19,0.37,34,166,1
act_7,7,0.08,0.31,34,30,1
act_14,14,0.27,0.16,35,181,0
act_2,2,0.27,0.43,35,97,0
act_7,7,0.08,0.31,36,170,0
act_3,3,0.03,0.32,36,223,1
act_3,3,0.03,0.32,36,150,1
act_3,3,0.03,0.32,36,72,1
act_3,3,0.03,0.32,36,124,1
act_3,3,0.03,0.32,36,163,1
act_16,16,0.2,0.75,37,4,0
act_4,4,0.24,0.94,37,238,1
act_16,16,0.2,0.75,37,118,0
act_13,13,0.15,0.82,38,160,1
act_2,2,0.27,0.43,38,220,1
act_8,8,0.21,0.34,39,104,1
act_8,8,0.21,0.34,39,176,1
act_7,7,0.08,0.31,40,69,0
act_6,6,0.23,0.97,40,103,1
act_7,7,0.08,0.31,40,194,0
act_17,17,0.29,0.74,41,105,1
act_18,18,0.19,0.37,41,243,0
act_12,12,0.12,0.15,42,164,0
act_0,0,0.24,0.03,42,240,0
act_10,10,0.17,0.54,43,261,0
act_9,9,0.12,0.86,43,135,1
act_4,4,0.24,0.94,43,287,1
act_6,6,0.23,0.97,44,139,1
act_7,7,0.08,0.31,44,280,0
act_5,5,0.17,0.85,44,271,1
act_7,7,0.08,0.31,44,42,0
act_7,7,0.08,0.31,44,87,0
act_17,17,0.29,0.74,45,52,1
act_3,3,0.03,0.32,45,260,1
act_17,17,0.29,0.74,45,47,1
act_3,3,0.03,0.32,45,218,1
act_3,3,0.03,0.32,45,159,1
act_3,3,0.03,0.32,45,19,1
act_3,3,0.03,0.32,45,12,1
act_3,3,0.03,0.32,45,305,1
act_3,3,0.03,0.32,45,191,1
act_0,0,0.24,0.03,46,188,0
act_12,12,0.12,0.15,46,288,0
act_10,10,0.17,0.54,47,128,1
act_7,7,0.08,0.31,47,165,0
act_2,2,0.27,0.43,47,33,0
act_10,10,0.17,0.54,47,133,1
act_14,14,0.27,0.16,48,125,0
act_16,16,0.2,0.75,48,85,1
act_16,16,0.2,0.75,48,255,1
act_8,8,0.21,0.34,49,184,0
act_6,6,0.23,0.97,50,241,1
act_19,19,0.21,0.67,50,235,1
act_1,1,0.22,0.76,51,291,1
act_1,1,0.22,0.76,51,41,1
act_3,3,0.03,0.32,51,208,0
act_1,1,0.22,0.76,51,67,1
act_3,3,0.03,0.32,51,158,0
act_3,3,0.03,0.32,51,36,0
act_3,3,0.03,0.32,51,28,0
act_6,6,0.23,0.97,52,113,1
act_11,11,0.22,0.68,52,239,0
act_8,8,0.21,0.34,53,228,0
act_5,5,0.17,0.85,54,75,1
act_4,4,0.24,0.94,54,225,1
act_5,5,0.17,0.85,54,265,1
act_14,14,0.27,0.16,55,35,0
act_2,2,0.27,0.43,56,91,0
act_18,18,0.19,0.37,57,259,1
act_18,18,0.19,0.37,57,301,1
act_13,13,0.15,0.82,57,200,1
act_13,13,0.15,0.82,57,212,1
act_1,1,0.22,0.76,58,222,0
act_9,9,0.12,0.86,58,119,1
act_9,9,0.12,0.86,58,297,1
act_3,3,0.03,0.32,58,121,0
act_3,3,0.03,0.32,58,256,0
act_3,3,0.03,0.32,58,154,0
act_10,10,0.17,0.54,59,283,0
act_0,0,0.24,0.03,60,234,0
act_0,0,0.24,0.03,60,227,0
act_0,0,0.24,0.03,60,161,0
act_19,19,0.21,0.67,61,206,1
act_19,19,0.21,0.67,61,60,1
act_14,14,0.27,0.16,61,276,0
act_19,19,0.21,0.67,62,174,0
act_3,3,0.03,0.32,63,178,1
act_1,1,0.22,0.76,63,168,1
act_3,3,0.03,0.32,63,183,1
act_3,3,0.03,0.32,63,247,1
act_3,3,0.03,0.32,63,275,1
act_3,3,0.03,0.32,63,149,1
act_0,0,0.24,0.03,64,20,0
act_4,4,0.24,0.94,64,18,0
act_4,4,0.24,0.94,64,189,0
act_16,16,0.2,0.75,65,249,1
act_16,16,0.2,0.75,65,205,1
act_5,5,0.17,0.85,65,245,1
act_1,1,0.22,0.76,66,282,1
act_10,10,0.17,0.54,66,44,1
act_4,4,0.24,0.94,67,143,1
act_9,9,0.12,0.86,67,89,0
act_3,3,0.03,0.32,68,77,0
act_18,18,0.19,0.37,68,175,1
act_12,12,0.12,0.15,68,66,0
act_12,12,0.12,0.15,68,162,0
act_3,3,0.03,0.32,68,108,0
act_12,12,0.12,0.15,68,102,0
act_3,3,0.03,0.32,68,186,0
act_11,11,0.22,0.68,69,29,1
act_11,11,0.22,0.68,69,96,1
act_12,12,0.12,0.15,69,231,0
act_12,12,0.12,0.15,69,95,0
act_12,12,0.12,0.15,70,2,0
act_7,7,0.08,0.31,70,109,0
act_19,19,0.21,0.67,70,62,1
act_19,19,0.21,0.67,70,196,1
act_7,7,0.08,0.31,70,264,0
act_16,16,0.2,0.75,71,258,1
act_16,16,0.2,0.75,71,61,1
act_4,4,0.24,0.94,72,290,0
act_6,6,0.23,0.97,72,233,1
act_4,4,0.24,0.94,72,117,0
act_15,15,0.27,0.59,73,48,0
act_18,18,0.19,0.37,73,236,0
act_14,14,0.27,0.16,74,90,0
act_8,8,0.21,0.34,74,114,0
act_9,9,0.12,0.86,75,93,0
act_6,6,0.23,0.97,75,136,1
act_16,16,0.2,0.75,75,157,0
act_9,9,0.12,0.86,75,279,0
act_17,17,0.29,0.74,76,82,1
act_11,11,0.22,0.68,76,197,0
act_17,17,0.29,0.74,77,130,1
act_17,17,0.29,0.74,77,83,1
act_5,5,0.17,0.85,78,40,1
act_5,5,0.17,0.85,78,71,1
act_5,5,0.17,0.85,78,76,1
act_19,19,0.21,0.67,78,3,0
act_14,14,0.27,0.16,79,217,0
act_14,14,0.27,0.16,79,55,0
act_19,19,0.21,0.67,79,155,0
act_4,4,0.24,0.94,80,274,1
act_4,4,0.24,0.94,80,204,1
act_16,16,0.2,0.75,81,99,0
act_11,11,0.22,0.68,82,199,0
act_12,12,0.12,0.15,83,43,0
act_18,18,0.19,0.37,83,299,0
act_12,12,0.12,0.15,83,253,0
act_12,12,0.12,0.15,83,56,0
act_12,12,0.12,0.15,83,207,0
act_14,14,0.27,0.16,84,46,0
act_16,16,0.2,0.75,84,278,1
act_9,9,0.12,0.86,84,232,1
act_8,8,0.21,0.34,85,304,1
act_8,8,0.21,0.34,85,185,1
act_16,16,0.2,0.75,85,273,1
act_7,7,0.08,0.31,86,226,1
act_18,18,0.19,0.37,86,64,1
act_7,7,0.08,0.31,86,107,1
act_10,10,0.17,0.54,87,224,0
act_16,16,0.2,0.75,87,115,1
act_2,2,0.27,0.43,88,94,0
act_5,5,0.17,0.85,88,295,1
act_0,0,0.24,0.03,89,63,0
act_1,1,0.22,0.76,89,116,0
act_15,15,0.27,0.59,90,110,0
act_6,6,0.23,0.97,91,80,0
act_14,14,0.27,0.16,91,285,0
act_5,5,0.17,0.85,92,169,0
act_5,5,0.17,0.85,92,203,0
act_9,9,0.12,0.86,92,127,1
act_9,9,0.12,0.86,92,129,1
act_3,3,0.03,0.32,92,16,0
act_9,9,0.12,0.86,92,193,1
act_3,3,0.03,0.32,92,132,0
act_9,9,0.12,0.86,93,270,1
act_18,18,0.19,0.37,93,59,1
act_18,18,0.19,0.37,93,78,1
act_18,18,0.19,0.37,93,251,1
act_9,9,0.12,0.86,94,292,1
act_19,19,0.21,0.67,94,257,1
act_11,11,0.22,0.68,95,92,1
act_18,18,0.19,0.37,95,147,0
act_18,18,0.19,0.37,95,230,0
act_10,10,0.17,0.54,96,13,1
act_10,10,0.17,0.54,96,293,1
act_4,4,0.24,0.94,97,27,0
act_3,3,0.03,0.32,98,277,0
act_5,5,0.17,0.85,98,84,1
act_19,19,0.21,0.67,98,88,0
act_3,3,0.03,0.32,98,190,0
act_19,19,0.21,0.67,98,167,0
act_3,3,0.03,0.32,98,23,0
act_12,12,0.12,0.15,99,300,0

Alpha (resource id, list of activity ids)
0:11,12,8
1:8,18
2:11,9,16
3:9,16
4:3,7,6
5:19,8,0
6:16,12
7:4,13,19,16
8:13,3
9:4,18,17
10:2,12
11:16,9
12:7,12,19
13:3,10
14:18,16,12,13
15:11,5,18,0
16:16,9,17
17:7,18,5
18:1,18,10,3
19:2,4
20:16,4,9,3
21:12,14,11,4
22:7,4
23:15,13,10
24:0,19,3
25:6,15,1
26:6,10
27:12,15,8
28:12,2
29:11,17
30:11,13,17
31:14,17
32:2,12
33:9,15
34:7,0,18
35:4,2,14,0
36:3,8,7
37:16,4
38:2,4,13
39:18,8,0
40:7,6,19
41:17,18
42:12,14,1,0
43:9,4,11,10
44:6,5,7
45:3,17
46:10,13,0,12
47:7,10,11,2
48:14,16,5
49:19,8
50:19,6,1
51:3,1
52:11,8,6
53:16,8
54:5,4,19
55:14,0,17,11
56:16,2,10
57:4,18,13
58:3,9,1
59:5,10
60:9,0,11
61:14,11,19
62:19,5
63:3,13,17,1
64:17,0,4
65:5,18,16,6
66:1,10
67:4,9
68:12,18,3,6
69:12,11,15
70:12,19,10,7
71:5,16,4
72:6,4
73:18,15
74:14,2,13,8
75:9,6,16,4
76:17,11,14
77:11,17,10,4
78:19,5
79:14,19
80:4,12,8
81:13,17,16
82:11,17
83:18,12,17
84:9,16,14,4
85:8,5,16
86:7,18
87:16,10,13,6
88:14,2,5
89:1,0
90:15,1,4,16
91:6,14
92:9,3,5
93:0,9,18
94:19,9
95:11,18
96:2,10,11,1
97:4,3
98:3,0,19,5
99:1,17,12

Costs (resource, resource to replace, activity, cost)
0,0,11,0
0,2,11,0.17
0,15,11,0.89
0,21,11,0.26
0,29,11,0.04
0,30,11,0.2
0,43,11,0.07
0,47,11,0.71
0,52,11,0.19
0,55,11,0.03
0,60,11,0.84
0,61,11,0.9
0,69,11,0.26
0,76,11,0.92
0,77,11,0.68
0,82,11,0.72
0,95,11,0.56
0,96,11,0.65
0,0,12,0
0,6,12,0.97
0,10,12,0.36
0,12,12,0.2
0,14,12,0.29
0,21,12,0.99
0,27,12,0.37
0,28,12,0.98
0,32,12,0.05
0,42,12,0.33
0,46,12,0.66
0,68,12,0.57
0,69,12,0.29
0,70,12,0.11
0,80,12,0.28
0,83,12,0.81
0,99,12,0.79
0,0,8,0
0,1,8,0.96
0,5,8,0.77
0,27,8,0.95
0,36,8,0.02
0,39,8,0.35
0,49,8,0.86
0,52,8,0.67
0,53,8,0.77
0,74,8,0.12
0,80,8,0.1
0,85,8,0.33
1,0,8,0.96
1,1,8,0
1,5,8,0.5
1,27,8,0.92
1,36,8,0.39
1,39,8,0.57
1,49,8,0.99
1,52,8,0.6
1,53,8,0.69
1,74,8,0.53
1,80,8,0.74
1,85,8,0.28
1,1,18,0
1,9,18,0.32
1,14,18,0.57
1,15,18,0.76
1,17,18,0.26
1,18,18,0.25
1,34,18,0.76
1,39,18,0.42
1,41,18,0.26
1,57,18,0.37
1,65,18,0.77
1,68,18,0.42
1,73,18,0.24
1,83,18,0.61
1,86,18,0.62
1,93,18,0.33
1,95,18,0.24
2,0,11,0.85
2,2,11,0
2,15,11,0.2
2,21,11,0.56
2,29,11,0.64
2,30,11,0.59
2,43,11,0.07
2,47,11,0.9
2,52,11,0.58
2,55,11,0.47
2,60,11,0.04
2,61,11,0.44
2,69,11,0.28
2,76,11,0.19
2,77,11,0.36
2,82,11,0.86
2,95,11,0.5
2,96,11,0.9
2,2,9,0
2,3,9,0.58
2,11,9,0.35
2,16,9,0.14
2,20,9,0.6
2,33,9,0.36
2,43,9,0.75
2,58,9,0.09
2,60,9,0.35
2,67,9,0.27
2,75,9,0.46
2,84,9,0.22
2,92,9,0.11
2,93,9,0.15
2,94,9,0.27
2,2,16,0
2,3,16,0.17
2,6,16,0.92
2,7,16,0.4
2,11,16,0.74
2,14,16,0.81
2,16,16,0.24
2,20,16,0.46
2,37,16,0.35
2,48,16,0.12
2,53,16,0.02
2,56,16,0.12
2,65,16,0.99
2,71,16,0.23
2,75,16,0.18
2,81,16,0.84
2,84,16,0.79
2,85,16,0.16
2,87,16,0.27
2,90,16,0.85
3,2,9,0.36
3,3,9,0
3,11,9,0.28
3,16,9,0.26
3,20,9,0.91
3,33,9,0.37
3,43,9,0.15
3,58,9,0.54
3,60,9,0.97
3,67,9,0.26
3,75,9,0.76
3,84,9,0.79
3,92,9,0.89
3,93,9,0.16
3,94,9,0.51
3,2,16,0.68
3,3,16,0
3,6,16,0.13
3,7,16,0.4
3,11,16,0.44
3,14,16,0.43
3,16,16,0.69
3,20,16,0.07
3,37,16,0.62
3,48,16,0.38
3,53,16,0.69
3,56,16,0.0
3,65,16,0.68
3,71,16,0.34
3,75,16,0.48
3,81,16,0.17
3,84,16,0.18
3,85,16,0.6
3,87,16,0.28
3,90,16,0.91
4,4,3,0
4,8,3,0.71
4,13,3,0.28
4,18,3,0.32
4,20,3,0.05
4,24,3,0.26
4,36,3,0.98
4,45,3,0.92
4,51,3,0.5
4,58,3,0.44
4,63,3,0.68
4,68,3,0.64
4,92,3,0.29
4,97,3,0.11
4,98,3,0.99
4,4,7,0
4,12,7,0.83
4,17,7,0.62
4,22,7,0.79
4,34,7,0.0
4,36,7,0.16
4,40,7,0.25
4,44,7,0.39
4,47,7,0.02
4,70,7,0.31
4,86,7,0.49
4,4,6,0
4,25,6,1.0
4,26,6,0.57
4,40,6,0.34
4,44,6,0.16
4,50,6,0.35
4,52,6,0.71
4,65,6,0.51
4,68,6,0.02
4,72,6,0.8
4,75,6,0.45
4,87,6,0.15
4,91,6,0.81
5,5,19,0
5,7,19,0.77
5,12,19,0.87
5,24,19,0.05
5,40,19,0.54
5,49,19,0.57
5,50,19,0.21
5,54,19,0.45
5,61,19,0.4
5,62,19,0.16
5,70,19,0.91
5,78,19,0.98
5,79,19,0.65
5,94,19,0.77
5,98,19,0.77
5,0,8,0.03
5,1,8,0.21
5,5,8,0
5,27,8,0.38
5,36,8,0.63
5,39,8,0.31
5,49,8,0.85
5,52,8,0.06
5,53,8,0.32
5,74,8,0.76
5,80,8,0.71
5,85,8,0.38
5,5,0,0
5,15,0,0.19
5,24,0,0.23
5,34,0,0.68
5,35,0,0.51
5,39,0,0.9
5,42,0,0.93
5,46,0,0.26
5,55,0,0.72
5,60,0,0.99
5,64,0,0.59
5,89,0,0.62
5,93,0,0.61
5,98,0,0.18
6,2,16,0.23
6,3,16,0.33
6,6,16,0
6,7,16,0.14
6,11,16,0.55
6,14,16,0.22
6,16,16,0.77
6,20,16,0.79
6,37,16,0.91
6,48,16,0.97
6,53,16,0.06
6,56,16,0.38
6,65,16,0.75
6,71,16,0.04
6,75,16,0.06
6,81,16,0.53
6,84,16,0.7
6,85,16,0.54
6,87,16,0.39
6,90,16,0.96
6,0,12,0.4
6,6,12,0
6,10,12,0.37
6,12,12,0.41
6,14,12,0.4
6,21,12,0.89
6,27,12,0.95
6,28,12,0.14
6,32,12,0.42
6,42,12,0.74
6,46,12,0.62
6,68,12,0.45
6,69,12,0.5
6,70,12,0.55
6,80,12,0.33
6,83,12,0.41
6,99,12,0.88
7,7,4,0
7,9,4,0.33
7,19,4,0.05
7,20,4,0.27
7,21,4,0.55
7,22,4,0.15
7,35,4,0.17
7,37,4,0.38
7,38,4,0.88
7,43,4,0.13
7,54,4,0.47
7,57,4,0.52
7,64,4,0.97
7,67,4,0.31
7,71,4,0.05
7,72,4,0.47
7,75,4,0.48
7,77,4,0.63
7,80,4,0.92
7,84,4,0.19
7,90,4,0.55
7,97,4,0.19
7,7,13,0
7,8,13,0.8
7,14,13,0.09
7,23,13,0.01
7,30,13,0.59
7,38,13,0.5
7,46,13,0.75
7,57,13,0.13
7,63,13,0.51
7,74,13,0.33
7,81,13,0.52
7,87,13,0.2
7,5,19,0.2
7,7,19,0
7,12,19,0.61
7,24,19,0.35
7,40,19,0.79
7,49,19,0.35
7,50,19,0.69
7,54,19,0.42
7,61,19,0.43
7,62,19,0.13
7,70,19,0.31
7,78,19,0.81
7,79,19,0.31
7,94,19,0.68
7,98,19,0.87
7,2,16,0.72
7,3,16,0.34
7,6,16,0.14
7,7,16,0
7,11,16,0.92
7,14,16,0.7
7,16,16,0.37
7,20,16,0.16
7,37,16,0.97
7,48,16,0.1
7,53,16,0.72
7,56,16,0.94
7,65,16,0.85
7,71,16,0.09
7,75,16,0.3
7,81,16,0.38
7,84,16,0.08
7,85,16,0.31
7,87,16,0.72
7,90,16,0.6
8,7,13,0.84
8,8,13,0
8,14,13,0.55
8,23,13,0.15
8,30,13,0.82
8,38,13,0.66
8,46,13,0.47
8,57,13,0.41
8,63,13,0.01
8,74,13,0.71
8,81,13,0.22
8,87,13,0.3
8,4,3,0.29
8,8,3,0
8,13,3,0.76
8,18,3,0.35
8,20,3,0.1
8,24,3,0.1
8,36,3,0.21
8,45,3,0.49
8,51,3,0.05
8,58,3,0.13
8,63,3,0.73
8,68,3,0.34
8,92,3,1.0
8,97,3,0.95
8,98,3,0.04
9,7,4,0.14
9,9,4,0
9,19,4,0.4
9,20,4,0.87
9,21,4,0.07
9,22,4,0.65
9,35,4,0.52
9,37,4,0.39
9,38,4,0.72
9,43,4,0.8
9,54,4,0.49
9,57,4,0.65
9,64,4,0.14
9,67,4,0.07
9,71,4,0.03
9,72,4,0.56
9,75,4,0.42
9,77,4,0.27
9,80,4,0.22
9,84,4,0.08
9,90,4,0.57
9,97,4,0.86
9,1,18,0.7
9,9,18,0
9,14,18,0.74
9,15,18,0.87
9,17,18,0.12
9,18,18,0.81
9,34,18,0.07
9,39,18,0.4
9,41,18,0.32
9,57,18,0.96
9,65,18,0.29
9,68,18,0.25
9,73,18,0.17
9,83,18,0.48
9,86,18,0.38
9,93,18,0.37
9,95,18,0.42
9,9,17,0
9,16,17,0.68
9,29,17,0.08
9,30,17,0.9
9,31,17,0.08
9,41,17,0.57
9,45,17,0.89
9,55,17,0.71
9,63,17,0.32
9,64,17,0.5
9,76,17,0.6
9,77,17,0.78
9,81,17,0.72
9,82,17,0.41
9,83,17,0.39
9,99,17,0.12
10,10,2,0
10,19,2,0.77
10,28,2,0.61
10,32,2,0.48
10,35,2,0.13
10,38,2,0.84
10,47,2,0.09
10,56,2,0.73
10,74,2,0.79
10,88,2,0.22
10,96,2,0.38
10,0,12,0.9
10,6,12,0.87
10,10,12,0
10,12,12,0.9
10,14,12,0.07
10,21,12,0.24
10,27,12,0.66
10,28,12,0.84
10,32,12,0.88
10,42,12,0.57
10,46,12,0.89
10,68,12,0.32
10,69,12,0.55
10,70,12,0.23
10,80,12,0.93
10,83,12,0.15
10,99,12,0.24
11,2,16,0.52
11,3,16,0.58
11,6,16,0.06
11,7,16,0.6
11,11,16,0
11,14,16,0.36
11,16,16,0.0
11,20,16,0.34
11,37,16,0.75
11,48,16,0.76
11,53,16,0.24
11,56,16,0.66
11,65,16,0.94
11,71,16,0.27
11,75,16,0.08
11,81,16,0.61
11,84,16,0.33
11,85,16,0.53
11,87,16,0.85
11,90,16,0.62
11,2,9,0.82
11,3,9,0.94
11,11,9,0
11,16,9,0.65
11,20,9,0.34
11,33,9,0.39
11,43,9,0.48
11,58,9,0.73
11,60,9,0.51
11,67,9,0.5
11,75,9,0.14
11,84,9,0.64
11,92,9,0.13
11,93,9,0.54
11,94,9,0.29
12,4,7,0.87
12,12,7,0
12,17,7,0.77
12,22,7,0.15
12,34,7,0.54
12,36,7,0.73
12,40,7,0.7
12,44,7,0.81
12,47,7,0.48
12,70,7,0.71
12,86,7,0.7
12,0,12,0.77
12,6,12,0.32
12,10,12,0.67
12,12,12,0
12,14,12,0.47
12,21,12,0.37
12,27,12,0.45
12,28,12,0.46
12,32,12,0.39
12,42,12,0.72
12,46,12,0.95
12,68,12,0.71
12,69,12,0.64
12,70,12,0.82
12,80,12,0.72
12,83,12,0.96
12,99,12,0.12
12,5,19,0.58
12,7,19,0.71
12,12,19,0
12,24,19,0.38
12,40,19,0.98
12,49,19,0.65
12,50,19,0.2
12,54,19,0.83
12,61,19,0.22
12,62,19,0.65
12,70,19,0.0
12,78,19,0.15
12,79,19,0.33
12,94,19,0.96
12,98,19,0.09
13,4,3,0.13
13,8,3,0.05
13,13,3,0
13,18,3,0.34
13,20,3,0.29
13,24,3,0.49
13,36,3,0.71
13,45,3,0.16
13,51,3,0.26
13,58,3,0.63
13,63,3,0.02
13,68,3,0.04
13,92,3,0.93
13,97,3,0.31
13,98,3,0.21
13,13,10,0
13,18,10,0.0
13,23,10,0.14
13,26,10,0.74
13,43,10,0.62
13,46,10,0.74
13,47,10,0.77
13,56,10,0.39
13,59,10,0.04
13,66,10,0.16
13,70,10,0.74
13,77,10,0.87
13,87,10,0.36
13,96,10,0.62
14,1,18,0.75
14,9,18,0.41
14,14,18,0
14,15,18,0.98
14,17,18,0.81
14,18,18,0.66
14,34,18,0.54
14,39,18,0.8
14,41,18,0.8
14,57,18,0.68
14,65,18,0.12
14,68,18,0.77
14,73,18,0.98
14,83,18,0.4
14,86,18,0.43
14,93,18,0.58
14,95,18,0.34
14,2,16,0.05
14,3,16,0.05
14,6,16,0.65
14,7,16,0.28
14,11,16,0.7
14,14,16,0
14,16,16,0.06
14,20,16,0.24
14,37,16,0.15
14,48,16,0.33
14,53,16,0.05
14,56,16,0.54
14,65,16,0.17
14,71,16,0.94
14,75,16,0.53
14,81,16,0.36
14,84,16,0.65
14,85,16,0.83
14,87,16,0.02
14,90,16,0.2
14,0,12,0.78
14,6,12,0.62
14,10,12,0.04
14,12,12,0.21
14,14,12,0
14,21,12,0.09
14,27,12,0.07
14,28,12,0.54
14,32,12,0.59
14,42,12,0.73
14,46,12,0.97
14,68,12,0.05
14,69,12,0.4
14,70,12,0.83
14,80,12,0.2
14,83,12,0.32
14,99,12,0.19
14,7,13,0.37
14,8,13,0.82
14,14,13,0
14,23,13,0.55
14,30,13,0.12
14,38,13,0.57
14,46,13,0.33
14,57,13,0.23
14,63,13,0.88
14,74,13,0.72
14,81,13,0.72
14,87,13,0.87
15,0,11,0.75
15,2,11,0.54
15,15,11,0
15,21,11,0.9
15,29,11,0.89
15,30,11,0.62
15,43,11,0.16
15,47,11,0.8
15,52,11,0.29
15,55,11,0.34
15,60,11,0.8
15,61,11,0.51
15,69,11,0.62
15,76,11,0.23
15,77,11,0.43
15,82,11,0.31
15,95,11,0.31
15,96,11,0.33
15,15,5,0
15,17,5,0.53
15,44,5,0.73
15,48,5,0.73
15,54,5,0.99
15,59,5,0.96
15,62,5,0.76
15,65,5,0.88
15,71,5,0.22
15,78,5,0.79
15,85,5,0.68
15,88,5,0.79
15,92,5,0.77
15,98,5,1.0
15,1,18,0.98
15,9,18,0.7
15,14,18,0.38
15,15,18,0
15,17,18,0.86
15,18,18,0.97
15,34,18,0.65
15,39,18,0.25
15,41,18,0.16
15,57,18,0.5
15,65,18,0.73
15,68,18,0.56
15,73,18,0.04
15,83,18,0.36
15,86,18,0.5
15,93,18,0.37
15,95,18,0.98
15,5,0,0.4
15,15,0,0
15,24,0,0.84
15,34,0,0.5
15,35,0,0.21
15,39,0,0.56
15,42,0,0.59
15,46,0,0.02
15,55,0,0.21
15,60,0,0.04
15,64,0,0.17
15,89,0,1.0
15,93,0,0.07
15,98,0,0.11
16,2,16,0.23
16,3,16,0.57
16,6,16,0.91
16,7,16,0.25
16,11,16,0.49
16,14,16,0.13
16,16,16,0
16,20,16,0.68
16,37,16,0.27
16,48,16,0.45
16,53,16,0.5
16,56,16,0.8
16,65,16,0.24
16,71,16,0.16
16,75,16,0.61
16,81,16,0.55
16,84,16,0.74
16,85,16,0.94
16,87,16,0.55
16,90,16,0.07
16,2,9,0.98
16,3,9,0.77
16,11,9,0.84
16,16,9,0
16,20,9,0.6
16,33,9,0.73
16,43,9,0.14
16,58,9,0.31
16,60,9,0.8
16,67,9,0.37
16,75,9,0.33
16,84,9,0.05
16,92,9,0.45
16,93,9,0.03
16,94,9,0.41
16,9,17,0.55
16,16,17,0
16,29,17,0.49
16,30,17,0.15
16,31,17,0.96
16,41,17,0.39
16,45,17,0.13
16,55,17,0.23
16,63,17,0.35
16,64,17,0.18
16,76,17,0.22
16,77,17,0.0
16,81,17,0.74
16,82,17,0.87
16,83,17,0.7
16,99,17,0.56
17,4,7,0.35
17,12,7,0.92
17,17,7,0
17,22,7,0.67
17,34,7,0.34
17,36,7,0.14
17,40,7,0.34
17,44,7,0.94
17,47,7,0.88
17,70,7,0.29
17,86,7,0.67
17,1,18,0.76
17,9,18,0.18
17,14,18,0.24
17,15,18,0.58
17,17,18,0
17,18,18,0.97
17,34,18,0.58
17,39,18,0.77
17,41,18,0.39
17,57,18,0.94
17,65,18,0.71
17,68,18,0.47
17,73,18,0.58
17,83,18,0.77
17,86,18,0.2
17,93,18,0.35
17,95,18,0.12
17,15,5,0.48
17,17,5,0
17,44,5,0.18
17,48,5,0.44
17,54,5,0.5
17,59,5,0.52
17,62,5,0.83
17,65,5,0.07
17,71,5,0.06
17,78,5,0.44
17,85,5,0.41
17,88,5,0.81
17,92,5,0.3
17,98,5,0.04
18,18,1,0
18,25,1,0.3
18,42,1,0.37
18,50,1,0.08
18,51,1,0.88
18,58,1,0.97
18,63,1,0.26
18,66,1,0.81
18,89,1,0.3
18,90,1,0.86
18,96,1,0.19
18,99,1,0.09
18,1,18,0.05
18,9,18,0.83
18,14,18,0.44
18,15,18,0.97
18,17,18,0.65
18,18,18,0
18,34,18,0.1
18,39,18,0.44
18,41,18,0.72
18,57,18,0.56
18,65,18,0.29
18,68,18,0.32
18,73,18,0.07
18,83,18,0.93
18,86,18,0.22
18,93,18,0.77
18,95,18,0.31
18,13,10,0.14
18,18,10,0
18,23,10,0.54
18,26,10,0.88
18,43,10,0.93
18,46,10,0.35
18,47,10,0.03
18,56,10,0.35
18,59,10,0.55
18,66,10,0.76
18,70,10,0.74
18,77,10,0.35
18,87,10,0.79
18,96,10,0.59
18,4,3,0.23
18,8,3,0.45
18,13,3,0.59
18,18,3,0
18,20,3,0.12
18,24,3,0.27
18,36,3,0.66
18,45,3,0.66
18,51,3,0.02
18,58,3,0.34
18,63,3,0.75
18,68,3,0.64
18,92,3,0.59
18,97,3,0.07
18,98,3,0.51
19,10,2,0.76
19,19,2,0
19,28,2,0.05
19,32,2,0.09
19,35,2,0.3
19,38,2,0.33
19,47,2,0.84
19,56,2,0.77
19,74,2,0.29
19,88,2,0.74
19,96,2,0.57
19,7,4,0.46
19,9,4,0.72
19,19,4,0
19,20,4,0.46
19,21,4,0.81
19,22,4,0.11
19,35,4,0.36
19,37,4,0.46
19,38,4,0.25
19,43,4,0.95
19,54,4,0.13
19,57,4,0.89
19,64,4,0.63
19,67,4,0.75
19,71,4,0.78
19,72,4,0.4
19,75,4,0.17
19,77,4,0.87
19,80,4,0.12
19,84,4,0.51
19,90,4,0.9
19,97,4,0.34
20,2,16,0.9
20,3,16,0.94
20,6,16,0.04
20,7,16,0.86
20,11,16,0.3
20,14,16,0.95
20,16,16,0.34
20,20,16,0
20,37,16,0.13
20,48,16,0.69
20,53,16,0.7
20,56,16,0.83
20,65,16,0.91
20,71,16,0.89
20,75,16,0.05
20,81,16,0.67
20,84,16,0.25
20,85,16,0.4
20,87,16,0.99
20,90,16,0.84
20,7,4,0.19
20,9,4,0.86
20,19,4,0.52
20,20,4,0
20,21,4,0.44
20,22,4,0.21
20,35,4,0.35
20,37,4,0.27
20,38,4,0.07
20,43,4,0.72
20,54,4,0.34
20,57,4,0.39
20,64,4,0.32
20,67,4,0.67
20,71,4,0.08
20,72,4,0.79
20,75,4,0.61
20,77,4,0.33
20,80,4,0.81
20,84,4,0.83
20,90,4,0.92
20,97,4,0.04
20,2,9,0.56
20,3,9,0.26
20,11,9,0.84
20,16,9,0.96
20,20,9,0
20,33,9,0.25
20,43,9,0.21
20,58,9,0.41
20,60,9,0.34
20,67,9,0.79
20,75,9,0.27
20,84,9,0.45
20,92,9,0.69
20,93,9,0.98
20,94,9,0.54
20,4,3,0.12
20,8,3,0.89
20,13,3,0.84
20,18,3,0.76
20,20,3,0
20,24,3,0.1
20,36,3,0.64
20,45,3,0.92
20,51,3,0.41
20,58,3,0.18
20,63,3,0.16
20,68,3,0.49
20,92,3,0.46
20,97,3,0.09
20,98,3,0.2
21,0,12,0.88
21,6,12,0.18
21,10,12,0.86
21,12,12,0.93
21,14,12,0.71
21,21,12,0
21,27,12,0.23
21,28,12,0.47
21,32,12,0.96
21,42,12,0.8
21,46,12,0.92
21,68,12,0.6
21,69,12,0.64
21,70,12,0.19
21,80,12,0.99
21,83,12,0.85
21,99,12,0.5
21,21,14,0
21,31,14,0.35
21,35,14,0.01
21,42,14,0.81
21,48,14,0.08
21,55,14,0.57
21,61,14,0.41
21,74,14,0.83
21,76,14,0.06
21,79,14,0.2
21,84,14,0.99
21,88,14,0.64
21,91,14,0.69
21,0,11,0.82
21,2,11,0.25
21,15,11,0.81
21,21,11,0
21,29,11,0.83
21,30,11,0.55
21,43,11,0.64
21,47,11,0.61
21,52,11,0.61
21,55,11,0.61
21,60,11,0.32
21,61,11,0.53
21,69,11,0.13
21,76,11,0.0
21,77,11,0.98
21,82,11,0.16
21,95,11,0.19
21,96,11,0.87
21,7,4,0.41
21,9,4,0.9
21,19,4,0.24
21,20,4,0.81
21,21,4,0
21,22,4,0.32
21,35,4,0.16
21,37,4,0.2
21,38,4,0.07
21,43,4,0.98
21,54,4,0.35
21,57,4,0.66
21,64,4,0.93
21,67,4,0.95
21,71,4,0.77
21,72,4,0.23
21,75,4,1.0
21,77,4,0.6
21,80,4,0.45
21,84,4,0.45
21,90,4,0.64
21,97,4,0.87
22,4,7,0.57
22,12,7,0.81
22,17,7,0.04
22,22,7,0
22,34,7,0.2
22,36,7,0.76
22,40,7,0.54
22,44,7,0.87
22,47,7,0.89
22,70,7,0.27
22,86,7,0.78
22,7,4,0.44
22,9,4,0.12
22,19,4,0.08
22,20,4,0.82
22,21,4,0.63
22,22,4,0
22,35,4,0.81
22,37,4,0.34
22,38,4,0.58
22,43,4,0.74
22,54,4,0.66
22,57,4,0.69
22,64,4,0.42
22,67,4,0.69
22,71,4,0.86
22,72,4,0.43
22,75,4,0.03
22,77,4,0.57
22,80,4,0.27
22,84,4,0.43
22,90,4,0.56
22,97,4,0.86
23,23,15,0
23,25,15,0.71
23,27,15,0.2
23,33,15,0.57
23,69,15,0.14
23,73,15,0.9
23,90,15,0.44
23,7,13,0.12
23,8,13,0.83
23,14,13,0.16
23,23,13,0
23,30,13,0.2
23,38,13,0.66
23,46,13,0.05
23,57,13,0.36
23,63,13,0.17
23,74,13,0.79
23,81,13,0.31
23,87,13,0.65
23,13,10,0.76
23,18,10,0.53
23,23,10,0
23,26,10,0.1
23,43,10,0.65
23,46,10,0.86
23,47,10,0.65
23,56,10,0.39
23,59,10,0.39
23,66,10,0.4
23,70,10,0.01
23,77,10,0.57
23,87,10,0.68
23,96,10,0.51
24,5,0,0.55
24,15,0,0.31
24,24,0,0
24,34,0,0.51
24,35,0,0.55
24,39,0,0.79
24,42,0,0.74
24,46,0,0.45
24,55,0,0.86
24,60,0,0.21
24,64,0,0.55
24,89,0,0.87
24,93,0,0.37
24,98,0,0.62
24,5,19,0.82
24,7,19,0.7
24,12,19,0.1
24,24,19,0
24,40,19,0.97
24,49,19,0.57
24,50,19,0.04
24,54,19,0.95
24,61,19,0.18
24,62,19,0.95
24,70,19,0.08
24,78,19,0.36
24,79,19,0.3
24,94,19,0.69
24,98,19,0.84
24,4,3,0.17
24,8,3,0.21
24,13,3,0.96
24,18,3,0.11
24,20,3,0.23
24,24,3,0
24,36,3,0.71
24,45,3,0.79
24,51,3,0.42
24,58,3,0.54
24,63,3,0.42
24,68,3,0.01
24,92,3,0.47
24,97,3,0.6
24,98,3,0.29
25,4,6,0.56
25,25,6,0
25,26,6,0.88
25,40,6,0.19
25,44,6,0.15
25,50,6,0.12
25,52,6,0.14
25,65,6,0.3
25,68,6,0.32
25,72,6,0.29
25,75,6,0.54
25,87,6,0.84
25,91,6,0.61
25,23,15,0.3
25,25,15,0
25,27,15,0.02
25,33,15,0.77
25,69,15,0.27
25,73,15,0.43
25,90,15,0.94
25,18,1,0.37
25,25,1,0
25,42,1,0.12
25,50,1,0.85
25,51,1,0.7
25,58,1,0.96
25,63,1,0.4
25,66,1,0.65
25,89,1,0.49
25,90,1,0.48
25,96,1,0.58
25,99,1,0.76
26,4,6,0.13
26,25,6,0.98
26,26,6,0
26,40,6,0.25
26,44,6,0.89
26,50,6,0.39
26,52,6,0.77
26,65,6,0.14
26,68,6,0.43
26,72,6,0.29
26,75,6,0.21
26,87,6,0.52
26,91,6,0.02
26,13,10,0.1
26,18,10,0.76
26,23,10,0.08
26,26,10,0
26,43,10,0.07
26,46,10,0.58
26,47,10,0.23
26,56,10,0.62
26,59,10,0.91
26,66,10,0.76
26,70,10,0.83
26,77,10,0.51
26,87,10,0.79
26,96,10,0.04
27,0,12,0.8
27,6,12,0.54
27,10,12,0.1
27,12,12,0.08
27,14,12,0.52
27,21,12,0.34
27,27,12,0
27,28,12,0.25
27,32,12,0.19
27,42,12,0.2
27,46,12,0.95
27,68,12,0.18
27,69,12,0.18
27,70,12,0.54
27,80,12,0.7
27,83,12,0.06
27,99,12,0.43
27,23,15,0.11
27,25,15,0.16
27,27,15,0
27,33,15,0.61
27,69,15,0.33
27,73,15,0.23
27,90,15,0.11
27,0,8,0.8
27,1,8,0.47
27,5,8,0.86
27,27,8,0
27,36,8,0.05
27,39,8,0.04
27,49,8,0.37
27,52,8,0.61
27,53,8,0.53
27,74,8,0.04
27,80,8,0.01
27,85,8,0.32
28,0,12,0.65
28,6,12,0.94
28,10,12,0.28
28,12,12,0.07
28,14,12,0.2
28,21,12,0.86
28,27,12,0.57
28,28,12,0
28,32,12,0.95
28,42,12,0.09
28,46,12,0.7
28,68,12,0.69
28,69,12,0.48
28,70,12,0.89
28,80,12,0.99
28,83,12,0.97
28,99,12,0.58
28,10,2,0.19
28,19,2,0.47
28,28,2,0
28,32,2,0.41
28,35,2,0.63
28,38,2,0.98
28,47,2,0.41
28,56,2,0.99
28,74,2,0.58
28,88,2,0.03
28,96,2,0.26
29,0,11,0.15
29,2,11,0.7
29,15,11,0.15
29,21,11,0.59
29,29,11,0
29,30,11,0.08
29,43,11,0.14
29,47,11,0.6
29,52,11,0.2
29,55,11,0.31
29,60,11,0.07
29,61,11,0.27
29,69,11,0.65
29,76,11,0.75
29,77,11,0.66
29,82,11,0.71
29,95,11,0.71
29,96,11,0.68
29,9,17,0.83
29,16,17,0.66
29,29,17,0
29,30,17,1.0
29,31,17,0.61
29,41,17,0.31
29,45,17,0.04
29,55,17,0.7
29,63,17,0.6
29,64,17,0.19
29,76,17,0.69
29,77,17,0.76
29,81,17,0.87
29,82,17,0.73
29,83,17,0.22
29,99,17,0.18
30,0,11,0.97
30,2,11,0.8
30,15,11,0.93
30,21,11,0.04
30,29,11,0.36
30,30,11,0
30,43,11,0.78
30,47,11,0.0
30,52,11,0.33
30,55,11,0.47
30,60,11,0.93
30,61,11,0.75
30,69,11,0.42
30,76,11,0.16
30,77,11,0.86
30,82,11,0.62
30,95,11,0.82
30,96,11,0.06
30,7,13,0.76
30,8,13,0.7
30,14,13,0.76
30,23,13,0.11
30,30,13,0
30,38,13,0.47
30,46,13,0.62
30,57,13,0.05
30,63,13,0.55
30,74,13,0.76
30,81,13,0.1
30,87,13,0.73
30,9,17,0.56
30,16,17,0.69
30,29,17,0.39
30,30,17,0
30,31,17,0.46
30,41,17,0.11
30,45,17,0.22
30,55,17,0.35
30,63,17,0.06
30,64,17,0.02
30,76,17,0.23
30,77,17,0.42
30,81,17,0.94
30,82,17,0.84
30,83,17,0.78
30,99,17,0.5
31,21,14,0.61
31,31,14,0
31,35,14,0.31
31,42,14,0.23
31,48,14,0.58
31,55,14,0.78
31,61,14,0.05
31,74,14,0.96
31,76,14,0.58
31,79,14,0.81
31,84,14,0.19
31,88,14,0.05
31,91,14,0.1
31,9,17,0.45
31,16,17,0.43
31,29,17,0.71
31,30,17,0.6
31,31,17,0
31,41,17,0.3
31,45,17,0.32
31,55,17,0.21
31,63,17,0.23
31,64,17,0.22
31,76,17,0.1
31,77,17,0.85
31,81,17,0.21
31,82,17,0.07
31,83,17,0.16
31,99,17,0.94
32,10,2,0.66
32,19,2,0.56
32,28,2,0.74
32,32,2,0
32,35,2,0.03
32,38,2,0.76
32,47,2,0.2
32,56,2,0.33
32,74,2,0.72
32,88,2,0.05
32,96,2,0.78
32,0,12,0.35
32,6,12,0.66
32,10,12,0.46
32,12,12,0.66
32,14,12,0.67
32,21,12,0.06
32,27,12,0.42
32,28,12,0.02
32,32,12,0
32,42,12,0.79
32,46,12,0.64
32,68,12,0.21
32,69,12,0.25
32,70,12,0.63
32,80,12,0.43
32,83,12,0.0
32,99,12,0.94
33,2,9,0.21
33,3,9,0.19
33,11,9,0.94
33,16,9,0.02
33,20,9,0.74
33,33,9,0
33,43,9,0.49
33,58,9,0.52
33,60,9,0.81
33,67,9,0.92
33,75,9,0.77
33,84,9,0.38
33,92,9,0.61
33,93,9,0.88
33,94,9,0.83
33,23,15,0.8
33,25,15,0.35
33,27,15,0.32
33,33,15,0
33,69,15,0.92
33,73,15,0.01
33,90,15,0.03
34,4,7,0.64
34,12,7,0.25
34,17,7,0.93
34,22,7,0.07
34,34,7,0
34,36,7,0.41
34,40,7,0.61
34,44,7,0.27
34,47,7,0.68
34,70,7,0.13
34,86,7,0.38
34,5,0,0.8
34,15,0,0.48
34,24,0,0.58
34,34,0,0
34,35,0,0.03
34,39,0,0.16
34,42,0,0.35
34,46,0,0.13
34,55,0,0.9
34,60,0,0.66
34,64,0,0.8
34,89,0,0.39
34,93,0,0.68
34,98,0,0.25
34,1,18,0.24
34,9,18,0.87
34,14,18,0.58
34,15,18,0.64
34,17,18,0.63
34,18,18,0.15
34,34,18,0
34,39,18,0.7
34,41,18,0.99
34,57,18,0.87
34,65,18,0.59
34,68,18,0.02
34,73,18,0.88
34,83,18,0.76
34,86,18,0.01
34,93,18,0.45
34,95,18,0.39
35,7,4,0.23
35,9,4,0.55
35,19,4,0.69
35,20,4,0.97
35,21,4,0.39
35,22,4,0.47
35,35,4,0
35,37,4,0.39
35,38,4,0.83
35,43,4,0.36
35,54,4,0.21
35,57,4,0.36
35,64,4,0.46
35,67,4,0.02
35,71,4,0.18
35,72,4,0.67
35,75,4,0.88
35,77,4,0.71
35,80,4,0.12
35,84,4,0.05
35,90,4,0.44
35,97,4,0.48
35,10,2,0.48
35,19,2,0.1
35,28,2,0.41
35,32,2,0.65
35,35,2,0
35,38,2,0.41
35,47,2,0.02
35,56,2,0.04
35,74,2,0.2
35,88,2,0.96
35,96,2,0.8
35,21,14,0.18
35,31,14,0.07
35,35,14,0
35,42,14,0.6
35,48,14,0.46
35,55,14,0.53
35,61,14,0.48
35,74,14,0.66
35,76,14,0.17
35,79,14,0.47
35,84,14,0.28
35,88,14,0.75
35,91,14,0.33
35,5,0,0.34
35,15,0,0.37
35,24,0,0.0
35,34,0,0.19
35,35,0,0
35,39,0,0.85
35,42,0,0.77
35,46,0,0.98
35,55,0,0.13
35,60,0,0.18
35,64,0,0.58
35,89,0,0.1
35,93,0,0.57
35,98,0,0.45
36,4,3,0.05
36,8,3,0.81
36,13,3,0.72
36,18,3,0.02
36,20,3,0.71
36,24,3,0.49
36,36,3,0
36,45,3,0.53
36,51,3,0.75
36,58,3,0.91
36,63,3,0.13
36,68,3,0.12
36,92,3,0.39
36,97,3,0.96
36,98,3,0.06
36,0,8,0.37
36,1,8,0.39
36,5,8,0.85
36,27,8,0.87
36,36,8,0
36,39,8,0.5
36,49,8,0.63
36,52,8,0.98
36,53,8,0.77
36,74,8,0.98
36,80,8,0.19
36,85,8,0.61
36,4,7,0.36
36,12,7,0.43
36,17,7,0.67
36,22,7,0.44
36,34,7,0.98
36,36,7,0
36,40,7,0.71
36,44,7,0.52
36,47,7,0.49
36,70,7,0.41
36,86,7,0.14
37,2,16,0.46
37,3,16,0.56
37,6,16,0.34
37,7,16,0.35
37,11,16,0.76
37,14,16,0.31
37,16,16,0.77
37,20,16,0.19
37,37,16,0
37,48,16,0.4
37,53,16,0.63
37,56,16,0.88
37,65,16,0.17
37,71,16,0.66
37,75,16,0.87
37,81,16,0.32
37,84,16,0.27
37,85,16,0.24
37,87,16,0.11
37,90,16,0.06
37,7,4,0.99
37,9,4,0.81
37,19,4,0.53
37,20,4,0.78
37,21,4,0.8
37,22,4,0.26
37,35,4,0.67
37,37,4,0
37,38,4,0.27
37,43,4,0.17
37,54,4,0.84
37,57,4,0.85
37,64,4,0.54
37,67,4,0.8
37,71,4,0.15
37,72,4,0.31
37,75,4,0.03
37,77,4,0.44
37,80,4,0.9
37,84,4,0.35
37,90,4,0.8
37,97,4,0.35
38,10,2,0.2
38,19,2,0.49
38,28,2,0.61
38,32,2,0.7
38,35,2,0.51
38,38,2,0
38,47,2,0.17
38,56,2,0.93
38,74,2,0.06
38,88,2,0.41
38,96,2,0.79
38,7,4,0.18
38,9,4,0.54
38,19,4,0.84
38,20,4,0.53
38,21,4,0.67
38,22,4,0.59
38,35,4,0.9
38,37,4,0.36
38,38,4,0
38,43,4,0.03
38,54,4,0.24
38,57,4,0.48
38,64,4,0.84
38,67,4,0.28
38,71,4,0.33
38,72,4,0.75
38,75,4,0.03
38,77,4,0.31
38,80,4,0.43
38,84,4,0.27
38,90,4,0.55
38,97,4,0.47
38,7,13,0.54
38,8,13,0.76
38,14,13,0.25
38,23,13,0.13
38,30,13,0.88
38,38,13,0
38,46,13,0.49
38,57,13,0.61
38,63,13,0.52
38,74,13,0.11
38,81,13,0.88
38,87,13,0.02
39,1,18,0.65
39,9,18,0.14
39,14,18,0.56
39,15,18,0.83
39,17,18,0.05
39,18,18,0.11
39,34,18,0.06
39,39,18,0
39,41,18,0.24
39,57,18,0.76
39,65,18,0.66
39,68,18,0.09
39,73,18,0.71
39,83,18,0.36
39,86,18,0.5
39,93,18,0.19
39,95,18,0.44
39,0,8,0.77
39,1,8,0.87
39,5,8,0.9
39,27,8,0.55
39,36,8,0.45
39,39,8,0
39,49,8,0.46
39,52,8,0.35
39,53,8,0.29
39,74,8,0.92
39,80,8,0.36
39,85,8,0.45
39,5,0,0.22
39,15,0,0.4
39,24,0,0.27
39,34,0,0.71
39,35,0,0.12
39,39,0,0
39,42,0,0.3
39,46,0,0.17
39,55,0,0.52
39,60,0,0.79
39,64,0,1.0
39,89,0,0.59
39,93,0,0.78
39,98,0,0.62
40,4,7,0.08
40,12,7,0.98
40,17,7,0.85
40,22,7,0.95
40,34,7,0.95
40,36,7,0.04
40,40,7,0
40,44,7,0.3
40,47,7,0.95
40,70,7,0.67
40,86,7,0.77
40,4,6,0.42
40,25,6,0.41
40,26,6,0.12
40,40,6,0
40,44,6,0.15
40,50,6,0.43
40,52,6,0.96
40,65,6,0.67
40,68,6,0.57
40,72,6,0.63
40,75,6,0.06
40,87,6,0.66
40,91,6,0.13
40,5,19,0.59
40,7,19,0.88
40,12,19,0.15
40,24,19,0.95
40,40,19,0
40,49,19,0.97
40,50,19,0.92
40,54,19,0.63
40,61,19,0.29
40,62,19,0.43
40,70,19,0.78
40,78,19,0.87
40,79,19,0.24
40,94,19,0.51
40,98,19,0.69
41,9,17,0.78
41,16,17,0.19
41,29,17,0.23
41,30,17,0.21
41,31,17,0.9
41,41,17,0
41,45,17,0.51
41,55,17,0.67
41,63,17,0.92
41,64,17,0.3
41,76,17,0.65
41,77,17,0.61
41,81,17,0.81
41,82,17,0.16
41,83,17,0.39
41,99,17,0.69
41,1,18,0.19
41,9,18,0.83
41,14,18,0.56
41,15,18,0.78
41,17,18,0.59
41,18,18,0.07
41,34,18,0.23
41,39,18,0.33
41,41,18,0
41,57,18,0.94
41,65,18,0.9
41,68,18,0.92
41,73,18,0.54
41,83,18,0.42
41,86,18,0.82
41,93,18,0.76
41,95,18,0.97
42,0,12,0.47
42,6,12,0.46
42,10,12,0.0
42,12,12,0.66
42,14,12,0.13
42,21,12,0.04
42,27,12,0.76
42,28,12,0.0
42,32,12,0.87
42,42,12,0
42,46,12,0.91
42,68,12,0.0
42,69,12,0.22
42,70,12,0.31
42,80,12,0.42
42,83,12,0.82
42,99,12,0.34
42,21,14,0.67
42,31,14,0.11
42,35,14,0.17
42,42,14,0
42,48,14,0.72
42,55,14,0.42
42,61,14,0.84
42,74,14,0.17
42,76,14,0.25
42,79,14,0.76
42,84,14,0.33
42,88,14,0.77
42,91,14,0.96
42,18,1,0.54
42,25,1,0.45
42,42,1,0
42,50,1,0.68
42,51,1,0.69
42,58,1,0.52
42,63,1,0.16
42,66,1,0.96
42,89,1,0.26
42,90,1,0.82
42,96,1,0.09
42,99,1,0.77
42,5,0,0.67
42,15,0,0.57
42,24,0,0.41
42,34,0,0.47
42,35,0,0.24
42,39,0,0.24
42,42,0,0
42,46,0,0.62
42,55,0,0.89
42,60,0,0.1
42,64,0,0.18
42,89,0,0.77
42,93,0,0.39
42,98,0,0.83
43,2,9,0.74
43,3,9,0.32
43,11,9,0.47
43,16,9,0.74
43,20,9,0.21
43,33,9,0.89
43,43,9,0
43,58,9,0.98
43,60,9,0.81
43,67,9,0.33
43,75,9,0.79
43,84,9,0.64
43,92,9,0.31
43,93,9,0.81
43,94,9,0.29
43,7,4,0.73
43,9,4,0.94
43,19,4,0.3
43,20,4,0.6
43,21,4,0.74
43,22,4,0.17
43,35,4,0.71
43,37,4,0.38
43,38,4,0.6
43,43,4,0
43,54,4,0.86
43,57,4,0.58
43,64,4,0.92
43,67,4,0.53
43,71,4,0.01
43,72,4,0.81
43,75,4,0.49
43,77,4,0.73
43,80,4,0.93
43,84,4,0.06
43,90,4,0.22
43,97,4,0.44
43,0,11,0.33
43,2,11,0.13
43,15,11,0.52
43,21,11,0.49
43,29,11,0.17
43,30,11,0.39
43,43,11,0
43,47,11,0.98
43,52,11,0.53
43,55,11,0.73
43,60,11,0.48
43,61,11,0.77
43,69,11,0.48
43,76,11,0.93
43,77,11,0.9
43,82,11,0.17
43,95,11,0.67
43,96,11,0.28
43,13,10,0.83
43,18,10,0.56
43,23,10,0.56
43,26,10,0.23
43,43,10,0
43,46,10,0.46
43,47,10,0.97
43,56,10,0.42
43,59,10,0.44
43,66,10,0.62
43,70,10,0.34
43,77,10,0.11
43,87,10,0.9
43,96,10,0.9
44,4,6,0.41
44,25,6,0.91
44,26,6,0.9
44,40,6,0.22
44,44,6,0
44,50,6,0.7
44,52,6,0.43
44,65,6,0.12
44,68,6,0.65
44,72,6,0.0
44,75,6,0.86
44,87,6,0.43
44,91,6,0.97
44,15,5,0.31
44,17,5,0.3
44,44,5,0
44,48,5,0.16
44,54,5,0.95
44,59,5,0.14
44,62,5,0.48
44,65,5,0.89
44,71,5,0.88
44,78,5,0.57
44,85,5,0.6
44,88,5,0.0
44,92,5,0.8
44,98,5,0.18
44,4,7,0.71
44,12,7,0.79
44,17,7,0.96
44,22,7,0.58
44,34,7,0.52
44,36,7,0.98
44,40,7,0.17
44,44,7,0
44,47,7,0.67
44,70,7,0.01
44,86,7,0.83
45,4,3,0.42
45,8,3,0.92
45,13,3,0.43
45,18,3,0.71
45,20,3,0.32
45,24,3,0.2
45,36,3,0.64
45,45,3,0
45,51,3,0.72
45,58,3,0.1
45,63,3,0.47
45,68,3,0.17
45,92,3,0.52
45,97,3,0.49
45,98,3,0.22
45,9,17,0.15
45,16,17,0.38
45,29,17,0.92
45,30,17,0.66
45,31,17,0.04
45,41,17,0.08
45,45,17,0
45,55,17,0.31
45,63,17,0.5
45,64,17,0.1
45,76,17,0.64
45,77,17,0.06
45,81,17,0.5
45,82,17,0.59
45,83,17,0.23
45,99,17,0.43
46,13,10,0.14
46,18,10,0.58
46,23,10,0.9
46,26,10,0.91
46,43,10,0.72
46,46,10,0
46,47,10,0.07
46,56,10,0.67
46,59,10,0.81
46,66,10,0.1
46,70,10,0.56
46,77,10,0.89
46,87,10,0.84
46,96,10,0.18
46,7,13,0.69
46,8,13,0.55
46,14,13,0.27
46,23,13,0.7
46,30,13,0.05
46,38,13,0.42
46,46,13,0
46,57,13,0.76
46,63,13,0.22
46,74,13,0.7
46,81,13,0.21
46,87,13,0.43
46,5,0,0.85
46,15,0,0.18
46,24,0,0.39
46,34,0,0.36
46,35,0,0.3
46,39,0,0.02
46,42,0,0.06
46,46,0,0
46,55,0,0.89
46,60,0,0.28
46,64,0,0.74
46,89,0,0.11
46,93,0,0.93
46,98,0,0.47
46,0,12,0.74
46,6,12,0.37
46,10,12,0.0
46,12,12,0.57
46,14,12,0.49
46,21,12,0.04
46,27,12,0.33
46,28,12,0.11
46,32,12,0.67
46,42,12,0.91
46,46,12,0
46,68,12,0.81
46,69,12,0.6
46,70,12,0.72
46,80,12,0.07
46,83,12,0.88
46,99,12,0.3
47,4,7,0.41
47,12,7,0.75
47,17,7,0.99
47,22,7,0.98
47,34,7,0.24
47,36,7,0.82
47,40,7,0.56
47,44,7,0.28
47,47,7,0
47,70,7,0.44
47,86,7,0.73
47,13,10,0.02
47,18,10,0.1
47,23,10,0.89
47,26,10,0.25
47,43,10,0.4
47,46,10,0.07
47,47,10,0
47,56,10,0.13
47,59,10,0.37
47,66,10,0.85
47,70,10,0.91
47,77,10,1.0
47,87,10,0.07
47,96,10,0.91
47,0,11,0.88
47,2,11,0.57
47,15,11,0.65
47,21,11,0.51
47,29,11,0.29
47,30,11,0.84
47,43,11,0.2
47,47,11,0
47,52,11,0.32
47,55,11,0.69
47,60,11,0.91
47,61,11,0.28
47,69,11,0.39
47,76,11,0.47
47,77,11,0.82
47,82,11,0.66
47,95,11,0.12
47,96,11,0.7
47,10,2,0.64
47,19,2,0.59
47,28,2,0.94
47,32,2,0.22
47,35,2,0.74
47,38,2,0.15
47,47,2,0
47,56,2,0.3
47,74,2,0.48
47,88,2,0.03
47,96,2,0.6
48,21,14,0.42
48,31,14,0.22
48,35,14,0.16
48,42,14,0.16
48,48,14,0
48,55,14,0.06
48,61,14,0.57
48,74,14,0.91
48,76,14,0.94
48,79,14,0.87
48,84,14,0.99
48,88,14,0.33
48,91,14,0.65
48,2,16,0.76
48,3,16,0.65
48,6,16,0.94
48,7,16,0.37
48,11,16,0.89
48,14,16,0.17
48,16,16,0.11
48,20,16,0.72
48,37,16,0.08
48,48,16,0
48,53,16,0.46
48,56,16,0.36
48,65,16,0.41
48,71,16,0.71
48,75,16,0.35
48,81,16,1.0
48,84,16,0.04
48,85,16,0.02
48,87,16,0.12
48,90,16,0.84
48,15,5,0.68
48,17,5,0.32
48,44,5,0.25
48,48,5,0
48,54,5,0.72
48,59,5,0.63
48,62,5,0.58
48,65,5,0.49
48,71,5,0.57
48,78,5,0.47
48,85,5,0.49
48,88,5,0.06
48,92,5,0.01
48,98,5,0.56
49,5,19,0.41
49,7,19,0.38
49,12,19,0.77
49,24,19,0.51
49,40,19,0.07
49,49,19,0
49,50,19,0.35
49,54,19,0.34
49,61,19,0.68
49,62,19,0.72
49,70,19,0.56
49,78,19,0.51
49,79,19,0.32
49,94,19,0.08
49,98,19,0.48
49,0,8,0.82
49,1,8,0.76
49,5,8,0.06
49,27,8,0.06
49,36,8,0.3
49,39,8,0.18
49,49,8,0
49,52,8,0.58
49,53,8,0.51
49,74,8,0.52
49,80,8,0.02
49,85,8,0.41
50,5,19,0.95
50,7,19,0.42
50,12,19,0.43
50,24,19,0.2
50,40,19,0.98
50,49,19,0.91
50,50,19,0
50,54,19,0.88
50,61,19,0.26
50,62,19,0.84
50,70,19,0.87
50,78,19,0.84
50,79,19,0.34
50,94,19,0.89
50,98,19,0.9
50,4,6,0.26
50,25,6,0.01
50,26,6,0.69
50,40,6,0.55
50,44,6,0.58
50,50,6,0
50,52,6,0.7
50,65,6,0.79
50,68,6,0.63
50,72,6,0.14
50,75,6,0.84
50,87,6,0.12
50,91,6,0.32
50,18,1,0.32
50,25,1,0.17
50,42,1,0.59
50,50,1,0
50,51,1,0.27
50,58,1,0.64
50,63,1,1.0
50,66,1,0.53
50,89,1,0.83
50,90,1,0.23
50,96,1,0.25
50,99,1,0.85
51,4,3,0.35
51,8,3,0.64
51,13,3,0.36
51,18,3,0.59
51,20,3,0.87
51,24,3,0.68
51,36,3,0.92
51,45,3,0.48
51,51,3,0
51,58,3,0.8
51,63,3,0.48
51,68,3,0.92
51,92,3,0.29
51,97,3,0.88
51,98,3,0.17
51,18,1,0.05
51,25,1,0.43
51,42,1,0.37
51,50,1,0.31
51,51,1,0
51,58,1,0.31
51,63,1,0.21
51,66,1,0.85
51,89,1,0.53
51,90,1,0.83
51,96,1,0.67
51,99,1,0.91
52,0,11,0.82
52,2,11,0.04
52,15,11,0.05
52,21,11,0.63
52,29,11,0.45
52,30,11,0.81
52,43,11,0.16
52,47,11,0.92
52,52,11,0
52,55,11,0.38
52,60,11,0.69
52,61,11,0.27
52,69,11,0.75
52,76,11,0.36
52,77,11,0.91
52,82,11,0.52
52,95,11,0.81
52,96,11,0.39
52,0,8,0.44
52,1,8,0.27
52,5,8,0.69
52,27,8,0.98
52,36,8,0.73
52,39,8,0.84
52,49,8,0.97
52,52,8,0
52,53,8,0.45
52,74,8,0.52
52,80,8,0.07
52,85,8,0.63
52,4,6,0.74
52,25,6,0.29
52,26,6,0.87
52,40,6,0.28
52,44,6,0.93
52,50,6,0.41
52,52,6,0
52,65,6,0.77
52,68,6,0.16
52,72,6,0.36
52,75,6,0.63
52,87,6,0.9
52,91,6,0.41
53,2,16,0.13
53,3,16,0.52
53,6,16,0.14
53,7,16,0.32
53,11,16,0.44
53,14,16,0.81
53,16,16,0.54
53,20,16,0.35
53,37,16,0.19
53,48,16,0.93
53,53,16,0
53,56,16,0.61
53,65,16,0.04
53,71,16,0.43
53,75,16,0.06
53,81,16,0.82
53,84,16,0.29
53,85,16,0.93
53,87,16,0.12
53,90,16,0.63
53,0,8,0.02
53,1,8,0.36
53,5,8,0.7
53,27,8,0.05
53,36,8,0.01
53,39,8,0.2
53,49,8,0.09
53,52,8,0.22
53,53,8,0
53,74,8,0.41
53,80,8,0.11
53,85,8,0.19
54,15,5,0.51
54,17,5,0.32
54,44,5,0.55
54,48,5,0.91
54,54,5,0
54,59,5,0.48
54,62,5,0.94
54,65,5,0.19
54,71,5,0.57
54,78,5,0.75
54,85,5,0.55
54,88,5,0.86
54,92,5,0.74
54,98,5,0.49
54,7,4,0.23
54,9,4,0.28
54,19,4,0.36
54,20,4,0.48
54,21,4,0.43
54,22,4,0.16
54,35,4,0.97
54,37,4,0.98
54,38,4,0.61
54,43,4,0.3
54,54,4,0
54,57,4,0.63
54,64,4,0.16
54,67,4,0.34
54,71,4,0.79
54,72,4,0.87
54,75,4,0.96
54,77,4,0.54
54,80,4,0.47
54,84,4,0.49
54,90,4,0.99
54,97,4,0.03
54,5,19,0.88
54,7,19,0.27
54,12,19,0.53
54,24,19,0.92
54,40,19,0.15
54,49,19,0.85
54,50,19,0.92
54,54,19,0
54,61,19,0.79
54,62,19,0.82
54,70,19,0.31
54,78,19,0.97
54,79,19,0.66
54,94,19,0.19
54,98,19,0.71
55,21,14,0.55
55,31,14,0.48
55,35,14,0.3
55,42,14,1.0
55,48,14,0.16
55,55,14,0
55,61,14,0.75
55,74,14,0.15
55,76,14,0.45
55,79,14,0.51
55,84,14,0.27
55,88,14,0.85
55,91,14,0.78
55,5,0,0.86
55,15,0,0.45
55,24,0,0.51
55,34,0,0.56
55,35,0,0.98
55,39,0,0.36
55,42,0,0.5
55,46,0,0.09
55,55,0,0
55,60,0,0.74
55,64,0,0.67
55,89,0,0.67
55,93,0,0.15
55,98,0,0.0
55,9,17,0.91
55,16,17,0.27
55,29,17,0.87
55,30,17,0.94
55,31,17,0.37
55,41,17,0.89
55,45,17,0.3
55,55,17,0
55,63,17,0.5
55,64,17,0.19
55,76,17,0.68
55,77,17,0.03
55,81,17,0.58
55,82,17,0.99
55,83,17,0.76
55,99,17,0.09
55,0,11,0.42
55,2,11,0.58
55,15,11,0.06
55,21,11,0.38
55,29,11,0.57
55,30,11,0.79
55,43,11,0.31
55,47,11,0.06
55,52,11,0.93
55,55,11,0
55,60,11,0.44
55,61,11,0.92
55,69,11,0.84
55,76,11,0.69
55,77,11,0.35
55,82,11,0.36
55,95,11,0.43
55,96,11,0.62
56,2,16,0.8
56,3,16,0.18
56,6,16,0.9
56,7,16,0.38
56,11,16,0.85
56,14,16,0.03
56,16,16,0.68
56,20,16,0.62
56,37,16,0.25
56,48,16,0.46
56,53,16,0.2
56,56,16,0
56,65,16,0.08
56,71,16,0.72
56,75,16,0.85
56,81,16,0.95
56,84,16,0.9
56,85,16,0.79
56,87,16,0.6
56,90,16,0.69
56,10,2,0.09
56,19,2,0.67
56,28,2,0.49
56,32,2,0.7
56,35,2,0.01
56,38,2,0.95
56,47,2,0.47
56,56,2,0
56,74,2,0.7
56,88,2,0.52
56,96,2,0.73
56,13,10,0.23
56,18,10,0.9
56,23,10,0.7
56,26,10,0.83
56,43,10,0.28
56,46,10,0.29
56,47,10,0.09
56,56,10,0
56,59,10,0.6
56,66,10,0.9
56,70,10,0.25
56,77,10,0.49
56,87,10,0.28
56,96,10,0.4
57,7,4,0.84
57,9,4,0.28
57,19,4,0.01
57,20,4,0.01
57,21,4,0.85
57,22,4,0.17
57,35,4,0.7
57,37,4,0.21
57,38,4,0.57
57,43,4,0.71
57,54,4,0.13
57,57,4,0
57,64,4,0.41
57,67,4,0.3
57,71,4,0.21
57,72,4,0.95
57,75,4,0.13
57,77,4,0.96
57,80,4,0.23
57,84,4,0.12
57,90,4,0.34
57,97,4,0.73
57,1,18,0.57
57,9,18,0.81
57,14,18,0.85
57,15,18,0.96
57,17,18,0.88
57,18,18,0.27
57,34,18,0.17
57,39,18,0.11
57,41,18,0.65
57,57,18,0
57,65,18,0.97
57,68,18,0.06
57,73,18,0.98
57,83,18,0.81
57,86,18,0.32
57,93,18,0.55
57,95,18,0.28
57,7,13,0.57
57,8,13,0.71
57,14,13,0.64
57,23,13,0.68
57,30,13,0.73
57,38,13,0.89
57,46,13,0.71
57,57,13,0
57,63,13,0.49
57,74,13,0.23
57,81,13,0.89
57,87,13,0.15
58,4,3,0.02
58,8,3,0.58
58,13,3,0.27
58,18,3,0.91
58,20,3,0.5
58,24,3,0.51
58,36,3,0.39
58,45,3,0.62
58,51,3,0.15
58,58,3,0
58,63,3,0.86
58,68,3,0.97
58,92,3,0.41
58,97,3,0.8
58,98,3,0.43
58,2,9,0.52
58,3,9,0.73
58,11,9,0.14
58,16,9,0.92
58,20,9,0.5
58,33,9,0.2
58,43,9,0.31
58,58,9,0
58,60,9,0.92
58,67,9,0.1
58,75,9,0.78
58,84,9,0.17
58,92,9,0.4
58,93,9,0.82
58,94,9,0.43
58,18,1,0.89
58,25,1,0.7
58,42,1,0.42
58,50,1,0.86
58,51,1,0.78
58,58,1,0
58,63,1,0.29
58,66,1,0.48
58,89,1,0.64
58,90,1,0.73
58,96,1,0.49
58,99,1,0.31
59,15,5,0.88
59,17,5,0.38
59,44,5,0.72
59,48,5,0.52
59,54,5,0.81
59,59,5,0
59,62,5,0.78
59,65,5,0.18
59,71,5,0.53
59,78,5,0.65
59,85,5,0.71
59,88,5,0.08
59,92,5,0.6
59,98,5,0.64
59,13,10,0.38
59,18,10,0.23
59,23,10,0.55
59,26,10,0.73
59,43,10,0.49
59,46,10,0.04
59,47,10,0.32
59,56,10,0.93
59,59,10,0
59,66,10,0.11
59,70,10,0.83
59,77,10,0.11
59,87,10,0.04
59,96,10,0.09
60,2,9,0.69
60,3,9,0.55
60,11,9,0.16
60,16,9,0.36
60,20,9,0.64
60,33,9,0.55
60,43,9,0.86
60,58,9,0.12
60,60,9,0
60,67,9,0.54
60,75,9,0.08
60,84,9,0.47
60,92,9,0.29
60,93,9,0.09
60,94,9,0.13
60,5,0,0.61
60,15,0,0.73
60,24,0,0.37
60,34,0,1.0
60,35,0,0.07
60,39,0,0.16
60,42,0,0.06
60,46,0,0.46
60,55,0,0.79
60,60,0,0
60,64,0,0.91
60,89,0,0.6
60,93,0,0.41
60,98,0,0.87
60,0,11,0.61
60,2,11,0.85
60,15,11,0.76
60,21,11,0.91
60,29,11,0.9
60,30,11,0.02
60,43,11,0.07
60,47,11,0.74
60,52,11,0.47
60,55,11,0.75
60,60,11,0
60,61,11,0.91
60,69,11,0.51
60,76,11,0.87
60,77,11,0.93
60,82,11,0.17
60,95,11,0.58
60,96,11,0.89
61,21,14,0.58
61,31,14,0.98
61,35,14,0.37
61,42,14,0.95
61,48,14,0.13
61,55,14,0.84
61,61,14,0
61,74,14,0.95
61,76,14,0.75
61,79,14,0.8
61,84,14,0.39
61,88,14,0.61
61,91,14,0.44
61,0,11,0.92
61,2,11,0.09
61,15,11,0.56
61,21,11,0.43
61,29,11,0.18
61,30,11,0.27
61,43,11,0.98
61,47,11,0.05
61,52,11,0.54
61,55,11,0.27
61,60,11,0.17
61,61,11,0
61,69,11,0.02
61,76,11,0.91
61,77,11,0.86
61,82,11,0.95
61,95,11,0.54
61,96,11,0.59
61,5,19,0.83
61,7,19,0.01
61,12,19,0.07
61,24,19,0.94
61,40,19,0.99
61,49,19,0.68
61,50,19,0.65
61,54,19,0.44
61,61,19,0
61,62,19,0.75
61,70,19,0.7
61,78,19,0.53
61,79,19,0.65
61,94,19,0.65
61,98,19,0.88
62,5,19,0.22
62,7,19,0.67
62,12,19,0.92
62,24,19,0.24
62,40,19,0.05
62,49,19,0.59
62,50,19,0.01
62,54,19,0.36
62,61,19,0.28
62,62,19,0
62,70,19,0.68
62,78,19,0.35
62,79,19,0.13
62,94,19,0.91
62,98,19,0.12
62,15,5,0.16
62,17,5,0.5
62,44,5,0.49
62,48,5,0.87
62,54,5,0.04
62,59,5,0.16
62,62,5,0
62,65,5,0.51
62,71,5,0.59
62,78,5,0.49
62,85,5,0.82
62,88,5,0.84
62,92,5,0.96
62,98,5,0.48
63,4,3,0.48
63,8,3,0.25
63,13,3,0.13
63,18,3,0.43
63,20,3,0.32
63,24,3,0.53
63,36,3,0.15
63,45,3,0.16
63,51,3,0.73
63,58,3,0.82
63,63,3,0
63,68,3,0.09
63,92,3,0.8
63,97,3,0.79
63,98,3,0.26
63,7,13,0.37
63,8,13,0.48
63,14,13,0.17
63,23,13,0.11
63,30,13,0.35
63,38,13,0.4
63,46,13,0.44
63,57,13,0.75
63,63,13,0
63,74,13,0.57
63,81,13,0.79
63,87,13,0.04
63,9,17,0.93
63,16,17,0.75
63,29,17,0.89
63,30,17,0.69
63,31,17,0.56
63,41,17,0.02
63,45,17,0.78
63,55,17,0.57
63,63,17,0
63,64,17,0.76
63,76,17,0.35
63,77,17,0.56
63,81,17,0.31
63,82,17,0.05
63,83,17,0.94
63,99,17,0.55
63,18,1,0.42
63,25,1,0.19
63,42,1,0.79
63,50,1,0.33
63,51,1,0.58
63,58,1,0.5
63,63,1,0
63,66,1,0.64
63,89,1,0.61
63,90,1,0.77
63,96,1,0.87
63,99,1,0.13
64,9,17,0.14
64,16,17,0.26
64,29,17,0.4
64,30,17,0.54
64,31,17,0.59
64,41,17,0.17
64,45,17,0.13
64,55,17,0.4
64,63,17,0.84
64,64,17,0
64,76,17,0.48
64,77,17,0.05
64,81,17,0.71
64,82,17,0.82
64,83,17,0.3
64,99,17,0.52
64,5,0,1.0
64,15,0,0.54
64,24,0,0.38
64,34,0,0.11
64,35,0,0.28
64,39,0,0.22
64,42,0,0.46
64,46,0,0.04
64,55,0,0.73
64,60,0,0.78
64,64,0,0
64,89,0,0.29
64,93,0,0.51
64,98,0,0.44
64,7,4,0.33
64,9,4,0.25
64,19,4,0.48
64,20,4,0.63
64,21,4,0.35
64,22,4,0.63
64,35,4,0.06
64,37,4,0.96
64,38,4,0.1
64,43,4,0.77
64,54,4,0.45
64,57,4,0.11
64,64,4,0
64,67,4,0.77
64,71,4,0.17
64,72,4,0.34
64,75,4,0.9
64,77,4,0.36
64,80,4,0.86
64,84,4,0.8
64,90,4,0.87
64,97,4,0.43
65,15,5,0.86
65,17,5,0.47
65,44,5,0.46
65,48,5,0.81
65,54,5,0.96
65,59,5,0.22
65,62,5,0.62
65,65,5,0
65,71,5,0.35
65,78,5,0.59
65,85,5,0.6
65,88,5,0.97
65,92,5,0.55
65,98,5,0.92
65,1,18,0.97
65,9,18,0.09
65,14,18,0.6
65,15,18,0.11
65,17,18,0.99
65,18,18,0.89
65,34,18,0.88
65,39,18,0.42
65,41,18,0.07
65,57,18,0.87
65,65,18,0
65,68,18,0.45
65,73,18,0.24
65,83,18,0.62
65,86,18,0.87
65,93,18,0.34
65,95,18,0.82
65,2,16,0.83
65,3,16,0.21
65,6,16,0.68
65,7,16,0.25
65,11,16,0.98
65,14,16,0.71
65,16,16,0.46
65,20,16,0.21
65,37,16,0.7
65,48,16,0.09
65,53,16,0.8
65,56,16,0.98
65,65,16,0
65,71,16,0.67
65,75,16,0.55
65,81,16,0.19
65,84,16,0.73
65,85,16,0.35
65,87,16,0.97
65,90,16,0.06
65,4,6,0.83
65,25,6,0.34
65,26,6,0.04
65,40,6,0.42
65,44,6,0.12
65,50,6,0.7
65,52,6,0.76
65,65,6,0
65,68,6,0.63
65,72,6,0.28
65,75,6,0.05
65,87,6,0.71
65,91,6,0.3
66,18,1,0.05
66,25,1,0.83
66,42,1,0.95
66,50,1,0.92
66,51,1,0.82
66,58,1,0.95
66,63,1,0.72
66,66,1,0
66,89,1,0.59
66,90,1,0.84
66,96,1,0.8
66,99,1,0.22
66,13,10,0.83
66,18,10,0.68
66,23,10,0.41
66,26,10,1.0
66,43,10,0.57
66,46,10,0.54
66,47,10,0.31
66,56,10,0.62
66,59,10,0.84
66,66,10,0
66,70,10,0.95
66,77,10,0.31
66,87,10,0.39
66,96,10,0.51
67,7,4,0.28
67,9,4,0.9
67,19,4,0.33
67,20,4,0.37
67,21,4,0.39
67,22,4,0.42
67,35,4,0.04
67,37,4,0.87
67,38,4,0.29
67,43,4,0.58
67,54,4,0.51
67,57,4,0.67
67,64,4,0.99
67,67,4,0
67,71,4,0.08
67,72,4,0.1
67,75,4,0.14
67,77,4,0.35
67,80,4,0.91
67,84,4,0.75
67,90,4,0.2
67,97,4,0.72
67,2,9,0.48
67,3,9,0.7
67,11,9,0.61
67,16,9,0.66
67,20,9,0.36
67,33,9,0.42
67,43,9,0.32
67,58,9,0.21
67,60,9,0.4
67,67,9,0
67,75,9,0.32
67,84,9,0.79
67,92,9,0.02
67,93,9,0.77
67,94,9,0.33
68,0,12,0.09
68,6,12,0.74
68,10,12,0.13
68,12,12,0.4
68,14,12,0.41
68,21,12,0.27
68,27,12,0.99
68,28,12,0.4
68,32,12,0.75
68,42,12,0.57
68,46,12,0.91
68,68,12,0
68,69,12,0.94
68,70,12,0.39
68,80,12,0.45
68,83,12,0.44
68,99,12,0.42
68,1,18,0.06
68,9,18,0.6
68,14,18,0.18
68,15,18,0.1
68,17,18,0.37
68,18,18,0.1
68,34,18,1.0
68,39,18,0.13
68,41,18,0.39
68,57,18,0.46
68,65,18,0.45
68,68,18,0
68,73,18,0.9
68,83,18,0.41
68,86,18,0.13
68,93,18,0.48
68,95,18,0.71
68,4,3,0.34
68,8,3,0.56
68,13,3,0.11
68,18,3,0.92
68,20,3,0.86
68,24,3,0.42
68,36,3,0.01
68,45,3,0.94
68,51,3,0.7
68,58,3,0.51
68,63,3,0.46
68,68,3,0
68,92,3,0.05
68,97,3,0.56
68,98,3,0.86
68,4,6,0.95
68,25,6,0.38
68,26,6,0.42
68,40,6,0.36
68,44,6,0.24
68,50,6,0.95
68,52,6,0.94
68,65,6,1.0
68,68,6,0
68,72,6,0.56
68,75,6,0.05
68,87,6,0.99
68,91,6,0.58
69,0,12,0.68
69,6,12,0.35
69,10,12,0.45
69,12,12,0.11
69,14,12,0.52
69,21,12,0.15
69,27,12,0.64
69,28,12,0.93
69,32,12,0.12
69,42,12,0.08
69,46,12,0.94
69,68,12,0.8
69,69,12,0
69,70,12,0.75
69,80,12,0.92
69,83,12,0.06
69,99,12,0.79
69,0,11,0.34
69,2,11,0.98
69,15,11,0.82
69,21,11,0.89
69,29,11,0.83
69,30,11,0.98
69,43,11,0.81
69,47,11,0.21
69,52,11,0.47
69,55,11,0.89
69,60,11,0.88
69,61,11,0.33
69,69,11,0
69,76,11,0.27
69,77,11,0.02
69,82,11,0.78
69,95,11,0.16
69,96,11,0.37
69,23,15,0.52
69,25,15,0.87
69,27,15,0.72
69,33,15,0.78
69,69,15,0
69,73,15,0.77
69,90,15,0.37
70,0,12,0.52
70,6,12,0.06
70,10,12,0.31
70,12,12,0.58
70,14,12,0.84
70,21,12,0.21
70,27,12,0.81
70,28,12,0.14
70,32,12,0.04
70,42,12,0.98
70,46,12,0.26
70,68,12,0.2
70,69,12,0.25
70,70,12,0
70,80,12,0.74
70,83,12,0.77
70,99,12,0.69
70,5,19,0.43
70,7,19,0.74
70,12,19,0.24
70,24,19,0.73
70,40,19,0.88
70,49,19,0.21
70,50,19,0.41
70,54,19,0.72
70,61,19,0.69
70,62,19,0.45
70,70,19,0
70,78,19,0.97
70,79,19,0.14
70,94,19,0.73
70,98,19,0.36
70,13,10,0.17
70,18,10,0.76
70,23,10,0.43
70,26,10,0.91
70,43,10,0.87
70,46,10,0.17
70,47,10,0.92
70,56,10,0.66
70,59,10,0.45
70,66,10,0.09
70,70,10,0
70,77,10,0.75
70,87,10,0.06
70,96,10,0.79
70,4,7,0.05
70,12,7,0.56
70,17,7,0.68
70,22,7,0.28
70,34,7,0.83
70,36,7,0.3
70,40,7,0.66
70,44,7,0.73
70,47,7,0.9
70,70,7,0
70,86,7,0.82
71,15,5,0.28
71,17,5,0.51
71,44,5,0.94
71,48,5,0.96
71,54,5,0.33
71,59,5,0.15
71,62,5,0.93
71,65,5,0.4
71,71,5,0
71,78,5,0.75
71,85,5,0.87
71,88,5,0.27
71,92,5,0.33
71,98,5,0.31
71,2,16,0.86
71,3,16,0.33
71,6,16,0.36
71,7,16,0.26
71,11,16,0.56
71,14,16,0.98
71,16,16,0.47
71,20,16,0.1
71,37,16,0.13
71,48,16,0.2
71,53,16,0.84
71,56,16,0.35
71,65,16,0.76
71,71,16,0
71,75,16,0.66
71,81,16,0.17
71,84,16,0.88
71,85,16,0.58
71,87,16,0.31
71,90,16,0.56
71,7,4,0.05
71,9,4,0.74
71,19,4,0.51
71,20,4,0.51
71,21,4,0.28
71,22,4,0.02
71,35,4,0.7
71,37,4,0.62
71,38,4,0.31
71,43,4,0.33
71,54,4,0.36
71,57,4,0.25
71,64,4,0.16
71,67,4,0.79
71,71,4,0
71,72,4,0.37
71,75,4,0.99
71,77,4,0.07
71,80,4,0.29
71,84,4,0.86
71,90,4,0.08
71,97,4,0.65
72,4,6,0.78
72,25,6,0.93
72,26,6,0.08
72,40,6,0.12
72,44,6,0.32
72,50,6,0.67
72,52,6,0.27
72,65,6,0.51
72,68,6,0.77
72,72,6,0
72,75,6,0.34
72,87,6,0.44
72,91,6,0.08
72,7,4,0.23
72,9,4,0.61
72,19,4,0.08
72,20,4,0.81
72,21,4,0.97
72,22,4,0.82
72,35,4,0.44
72,37,4,0.66
72,38,4,0.39
72,43,4,0.74
72,54,4,0.2
72,57,4,0.48
72,64,4,0.31
72,67,4,0.05
72,71,4,0.37
72,72,4,0
72,75,4,0.75
72,77,4,0.23
72,80,4,0.23
72,84,4,0.7
72,90,4,0.29
72,97,4,0.67
73,1,18,0.76
73,9,18,1.0
73,14,18,0.93
73,15,18,0.77
73,17,18,0.19
73,18,18,0.92
73,34,18,0.59
73,39,18,0.48
73,41,18,0.24
73,57,18,0.39
73,65,18,0.37
73,68,18,0.9
73,73,18,0
73,83,18,0.33
73,86,18,0.18
73,93,18,0.29
73,95,18,0.34
73,23,15,0.46
73,25,15,0.26
73,27,15,0.53
73,33,15,0.57
73,69,15,0.71
73,73,15,0
73,90,15,0.62
74,21,14,0.18
74,31,14,0.43
74,35,14,0.61
74,42,14,0.59
74,48,14,0.43
74,55,14,0.69
74,61,14,0.23
74,74,14,0
74,76,14,0.57
74,79,14,0.48
74,84,14,0.36
74,88,14,0.95
74,91,14,0.18
74,10,2,0.85
74,19,2,0.65
74,28,2,0.99
74,32,2,0.83
74,35,2,0.37
74,38,2,0.92
74,47,2,0.24
74,56,2,0.02
74,74,2,0
74,88,2,0.02
74,96,2,0.95
74,7,13,0.35
74,8,13,0.3
74,14,13,0.73
74,23,13,0.92
74,30,13,0.08
74,38,13,0.12
74,46,13,0.27
74,57,13,0.2
74,63,13,0.16
74,74,13,0
74,81,13,0.14
74,87,13,0.72
74,0,8,0.96
74,1,8,0.06
74,5,8,0.76
74,27,8,0.8
74,36,8,0.6
74,39,8,0.64
74,49,8,0.28
74,52,8,0.6
74,53,8,0.57
74,74,8,0
74,80,8,0.14
74,85,8,0.89
75,2,9,0.28
75,3,9,0.8
75,11,9,0.91
75,16,9,0.23
75,20,9,0.5
75,33,9,0.57
75,43,9,0.75
75,58,9,0.03
75,60,9,0.71
75,67,9,0.0
75,75,9,0
75,84,9,0.97
75,92,9,0.28
75,93,9,0.98
75,94,9,0.98
75,4,6,0.78
75,25,6,0.47
75,26,6,0.64
75,40,6,0.11
75,44,6,0.37
75,50,6,0.46
75,52,6,0.68
75,65,6,0.66
75,68,6,0.07
75,72,6,0.83
75,75,6,0
75,87,6,0.13
75,91,6,0.83
75,2,16,0.61
75,3,16,0.17
75,6,16,0.24
75,7,16,0.44
75,11,16,0.53
75,14,16,0.85
75,16,16,0.78
75,20,16,0.18
75,37,16,0.98
75,48,16,0.3
75,53,16,0.94
75,56,16,0.64
75,65,16,0.14
75,71,16,0.96
75,75,16,0
75,81,16,0.52
75,84,16,0.38
75,85,16,0.53
75,87,16,0.69
75,90,16,0.04
75,7,4,0.64
75,9,4,0.21
75,19,4,0.11
75,20,4,0.31
75,21,4,0.06
75,22,4,0.86
75,35,4,0.46
75,37,4,0.5
75,38,4,0.73
75,43,4,0.31
75,54,4,0.36
75,57,4,0.97
75,64,4,0.55
75,67,4,0.31
75,71,4,0.14
75,72,4,0.29
75,75,4,0
75,77,4,0.86
75,80,4,0.68
75,84,4,0.36
75,90,4,0.8
75,97,4,0.16
76,9,17,0.94
76,16,17,0.36
76,29,17,0.77
76,30,17,0.13
76,31,17,0.68
76,41,17,0.54
76,45,17,0.12
76,55,17,0.61
76,63,17,0.52
76,64,17,0.9
76,76,17,0
76,77,17,0.48
76,81,17,0.98
76,82,17,0.61
76,83,17,0.65
76,99,17,0.82
76,0,11,0.38
76,2,11,0.06
76,15,11,0.09
76,21,11,0.96
76,29,11,0.2
76,30,11,0.9
76,43,11,0.98
76,47,11,0.97
76,52,11,0.5
76,55,11,0.85
76,60,11,0.04
76,61,11,0.15
76,69,11,0.01
76,76,11,0
76,77,11,0.33
76,82,11,0.62
76,95,11,0.35
76,96,11,0.31
76,21,14,0.4
76,31,14,0.52
76,35,14,0.35
76,42,14,0.2
76,48,14,0.89
76,55,14,0.28
76,61,14,0.16
76,74,14,0.32
76,76,14,0
76,79,14,0.83
76,84,14,0.37
76,88,14,0.78
76,91,14,0.33
77,0,11,0.7
77,2,11,0.53
77,15,11,0.02
77,21,11,0.7
77,29,11,0.53
77,30,11,0.82
77,43,11,0.86
77,47,11,0.03
77,52,11,0.95
77,55,11,0.86
77,60,11,0.85
77,61,11,0.81
77,69,11,0.48
77,76,11,0.36
77,77,11,0
77,82,11,0.57
77,95,11,0.39
77,96,11,0.83
77,9,17,0.16
77,16,17,0.72
77,29,17,0.12
77,30,17,0.11
77,31,17,0.72
77,41,17,0.41
77,45,17,0.78
77,55,17,0.22
77,63,17,0.88
77,64,17,0.18
77,76,17,0.06
77,77,17,0
77,81,17,0.15
77,82,17,0.96
77,83,17,0.31
77,99,17,0.64
77,13,10,0.5
77,18,10,0.48
77,23,10,0.61
77,26,10,0.85
77,43,10,0.75
77,46,10,0.2
77,47,10,0.97
77,56,10,0.33
77,59,10,0.16
77,66,10,0.93
77,70,10,0.08
77,77,10,0
77,87,10,0.11
77,96,10,0.3
77,7,4,0.86
77,9,4,0.58
77,19,4,0.75
77,20,4,0.9
77,21,4,0.26
77,22,4,0.93
77,35,4,0.34
77,37,4,0.69
77,38,4,0.45
77,43,4,0.25
77,54,4,0.28
77,57,4,0.28
77,64,4,0.59
77,67,4,0.23
77,71,4,0.69
77,72,4,0.76
77,75,4,0.22
77,77,4,0
77,80,4,0.28
77,84,4,0.89
77,90,4,0.65
77,97,4,0.56
78,5,19,0.03
78,7,19,0.93
78,12,19,0.2
78,24,19,0.43
78,40,19,0.92
78,49,19,0.01
78,50,19,0.8
78,54,19,0.43
78,61,19,0.94
78,62,19,0.51
78,70,19,0.62
78,78,19,0
78,79,19,0.1
78,94,19,0.7
78,98,19,0.25
78,15,5,0.23
78,17,5,0.69
78,44,5,0.47
78,48,5,0.73
78,54,5,0.7
78,59,5,0.8
78,62,5,0.9
78,65,5,0.91
78,71,5,0.4
78,78,5,0
78,85,5,0.39
78,88,5,0.21
78,92,5,0.85
78,98,5,0.09
79,21,14,0.88
79,31,14,0.69
79,35,14,0.17
79,42,14,0.16
79,48,14,0.17
79,55,14,0.1
79,61,14,0.72
79,74,14,0.13
79,76,14,0.59
79,79,14,0
79,84,14,0.49
79,88,14,0.35
79,91,14,0.24
79,5,19,0.8
79,7,19,0.84
79,12,19,0.48
79,24,19,0.14
79,40,19,0.8
79,49,19,0.6
79,50,19,0.29
79,54,19,0.26
79,61,19,0.6
79,62,19,0.24
79,70,19,0.45
79,78,19,0.7
79,79,19,0
79,94,19,0.8
79,98,19,0.97
80,7,4,0.03
80,9,4,0.53
80,19,4,0.37
80,20,4,0.2
80,21,4,0.18
80,22,4,0.15
80,35,4,0.2
80,37,4,0.07
80,38,4,0.24
80,43,4,0.79
80,54,4,0.06
80,57,4,0.72
80,64,4,0.84
80,67,4,0.01
80,71,4,0.65
80,72,4,0.05
80,75,4,0.91
80,77,4,0.06
80,80,4,0
80,84,4,0.54
80,90,4,0.55
80,97,4,0.94
80,0,12,0.84
80,6,12,0.78
80,10,12,1.0
80,12,12,0.68
80,14,12,0.38
80,21,12,0.4
80,27,12,0.0
80,28,12,0.18
80,32,12,0.63
80,42,12,0.84
80,46,12,0.34
80,68,12,0.82
80,69,12,0.54
80,70,12,0.44
80,80,12,0
80,83,12,0.98
80,99,12,0.48
80,0,8,0.97
80,1,8,0.24
80,5,8,0.96
80,27,8,0.34
80,36,8,0.89
80,39,8,0.1
80,49,8,0.81
80,52,8,0.7
80,53,8,0.56
80,74,8,0.54
80,80,8,0
80,85,8,0.94
81,7,13,0.71
81,8,13,0.08
81,14,13,0.87
81,23,13,0.57
81,30,13,0.29
81,38,13,0.92
81,46,13,0.8
81,57,13,0.06
81,63,13,0.74
81,74,13,0.93
81,81,13,0
81,87,13,0.47
81,9,17,0.2
81,16,17,0.45
81,29,17,0.8
81,30,17,0.4
81,31,17,0.95
81,41,17,0.05
81,45,17,0.6
81,55,17,0.75
81,63,17,0.73
81,64,17,0.92
81,76,17,0.44
81,77,17,0.24
81,81,17,0
81,82,17,0.96
81,83,17,0.78
81,99,17,0.38
81,2,16,0.86
81,3,16,0.86
81,6,16,0.48
81,7,16,0.35
81,11,16,0.89
81,14,16,0.54
81,16,16,0.7
81,20,16,0.42
81,37,16,0.79
81,48,16,0.56
81,53,16,0.03
81,56,16,0.07
81,65,16,0.48
81,71,16,0.72
81,75,16,0.46
81,81,16,0
81,84,16,0.43
81,85,16,0.88
81,87,16,0.79
81,90,16,0.66
82,0,11,0.1
82,2,11,0.89
82,15,11,0.75
82,21,11,0.3
82,29,11,0.71
82,30,11,0.61
82,43,11,0.08
82,47,11,0.99
82,52,11,0.89
82,55,11,0.37
82,60,11,0.69
82,61,11,0.27
82,69,11,0.18
82,76,11,0.45
82,77,11,0.59
82,82,11,0
82,95,11,0.24
82,96,11,0.63
82,9,17,0.2
82,16,17,0.61
82,29,17,0.07
82,30,17,0.65
82,31,17,0.7
82,41,17,0.19
82,45,17,0.75
82,55,17,1.0
82,63,17,0.83
82,64,17,0.69
82,76,17,0.34
82,77,17,0.83
82,81,17,0.09
82,82,17,0
82,83,17,0.63
82,99,17,0.68
83,1,18,0.26
83,9,18,0.35
83,14,18,0.53
83,15,18,0.46
83,17,18,0.48
83,18,18,0.52
83,34,18,0.61
83,39,18,0.62
83,41,18,0.3
83,57,18,0.83
83,65,18,0.09
83,68,18,0.14
83,73,18,0.6
83,83,18,0
83,86,18,0.88
83,93,18,0.93
83,95,18,0.2
83,0,12,0.77
83,6,12,0.04
83,10,12,0.36
83,12,12,0.11
83,14,12,0.68
83,21,12,0.21
83,27,12,0.2
83,28,12,0.81
83,32,12,0.43
83,42,12,1.0
83,46,12,0.72
83,68,12,0.56
83,69,12,0.44
83,70,12,0.44
83,80,12,0.18
83,83,12,0
83,99,12,0.84
83,9,17,0.14
83,16,17,0.79
83,29,17,0.75
83,30,17,0.75
83,31,17,0.77
83,41,17,0.01
83,45,17,0.94
83,55,17,0.24
83,63,17,0.67
83,64,17,0.26
83,76,17,0.94
83,77,17,0.54
83,81,17,0.96
83,82,17,0.6
83,83,17,0
83,99,17,0.86
84,2,9,0.43
84,3,9,0.11
84,11,9,0.91
84,16,9,0.61
84,20,9,0.43
84,33,9,0.98
84,43,9,0.56
84,58,9,0.63
84,60,9,0.57
84,67,9,0.79
84,75,9,0.64
84,84,9,0
84,92,9,0.01
84,93,9,0.89
84,94,9,0.67
84,2,16,0.37
84,3,16,0.38
84,6,16,0.45
84,7,16,0.08
84,11,16,0.54
84,14,16,0.25
84,16,16,0.14
84,20,16,0.34
84,37,16,0.31
84,48,16,0.71
84,53,16,0.44
84,56,16,0.48
84,65,16,0.37
84,71,16,0.46
84,75,16,0.93
84,81,16,0.94
84,84,16,0
84,85,16,0.65
84,87,16,0.68
84,90,16,0.46
84,21,14,0.92
84,31,14,0.3
84,35,14,0.02
84,42,14,0.14
84,48,14,0.57
84,55,14,0.38
84,61,14,0.3
84,74,14,0.56
84,76,14,0.61
84,79,14,0.5
84,84,14,0
84,88,14,0.45
84,91,14,0.16
84,7,4,0.32
84,9,4,0.35
84,19,4,0.81
84,20,4,1.0
84,21,4,0.27
84,22,4,0.36
84,35,4,0.96
84,37,4,0.82
84,38,4,0.43
84,43,4,0.4
84,54,4,0.16
84,57,4,0.36
84,64,4,0.93
84,67,4,0.85
84,71,4,0.29
84,72,4,0.04
84,75,4,0.29
84,77,4,0.54
84,80,4,0.06
84,84,4,0
84,90,4,0.09
84,97,4,0.03
85,0,8,0.1
85,1,8,0.74
85,5,8,0.25
85,27,8,0.67
85,36,8,0.3
85,39,8,0.42
85,49,8,0.98
85,52,8,0.52
85,53,8,0.41
85,74,8,0.44
85,80,8,0.25
85,85,8,0
85,15,5,0.97
85,17,5,0.62
85,44,5,0.14
85,48,5,0.58
85,54,5,0.63
85,59,5,0.58
85,62,5,0.55
85,65,5,0.1
85,71,5,0.01
85,78,5,0.81
85,85,5,0
85,88,5,0.48
85,92,5,0.2
85,98,5,0.15
85,2,16,0.88
85,3,16,0.23
85,6,16,0.86
85,7,16,0.97
85,11,16,0.1
85,14,16,0.9
85,16,16,0.37
85,20,16,1.0
85,37,16,0.17
85,48,16,0.14
85,53,16,0.73
85,56,16,0.75
85,65,16,0.1
85,71,16,0.13
85,75,16,0.18
85,81,16,0.27
85,84,16,0.47
85,85,16,0
85,87,16,0.01
85,90,16,0.88
86,4,7,0.41
86,12,7,0.2
86,17,7,0.42
86,22,7,0.25
86,34,7,0.27
86,36,7,0.27
86,40,7,0.27
86,44,7,0.52
86,47,7,0.05
86,70,7,0.13
86,86,7,0
86,1,18,0.83
86,9,18,0.71
86,14,18,0.39
86,15,18,0.69
86,17,18,0.47
86,18,18,0.57
86,34,18,0.91
86,39,18,0.68
86,41,18,0.0
86,57,18,0.53
86,65,18,0.13
86,68,18,0.94
86,73,18,0.78
86,83,18,0.64
86,86,18,0
86,93,18,0.58
86,95,18,0.15
87,2,16,0.75
87,3,16,0.39
87,6,16,0.65
87,7,16,0.38
87,11,16,0.22
87,14,16,0.25
87,16,16,0.3
87,20,16,0.66
87,37,16,0.2
87,48,16,0.16
87,53,16,0.41
87,56,16,0.21
87,65,16,0.6
87,71,16,0.0
87,75,16,0.66
87,81,16,0.51
87,84,16,0.75
87,85,16,0.8
87,87,16,0
87,90,16,0.61
87,13,10,0.15
87,18,10,0.14
87,23,10,0.38
87,26,10,0.08
87,43,10,0.7
87,46,10,0.89
87,47,10,0.66
87,56,10,0.8
87,59,10,0.29
87,66,10,0.8
87,70,10,0.64
87,77,10,0.19
87,87,10,0
87,96,10,0.41
87,7,13,0.79
87,8,13,0.58
87,14,13,0.86
87,23,13,0.2
87,30,13,0.13
87,38,13,0.66
87,46,13,0.4
87,57,13,0.07
87,63,13,0.73
87,74,13,0.37
87,81,13,0.18
87,87,13,0
87,4,6,0.16
87,25,6,0.64
87,26,6,0.19
87,40,6,0.16
87,44,6,0.97
87,50,6,0.05
87,52,6,0.31
87,65,6,0.38
87,68,6,0.91
87,72,6,1.0
87,75,6,0.26
87,87,6,0
87,91,6,0.78
88,21,14,0.36
88,31,14,0.3
88,35,14,0.26
88,42,14,0.1
88,48,14,0.44
88,55,14,0.2
88,61,14,0.17
88,74,14,0.1
88,76,14,0.83
88,79,14,0.82
88,84,14,0.56
88,88,14,0
88,91,14,0.91
88,10,2,0.2
88,19,2,0.84
88,28,2,0.89
88,32,2,0.58
88,35,2,0.31
88,38,2,0.11
88,47,2,0.25
88,56,2,0.1
88,74,2,0.16
88,88,2,0
88,96,2,0.86
88,15,5,0.73
88,17,5,0.29
88,44,5,0.01
88,48,5,0.92
88,54,5,1.0
88,59,5,0.48
88,62,5,0.23
88,65,5,0.09
88,71,5,0.01
88,78,5,0.05
88,85,5,0.09
88,88,5,0
88,92,5,0.71
88,98,5,0.41
89,18,1,0.69
89,25,1,0.14
89,42,1,0.59
89,50,1,0.54
89,51,1,0.74
89,58,1,0.77
89,63,1,0.04
89,66,1,0.47
89,89,1,0
89,90,1,0.8
89,96,1,0.89
89,99,1,0.18
89,5,0,0.15
89,15,0,0.81
89,24,0,0.5
89,34,0,0.59
89,35,0,0.01
89,39,0,0.7
89,42,0,0.43
89,46,0,0.65
89,55,0,0.97
89,60,0,0.29
89,64,0,0.18
89,89,0,0
89,93,0,0.67
89,98,0,0.4
90,23,15,0.47
90,25,15,0.3
90,27,15,0.06
90,33,15,0.67
90,69,15,0.88
90,73,15,0.64
90,90,15,0
90,18,1,0.54
90,25,1,0.99
90,42,1,0.15
90,50,1,0.13
90,51,1,0.92
90,58,1,0.25
90,63,1,0.4
90,66,1,0.33
90,89,1,0.86
90,90,1,0
90,96,1,0.4
90,99,1,0.08
90,7,4,0.74
90,9,4,0.57
90,19,4,0.44
90,20,4,0.16
90,21,4,0.2
90,22,4,0.76
90,35,4,0.1
90,37,4,0.89
90,38,4,0.4
90,43,4,0.18
90,54,4,0.3
90,57,4,0.94
90,64,4,0.08
90,67,4,0.73
90,71,4,0.44
90,72,4,0.22
90,75,4,0.24
90,77,4,0.44
90,80,4,0.98
90,84,4,0.59
90,90,4,0
90,97,4,0.29
90,2,16,0.12
90,3,16,0.05
90,6,16,0.64
90,7,16,0.08
90,11,16,0.54
90,14,16,0.18
90,16,16,0.58
90,20,16,0.19
90,37,16,0.43
90,48,16,0.02
90,53,16,0.37
90,56,16,0.15
90,65,16,0.68
90,71,16,0.67
90,75,16,0.02
90,81,16,0.8
90,84,16,0.68
90,85,16,0.39
90,87,16,0.55
90,90,16,0
91,4,6,0.62
91,25,6,0.24
91,26,6,0.69
91,40,6,0.66
91,44,6,0.01
91,50,6,0.88
91,52,6,0.36
91,65,6,0.13
91,68,6,0.38
91,72,6,0.34
91,75,6,0.4
91,87,6,0.51
91,91,6,0
91,21,14,0.71
91,31,14,0.27
91,35,14,0.76
91,42,14,1.0
91,48,14,0.8
91,55,14,0.7
91,61,14,0.12
91,74,14,0.86
91,76,14,0.84
91,79,14,0.25
91,84,14,0.21
91,88,14,0.82
91,91,14,0
92,2,9,0.61
92,3,9,0.49
92,11,9,0.95
92,16,9,0.71
92,20,9,0.91
92,33,9,0.75
92,43,9,0.7
92,58,9,0.9
92,60,9,0.65
92,67,9,0.35
92,75,9,0.64
92,84,9,0.13
92,92,9,0
92,93,9,0.09
92,94,9,0.48
92,4,3,0.37
92,8,3,0.48
92,13,3,0.13
92,18,3,0.8
92,20,3,0.74
92,24,3,0.32
92,36,3,0.01
92,45,3,0.51
92,51,3,0.2
92,58,3,0.77
92,63,3,0.91
92,68,3,0.55
92,92,3,0
92,97,3,0.04
92,98,3,0.96
92,15,5,0.73
92,17,5,0.63
92,44,5,0.32
92,48,5,0.73
92,54,5,0.15
92,59,5,0.07
92,62,5,0.97
92,65,5,0.5
92,71,5,0.23
92,78,5,0.67
92,85,5,0.47
92,88,5,0.44
92,92,5,0
92,98,5,0.33
93,5,0,0.78
93,15,0,0.99
93,24,0,0.69
93,34,0,0.88
93,35,0,0.16
93,39,0,0.94
93,42,0,0.11
93,46,0,0.52
93,55,0,0.87
93,60,0,0.94
93,64,0,0.7
93,89,0,0.63
93,93,0,0
93,98,0,0.95
93,2,9,0.85
93,3,9,0.19
93,11,9,0.65
93,16,9,0.57
93,20,9,0.94
93,33,9,0.15
93,43,9,0.66
93,58,9,0.9
93,60,9,0.75
93,67,9,0.85
93,75,9,0.99
93,84,9,0.01
93,92,9,0.26
93,93,9,0
93,94,9,0.32
93,1,18,0.49
93,9,18,0.62
93,14,18,0.16
93,15,18,0.28
93,17,18,0.09
93,18,18,0.64
93,34,18,0.22
93,39,18,0.51
93,41,18,0.38
93,57,18,0.28
93,65,18,0.33
93,68,18,0.03
93,73,18,0.37
93,83,18,0.87
93,86,18,0.43
93,93,18,0
93,95,18,0.21
94,5,19,0.26
94,7,19,0.95
94,12,19,0.78
94,24,19,0.05
94,40,19,0.2
94,49,19,0.7
94,50,19,0.32
94,54,19,0.08
94,61,19,0.04
94,62,19,0.73
94,70,19,0.24
94,78,19,0.21
94,79,19,0.44
94,94,19,0
94,98,19,0.49
94,2,9,0.94
94,3,9,0.01
94,11,9,0.26
94,16,9,0.65
94,20,9,0.84
94,33,9,0.03
94,43,9,0.77
94,58,9,0.97
94,60,9,0.98
94,67,9,0.31
94,75,9,0.55
94,84,9,0.75
94,92,9,0.68
94,93,9,0.09
94,94,9,0
95,0,11,0.34
95,2,11,0.35
95,15,11,0.77
95,21,11,0.49
95,29,11,0.17
95,30,11,0.73
95,43,11,0.05
95,47,11,0.74
95,52,11,0.53
95,55,11,0.22
95,60,11,0.7
95,61,11,0.41
95,69,11,0.5
95,76,11,0.32
95,77,11,0.09
95,82,11,0.3
95,95,11,0
95,96,11,0.72
95,1,18,0.23
95,9,18,0.39
95,14,18,0.89
95,15,18,0.89
95,17,18,0.32
95,18,18,0.31
95,34,18,0.72
95,39,18,0.81
95,41,18,0.61
95,57,18,0.42
95,65,18,0.86
95,68,18,0.42
95,73,18,0.71
95,83,18,0.26
95,86,18,0.3
95,93,18,0.18
95,95,18,0
96,10,2,0.35
96,19,2,0.41
96,28,2,0.44
96,32,2,0.21
96,35,2,0.52
96,38,2,0.85
96,47,2,0.06
96,56,2,0.64
96,74,2,0.54
96,88,2,0.7
96,96,2,0
96,13,10,0.24
96,18,10,0.05
96,23,10,0.81
96,26,10,0.07
96,43,10,0.23
96,46,10,0.31
96,47,10,0.51
96,56,10,0.41
96,59,10,0.07
96,66,10,0.4
96,70,10,0.42
96,77,10,0.59
96,87,10,0.44
96,96,10,0
96,0,11,0.03
96,2,11,0.77
96,15,11,0.0
96,21,11,0.51
96,29,11,0.13
96,30,11,0.33
96,43,11,0.25
96,47,11,0.83
96,52,11,0.83
96,55,11,0.02
96,60,11,0.75
96,61,11,0.5
96,69,11,0.14
96,76,11,0.21
96,77,11,0.15
96,82,11,0.37
96,95,11,0.28
96,96,11,0
96,18,1,0.33
96,25,1,0.27
96,42,1,0.59
96,50,1,0.71
96,51,1,0.32
96,58,1,0.16
96,63,1,0.16
96,66,1,0.35
96,89,1,0.09
96,90,1,0.1
96,96,1,0
96,99,1,0.3
97,7,4,0.51
97,9,4,0.87
97,19,4,0.39
97,20,4,0.76
97,21,4,0.31
97,22,4,0.16
97,35,4,0.37
97,37,4,0.71
97,38,4,0.47
97,43,4,0.2
97,54,4,0.16
97,57,4,0.06
97,64,4,0.49
97,67,4,0.32
97,71,4,0.43
97,72,4,0.26
97,75,4,0.46
97,77,4,0.51
97,80,4,0.66
97,84,4,0.2
97,90,4,0.52
97,97,4,0
97,4,3,0.0
97,8,3,0.12
97,13,3,0.42
97,18,3,0.35
97,20,3,0.77
97,24,3,0.9
97,36,3,0.14
97,45,3,0.23
97,51,3,0.14
97,58,3,0.46
97,63,3,0.54
97,68,3,0.6
97,92,3,0.01
97,97,3,0
97,98,3,0.75
98,4,3,0.6
98,8,3,0.13
98,13,3,0.14
98,18,3,0.65
98,20,3,0.17
98,24,3,0.36
98,36,3,0.76
98,45,3,0.78
98,51,3,0.91
98,58,3,0.96
98,63,3,0.03
98,68,3,0.08
98,92,3,0.83
98,97,3,0.98
98,98,3,0
98,5,0,0.36
98,15,0,0.96
98,24,0,0.88
98,34,0,0.71
98,35,0,0.44
98,39,0,0.74
98,42,0,0.9
98,46,0,0.53
98,55,0,0.57
98,60,0,0.32
98,64,0,0.36
98,89,0,0.77
98,93,0,0.71
98,98,0,0
98,5,19,0.91
98,7,19,0.19
98,12,19,0.01
98,24,19,0.74
98,40,19,0.7
98,49,19,0.68
98,50,19,0.34
98,54,19,0.82
98,61,19,0.01
98,62,19,0.44
98,70,19,0.73
98,78,19,0.68
98,79,19,0.97
98,94,19,0.22
98,98,19,0
98,15,5,0.39
98,17,5,0.48
98,44,5,0.55
98,48,5,0.94
98,54,5,0.28
98,59,5,0.03
98,62,5,0.13
98,65,5,0.35
98,71,5,0.02
98,78,5,0.51
98,85,5,0.96
98,88,5,0.63
98,92,5,0.27
98,98,5,0
99,18,1,0.08
99,25,1,0.12
99,42,1,0.22
99,50,1,0.85
99,51,1,0.04
99,58,1,0.67
99,63,1,0.51
99,66,1,0.38
99,89,1,0.98
99,90,1,0.58
99,96,1,0.96
99,99,1,0
99,9,17,0.02
99,16,17,0.88
99,29,17,0.72
99,30,17,0.01
99,31,17,0.03
99,41,17,0.69
99,45,17,0.81
99,55,17,0.96
99,63,17,0.17
99,64,17,0.31
99,76,17,0.09
99,77,17,0.02
99,81,17,0.5
99,82,17,0.88
99,83,17,0.02
99,99,17,0
99,0,12,0.1
99,6,12,0.64
99,10,12,0.74
99,12,12,0.58
99,14,12,0.75
99,21,12,0.84
99,27,12,0.66
99,28,12,0.4
99,32,12,0.5
99,42,12,0.66
99,46,12,0.48
99,68,12,0.22
99,69,12,0.16
99,70,12,0.62
99,80,12,0.99
99,83,12,0.39
99,99,12,0