M,100,P,30,Q,100000,targetS,0.1,targetW,0.1

Resources name, resource id, current workload and max workload
R_0,0,0.65,1
R_1,1,0.71,1
R_2,2,0.79,1
R_3,3,0.66,1
R_4,4,0.73,1
R_5,5,0.72,1
R_6,6,0.71,1
R_7,7,0.75,1
R_8,8,0.7,1
R_9,9,0.6,1
R_10,10,0.66,1
R_11,11,0.78,1
R_12,12,0.66,1
R_13,13,0.76,1
R_14,14,0.69,1
R_15,15,0.75,1
R_16,16,0.6,1
R_17,17,0.69,1
R_18,18,0.75,1
R_19,19,0.74,1
R_20,20,0.68,1
R_21,21,0.8,1
R_22,22,0.71,1
R_23,23,0.64,1
R_24,24,0.67,1
R_25,25,0.65,1
R_26,26,0.74,1
R_27,27,0.8,1
R_28,28,0.62,1
R_29,29,0.67,1
R_30,30,0.69,1
R_31,31,0.69,1
R_32,32,0.69,1
R_33,33,0.75,1
R_34,34,0.74,1
R_35,35,0.75,1
R_36,36,0.66,1
R_37,37,0.65,1
R_38,38,0.65,1
R_39,39,0.73,1
R_40,40,0.61,1
R_41,41,0.76,1
R_42,42,0.71,1
R_43,43,0.76,1
R_44,44,0.75,1
R_45,45,0.73,1
R_46,46,0.71,1
R_47,47,0.78,1
R_48,48,0.63,1
R_49,49,0.64,1
R_50,50,0.71,1
R_51,51,0.67,1
R_52,52,0.78,1
R_53,53,0.61,1
R_54,54,0.64,1
R_55,55,0.67,1
R_56,56,0.62,1
R_57,57,0.67,1
R_58,58,0.74,1
R_59,59,0.72,1
R_60,60,0.73,1
R_61,61,0.63,1
R_62,62,0.72,1
R_63,63,0.75,1
R_64,64,0.76,1
R_65,65,0.75,1
R_66,66,0.73,1
R_67,67,0.62,1
R_68,68,0.63,1
R_69,69,0.78,1
R_70,70,0.67,1
R_71,71,0.62,1
R_72,72,0.72,1
R_73,73,0.64,1
R_74,74,0.66,1
R_75,75,0.71,1
R_76,76,0.68,1
R_77,77,0.61,1
R_78,78,0.64,1
R_79,79,0.64,1
R_80,80,0.69,1
R_81,81,0.61,1
R_82,82,0.72,1
R_83,83,0.71,1
R_84,84,0.71,1
R_85,85,0.62,1
R_86,86,0.7,1
R_87,87,0.68,1
R_88,88,0.75,1
R_89,89,0.72,1
R_90,90,0.75,1
R_91,91,0.75,1
R_92,92,0.71,1
R_93,93,0.74,1
R_94,94,0.67,1
R_95,95,0.7,1
R_96,96,0.79,1
R_97,97,0.77,1
R_98,98,0.63,1
R_99,99,0.66,1

Activities name, activity id, lambda, stress, resource id, priority, rifiutato
act_27,27,0.2,0.69,0,123,1
act_25,25,0.15,0.59,0,141,0
act_19,19,0.07,0.37,1,49,1
act_19,19,0.07,0.37,1,5,1
act_19,19,0.07,0.37,1,33,1
act_19,19,0.07,0.37,1,169,1
act_0,0,0.04,0.14,2,77,0
act_19,19,0.07,0.37,2,20,1
act_19,19,0.07,0.37,2,89,1
act_22,22,0.09,0.79,3,149,1
act_25,25,0.15,0.59,3,143,0
act_22,22,0.09,0.79,3,116,1
act_33,33,0.15,0.45,4,92,0
act_16,16,0.22,0.15,5,118,0
act_2,2,0.08,0.08,6,67,0
act_2,2,0.08,0.08,6,185,0
act_2,2,0.08,0.08,6,58,0
act_36,36,0.21,0.32,7,54,0
act_29,29,0.18,0.89,8,155,1
act_3,3,0.11,0.47,8,203,0
act_10,10,0.14,0.12,9,156,0
act_10,10,0.14,0.12,9,70,0
act_9,9,0.07,0.88,9,135,0
act_36,36,0.21,0.32,10,180,0
act_27,27,0.2,0.69,11,152,0
act_4,4,0.11,0.93,12,189,1
act_12,12,0.06,0.91,12,21,1
act_12,12,0.06,0.91,12,159,1
act_4,4,0.11,0.93,12,75,1
act_5,5,0.13,0.03,13,1,0
act_12,12,0.06,0.91,13,56,0
act_32,32,0.22,0.44,14,43,0
act_36,36,0.21,0.32,15,100,0
act_19,19,0.07,0.37,16,103,0
act_22,22,0.09,0.79,16,55,0
act_22,22,0.09,0.79,16,192,0
act_19,19,0.07,0.37,16,193,0
act_19,19,0.07,0.37,16,165,0
act_16,16,0.22,0.15,17,132,0
act_37,37,0.07,0.52,17,117,0
act_30,30,0.24,0.24,18,90,0
act_0,0,0.04,0.14,19,86,0
act_0,0,0.04,0.14,19,79,0
act_0,0,0.04,0.14,19,42,0
act_0,0,0.04,0.14,19,182,0
act_0,0,0.04,0.14,19,101,0
act_0,0,0.04,0.14,19,96,0
act_29,29,0.18,0.89,20,210,0
act_4,4,0.11,0.93,21,23,0
act_13,13,0.09,0.82,22,136,1
act_13,13,0.09,0.82,22,178,1
act_13,13,0.09,0.82,22,81,1
act_33,33,0.15,0.45,23,37,0
act_37,37,0.07,0.52,23,31,1
act_22,22,0.09,0.79,23,107,1
act_8,8,0.29,0.04,24,30,0
act_23,23,0.21,0.64,25,145,0
act_22,22,0.09,0.79,26,201,1
act_34,34,0.13,0.64,26,104,1
act_14,14,0.19,0.67,27,40,0
act_20,20,0.25,0.81,28,83,0
act_18,18,0.29,0.06,29,147,0
act_2,2,0.08,0.08,30,140,0
act_2,2,0.08,0.08,30,36,0
act_2,2,0.08,0.08,30,105,0
act_8,8,0.29,0.04,31,150,0
act_26,26,0.23,0.14,32,134,0
act_2,2,0.08,0.08,33,177,0
act_2,2,0.08,0.08,33,94,0
act_2,2,0.08,0.08,33,10,0
act_2,2,0.08,0.08,34,194,0
act_7,7,0.11,0.11,34,53,0
act_28,28,0.06,0.36,34,27,0
act_34,34,0.13,0.64,35,11,0
act_2,2,0.08,0.08,36,181,0
act_17,17,0.2,0.94,36,60,0
act_1,1,0.29,0.76,37,198,0
act_17,17,0.2,0.94,38,131,1
act_6,6,0.13,0.63,38,88,0
act_23,23,0.21,0.64,39,102,0
act_11,11,0.23,0.18,40,95,0
act_28,28,0.06,0.36,40,3,0
act_28,28,0.06,0.36,40,87,0
act_10,10,0.14,0.12,41,202,0
act_12,12,0.06,0.91,41,73,0
act_26,26,0.23,0.14,42,133,0
act_36,36,0.21,0.32,43,126,0
act_24,24,0.09,0.32,44,148,0
act_24,24,0.09,0.32,44,24,0
act_38,38,0.23,0.14,45,127,0
act_28,28,0.06,0.36,46,114,1
act_28,28,0.06,0.36,46,151,1
act_28,28,0.06,0.36,46,65,1
act_28,28,0.06,0.36,46,39,1
act_7,7,0.11,0.11,47,15,0
act_11,11,0.23,0.18,48,41,0
act_39,39,0.23,0.84,49,115,1
act_4,4,0.11,0.93,49,46,1
act_24,24,0.09,0.32,50,164,0
act_37,37,0.07,0.52,50,124,0
act_37,37,0.07,0.52,50,129,0
act_3,3,0.11,0.47,51,184,1
act_24,24,0.09,0.32,51,99,0
act_3,3,0.11,0.47,51,191,1
act_15,15,0.15,0.92,52,167,0
act_0,0,0.04,0.14,52,158,0
act_37,37,0.07,0.52,53,197,1
act_23,23,0.21,0.64,53,113,1
act_24,24,0.09,0.32,53,154,0
act_8,8,0.29,0.04,54,84,0
act_25,25,0.15,0.59,55,52,1
act_25,25,0.15,0.59,55,122,1
act_29,29,0.18,0.89,56,59,1
act_37,37,0.07,0.52,56,119,0
act_6,6,0.13,0.63,56,32,0
act_11,11,0.23,0.18,57,4,0
act_23,23,0.21,0.64,58,171,0
act_37,37,0.07,0.52,59,138,0
act_13,13,0.09,0.82,59,61,1
act_37,37,0.07,0.52,59,44,0
act_39,39,0.23,0.84,60,199,0
act_5,5,0.13,0.03,61,204,0
act_25,25,0.15,0.59,61,57,0
act_9,9,0.07,0.88,62,34,0
act_9,9,0.07,0.88,62,139,0
act_9,9,0.07,0.88,62,63,0
act_9,9,0.07,0.88,62,170,0
act_23,23,0.21,0.64,63,2,0
act_29,29,0.18,0.89,64,206,0
act_23,23,0.21,0.64,65,188,0
act_28,28,0.06,0.36,66,112,0
act_28,28,0.06,0.36,66,71,0
act_9,9,0.07,0.88,66,179,1
act_9,9,0.07,0.88,66,207,1
act_0,0,0.04,0.14,67,51,0
act_26,26,0.23,0.14,67,47,0
act_0,0,0.04,0.14,67,176,0
act_0,0,0.04,0.14,67,0,0
act_15,15,0.15,0.92,68,18,1
act_13,13,0.09,0.82,68,195,0
act_13,13,0.09,0.82,68,146,0
act_23,23,0.21,0.64,69,174,0
act_39,39,0.23,0.84,70,209,0
act_4,4,0.11,0.93,71,98,1
act_4,4,0.11,0.93,71,22,1
act_4,4,0.11,0.93,71,163,1
act_16,16,0.22,0.15,72,68,0
act_4,4,0.11,0.93,73,8,0
act_37,37,0.07,0.52,73,74,0
act_4,4,0.11,0.93,73,168,0
act_37,37,0.07,0.52,73,26,0
act_33,33,0.15,0.45,74,45,1
act_33,33,0.15,0.45,74,19,1
act_6,6,0.13,0.63,75,16,0
act_34,34,0.13,0.64,75,28,0
act_6,6,0.13,0.63,76,25,1
act_6,6,0.13,0.63,76,91,1
act_9,9,0.07,0.88,77,161,0
act_28,28,0.06,0.36,77,162,0
act_28,28,0.06,0.36,77,106,0
act_28,28,0.06,0.36,77,69,0
act_28,28,0.06,0.36,77,208,0
act_9,9,0.07,0.88,77,111,0
act_17,17,0.2,0.94,78,82,0
act_4,4,0.11,0.93,79,200,1
act_34,34,0.13,0.64,79,142,1
act_4,4,0.11,0.93,79,166,1
act_5,5,0.13,0.03,80,144,0
act_4,4,0.11,0.93,80,186,1
act_37,37,0.07,0.52,80,48,0
act_4,4,0.11,0.93,81,120,1
act_4,4,0.11,0.93,81,76,1
act_4,4,0.11,0.93,81,128,1
act_14,14,0.19,0.67,82,38,0
act_20,20,0.25,0.81,83,137,0
act_0,0,0.04,0.14,83,35,0
act_15,15,0.15,0.92,84,12,1
act_12,12,0.06,0.91,84,130,1
act_12,12,0.06,0.91,84,121,1
act_21,21,0.25,0.27,85,153,0
act_24,24,0.09,0.32,85,108,0
act_15,15,0.15,0.92,86,14,1
act_15,15,0.15,0.92,86,64,1
act_39,39,0.23,0.84,87,93,0
act_12,12,0.06,0.91,88,97,1
act_6,6,0.13,0.63,88,205,1
act_12,12,0.06,0.91,88,9,1
act_31,31,0.2,0.97,89,7,0
act_39,39,0.23,0.84,90,13,0
act_35,35,0.19,0.6,91,183,0
act_0,0,0.04,0.14,92,78,0
act_0,0,0.04,0.14,92,80,0
act_10,10,0.14,0.12,92,17,0
act_0,0,0.04,0.14,92,173,0
act_39,39,0.23,0.84,93,110,0
act_36,36,0.21,0.32,94,175,0
act_37,37,0.07,0.52,95,109,1
act_39,39,0.23,0.84,95,66,1
act_3,3,0.11,0.47,96,29,0
act_0,0,0.04,0.14,97,62,0
act_7,7,0.11,0.11,97,72,0
act_0,0,0.04,0.14,97,196,0
act_0,0,0.04,0.14,97,190,0
act_24,24,0.09,0.32,98,6,0
act_0,0,0.04,0.14,98,125,0
act_0,0,0.04,0.14,98,160,0
act_37,37,0.07,0.52,98,172,1
act_0,0,0.04,0.14,98,187,0
act_0,0,0.04,0.14,98,157,0
act_0,0,0.04,0.14,98,85,0
act_1,1,0.29,0.76,99,50,0

Alpha (resource id, list of activity ids)
0:27,25
1:19,2
2:6,19,0,18
3:20,22,29,25
4:33,26
5:16,10,21,5
6:33,16,2
7:11,10,21,36
8:23,29,3
9:9,10,25,18
10:31,36
11:27,0
12:4,12
13:5,12
14:32,14
15:36,12,8
16:19,22
17:20,37,16
18:30,21
19:18,36,0
20:29,30
21:4,14,6
22:34,13
23:30,33,22,37
24:8,23,24,5
25:29,11,26,23
26:30,34,22
27:39,12,36,14
28:39,20
29:1,18
30:8,2
31:30,8
32:29,26,1
33:2,10
34:28,2,7,29
35:31,34
36:17,1,18,2
37:1,5
38:25,17,37,6
39:19,28,23,20
40:32,11,28,29
41:8,10,12,20
42:1,26,24
43:10,36,18
44:3,24
45:16,10,38
46:30,28
47:3,7,8,21
48:11,8
49:4,33,39
50:29,37,24,6
51:3,24
52:0,17,15,14
53:23,37,24,13
54:8,7
55:15,25
56:6,5,29,37
57:25,38,1,11
58:8,23
59:13,37
60:39,18
61:6,22,5,25
62:1,39,9
63:23,7,18
64:29,22,5
65:31,23,4
66:9,28,29
67:26,0
68:13,19,33,15
69:23,34,13,5
70:6,39,38
71:4,14
72:27,26,16
73:37,4,16
74:16,39,33,17
75:32,26,6,34
76:11,6,1,8
77:9,1,28,19
78:17,23,32
79:34,4
80:4,16,5,37
81:36,13,4
82:8,27,14
83:13,20,31,0
84:12,15,39
85:15,31,24,21
86:19,15,18,22
87:1,39,29,16
88:6,9,0,12
89:31,35,8,29
90:39,13,10,21
91:21,35
92:21,18,0,10
93:39,24
94:16,36
95:39,37,15
96:33,1,3,15
97:7,20,0,1
98:24,37,0
99:1,5,31

Costs (resource, resource to replace, activity, cost)
0,0,27,0
0,11,27,0.76
0,72,27,0.63
0,82,27,0.53
0,0,25,0
0,3,25,0.41
0,9,25,0.78
0,38,25,0.77
0,55,25,0.29
0,57,25,0.78
0,61,25,0.27
1,1,19,0
1,2,19,0.02
1,16,19,0.47
1,39,19,0.76
1,68,19,0.23
1,77,19,0.94
1,86,19,0.9
1,1,2,0
1,6,2,0.39
1,30,2,1.0
1,33,2,0.68
1,34,2,0.55
1,36,2,0.41
2,2,6,0
2,21,6,0.93
2,38,6,0.04
2,50,6,0.02
2,56,6,0.51
2,61,6,0.11
2,70,6,0.19
2,75,6,0.9
2,76,6,0.93
2,88,6,0.29
2,1,19,0.68
2,2,19,0
2,16,19,0.2
2,39,19,0.64
2,68,19,0.95
2,77,19,0.47
2,86,19,0.79
2,2,0,0
2,11,0,0.31
2,19,0,0.16
2,52,0,0.29
2,67,0,0.9
2,83,0,0.81
2,88,0,0.47
2,92,0,0.3
2,97,0,0.44
2,98,0,0.13
2,2,18,0
2,9,18,0.7
2,19,18,0.59
2,29,18,0.01
2,36,18,0.54
2,43,18,0.9
2,60,18,0.5
2,63,18,0.26
2,86,18,0.19
2,92,18,0.98
3,3,20,0
3,17,20,0.69
3,28,20,0.15
3,39,20,0.45
3,41,20,0.36
3,83,20,0.96
3,97,20,0.42
3,3,22,0
3,16,22,0.76
3,23,22,0.98
3,26,22,0.56
3,61,22,0.09
3,64,22,0.21
3,86,22,0.65
3,3,29,0
3,8,29,0.02
3,20,29,0.78
3,25,29,0.7
3,32,29,0.34
3,34,29,0.31
3,40,29,0.44
3,50,29,0.5
3,56,29,0.65
3,64,29,0.21
3,66,29,0.61
3,87,29,0.37
3,89,29,0.92
3,0,25,0.95
3,3,25,0
3,9,25,0.35
3,38,25,0.04
3,55,25,0.17
3,57,25,0.71
3,61,25,0.55
4,4,33,0
4,6,33,0.49
4,23,33,0.28
4,49,33,0.97
4,68,33,0.35
4,74,33,0.79
4,96,33,0.09
4,4,26,0
4,25,26,0.36
4,32,26,0.97
4,42,26,0.01
4,67,26,0.47
4,72,26,0.75
4,75,26,0.46
5,5,16,0
5,6,16,0.15
5,17,16,0.02
5,45,16,0.43
5,72,16,0.74
5,73,16,0.33
5,74,16,0.73
5,80,16,0.69
5,87,16,0.64
5,94,16,0.76
5,5,10,0
5,7,10,0.53
5,9,10,0.96
5,33,10,0.46
5,41,10,0.56
5,43,10,0.86
5,45,10,0.09
5,90,10,0.65
5,92,10,0.67
5,5,21,0
5,7,21,0.82
5,18,21,0.29
5,47,21,0.57
5,85,21,0.29
5,90,21,0.6
5,91,21,0.85
5,92,21,0.17
5,5,5,0
5,13,5,0.69
5,24,5,0.8
5,37,5,0.35
5,56,5,0.44
5,61,5,0.12
5,64,5,0.9
5,69,5,0.1
5,80,5,0.03
5,99,5,0.01
6,4,33,0.83
6,6,33,0
6,23,33,0.61
6,49,33,0.61
6,68,33,0.1
6,74,33,0.55
6,96,33,0.52
6,5,16,0.95
6,6,16,0
6,17,16,0.89
6,45,16,0.83
6,72,16,0.41
6,73,16,0.97
6,74,16,0.16
6,80,16,0.22
6,87,16,0.02
6,94,16,0.04
6,1,2,0.33
6,6,2,0
6,30,2,0.89
6,33,2,0.59
6,34,2,0.21
6,36,2,0.14
7,7,11,0
7,25,11,0.54
7,40,11,0.89
7,48,11,0.46
7,57,11,0.36
7,76,11,0.98
7,5,10,0.3
7,7,10,0
7,9,10,0.24
7,33,10,0.11
7,41,10,0.96
7,43,10,0.65
7,45,10,0.21
7,90,10,0.72
7,92,10,0.89
7,5,21,0.8
7,7,21,0
7,18,21,0.9
7,47,21,0.8
7,85,21,0.64
7,90,21,0.73
7,91,21,0.03
7,92,21,0.84
7,7,36,0
7,10,36,0.07
7,15,36,0.93
7,19,36,0.14
7,27,36,0.97
7,43,36,0.68
7,81,36,0.64
7,94,36,0.64
8,8,23,0
8,24,23,0.49
8,25,23,0.36
8,39,23,0.65
8,53,23,0.77
8,58,23,0.39
8,63,23,0.85
8,65,23,0.2
8,69,23,0.17
8,78,23,0.21
8,3,29,0.37
8,8,29,0
8,20,29,0.62
8,25,29,0.2
8,32,29,0.4
8,34,29,0.3
8,40,29,0.59
8,50,29,0.94
8,56,29,0.09
8,64,29,0.96
8,66,29,0.54
8,87,29,0.35
8,89,29,0.47
8,8,3,0
8,44,3,0.48
8,47,3,0.03
8,51,3,0.26
8,96,3,0.8
9,9,9,0
9,62,9,0.71
9,66,9,0.46
9,77,9,0.49
9,88,9,0.06
9,5,10,0.62
9,7,10,0.55
9,9,10,0
9,33,10,0.76
9,41,10,0.68
9,43,10,0.48
9,45,10,0.85
9,90,10,0.31
9,92,10,0.69
9,0,25,0.49
9,3,25,0.13
9,9,25,0
9,38,25,0.04
9,55,25,0.56
9,57,25,0.93
9,61,25,0.81
9,2,18,0.47
9,9,18,0
9,19,18,0.19
9,29,18,0.52
9,36,18,0.04
9,43,18,0.21
9,60,18,0.85
9,63,18,0.37
9,86,18,0.41
9,92,18,0.06
10,10,31,0
10,35,31,0.85
10,65,31,0.25
10,83,31,0.98
10,85,31,0.72
10,89,31,0.68
10,99,31,0.44
10,7,36,0.89
10,10,36,0
10,15,36,0.67
10,19,36,0.55
10,27,36,0.75
10,43,36,0.55
10,81,36,0.01
10,94,36,0.89
11,0,27,0.84
11,11,27,0
11,72,27,0.21
11,82,27,0.56
11,2,0,0.2
11,11,0,0
11,19,0,0.37
11,52,0,0.83
11,67,0,0.81
11,83,0,0.78
11,88,0,0.76
11,92,0,0.32
11,97,0,0.48
11,98,0,0.71
12,12,4,0
12,21,4,0.33
12,49,4,0.0
12,65,4,0.12
12,71,4,0.29
12,73,4,0.48
12,79,4,0.15
12,80,4,0.65
12,81,4,0.03
12,12,12,0
12,13,12,0.64
12,15,12,0.75
12,27,12,0.83
12,41,12,0.69
12,84,12,0.83
12,88,12,0.7
13,5,5,0.58
13,13,5,0
13,24,5,0.49
13,37,5,0.38
13,56,5,0.48
13,61,5,0.19
13,64,5,0.61
13,69,5,0.15
13,80,5,0.37
13,99,5,0.83
13,12,12,0.53
13,13,12,0
13,15,12,0.18
13,27,12,0.15
13,41,12,0.56
13,84,12,0.04
13,88,12,0.03
14,14,32,0
14,40,32,0.62
14,75,32,0.65
14,78,32,0.37
14,14,14,0
14,21,14,0.6
14,27,14,0.93
14,52,14,0.99
14,71,14,0.56
14,82,14,0.61
15,7,36,0.84
15,10,36,0.32
15,15,36,0
15,19,36,0.52
15,27,36,0.58
15,43,36,0.71
15,81,36,0.87
15,94,36,0.39
15,12,12,0.8
15,13,12,0.66
15,15,12,0
15,27,12,0.34
15,41,12,0.63
15,84,12,0.45
15,88,12,0.3
15,15,8,0
15,24,8,0.12
15,30,8,0.93
15,31,8,0.07
15,41,8,0.69
15,47,8,0.05
15,48,8,0.57
15,54,8,0.04
15,58,8,0.87
15,76,8,0.31
15,82,8,0.82
15,89,8,0.0
16,1,19,0.75
16,2,19,0.7
16,16,19,0
16,39,19,0.44
16,68,19,0.8
16,77,19,0.94
16,86,19,0.4
16,3,22,0.48
16,16,22,0
16,23,22,0.72
16,26,22,0.24
16,61,22,0.49
16,64,22,0.08
16,86,22,0.72
17,3,20,0.59
17,17,20,0
17,28,20,0.19
17,39,20,0.58
17,41,20,0.61
17,83,20,0.05
17,97,20,0.02
17,17,37,0
17,23,37,0.19
17,38,37,0.14
17,50,37,0.48
17,53,37,0.58
17,56,37,0.12
17,59,37,0.13
17,73,37,0.56
17,80,37,0.51
17,95,37,0.31
17,98,37,0.57
17,5,16,0.73
17,6,16,0.64
17,17,16,0
17,45,16,0.45
17,72,16,0.96
17,73,16,0.38
17,74,16,0.48
17,80,16,0.37
17,87,16,0.62
17,94,16,0.94
18,18,30,0
18,20,30,0.18
18,23,30,0.64
18,26,30,0.86
18,31,30,0.49
18,46,30,0.1
18,5,21,0.87
18,7,21,0.16
18,18,21,0
18,47,21,0.97
18,85,21,0.03
18,90,21,0.86
18,91,21,0.07
18,92,21,0.21
19,2,18,0.05
19,9,18,0.88
19,19,18,0
19,29,18,0.76
19,36,18,0.43
19,43,18,0.63
19,60,18,0.52
19,63,18,0.14
19,86,18,0.43
19,92,18,0.78
19,7,36,0.83
19,10,36,0.83
19,15,36,0.7
19,19,36,0
19,27,36,0.5
19,43,36,0.89
19,81,36,1.0
19,94,36,0.26
19,2,0,0.49
19,11,0,0.94
19,19,0,0
19,52,0,0.78
19,67,0,0.61
19,83,0,0.52
19,88,0,0.88
19,92,0,0.84
19,97,0,0.16
19,98,0,0.99
20,3,29,0.57
20,8,29,0.05
20,20,29,0
20,25,29,0.54
20,32,29,0.5
20,34,29,0.34
20,40,29,0.83
20,50,29,0.89
20,56,29,0.23
20,64,29,0.25
20,66,29,0.89
20,87,29,0.98
20,89,29,0.47
20,18,30,0.82
20,20,30,0
20,23,30,0.75
20,26,30,0.03
20,31,30,0.56
20,46,30,0.7
21,12,4,0.87
21,21,4,0
21,49,4,0.05
21,65,4,0.6
21,71,4,0.9
21,73,4,0.94
21,79,4,0.94
21,80,4,0.66
21,81,4,0.67
21,14,14,0.99
21,21,14,0
21,27,14,0.73
21,52,14,0.89
21,71,14,0.03
21,82,14,0.95
21,2,6,0.35
21,21,6,0
21,38,6,0.25
21,50,6,0.99
21,56,6,0.13
21,61,6,0.89
21,70,6,0.31
21,75,6,0.81
21,76,6,0.72
21,88,6,0.9
22,22,34,0
22,26,34,0.39
22,35,34,0.89
22,69,34,0.67
22,75,34,0.89
22,79,34,0.69
22,22,13,0
22,53,13,0.45
22,59,13,0.43
22,68,13,0.14
22,69,13,0.41
22,81,13,0.96
22,83,13,0.43
22,90,13,0.84
23,18,30,0.15
23,20,30,0.69
23,23,30,0
23,26,30,0.88
23,31,30,0.45
23,46,30,0.46
23,4,33,0.34
23,6,33,0.91
23,23,33,0
23,49,33,0.09
23,68,33,0.16
23,74,33,0.77
23,96,33,0.84
23,3,22,0.44
23,16,22,0.63
23,23,22,0
23,26,22,0.2
23,61,22,0.97
23,64,22,0.29
23,86,22,0.36
23,17,37,0.81
23,23,37,0
23,38,37,0.54
23,50,37,0.37
23,53,37,0.87
23,56,37,0.32
23,59,37,0.66
23,73,37,0.6
23,80,37,0.96
23,95,37,0.58
23,98,37,0.64
24,15,8,0.91
24,24,8,0
24,30,8,0.2
24,31,8,0.55
24,41,8,0.43
24,47,8,0.06
24,48,8,0.99
24,54,8,0.36
24,58,8,0.13
24,76,8,0.88
24,82,8,0.55
24,89,8,0.68
24,8,23,0.06
24,24,23,0
24,25,23,0.41
24,39,23,0.21
24,53,23,0.2
24,58,23,0.56
24,63,23,0.02
24,65,23,0.96
24,69,23,0.53
24,78,23,0.94
24,24,24,0
24,42,24,0.33
24,44,24,0.45
24,50,24,0.43
24,51,24,0.41
24,53,24,0.42
24,85,24,0.96
24,93,24,0.58
24,98,24,0.47
24,5,5,0.18
24,13,5,0.33
24,24,5,0
24,37,5,0.57
24,56,5,0.32
24,61,5,0.76
24,64,5,0.69
24,69,5,0.31
24,80,5,0.44
24,99,5,0.57
25,3,29,0.77
25,8,29,0.26
25,20,29,0.39
25,25,29,0
25,32,29,0.05
25,34,29,0.4
25,40,29,0.06
25,50,29,0.63
25,56,29,0.05
25,64,29,0.77
25,66,29,0.39
25,87,29,0.5
25,89,29,0.66
25,7,11,0.08
25,25,11,0
25,40,11,0.12
25,48,11,0.41
25,57,11,0.49
25,76,11,0.62
25,4,26,0.54
25,25,26,0
25,32,26,0.78
25,42,26,0.33
25,67,26,0.26
25,72,26,0.58
25,75,26,0.1
25,8,23,0.16
25,24,23,0.31
25,25,23,0
25,39,23,0.84
25,53,23,0.56
25,58,23,0.13
25,63,23,0.52
25,65,23,0.35
25,69,23,0.98
25,78,23,0.03
26,18,30,0.73
26,20,30,0.77
26,23,30,0.92
26,26,30,0
26,31,30,0.9
26,46,30,0.08
26,22,34,0.77
26,26,34,0
26,35,34,0.72
26,69,34,0.73
26,75,34,0.7
26,79,34,0.77
26,3,22,0.75
26,16,22,0.61
26,23,22,0.54
26,26,22,0
26,61,22,0.33
26,64,22,0.71
26,86,22,0.92
27,27,39,0
27,28,39,0.4
27,49,39,0.69
27,60,39,0.66
27,62,39,0.31
27,70,39,0.32
27,74,39,0.01
27,84,39,0.76
27,87,39,0.9
27,90,39,0.58
27,93,39,0.56
27,95,39,0.12
27,12,12,0.01
27,13,12,0.09
27,15,12,0.7
27,27,12,0
27,41,12,0.85
27,84,12,0.47
27,88,12,0.27
27,7,36,1.0
27,10,36,0.6
27,15,36,0.1
27,19,36,0.77
27,27,36,0
27,43,36,0.78
27,81,36,0.33
27,94,36,0.96
27,14,14,0.94
27,21,14,0.45
27,27,14,0
27,52,14,0.46
27,71,14,0.97
27,82,14,0.86
28,27,39,0.54
28,28,39,0
28,49,39,0.24
28,60,39,0.74
28,62,39,0.45
28,70,39,0.99
28,74,39,0.65
28,84,39,0.39
28,87,39,0.56
28,90,39,0.73
28,93,39,0.79
28,95,39,0.82
28,3,20,0.22
28,17,20,0.3
28,28,20,0
28,39,20,0.6
28,41,20,0.32
28,83,20,0.02
28,97,20,0.55
29,29,1,0
29,32,1,0.73
29,36,1,0.36
29,37,1,0.1
29,42,1,0.04
29,57,1,0.69
29,62,1,0.06
29,76,1,0.65
29,77,1,0.48
29,87,1,0.23
29,96,1,0.24
29,97,1,0.14
29,99,1,0.03
29,2,18,0.07
29,9,18,0.61
29,19,18,0.71
29,29,18,0
29,36,18,0.02
29,43,18,0.74
29,60,18,0.59
29,63,18,0.61
29,86,18,0.17
29,92,18,0.11
30,15,8,0.18
30,24,8,0.06
30,30,8,0
30,31,8,0.31
30,41,8,0.47
30,47,8,0.7
30,48,8,0.03
30,54,8,0.1
30,58,8,0.8
30,76,8,0.13
30,82,8,0.77
30,89,8,0.38
30,1,2,0.9
30,6,2,0.68
30,30,2,0
30,33,2,0.74
30,34,2,0.12
30,36,2,0.97
31,18,30,0.07
31,20,30,0.28
31,23,30,0.3
31,26,30,0.55
31,31,30,0
31,46,30,0.95
31,15,8,0.72
31,24,8,0.22
31,30,8,0.29
31,31,8,0
31,41,8,0.52
31,47,8,0.46
31,48,8,0.75
31,54,8,0.83
31,58,8,0.47
31,76,8,0.81
31,82,8,0.11
31,89,8,0.26
32,3,29,0.22
32,8,29,0.05
32,20,29,0.72
32,25,29,0.28
32,32,29,0
32,34,29,0.82
32,40,29,0.44
32,50,29,0.22
32,56,29,0.45
32,64,29,0.36
32,66,29,0.11
32,87,29,0.82
32,89,29,0.36
32,4,26,0.5
32,25,26,0.43
32,32,26,0
32,42,26,0.12
32,67,26,0.59
32,72,26,0.12
32,75,26,0.43
32,29,1,0.53
32,32,1,0
32,36,1,0.94
32,37,1,0.33
32,42,1,0.9
32,57,1,0.75
32,62,1,0.86
32,76,1,0.66
32,77,1,0.45
32,87,1,0.21
32,96,1,0.55
32,97,1,0.89
32,99,1,0.6
33,1,2,0.51
33,6,2,0.69
33,30,2,0.28
33,33,2,0
33,34,2,0.88
33,36,2,0.06
33,5,10,0.86
33,7,10,0.57
33,9,10,0.74
33,33,10,0
33,41,10,0.74
33,43,10,0.88
33,45,10,0.91
33,90,10,0.78
33,92,10,0.07
34,34,28,0
34,39,28,0.46
34,40,28,0.33
34,46,28,0.65
34,66,28,0.46
34,77,28,0.44
34,1,2,0.42
34,6,2,0.92
34,30,2,0.25
34,33,2,0.67
34,34,2,0
34,36,2,0.55
34,34,7,0
34,47,7,0.38
34,54,7,0.59
34,63,7,0.36
34,97,7,0.38
34,3,29,0.97
34,8,29,0.69
34,20,29,0.34
34,25,29,0.78
34,32,29,0.48
34,34,29,0
34,40,29,0.03
34,50,29,0.25
34,56,29,0.84
34,64,29,0.9
34,66,29,0.54
34,87,29,0.05
34,89,29,0.22
35,10,31,0.08
35,35,31,0
35,65,31,0.14
35,83,31,0.1
35,85,31,0.29
35,89,31,0.53
35,99,31,0.34
35,22,34,0.04
35,26,34,0.21
35,35,34,0
35,69,34,0.92
35,75,34,0.71
35,79,34,0.37
36,36,17,0
36,38,17,0.83
36,52,17,0.07
36,74,17,0.12
36,78,17,0.06
36,29,1,0.18
36,32,1,0.19
36,36,1,0
36,37,1,0.58
36,42,1,0.37
36,57,1,0.56
36,62,1,0.02
36,76,1,0.8
36,77,1,0.78
36,87,1,0.93
36,96,1,0.9
36,97,1,0.52
36,99,1,0.23
36,2,18,0.67
36,9,18,0.33
36,19,18,0.98
36,29,18,0.12
36,36,18,0
36,43,18,0.15
36,60,18,0.07
36,63,18,0.78
36,86,18,0.25
36,92,18,0.42
36,1,2,0.27
36,6,2,0.8
36,30,2,0.39
36,33,2,1.0
36,34,2,0.53
36,36,2,0
37,29,1,0.93
37,32,1,0.11
37,36,1,0.6
37,37,1,0
37,42,1,0.19
37,57,1,0.39
37,62,1,0.03
37,76,1,1.0
37,77,1,0.02
37,87,1,0.11
37,96,1,0.89
37,97,1,0.75
37,99,1,0.56
37,5,5,0.66
37,13,5,0.81
37,24,5,0.26
37,37,5,0
37,56,5,0.29
37,61,5,0.49
37,64,5,0.37
37,69,5,0.34
37,80,5,0.83
37,99,5,0.71
38,0,25,0.09
38,3,25,0.25
38,9,25,0.51
38,38,25,0
38,55,25,0.67
38,57,25,0.5
38,61,25,0.93
38,36,17,0.59
38,38,17,0
38,52,17,0.94
38,74,17,0.08
38,78,17,0.54
38,17,37,0.66
38,23,37,0.31
38,38,37,0
38,50,37,0.69
38,53,37,0.72
38,56,37,0.22
38,59,37,0.87
38,73,37,0.8
38,80,37,0.69
38,95,37,0.24
38,98,37,0.4
38,2,6,0.36
38,21,6,0.49
38,38,6,0
38,50,6,0.13
38,56,6,0.07
38,61,6,0.93
38,70,6,0.07
38,75,6,0.51
38,76,6,0.2
38,88,6,0.28
39,1,19,0.3
39,2,19,0.32
39,16,19,0.8
39,39,19,0
39,68,19,0.27
39,77,19,0.5
39,86,19,0.03
39,34,28,0.15
39,39,28,0
39,40,28,0.34
39,46,28,0.31
39,66,28,0.32
39,77,28,0.9
39,8,23,0.71
39,24,23,0.71
39,25,23,0.68
39,39,23,0
39,53,23,0.96
39,58,23,0.7
39,63,23,0.26
39,65,23,0.4
39,69,23,0.99
39,78,23,0.33
39,3,20,0.22
39,17,20,0.67
39,28,20,0.63
39,39,20,0
39,41,20,0.78
39,83,20,0.56
39,97,20,0.08
40,14,32,0.32
40,40,32,0
40,75,32,0.1
40,78,32,0.54
40,7,11,0.15
40,25,11,0.88
40,40,11,0
40,48,11,0.21
40,57,11,0.22
40,76,11,0.3
40,34,28,0.2
40,39,28,0.63
40,40,28,0
40,46,28,0.5
40,66,28,0.55
40,77,28,0.05
40,3,29,0.38
40,8,29,0.77
40,20,29,0.66
40,25,29,0.13
40,32,29,0.32
40,34,29,0.75
40,40,29,0
40,50,29,1.0
40,56,29,0.15
40,64,29,0.09
40,66,29,0.58
40,87,29,0.26
40,89,29,0.26
41,15,8,0.13
41,24,8,0.14
41,30,8,0.32
41,31,8,0.48
41,41,8,0
41,47,8,0.91
41,48,8,0.22
41,54,8,0.51
41,58,8,0.24
41,76,8,0.22
41,82,8,0.82
41,89,8,0.1
41,5,10,0.21
41,7,10,0.95
41,9,10,0.77
41,33,10,0.78
41,41,10,0
41,43,10,0.83
41,45,10,0.49
41,90,10,0.6
41,92,10,0.54
41,12,12,0.49
41,13,12,0.19
41,15,12,0.16
41,27,12,0.82
41,41,12,0
41,84,12,0.57
41,88,12,0.34
41,3,20,0.9
41,17,20,0.88
41,28,20,0.17
41,39,20,0.12
41,41,20,0
41,83,20,0.1
41,97,20,0.6
42,29,1,0.98
42,32,1,0.7
42,36,1,0.77
42,37,1,0.67
42,42,1,0
42,57,1,0.06
42,62,1,0.82
42,76,1,0.83
42,77,1,0.93
42,87,1,0.38
42,96,1,0.04
42,97,1,0.39
42,99,1,0.23
42,4,26,0.48
42,25,26,0.34
42,32,26,0.31
42,42,26,0
42,67,26,0.25
42,72,26,0.92
42,75,26,0.94
42,24,24,0.63
42,42,24,0
42,44,24,0.9
42,50,24,0.8
42,51,24,0.22
42,53,24,0.07
42,85,24,0.68
42,93,24,0.83
42,98,24,0.9
43,5,10,0.85
43,7,10,0.7
43,9,10,0.21
43,33,10,0.65
43,41,10,0.7
43,43,10,0
43,45,10,0.69
43,90,10,0.46
43,92,10,0.61
43,7,36,0.33
43,10,36,0.28
43,15,36,0.6
43,19,36,0.52
43,27,36,0.83
43,43,36,0
43,81,36,0.33
43,94,36,0.37
43,2,18,0.97
43,9,18,0.5
43,19,18,0.04
43,29,18,0.76
43,36,18,0.89
43,43,18,0
43,60,18,0.35
43,63,18,0.28
43,86,18,0.94
43,92,18,0.37
44,8,3,0.46
44,44,3,0
44,47,3,0.22
44,51,3,0.3
44,96,3,0.48
44,24,24,0.03
44,42,24,0.91
44,44,24,0
44,50,24,0.17
44,51,24,0.24
44,53,24,0.9
44,85,24,0.98
44,93,24,0.24
44,98,24,0.21
45,5,16,0.2
45,6,16,0.36
45,17,16,0.12
45,45,16,0
45,72,16,0.22
45,73,16,0.37
45,74,16,0.58
45,80,16,0.51
45,87,16,0.23
45,94,16,0.9
45,5,10,0.6
45,7,10,0.05
45,9,10,0.31
45,33,10,0.6
45,41,10,0.67
45,43,10,0.18
45,45,10,0
45,90,10,0.16
45,92,10,0.71
45,45,38,0
45,57,38,0.98
45,70,38,0.79
46,18,30,0.6
46,20,30,0.44
46,23,30,0.48
46,26,30,0.09
46,31,30,0.0
46,46,30,0
46,34,28,0.83
46,39,28,0.09
46,40,28,0.98
46,46,28,0
46,66,28,0.6
46,77,28,0.36
47,8,3,0.37
47,44,3,0.72
47,47,3,0
47,51,3,0.71
47,96,3,0.98
47,34,7,0.84
47,47,7,0
47,54,7,0.96
47,63,7,0.49
47,97,7,0.99
47,15,8,0.66
47,24,8,0.98
47,30,8,0.48
47,31,8,0.03
47,41,8,0.49
47,47,8,0
47,48,8,0.3
47,54,8,0.73
47,58,8,0.31
47,76,8,0.43
47,82,8,0.22
47,89,8,0.04
47,5,21,0.43
47,7,21,0.72
47,18,21,0.0
47,47,21,0
47,85,21,0.56
47,90,21,0.3
47,91,21,0.39
47,92,21,0.58
48,7,11,0.19
48,25,11,0.64
48,40,11,0.66
48,48,11,0
48,57,11,0.36
48,76,11,0.23
48,15,8,0.72
48,24,8,0.62
48,30,8,0.49
48,31,8,0.55
48,41,8,0.73
48,47,8,0.29
48,48,8,0
48,54,8,0.57
48,58,8,0.49
48,76,8,0.07
48,82,8,0.3
48,89,8,0.11
49,12,4,0.15
49,21,4,0.26
49,49,4,0
49,65,4,0.24
49,71,4,0.18
49,73,4,0.04
49,79,4,0.51
49,80,4,0.95
49,81,4,0.8
49,4,33,0.84
49,6,33,0.7
49,23,33,0.64
49,49,33,0
49,68,33,0.93
49,74,33,0.24
49,96,33,0.19
49,27,39,0.99
49,28,39,0.42
49,49,39,0
49,60,39,0.1
49,62,39,0.76
49,70,39,0.04
49,74,39,0.44
49,84,39,0.26
49,87,39,0.34
49,90,39,0.09
49,93,39,0.33
49,95,39,0.1
50,3,29,0.07
50,8,29,0.89
50,20,29,0.22
50,25,29,0.44
50,32,29,0.11
50,34,29,0.99
50,40,29,0.41
50,50,29,0
50,56,29,0.93
50,64,29,0.56
50,66,29,0.03
50,87,29,0.36
50,89,29,0.28
50,17,37,0.85
50,23,37,0.64
50,38,37,0.8
50,50,37,0
50,53,37,0.25
50,56,37,0.8
50,59,37,0.13
50,73,37,0.3
50,80,37,0.95
50,95,37,0.08
50,98,37,0.5
50,24,24,0.39
50,42,24,0.38
50,44,24,0.94
50,50,24,0
50,51,24,0.44
50,53,24,0.01
50,85,24,0.04
50,93,24,0.24
50,98,24,0.18
50,2,6,0.01
50,21,6,0.45
50,38,6,0.9
50,50,6,0
50,56,6,0.55
50,61,6,0.69
50,70,6,0.28
50,75,6,0.55
50,76,6,0.74
50,88,6,0.58
51,8,3,0.16
51,44,3,0.26
51,47,3,0.25
51,51,3,0
51,96,3,0.01
51,24,24,0.81
51,42,24,0.15
51,44,24,0.49
51,50,24,0.53
51,51,24,0
51,53,24,0.94
51,85,24,0.46
51,93,24,0.13
51,98,24,0.7
52,2,0,0.02
52,11,0,0.76
52,19,0,0.24
52,52,0,0
52,67,0,0.44
52,83,0,0.23
52,88,0,0.88
52,92,0,0.95
52,97,0,0.71
52,98,0,0.46
52,36,17,0.18
52,38,17,0.04
52,52,17,0
52,74,17,0.97
52,78,17,0.6
52,52,15,0
52,55,15,0.79
52,68,15,0.8
52,84,15,0.6
52,85,15,0.38
52,86,15,0.33
52,95,15,0.17
52,96,15,0.22
52,14,14,0.55
52,21,14,0.25
52,27,14,0.02
52,52,14,0
52,71,14,0.97
52,82,14,1.0
53,8,23,0.67
53,24,23,0.43
53,25,23,0.82
53,39,23,0.71
53,53,23,0
53,58,23,0.93
53,63,23,0.4
53,65,23,0.06
53,69,23,0.73
53,78,23,0.92
53,17,37,0.59
53,23,37,0.88
53,38,37,0.0
53,50,37,0.78
53,53,37,0
53,56,37,0.39
53,59,37,0.8
53,73,37,0.08
53,80,37,0.43
53,95,37,0.55
53,98,37,0.77
53,24,24,0.52
53,42,24,0.55
53,44,24,0.4
53,50,24,0.17
53,51,24,0.75
53,53,24,0
53,85,24,0.64
53,93,24,0.54
53,98,24,0.85
53,22,13,0.69
53,53,13,0
53,59,13,0.78
53,68,13,0.03
53,69,13,0.19
53,81,13,0.58
53,83,13,0.63
53,90,13,0.44
54,15,8,0.38
54,24,8,0.73
54,30,8,0.68
54,31,8,0.5
54,41,8,0.47
54,47,8,0.86
54,48,8,0.84
54,54,8,0
54,58,8,0.56
54,76,8,0.31
54,82,8,0.31
54,89,8,0.92
54,34,7,0.29
54,47,7,0.35
54,54,7,0
54,63,7,0.14
54,97,7,0.63
55,52,15,0.39
55,55,15,0
55,68,15,0.99
55,84,15,0.86
55,85,15,0.5
55,86,15,0.99
55,95,15,0.71
55,96,15,0.75
55,0,25,0.37
55,3,25,0.14
55,9,25,0.81
55,38,25,0.93
55,55,25,0
55,57,25,0.72
55,61,25,0.14
56,2,6,0.46
56,21,6,0.34
56,38,6,0.28
56,50,6,0.55
56,56,6,0
56,61,6,0.14
56,70,6,0.84
56,75,6,0.86
56,76,6,0.91
56,88,6,0.63
56,5,5,0.75
56,13,5,0.48
56,24,5,0.53
56,37,5,0.68
56,56,5,0
56,61,5,0.57
56,64,5,0.81
56,69,5,0.45
56,80,5,0.32
56,99,5,0.44
56,3,29,0.62
56,8,29,0.04
56,20,29,0.86
56,25,29,0.18
56,32,29,0.26
56,34,29,0.1
56,40,29,0.05
56,50,29,0.16
56,56,29,0
56,64,29,0.38
56,66,29,0.14
56,87,29,0.11
56,89,29,0.11
56,17,37,0.05
56,23,37,0.9
56,38,37,0.97
56,50,37,0.91
56,53,37,0.77
56,56,37,0
56,59,37,0.3
56,73,37,0.87
56,80,37,0.95
56,95,37,0.17
56,98,37,0.7
57,0,25,0.08
57,3,25,0.81
57,9,25,0.6
57,38,25,0.26
57,55,25,0.43
57,57,25,0
57,61,25,0.31
57,45,38,0.71
57,57,38,0
57,70,38,0.01
57,29,1,0.29
57,32,1,0.93
57,36,1,0.34
57,37,1,0.1
57,42,1,0.55
57,57,1,0
57,62,1,0.77
57,76,1,0.21
57,77,1,0.3
57,87,1,0.93
57,96,1,0.08
57,97,1,0.55
57,99,1,0.73
57,7,11,0.91
57,25,11,0.66
57,40,11,0.02
57,48,11,0.64
57,57,11,0
57,76,11,0.54
58,15,8,0.39
58,24,8,0.8
58,30,8,0.15
58,31,8,0.24
58,41,8,0.2
58,47,8,0.21
58,48,8,0.87
58,54,8,0.78
58,58,8,0
58,76,8,0.7
58,82,8,0.98
58,89,8,0.44
58,8,23,0.66
58,24,23,0.24
58,25,23,0.74
58,39,23,0.03
58,53,23,0.24
58,58,23,0
58,63,23,0.62
58,65,23,0.82
58,69,23,0.15
58,78,23,0.96
59,22,13,0.96
59,53,13,0.6
59,59,13,0
59,68,13,0.98
59,69,13,0.43
59,81,13,0.67
59,83,13,0.65
59,90,13,0.92
59,17,37,0.41
59,23,37,0.78
59,38,37,0.3
59,50,37,0.46
59,53,37,0.18
59,56,37,0.77
59,59,37,0
59,73,37,0.68
59,80,37,0.19
59,95,37,0.95
59,98,37,0.68
60,27,39,0.25
60,28,39,0.0
60,49,39,0.54
60,60,39,0
60,62,39,0.27
60,70,39,0.11
60,74,39,0.58
60,84,39,0.42
60,87,39,0.04
60,90,39,0.35
60,93,39,0.33
60,95,39,0.17
60,2,18,0.44
60,9,18,0.63
60,19,18,0.47
60,29,18,0.06
60,36,18,0.74
60,43,18,0.46
60,60,18,0
60,63,18,0.5
60,86,18,0.58
60,92,18,0.79
61,2,6,0.98
61,21,6,0.83
61,38,6,0.7
61,50,6,0.86
61,56,6,0.96
61,61,6,0
61,70,6,0.5
61,75,6,0.9
61,76,6,0.74
61,88,6,0.13
61,3,22,0.17
61,16,22,0.27
61,23,22,0.9
61,26,22,0.82
61,61,22,0
61,64,22,0.11
61,86,22,1.0
61,5,5,0.45
61,13,5,0.17
61,24,5,0.23
61,37,5,0.3
61,56,5,0.78
61,61,5,0
61,64,5,0.35
61,69,5,0.14
61,80,5,0.85
61,99,5,0.95
61,0,25,0.21
61,3,25,0.31
61,9,25,0.26
61,38,25,0.45
61,55,25,0.52
61,57,25,0.98
61,61,25,0
62,29,1,0.55
62,32,1,0.97
62,36,1,0.49
62,37,1,0.32
62,42,1,0.78
62,57,1,0.52
62,62,1,0
62,76,1,0.87
62,77,1,0.05
62,87,1,0.83
62,96,1,0.27
62,97,1,0.29
62,99,1,0.94
62,27,39,0.11
62,28,39,0.35
62,49,39,0.76
62,60,39,0.29
62,62,39,0
62,70,39,0.13
62,74,39,0.34
62,84,39,0.36
62,87,39,0.65
62,90,39,0.1
62,93,39,0.1
62,95,39,0.72
62,9,9,0.72
62,62,9,0
62,66,9,0.11
62,77,9,0.14
62,88,9,0.84
63,8,23,0.8
63,24,23,0.81
63,25,23,0.58
63,39,23,0.84
63,53,23,0.54
63,58,23,0.91
63,63,23,0
63,65,23,0.48
63,69,23,0.16
63,78,23,0.57
63,34,7,0.72
63,47,7,0.42
63,54,7,0.81
63,63,7,0
63,97,7,0.45
63,2,18,0.55
63,9,18,1.0
63,19,18,0.56
63,29,18,0.38
63,36,18,0.48
63,43,18,0.94
63,60,18,0.69
63,63,18,0
63,86,18,0.2
63,92,18,0.6
64,3,29,0.57
64,8,29,0.96
64,20,29,0.93
64,25,29,0.69
64,32,29,0.78
64,34,29,0.0
64,40,29,0.86
64,50,29,0.35
64,56,29,0.25
64,64,29,0
64,66,29,0.61
64,87,29,0.79
64,89,29,0.37
64,3,22,0.03
64,16,22,0.65
64,23,22,0.51
64,26,22,0.74
64,61,22,0.71
64,64,22,0
64,86,22,0.04
64,5,5,0.08
64,13,5,0.43
64,24,5,0.37
64,37,5,0.53
64,56,5,0.13
64,61,5,0.17
64,64,5,0
64,69,5,0.17
64,80,5,0.9
64,99,5,0.1
65,10,31,0.83
65,35,31,0.21
65,65,31,0
65,83,31,0.77
65,85,31,0.11
65,89,31,0.08
65,99,31,0.38
65,8,23,0.22
65,24,23,0.28
65,25,23,0.45
65,39,23,0.23
65,53,23,0.69
65,58,23,0.94
65,63,23,0.86
65,65,23,0
65,69,23,0.02
65,78,23,0.26
65,12,4,0.53
65,21,4,0.09
65,49,4,0.24
65,65,4,0
65,71,4,0.52
65,73,4,0.72
65,79,4,0.32
65,80,4,0.86
65,81,4,0.66
66,9,9,0.84
66,62,9,0.87
66,66,9,0
66,77,9,0.61
66,88,9,0.82
66,34,28,0.4
66,39,28,0.29
66,40,28,0.59
66,46,28,0.33
66,66,28,0
66,77,28,0.95
66,3,29,0.58
66,8,29,0.14
66,20,29,0.32
66,25,29,0.18
66,32,29,0.02
66,34,29,0.87
66,40,29,0.71
66,50,29,0.33
66,56,29,0.07
66,64,29,0.97
66,66,29,0
66,87,29,0.05
66,89,29,0.35
67,4,26,0.03
67,25,26,0.72
67,32,26,0.96
67,42,26,0.51
67,67,26,0
67,72,26,0.88
67,75,26,0.89
67,2,0,0.9
67,11,0,0.52
67,19,0,0.12
67,52,0,0.39
67,67,0,0
67,83,0,0.65
67,88,0,0.47
67,92,0,0.7
67,97,0,0.44
67,98,0,0.14
68,22,13,0.29
68,53,13,0.8
68,59,13,0.94
68,68,13,0
68,69,13,0.02
68,81,13,0.31
68,83,13,0.18
68,90,13,0.48
68,1,19,0.4
68,2,19,0.46
68,16,19,0.12
68,39,19,0.33
68,68,19,0
68,77,19,0.61
68,86,19,0.42
68,4,33,0.3
68,6,33,0.81
68,23,33,0.95
68,49,33,0.72
68,68,33,0
68,74,33,0.51
68,96,33,0.67
68,52,15,0.38
68,55,15,0.5
68,68,15,0
68,84,15,0.49
68,85,15,0.67
68,86,15,0.1
68,95,15,0.33
68,96,15,0.39
69,8,23,0.13
69,24,23,0.24
69,25,23,0.99
69,39,23,0.8
69,53,23,0.57
69,58,23,0.29
69,63,23,0.59
69,65,23,0.92
69,69,23,0
69,78,23,0.46
69,22,34,0.21
69,26,34,0.81
69,35,34,0.55
69,69,34,0
69,75,34,0.97
69,79,34,0.22
69,22,13,0.8
69,53,13,0.5
69,59,13,0.69
69,68,13,0.79
69,69,13,0
69,81,13,0.36
69,83,13,0.93
69,90,13,0.18
69,5,5,0.52
69,13,5,0.64
69,24,5,0.2
69,37,5,0.89
69,56,5,0.84
69,61,5,0.5
69,64,5,0.51
69,69,5,0
69,80,5,0.48
69,99,5,0.66
70,2,6,0.07
70,21,6,0.18
70,38,6,0.3
70,50,6,0.46
70,56,6,0.64
70,61,6,0.94
70,70,6,0
70,75,6,0.89
70,76,6,0.7
70,88,6,0.42
70,27,39,0.26
70,28,39,0.99
70,49,39,0.2
70,60,39,0.93
70,62,39,1.0
70,70,39,0
70,74,39,0.73
70,84,39,0.93
70,87,39,0.98
70,90,39,0.87
70,93,39,0.12
70,95,39,0.64
70,45,38,0.49
70,57,38,0.47
70,70,38,0
71,12,4,0.74
71,21,4,0.86
71,49,4,0.34
71,65,4,0.59
71,71,4,0
71,73,4,0.93
71,79,4,0.34
71,80,4,0.67
71,81,4,0.39
71,14,14,0.59
71,21,14,0.05
71,27,14,0.45
71,52,14,0.58
71,71,14,0
71,82,14,0.64
72,0,27,0.21
72,11,27,0.61
72,72,27,0
72,82,27,0.62
72,4,26,0.61
72,25,26,0.76
72,32,26,0.06
72,42,26,0.43
72,67,26,0.59
72,72,26,0
72,75,26,0.6
72,5,16,0.92
72,6,16,0.05
72,17,16,0.01
72,45,16,0.94
72,72,16,0
72,73,16,0.7
72,74,16,0.14
72,80,16,0.02
72,87,16,0.99
72,94,16,0.6
73,17,37,0.14
73,23,37,0.92
73,38,37,0.67
73,50,37,0.36
73,53,37,0.86
73,56,37,0.34
73,59,37,0.79
73,73,37,0
73,80,37,0.53
73,95,37,0.74
73,98,37,0.13
73,12,4,0.95
73,21,4,0.38
73,49,4,0.04
73,65,4,0.05
73,71,4,0.22
73,73,4,0
73,79,4,0.06
73,80,4,0.73
73,81,4,0.24
73,5,16,0.78
73,6,16,0.87
73,17,16,0.47
73,45,16,0.02
73,72,16,0.36
73,73,16,0
73,74,16,0.55
73,80,16,0.73
73,87,16,0.39
73,94,16,0.62
74,5,16,0.22
74,6,16,0.53
74,17,16,0.19
74,45,16,0.78
74,72,16,0.12
74,73,16,0.45
74,74,16,0
74,80,16,0.3
74,87,16,0.29
74,94,16,0.24
74,27,39,0.97
74,28,39,0.62
74,49,39,0.24
74,60,39,0.85
74,62,39,0.82
74,70,39,0.95
74,74,39,0
74,84,39,0.41
74,87,39,0.83
74,90,39,0.78
74,93,39,0.68
74,95,39,0.51
74,4,33,0.96
74,6,33,0.52
74,23,33,0.72
74,49,33,0.89
74,68,33,0.01
74,74,33,0
74,96,33,0.55
74,36,17,0.57
74,38,17,0.28
74,52,17,0.35
74,74,17,0
74,78,17,0.44
75,14,32,0.06
75,40,32,0.7
75,75,32,0
75,78,32,0.13
75,4,26,0.77
75,25,26,0.47
75,32,26,0.44
75,42,26,0.84
75,67,26,0.62
75,72,26,0.09
75,75,26,0
75,2,6,0.82
75,21,6,0.66
75,38,6,0.46
75,50,6,0.37
75,56,6,0.1
75,61,6,0.49
75,70,6,0.9
75,75,6,0
75,76,6,0.21
75,88,6,0.34
75,22,34,0.12
75,26,34,0.39
75,35,34,0.47
75,69,34,0.2
75,75,34,0
75,79,34,0.52
76,7,11,0.82
76,25,11,0.36
76,40,11,0.42
76,48,11,0.9
76,57,11,0.28
76,76,11,0
76,2,6,0.55
76,21,6,0.61
76,38,6,0.21
76,50,6,0.55
76,56,6,0.33
76,61,6,0.39
76,70,6,0.2
76,75,6,0.46
76,76,6,0
76,88,6,0.81
76,29,1,0.03
76,32,1,0.28
76,36,1,0.63
76,37,1,0.98
76,42,1,0.24
76,57,1,0.32
76,62,1,0.33
76,76,1,0
76,77,1,0.45
76,87,1,0.16
76,96,1,0.78
76,97,1,0.82
76,99,1,0.39
76,15,8,0.87
76,24,8,0.55
76,30,8,0.43
76,31,8,0.16
76,41,8,0.43
76,47,8,0.85
76,48,8,0.78
76,54,8,0.58
76,58,8,0.42
76,76,8,0
76,82,8,0.9
76,89,8,0.22
77,9,9,0.04
77,62,9,0.82
77,66,9,0.49
77,77,9,0
77,88,9,0.28
77,29,1,0.09
77,32,1,0.43
77,36,1,0.73
77,37,1,0.39
77,42,1,0.2
77,57,1,0.51
77,62,1,0.06
77,76,1,0.31
77,77,1,0
77,87,1,0.73
77,96,1,0.97
77,97,1,0.69
77,99,1,0.8
77,34,28,0.18
77,39,28,0.97
77,40,28,0.66
77,46,28,0.95
77,66,28,0.61
77,77,28,0
77,1,19,0.14
77,2,19,0.04
77,16,19,0.5
77,39,19,0.8
77,68,19,0.95
77,77,19,0
77,86,19,0.23
78,36,17,0.81
78,38,17,0.04
78,52,17,0.65
78,74,17,0.38
78,78,17,0
78,8,23,0.04
78,24,23,0.62
78,25,23,0.23
78,39,23,0.48
78,53,23,0.25
78,58,23,0.02
78,63,23,0.82
78,65,23,0.08
78,69,23,0.82
78,78,23,0
78,14,32,0.93
78,40,32,0.3
78,75,32,0.31
78,78,32,0
79,22,34,0.52
79,26,34,0.79
79,35,34,0.02
79,69,34,0.12
79,75,34,0.76
79,79,34,0
79,12,4,0.44
79,21,4,0.3
79,49,4,0.54
79,65,4,0.36
79,71,4,0.37
79,73,4,0.61
79,79,4,0
79,80,4,0.99
79,81,4,0.52
80,12,4,0.53
80,21,4,0.93
80,49,4,0.19
80,65,4,0.78
80,71,4,0.68
80,73,4,0.66
80,79,4,0.98
80,80,4,0
80,81,4,0.4
80,5,16,0.02
80,6,16,0.63
80,17,16,0.91
80,45,16,0.81
80,72,16,0.02
80,73,16,0.23
80,74,16,0.58
80,80,16,0
80,87,16,0.92
80,94,16,0.26
80,5,5,0.44
80,13,5,0.25
80,24,5,0.19
80,37,5,0.41
80,56,5,0.36
80,61,5,0.47
80,64,5,0.6
80,69,5,0.6
80,80,5,0
80,99,5,0.84
80,17,37,0.38
80,23,37,0.6
80,38,37,0.96
80,50,37,0.45
80,53,37,0.36
80,56,37,0.86
80,59,37,0.79
80,73,37,0.18
80,80,37,0
80,95,37,0.74
80,98,37,0.22
81,7,36,0.35
81,10,36,0.11
81,15,36,0.98
81,19,36,0.8
81,27,36,0.42
81,43,36,0.23
81,81,36,0
81,94,36,0.47
81,22,13,0.68
81,53,13,0.04
81,59,13,0.58
81,68,13,0.35
81,69,13,0.45
81,81,13,0
81,83,13,0.11
81,90,13,0.72
81,12,4,0.04
81,21,4,0.14
81,49,4,0.6
81,65,4,0.49
81,71,4,0.47
81,73,4,0.08
81,79,4,0.88
81,80,4,0.29
81,81,4,0
82,15,8,0.32
82,24,8,0.97
82,30,8,0.28
82,31,8,0.01
82,41,8,0.03
82,47,8,0.74
82,48,8,0.01
82,54,8,0.63
82,58,8,0.16
82,76,8,0.03
82,82,8,0
82,89,8,0.72
82,0,27,0.71
82,11,27,0.97
82,72,27,0.36
82,82,27,0
82,14,14,0.75
82,21,14,0.98
82,27,14,0.73
82,52,14,0.42
82,71,14,0.97
82,82,14,0
83,22,13,0.92
83,53,13,0.28
83,59,13,0.99
83,68,13,0.55
83,69,13,0.38
83,81,13,0.12
83,83,13,0
83,90,13,0.69
83,3,20,0.99
83,17,20,0.17
83,28,20,0.1
83,39,20,0.94
83,41,20,0.29
83,83,20,0
83,97,20,0.99
83,10,31,0.59
83,35,31,0.58
83,65,31,0.72
83,83,31,0
83,85,31,0.83
83,89,31,0.93
83,99,31,0.95
83,2,0,0.29
83,11,0,0.79
83,19,0,0.15
83,52,0,0.6
83,67,0,0.07
83,83,0,0
83,88,0,0.55
83,92,0,0.37
83,97,0,0.53
83,98,0,0.39
84,12,12,0.76
84,13,12,0.54
84,15,12,0.92
84,27,12,0.95
84,41,12,0.28
84,84,12,0
84,88,12,0.76
84,52,15,0.97
84,55,15,0.14
84,68,15,0.47
84,84,15,0
84,85,15,0.41
84,86,15,0.23
84,95,15,0.04
84,96,15,0.73
84,27,39,0.21
84,28,39,0.13
84,49,39,0.76
84,60,39,0.12
84,62,39,0.1
84,70,39,0.07
84,74,39,0.2
84,84,39,0
84,87,39,0.36
84,90,39,0.17
84,93,39,0.73
84,95,39,0.51
85,52,15,0.58
85,55,15,0.43
85,68,15,0.38
85,84,15,0.65
85,85,15,0
85,86,15,0.02
85,95,15,0.0
85,96,15,0.88
85,10,31,0.57
85,35,31,0.29
85,65,31,0.87
85,83,31,0.51
85,85,31,0
85,89,31,0.85
85,99,31,0.42
85,24,24,0.08
85,42,24,0.78
85,44,24,0.77
85,50,24,0.58
85,51,24,0.23
85,53,24,0.8
85,85,24,0
85,93,24,0.98
85,98,24,0.94
85,5,21,0.78
85,7,21,0.65
85,18,21,0.52
85,47,21,0.49
85,85,21,0
85,90,21,0.21
85,91,21,0.45
85,92,21,0.39
86,1,19,0.02
86,2,19,0.08
86,16,19,0.0
86,39,19,0.32
86,68,19,0.25
86,77,19,0.35
86,86,19,0
86,52,15,0.38
86,55,15,0.2
86,68,15,0.33
86,84,15,0.75
86,85,15,0.45
86,86,15,0
86,95,15,0.77
86,96,15,0.89
86,2,18,0.55
86,9,18,0.23
86,19,18,0.39
86,29,18,0.04
86,36,18,0.43
86,43,18,0.68
86,60,18,0.06
86,63,18,0.78
86,86,18,0
86,92,18,0.82
86,3,22,0.79
86,16,22,0.32
86,23,22,1.0
86,26,22,0.19
86,61,22,0.07
86,64,22,0.86
86,86,22,0
87,29,1,0.23
87,32,1,0.24
87,36,1,0.89
87,37,1,0.57
87,42,1,0.57
87,57,1,0.58
87,62,1,0.21
87,76,1,0.05
87,77,1,0.57
87,87,1,0
87,96,1,0.19
87,97,1,0.79
87,99,1,0.21
87,27,39,0.64
87,28,39,0.85
87,49,39,0.19
87,60,39,0.4
87,62,39,0.27
87,70,39,0.65
87,74,39,0.11
87,84,39,0.6
87,87,39,0
87,90,39,0.27
87,93,39,0.93
87,95,39,0.05
87,3,29,0.18
87,8,29,0.89
87,20,29,0.02
87,25,29,0.58
87,32,29,0.64
87,34,29,0.84
87,40,29,0.74
87,50,29,0.29
87,56,29,0.15
87,64,29,0.23
87,66,29,0.49
87,87,29,0
87,89,29,0.88
87,5,16,0.73
87,6,16,0.88
87,17,16,0.6
87,45,16,0.71
87,72,16,0.94
87,73,16,0.96
87,74,16,0.77
87,80,16,0.94
87,87,16,0
87,94,16,0.2
88,2,6,0.57
88,21,6,0.1
88,38,6,0.02
88,50,6,0.57
88,56,6,0.76
88,61,6,0.47
88,70,6,0.3
88,75,6,0.12
88,76,6,0.05
88,88,6,0
88,9,9,0.73
88,62,9,0.12
88,66,9,0.34
88,77,9,0.98
88,88,9,0
88,2,0,0.24
88,11,0,0.79
88,19,0,0.04
88,52,0,0.89
88,67,0,0.85
88,83,0,0.04
88,88,0,0
88,92,0,0.01
88,97,0,0.15
88,98,0,0.71
88,12,12,0.99
88,13,12,0.38
88,15,12,0.8
88,27,12,0.9
88,41,12,1.0
88,84,12,0.94
88,88,12,0
89,10,31,0.94
89,35,31,0.06
89,65,31,0.97
89,83,31,0.82
89,85,31,0.81
89,89,31,0
89,99,31,0.63
89,89,35,0
89,91,35,0.38
89,15,8,0.03
89,24,8,0.48
89,30,8,0.35
89,31,8,0.7
89,41,8,0.53
89,47,8,0.72
89,48,8,0.02
89,54,8,0.23
89,58,8,0.67
89,76,8,0.6
89,82,8,0.23
89,89,8,0
89,3,29,0.99
89,8,29,0.32
89,20,29,0.74
89,25,29,0.32
89,32,29,0.67
89,34,29,0.89
89,40,29,0.89
89,50,29,0.29
89,56,29,0.88
89,64,29,0.32
89,66,29,0.55
89,87,29,0.05
89,89,29,0
90,27,39,0.34
90,28,39,0.19
90,49,39,0.2
90,60,39,0.06
90,62,39,0.14
90,70,39,0.77
90,74,39,0.17
90,84,39,0.5
90,87,39,0.4
90,90,39,0
90,93,39,0.39
90,95,39,0.8
90,22,13,0.18
90,53,13,0.81
90,59,13,0.54
90,68,13,0.59
90,69,13,0.38
90,81,13,0.01
90,83,13,0.0
90,90,13,0
90,5,10,0.76
90,7,10,0.67
90,9,10,0.61
90,33,10,0.2
90,41,10,0.68
90,43,10,0.55
90,45,10,0.19
90,90,10,0
90,92,10,0.76
90,5,21,0.66
90,7,21,0.93
90,18,21,0.7
90,47,21,0.51
90,85,21,0.6
90,90,21,0
90,91,21,0.43
90,92,21,0.61
91,5,21,0.26
91,7,21,0.02
91,18,21,0.53
91,47,21,0.49
91,85,21,0.6
91,90,21,0.06
91,91,21,0
91,92,21,0.33
91,89,35,0.33
91,91,35,0
92,5,21,0.31
92,7,21,0.09
92,18,21,0.82
92,47,21,0.16
92,85,21,0.39
92,90,21,0.73
92,91,21,0.98
92,92,21,0
92,2,18,0.23
92,9,18,0.78
92,19,18,0.45
92,29,18,0.6
92,36,18,0.02
92,43,18,0.61
92,60,18,0.14
92,63,18,0.12
92,86,18,0.62
92,92,18,0
92,2,0,0.93
92,11,0,0.18
92,19,0,0.99
92,52,0,0.38
92,67,0,0.56
92,83,0,0.88
92,88,0,0.54
92,92,0,0
92,97,0,0.49
92,98,0,0.35
92,5,10,0.15
92,7,10,0.02
92,9,10,0.82
92,33,10,0.43
92,41,10,0.6
92,43,10,0.63
92,45,10,0.21
92,90,10,0.72
92,92,10,0
93,27,39,0.44
93,28,39,0.25
93,49,39,0.83
93,60,39,0.59
93,62,39,0.91
93,70,39,0.86
93,74,39,0.47
93,84,39,0.23
93,87,39,0.35
93,90,39,0.62
93,93,39,0
93,95,39,0.04
93,24,24,0.84
93,42,24,0.19
93,44,24,0.8
93,50,24,0.65
93,51,24,0.89
93,53,24,0.64
93,85,24,0.19
93,93,24,0
93,98,24,0.75
94,5,16,0.33
94,6,16,0.84
94,17,16,0.71
94,45,16,0.36
94,72,16,0.86
94,73,16,0.06
94,74,16,0.78
94,80,16,0.9
94,87,16,0.96
94,94,16,0
94,7,36,0.03
94,10,36,0.3
94,15,36,0.84
94,19,36,0.49
94,27,36,0.16
94,43,36,0.05
94,81,36,0.58
94,94,36,0
95,27,39,0.04
95,28,39,0.4
95,49,39,0.74
95,60,39,0.19
95,62,39,0.23
95,70,39,0.04
95,74,39,0.92
95,84,39,0.32
95,87,39,0.7
95,90,39,0.85
95,93,39,0.63
95,95,39,0
95,17,37,0.61
95,23,37,0.54
95,38,37,0.37
95,50,37,0.16
95,53,37,0.52
95,56,37,0.65
95,59,37,0.6
95,73,37,0.33
95,80,37,0.74
95,95,37,0
95,98,37,0.12
95,52,15,0.0
95,55,15,0.51
95,68,15,0.68
95,84,15,0.96
95,85,15,0.42
95,86,15,0.46
95,95,15,0
95,96,15,0.7
96,4,33,0.4
96,6,33,0.44
96,23,33,0.49
96,49,33,0.12
96,68,33,0.33
96,74,33,0.11
96,96,33,0
96,29,1,0.33
96,32,1,0.01
96,36,1,0.62
96,37,1,0.31
96,42,1,0.25
96,57,1,0.55
96,62,1,0.53
96,76,1,0.29
96,77,1,0.72
96,87,1,0.29
96,96,1,0
96,97,1,0.12
96,99,1,0.65
96,8,3,0.04
96,44,3,0.87
96,47,3,0.34
96,51,3,0.61
96,96,3,0
96,52,15,0.4
96,55,15,0.75
96,68,15,0.53
96,84,15,0.96
96,85,15,0.65
96,86,15,0.68
96,95,15,0.96
96,96,15,0
97,34,7,0.1
97,47,7,0.23
97,54,7,0.34
97,63,7,0.64
97,97,7,0
97,3,20,0.95
97,17,20,0.53
97,28,20,0.81
97,39,20,0.33
97,41,20,0.14
97,83,20,0.84
97,97,20,0
97,2,0,0.02
97,11,0,0.34
97,19,0,0.69
97,52,0,0.77
97,67,0,0.02
97,83,0,0.17
97,88,0,0.63
97,92,0,0.85
97,97,0,0
97,98,0,0.42
97,29,1,0.75
97,32,1,0.84
97,36,1,0.84
97,37,1,0.18
97,42,1,0.59
97,57,1,0.79
97,62,1,0.03
97,76,1,0.33
97,77,1,0.03
97,87,1,0.06
97,96,1,0.25
97,97,1,0
97,99,1,0.57
98,24,24,0.6
98,42,24,0.44
98,44,24,0.54
98,50,24,0.72
98,51,24,0.77
98,53,24,0.42
98,85,24,0.48
98,93,24,0.72
98,98,24,0
98,17,37,0.82
98,23,37,0.54
98,38,37,0.07
98,50,37,0.66
98,53,37,0.84
98,56,37,0.33
98,59,37,0.52
98,73,37,0.86
98,80,37,0.79
98,95,37,0.88
98,98,37,0
98,2,0,0.71
98,11,0,0.19
98,19,0,0.61
98,52,0,0.91
98,67,0,0.42
98,83,0,0.19
98,88,0,0.03
98,92,0,0.73
98,97,0,0.56
98,98,0,0
99,29,1,0.36
99,32,1,0.35
99,36,1,0.16
99,37,1,0.07
99,42,1,0.21
99,57,1,0.1
99,62,1,0.83
99,76,1,0.97
99,77,1,0.94
99,87,1,0.74
99,96,1,0.18
99,97,1,0.08
99,99,1,0
99,5,5,0.39
99,13,5,0.87
99,24,5,0.77
99,37,5,0.25
99,56,5,0.45
99,61,5,0.91
99,64,5,0.48
99,69,5,0.4
99,80,5,0.03
99,99,5,0
99,10,31,0.88
99,35,31,0.25
99,65,31,0.4
99,83,31,0.46
99,85,31,0.57
99,89,31,0.07
99,99,31,0