M,100,P,30,Q,100000,targetS,0.1,targetW,0.1

Resources name, resource id, current workload and max workload
R_0,0,0.41,1
R_1,1,0.69,1
R_2,2,0.76,1
R_3,3,0.52,1
R_4,4,0.32,1
R_5,5,0.75,1
R_6,6,0.8,1
R_7,7,0.59,1
R_8,8,0.39,1
R_9,9,0.36,1
R_10,10,0.49,1
R_11,11,0.69,1
R_12,12,0.53,1
R_13,13,0.73,1
R_14,14,0.64,1
R_15,15,0.34,1
R_16,16,0.29,1
R_17,17,0.51,1
R_18,18,0.47,1
R_19,19,0.73,1
R_20,20,0.56,1
R_21,21,0.45,1
R_22,22,0.5,1
R_23,23,0.45,1
R_24,24,0.65,1
R_25,25,0.71,1
R_26,26,0.73,1
R_27,27,0.23,1
R_28,28,0.24,1
R_29,29,0.32,1
R_30,30,0.46,1
R_31,31,0.6,1
R_32,32,0.34,1
R_33,33,0.62,1
R_34,34,0.72,1
R_35,35,0.27,1
R_36,36,0.65,1
R_37,37,0.43,1
R_38,38,0.59,1
R_39,39,0.8,1
R_40,40,0.64,1
R_41,41,0.66,1
R_42,42,0.74,1
R_43,43,0.28,1
R_44,44,0.37,1
R_45,45,0.65,1
R_46,46,0.51,1
R_47,47,0.24,1
R_48,48,0.47,1
R_49,49,0.6,1
R_50,50,0.56,1
R_51,51,0.41,1
R_52,52,0.37,1
R_53,53,0.72,1
R_54,54,0.25,1
R_55,55,0.48,1
R_56,56,0.24,1
R_57,57,0.75,1
R_58,58,0.77,1
R_59,59,0.42,1
R_60,60,0.41,1
R_61,61,0.41,1
R_62,62,0.58,1
R_63,63,0.76,1
R_64,64,0.73,1
R_65,65,0.32,1
R_66,66,0.55,1
R_67,67,0.5,1
R_68,68,0.45,1
R_69,69,0.59,1
R_70,70,0.72,1
R_71,71,0.26,1
R_72,72,0.5,1
R_73,73,0.6,1
R_74,74,0.43,1
R_75,75,0.76,1
R_76,76,0.6,1
R_77,77,0.74,1
R_78,78,0.61,1
R_79,79,0.74,1
R_80,80,0.33,1
R_81,81,0.33,1
R_82,82,0.22,1
R_83,83,0.52,1
R_84,84,0.61,1
R_85,85,0.52,1
R_86,86,0.67,1
R_87,87,0.29,1
R_88,88,0.38,1
R_89,89,0.3,1
R_90,90,0.38,1
R_91,91,0.41,1
R_92,92,0.4,1
R_93,93,0.69,1
R_94,94,0.68,1
R_95,95,0.24,1
R_96,96,0.75,1
R_97,97,0.71,1
R_98,98,0.67,1
R_99,99,0.26,1

Activities name, activity id, lambda, stress, resource id, priority, rifiutato
act_26,26,0.13,0.91,0,128,0
act_19,19,0.2,0.8,0,528,0
act_18,18,0.18,0.24,0,291,0
act_15,15,0.19,0.15,1,491,0
act_32,32,0.03,0.03,1,169,0
act_32,32,0.03,0.03,1,323,0
act_32,32,0.03,0.03,1,448,0
act_1,1,0.09,0.96,2,409,1
act_17,17,0.01,0.29,2,582,0
act_1,1,0.09,0.96,2,298,1
act_17,17,0.01,0.29,2,553,0
act_17,17,0.01,0.29,2,249,0
act_17,17,0.01,0.29,2,171,0
act_17,17,0.01,0.29,2,540,0
act_28,28,0.08,0.82,3,432,1
act_11,11,0.06,0.52,3,580,0
act_11,11,0.06,0.52,3,1,0
act_11,11,0.06,0.52,3,476,0
act_28,28,0.08,0.82,3,312,1
act_28,28,0.08,0.82,3,479,1
act_3,3,0.15,0.26,4,336,0
act_5,5,0.07,0.37,4,156,1
act_5,5,0.07,0.37,4,579,1
act_5,5,0.07,0.37,4,530,1
act_5,5,0.07,0.37,4,562,1
act_36,36,0.16,0.38,4,265,1
act_5,5,0.07,0.37,4,419,1
act_32,32,0.03,0.03,5,142,0
act_32,32,0.03,0.03,5,111,0
act_32,32,0.03,0.03,5,220,0
act_32,32,0.03,0.03,5,369,0
act_32,32,0.03,0.03,5,571,0
act_32,32,0.03,0.03,5,507,0
act_32,32,0.03,0.03,5,376,0
act_32,32,0.03,0.03,5,546,0
act_11,11,0.06,0.52,6,415,0
act_11,11,0.06,0.52,6,357,0
act_2,2,0.05,0.8,6,239,1
act_12,12,0.02,0.32,6,304,0
act_23,23,0.05,0.89,7,180,1
act_23,23,0.05,0.89,7,299,1
act_23,23,0.05,0.89,7,557,1
act_1,1,0.09,0.96,7,494,1
act_23,23,0.05,0.89,7,88,1
act_23,23,0.05,0.89,7,250,1
act_23,23,0.05,0.89,7,353,1
act_12,12,0.02,0.32,8,308,1
act_12,12,0.02,0.32,8,242,1
act_38,38,0.16,0.29,8,348,0
act_38,38,0.16,0.29,8,251,0
act_38,38,0.16,0.29,8,470,0
act_12,12,0.02,0.32,8,153,1
act_12,12,0.02,0.32,8,488,1
act_12,12,0.02,0.32,8,159,1
act_12,12,0.02,0.32,8,287,1
act_1,1,0.09,0.96,9,401,0
act_1,1,0.09,0.96,9,331,0
act_1,1,0.09,0.96,9,245,0
act_1,1,0.09,0.96,9,69,0
act_33,33,0.03,0.33,9,215,0
act_33,33,0.03,0.33,9,337,0
act_1,1,0.09,0.96,9,198,0
act_1,1,0.09,0.96,9,349,0
act_33,33,0.03,0.33,9,195,0
act_34,34,0.13,0.41,10,66,0
act_34,34,0.13,0.41,10,343,0
act_13,13,0.2,0.93,10,14,1
act_19,19,0.2,0.8,11,50,0
act_27,27,0.02,0.08,11,310,0
act_27,27,0.02,0.08,11,205,0
act_27,27,0.02,0.08,11,148,0
act_27,27,0.02,0.08,11,102,0
act_27,27,0.02,0.08,11,133,0
act_22,22,0.29,0.82,12,573,1
act_33,33,0.03,0.33,12,230,1
act_33,33,0.03,0.33,12,439,1
act_33,33,0.03,0.33,12,238,1
act_33,33,0.03,0.33,12,437,1
act_33,33,0.03,0.33,12,95,1
act_33,33,0.03,0.33,12,537,1
act_29,29,0.2,0.9,13,31,0
act_3,3,0.15,0.26,14,519,0
act_3,3,0.15,0.26,14,118,0
act_16,16,0.04,0.56,15,420,1
act_16,16,0.04,0.56,15,293,1
act_16,16,0.04,0.56,15,184,1
act_17,17,0.01,0.29,15,217,0
act_16,16,0.04,0.56,15,108,1
act_17,17,0.01,0.29,15,76,0
act_17,17,0.01,0.29,15,176,0
act_17,17,0.01,0.29,15,139,0
act_16,16,0.04,0.56,15,26,1
act_16,16,0.04,0.56,15,208,1
act_17,17,0.01,0.29,15,303,0
act_17,17,0.01,0.29,15,71,0
act_17,17,0.01,0.29,15,211,0
act_17,17,0.01,0.29,15,237,0
act_16,16,0.04,0.56,15,107,1
act_17,17,0.01,0.29,15,424,0
act_17,17,0.01,0.29,15,322,0
act_16,16,0.04,0.56,15,498,1
act_17,17,0.01,0.29,15,358,0
act_16,16,0.04,0.56,15,535,1
act_16,16,0.04,0.56,15,581,1
act_16,16,0.04,0.56,15,115,1
act_17,17,0.01,0.29,15,209,0
act_17,17,0.01,0.29,15,455,0
act_17,17,0.01,0.29,15,204,0
act_16,16,0.04,0.56,15,98,1
act_16,16,0.04,0.56,15,51,1
act_31,31,0.21,0.15,16,15,0
act_31,31,0.21,0.15,16,363,0
act_31,31,0.21,0.15,16,106,0
act_37,37,0.06,0.77,17,83,1
act_37,37,0.06,0.77,17,30,1
act_36,36,0.16,0.38,17,370,1
act_37,37,0.06,0.77,17,566,1
act_37,37,0.06,0.77,17,276,1
act_37,37,0.06,0.77,17,183,1
act_4,4,0.28,0.66,18,74,1
act_25,25,0.18,0.51,18,112,0
act_1,1,0.09,0.96,19,485,1
act_1,1,0.09,0.96,19,359,1
act_23,23,0.05,0.89,19,254,0
act_25,25,0.18,0.51,20,63,1
act_25,25,0.18,0.51,20,377,1
act_4,4,0.28,0.66,21,416,0
act_3,3,0.15,0.26,21,576,0
act_20,20,0.11,0.5,22,163,0
act_20,20,0.11,0.5,22,423,0
act_38,38,0.16,0.29,22,392,0
act_20,20,0.11,0.5,22,57,0
act_26,26,0.13,0.91,23,2,1
act_11,11,0.06,0.52,23,340,0
act_26,26,0.13,0.91,23,86,1
act_39,39,0.18,0.25,23,56,0
act_20,20,0.11,0.5,24,96,1
act_20,20,0.11,0.5,24,404,1
act_10,10,0.11,0.7,24,292,1
act_33,33,0.03,0.33,25,311,1
act_19,19,0.2,0.8,25,152,1
act_33,33,0.03,0.33,25,433,1
act_31,31,0.21,0.15,26,20,0
act_13,13,0.2,0.93,27,445,1
act_20,20,0.11,0.5,27,206,0
act_21,21,0.06,0.54,27,463,1
act_13,13,0.2,0.93,27,60,1
act_13,13,0.2,0.93,27,167,1
act_21,21,0.06,0.54,28,425,1
act_21,21,0.06,0.54,28,438,1
act_21,21,0.06,0.54,28,190,1
act_21,21,0.06,0.54,28,367,1
act_21,21,0.06,0.54,28,484,1
act_21,21,0.06,0.54,28,187,1
act_21,21,0.06,0.54,28,549,1
act_21,21,0.06,0.54,28,280,1
act_20,20,0.11,0.5,28,511,0
act_21,21,0.06,0.54,28,22,1
act_21,21,0.06,0.54,28,82,1
act_17,17,0.01,0.29,29,319,0
act_38,38,0.16,0.29,29,379,0
act_17,17,0.01,0.29,29,381,0
act_17,17,0.01,0.29,29,258,0
act_17,17,0.01,0.29,29,407,0
act_33,33,0.03,0.33,29,97,1
act_17,17,0.01,0.29,29,147,0
act_33,33,0.03,0.33,29,261,1
act_38,38,0.16,0.29,29,417,0
act_17,17,0.01,0.29,29,53,0
act_17,17,0.01,0.29,29,390,0
act_38,38,0.16,0.29,29,384,0
act_33,33,0.03,0.33,29,313,1
act_17,17,0.01,0.29,29,134,0
act_33,33,0.03,0.33,29,397,1
act_23,23,0.05,0.89,30,515,0
act_19,19,0.2,0.8,30,203,0
act_19,19,0.2,0.8,30,129,0
act_23,23,0.05,0.89,30,243,0
act_11,11,0.06,0.52,31,19,0
act_14,14,0.18,0.93,31,162,1
act_11,11,0.06,0.52,31,185,0
act_11,11,0.06,0.52,31,212,0
act_36,36,0.16,0.38,32,486,1
act_36,36,0.16,0.38,32,489,1
act_18,18,0.18,0.24,32,17,0
act_36,36,0.16,0.38,32,522,1
act_33,33,0.03,0.33,33,21,1
act_33,33,0.03,0.33,33,461,1
act_33,33,0.03,0.33,33,235,1
act_31,31,0.21,0.15,33,297,0
act_33,33,0.03,0.33,33,529,1
act_33,33,0.03,0.33,33,431,1
act_14,14,0.18,0.93,34,345,0
act_12,12,0.02,0.32,34,492,0
act_12,12,0.02,0.32,34,189,0
act_12,12,0.02,0.32,34,567,0
act_12,12,0.02,0.32,34,170,0
act_12,12,0.02,0.32,34,472,0
act_27,27,0.02,0.08,35,260,0
act_29,29,0.2,0.9,35,140,0
act_29,29,0.2,0.9,35,248,0
act_29,29,0.2,0.9,35,517,0
act_5,5,0.07,0.37,35,442,0
act_27,27,0.02,0.08,35,462,0
act_27,27,0.02,0.08,35,362,0
act_18,18,0.18,0.24,36,501,0
act_26,26,0.13,0.91,36,166,0
act_32,32,0.03,0.03,36,422,0
act_28,28,0.08,0.82,37,373,1
act_39,39,0.18,0.25,37,554,0
act_28,28,0.08,0.82,37,327,1
act_5,5,0.07,0.37,37,45,1
act_5,5,0.07,0.37,37,269,1
act_5,5,0.07,0.37,37,257,1
act_24,24,0.27,0.64,38,288,0
act_2,2,0.05,0.8,39,330,0
act_2,2,0.05,0.8,39,27,0
act_2,2,0.05,0.8,39,172,0
act_2,2,0.05,0.8,39,178,0
act_31,31,0.21,0.15,40,393,0
act_27,27,0.02,0.08,40,552,0
act_7,7,0.12,0.4,40,454,0
act_10,10,0.11,0.7,41,77,1
act_10,10,0.11,0.7,41,326,1
act_10,10,0.11,0.7,41,548,1
act_31,31,0.21,0.15,42,85,0
act_27,27,0.02,0.08,43,37,0
act_27,27,0.02,0.08,43,182,0
act_12,12,0.02,0.32,43,524,0
act_20,20,0.11,0.5,43,11,1
act_12,12,0.02,0.32,43,556,0
act_27,27,0.02,0.08,43,394,0
act_20,20,0.11,0.5,43,126,1
act_20,20,0.11,0.5,43,271,1
act_12,12,0.02,0.32,43,361,0
act_12,12,0.02,0.32,43,146,0
act_12,12,0.02,0.32,43,259,0
act_20,20,0.11,0.5,43,87,1
act_27,27,0.02,0.08,43,371,0
act_27,27,0.02,0.08,43,177,0
act_12,12,0.02,0.32,43,387,0
act_12,12,0.02,0.32,43,49,0
act_27,27,0.02,0.08,43,149,0
act_12,12,0.02,0.32,43,5,0
act_9,9,0.3,0.76,44,354,1
act_9,9,0.3,0.76,44,135,1
act_17,17,0.01,0.29,44,469,0
act_17,17,0.01,0.29,44,160,0
act_17,17,0.01,0.29,44,90,0
act_39,39,0.18,0.25,45,542,0
act_0,0,0.12,0.79,45,499,0
act_1,1,0.09,0.96,46,352,1
act_11,11,0.06,0.52,46,290,1
act_1,1,0.09,0.96,46,101,1
act_11,11,0.06,0.52,46,388,1
act_11,11,0.06,0.52,46,403,1
act_1,1,0.09,0.96,46,426,1
act_19,19,0.2,0.8,47,255,0
act_1,1,0.09,0.96,47,295,0
act_1,1,0.09,0.96,47,356,0
act_1,1,0.09,0.96,47,314,0
act_37,37,0.06,0.77,47,127,0
act_13,13,0.2,0.93,47,137,0
act_8,8,0.06,0.41,48,427,0
act_8,8,0.06,0.41,48,252,0
act_8,8,0.06,0.41,48,229,0
act_21,21,0.06,0.54,48,18,1
act_21,21,0.06,0.54,48,233,1
act_29,29,0.2,0.9,48,154,1
act_16,16,0.04,0.56,49,344,1
act_16,16,0.04,0.56,49,478,1
act_16,16,0.04,0.56,49,296,1
act_16,16,0.04,0.56,49,226,1
act_15,15,0.19,0.15,49,121,0
act_16,16,0.04,0.56,49,411,1
act_12,12,0.02,0.32,50,538,1
act_6,6,0.27,0.25,50,318,0
act_12,12,0.02,0.32,50,398,1
act_12,12,0.02,0.32,50,421,1
act_12,12,0.02,0.32,50,559,1
act_12,12,0.02,0.32,50,408,1
act_12,12,0.02,0.32,50,309,1
act_12,12,0.02,0.32,50,89,1
act_12,12,0.02,0.32,50,351,1
act_25,25,0.18,0.51,51,447,1
act_25,25,0.18,0.51,51,23,1
act_35,35,0.07,0.26,51,467,0
act_35,35,0.07,0.26,51,103,0
act_35,35,0.07,0.26,51,523,0
act_30,30,0.28,0.78,52,482,1
act_30,30,0.28,0.78,52,402,1
act_32,32,0.03,0.03,52,465,0
act_32,32,0.03,0.03,52,453,0
act_19,19,0.2,0.8,53,244,1
act_21,21,0.06,0.54,53,434,0
act_17,17,0.01,0.29,54,550,0
act_17,17,0.01,0.29,54,513,0
act_13,13,0.2,0.93,54,329,1
act_17,17,0.01,0.29,54,38,0
act_17,17,0.01,0.29,54,119,0
act_13,13,0.2,0.93,54,173,1
act_13,13,0.2,0.93,54,504,1
act_17,17,0.01,0.29,54,391,0
act_17,17,0.01,0.29,54,339,0
act_17,17,0.01,0.29,54,0,0
act_17,17,0.01,0.29,54,231,0
act_17,17,0.01,0.29,54,155,0
act_17,17,0.01,0.29,54,483,0
act_17,17,0.01,0.29,54,262,0
act_17,17,0.01,0.29,54,32,0
act_17,17,0.01,0.29,54,109,0
act_17,17,0.01,0.29,54,197,0
act_37,37,0.06,0.77,55,157,1
act_21,21,0.06,0.54,55,518,0
act_32,32,0.03,0.03,55,161,0
act_32,32,0.03,0.03,55,347,0
act_21,21,0.06,0.54,55,65,0
act_21,21,0.06,0.54,55,500,0
act_32,32,0.03,0.03,55,268,0
act_37,37,0.06,0.77,55,503,1
act_21,21,0.06,0.54,55,334,0
act_37,37,0.06,0.77,55,558,1
act_3,3,0.15,0.26,56,223,0
act_26,26,0.13,0.91,56,495,1
act_3,3,0.15,0.26,56,531,0
act_26,26,0.13,0.91,56,569,1
act_3,3,0.15,0.26,56,572,0
act_17,17,0.01,0.29,57,191,0
act_36,36,0.16,0.38,57,75,0
act_21,21,0.06,0.54,57,577,0
act_17,17,0.01,0.29,57,228,0
act_32,32,0.03,0.03,58,364,0
act_32,32,0.03,0.03,58,342,0
act_17,17,0.01,0.29,58,575,0
act_17,17,0.01,0.29,58,39,0
act_17,17,0.01,0.29,58,91,0
act_32,32,0.03,0.03,58,289,0
act_32,32,0.03,0.03,58,120,0
act_17,17,0.01,0.29,58,25,0
act_32,32,0.03,0.03,58,302,0
act_17,17,0.01,0.29,58,273,0
act_17,17,0.01,0.29,58,464,0
act_17,17,0.01,0.29,58,474,0
act_7,7,0.12,0.4,59,43,0
act_0,0,0.12,0.79,59,490,1
act_7,7,0.12,0.4,59,570,0
act_7,7,0.12,0.4,59,214,0
act_34,34,0.13,0.41,60,355,1
act_35,35,0.07,0.26,60,338,0
act_34,34,0.13,0.41,60,81,1
act_34,34,0.13,0.41,60,10,1
act_35,35,0.07,0.26,60,175,0
act_4,4,0.28,0.66,61,100,1
act_24,24,0.27,0.64,61,466,0
act_27,27,0.02,0.08,61,418,0
act_27,27,0.02,0.08,61,324,0
act_23,23,0.05,0.89,62,93,0
act_23,23,0.05,0.89,62,520,0
act_32,32,0.03,0.03,62,544,0
act_23,23,0.05,0.89,62,234,0
act_32,32,0.03,0.03,62,282,0
act_23,23,0.05,0.89,62,174,0
act_32,32,0.03,0.03,62,475,0
act_23,23,0.05,0.89,62,506,0
act_32,32,0.03,0.03,62,52,0
act_23,23,0.05,0.89,62,473,0
act_27,27,0.02,0.08,63,510,0
act_27,27,0.02,0.08,63,413,0
act_27,27,0.02,0.08,63,236,0
act_25,25,0.18,0.51,63,508,0
act_1,1,0.09,0.96,64,274,1
act_7,7,0.12,0.4,64,40,1
act_25,25,0.18,0.51,65,285,1
act_25,25,0.18,0.51,65,583,1
act_17,17,0.01,0.29,65,80,0
act_35,35,0.07,0.26,65,78,0
act_17,17,0.01,0.29,65,196,0
act_25,25,0.18,0.51,65,256,1
act_17,17,0.01,0.29,65,516,0
act_17,17,0.01,0.29,65,378,0
act_17,17,0.01,0.29,65,29,0
act_17,17,0.01,0.29,65,6,0
act_17,17,0.01,0.29,65,300,0
act_39,39,0.18,0.25,66,253,0
act_39,39,0.18,0.25,66,216,0
act_12,12,0.02,0.32,66,459,1
act_12,12,0.02,0.32,66,13,1
act_12,12,0.02,0.32,66,12,1
act_12,12,0.02,0.32,66,114,1
act_5,5,0.07,0.37,67,275,1
act_5,5,0.07,0.37,67,105,1
act_5,5,0.07,0.37,67,325,1
act_5,5,0.07,0.37,67,551,1
act_5,5,0.07,0.37,67,366,1
act_5,5,0.07,0.37,67,42,1
act_5,5,0.07,0.37,67,124,1
act_30,30,0.28,0.78,68,64,1
act_12,12,0.02,0.32,68,47,1
act_12,12,0.02,0.32,68,328,1
act_12,12,0.02,0.32,68,113,1
act_12,12,0.02,0.32,68,278,1
act_12,12,0.02,0.32,68,193,1
act_12,12,0.02,0.32,68,92,1
act_12,12,0.02,0.32,68,41,1
act_12,12,0.02,0.32,68,532,1
act_12,12,0.02,0.32,68,8,1
act_12,12,0.02,0.32,68,7,1
act_12,12,0.02,0.32,68,188,1
act_12,12,0.02,0.32,68,410,1
act_12,12,0.02,0.32,68,468,1
act_27,27,0.02,0.08,69,221,0
act_27,27,0.02,0.08,69,543,0
act_17,17,0.01,0.29,69,58,0
act_17,17,0.01,0.29,69,225,0
act_17,17,0.01,0.29,69,131,0
act_17,17,0.01,0.29,69,266,0
act_17,17,0.01,0.29,69,509,0
act_27,27,0.02,0.08,69,247,0
act_17,17,0.01,0.29,69,33,0
act_23,23,0.05,0.89,69,405,1
act_27,27,0.02,0.08,69,477,0
act_17,17,0.01,0.29,69,365,0
act_27,27,0.02,0.08,69,110,0
act_23,23,0.05,0.89,69,241,1
act_27,27,0.02,0.08,69,213,0
act_23,23,0.05,0.89,69,374,1
act_23,23,0.05,0.89,69,68,1
act_17,17,0.01,0.29,69,246,0
act_39,39,0.18,0.25,70,372,0
act_2,2,0.05,0.8,70,70,0
act_29,29,0.2,0.9,71,67,0
act_23,23,0.05,0.89,71,286,0
act_23,23,0.05,0.89,71,428,0
act_23,23,0.05,0.89,71,24,0
act_29,29,0.2,0.9,71,471,0
act_23,23,0.05,0.89,71,194,0
act_23,23,0.05,0.89,71,496,0
act_23,23,0.05,0.89,71,346,0
act_21,21,0.06,0.54,72,525,1
act_21,21,0.06,0.54,72,480,1
act_15,15,0.19,0.15,72,521,0
act_5,5,0.07,0.37,72,386,0
act_21,21,0.06,0.54,72,440,1
act_18,18,0.18,0.24,73,306,0
act_39,39,0.18,0.25,73,444,0
act_32,32,0.03,0.03,73,72,0
act_35,35,0.07,0.26,74,35,0
act_32,32,0.03,0.03,74,144,0
act_12,12,0.02,0.32,74,545,0
act_32,32,0.03,0.03,74,368,0
act_35,35,0.07,0.26,74,441,0
act_32,32,0.03,0.03,74,227,0
act_12,12,0.02,0.32,74,526,0
act_12,12,0.02,0.32,74,527,0
act_35,35,0.07,0.26,74,332,0
act_37,37,0.06,0.77,74,294,1
act_35,35,0.07,0.26,74,210,0
act_37,37,0.06,0.77,74,335,1
act_12,12,0.02,0.32,74,4,0
act_1,1,0.09,0.96,75,412,0
act_35,35,0.07,0.26,75,399,0
act_35,35,0.07,0.26,75,385,0
act_38,38,0.16,0.29,76,380,0
act_38,38,0.16,0.29,76,541,0
act_1,1,0.09,0.96,77,202,1
act_33,33,0.03,0.33,77,539,0
act_1,1,0.09,0.96,77,270,1
act_33,33,0.03,0.33,77,383,0
act_35,35,0.07,0.26,78,563,0
act_35,35,0.07,0.26,78,333,0
act_35,35,0.07,0.26,78,281,0
act_35,35,0.07,0.26,78,279,0
act_35,35,0.07,0.26,78,232,0
act_21,21,0.06,0.54,79,561,1
act_35,35,0.07,0.26,79,224,0
act_21,21,0.06,0.54,79,264,1
act_21,21,0.06,0.54,79,136,1
act_35,35,0.07,0.26,80,207,0
act_35,35,0.07,0.26,80,104,0
act_11,11,0.06,0.52,80,117,1
act_35,35,0.07,0.26,80,34,0
act_11,11,0.06,0.52,80,122,1
act_11,11,0.06,0.52,80,315,1
act_11,11,0.06,0.52,80,429,1
act_35,35,0.07,0.26,80,406,0
act_35,35,0.07,0.26,80,446,0
act_35,35,0.07,0.26,80,307,0
act_35,35,0.07,0.26,81,218,0
act_22,22,0.29,0.82,81,219,1
act_22,22,0.29,0.82,81,143,1
act_14,14,0.18,0.93,82,497,1
act_24,24,0.27,0.64,82,574,0
act_18,18,0.18,0.24,82,192,0
act_11,11,0.06,0.52,83,430,0
act_34,34,0.13,0.41,83,9,0
act_11,11,0.06,0.52,83,382,0
act_3,3,0.15,0.26,83,435,0
act_21,21,0.06,0.54,83,341,0
act_0,0,0.12,0.79,84,560,1
act_0,0,0.12,0.79,84,201,1
act_12,12,0.02,0.32,84,123,0
act_21,21,0.06,0.54,84,305,0
act_21,21,0.06,0.54,84,321,0
act_2,2,0.05,0.8,85,150,0
act_32,32,0.03,0.03,85,54,0
act_14,14,0.18,0.93,85,179,1
act_14,14,0.18,0.93,85,389,1
act_32,32,0.03,0.03,85,36,0
act_37,37,0.06,0.77,86,449,1
act_37,37,0.06,0.77,86,151,1
act_0,0,0.12,0.79,86,487,1
act_37,37,0.06,0.77,86,565,1
act_37,37,0.06,0.77,87,534,1
act_8,8,0.06,0.41,87,547,1
act_26,26,0.13,0.91,87,59,1
act_8,8,0.06,0.41,87,138,1
act_26,26,0.13,0.91,87,28,1
act_8,8,0.06,0.41,87,62,1
act_37,37,0.06,0.77,87,450,1
act_37,37,0.06,0.77,87,452,1
act_8,8,0.06,0.41,87,263,1
act_29,29,0.2,0.9,88,375,1
act_22,22,0.29,0.82,88,125,0
act_11,11,0.06,0.52,89,16,0
act_28,28,0.08,0.82,89,457,1
act_22,22,0.29,0.82,89,436,1
act_31,31,0.21,0.15,89,55,0
act_4,4,0.28,0.66,90,84,0
act_13,13,0.2,0.93,90,400,0
act_1,1,0.09,0.96,90,186,1
act_36,36,0.16,0.38,91,199,0
act_11,11,0.06,0.52,91,502,0
act_24,24,0.27,0.64,91,578,0
act_11,11,0.06,0.52,91,316,0
act_8,8,0.06,0.41,92,46,1
act_17,17,0.01,0.29,92,284,0
act_17,17,0.01,0.29,92,168,0
act_8,8,0.06,0.41,92,514,1
act_8,8,0.06,0.41,92,460,1
act_17,17,0.01,0.29,92,481,0
act_8,8,0.06,0.41,92,181,1
act_17,17,0.01,0.29,92,568,0
act_17,17,0.01,0.29,92,320,0
act_17,17,0.01,0.29,92,283,0
act_8,8,0.06,0.41,92,3,1
act_17,17,0.01,0.29,92,94,0
act_8,8,0.06,0.41,92,73,1
act_17,17,0.01,0.29,92,240,0
act_8,8,0.06,0.41,92,164,1
act_17,17,0.01,0.29,92,165,0
act_8,8,0.06,0.41,92,395,1
act_17,17,0.01,0.29,92,141,0
act_17,17,0.01,0.29,92,414,0
act_17,17,0.01,0.29,92,301,0
act_4,4,0.28,0.66,93,555,0
act_32,32,0.03,0.03,93,505,0
act_16,16,0.04,0.56,94,267,1
act_16,16,0.04,0.56,94,456,1
act_14,14,0.18,0.93,94,350,1
act_16,16,0.04,0.56,94,44,1
act_21,21,0.06,0.54,95,48,0
act_21,21,0.06,0.54,95,99,0
act_31,31,0.21,0.15,95,512,0
act_31,31,0.21,0.15,95,272,0
act_21,21,0.06,0.54,95,451,0
act_21,21,0.06,0.54,95,533,0
act_21,21,0.06,0.54,95,458,0
act_26,26,0.13,0.91,96,564,0
act_24,24,0.27,0.64,97,396,0
act_3,3,0.15,0.26,98,443,0
act_2,2,0.05,0.8,98,130,0
act_2,2,0.05,0.8,98,145,0
act_2,2,0.05,0.8,98,536,0
act_30,30,0.28,0.78,99,493,1
act_12,12,0.02,0.32,99,79,1
act_30,30,0.28,0.78,99,132,1
act_12,12,0.02,0.32,99,61,1
act_12,12,0.02,0.32,99,222,1
act_12,12,0.02,0.32,99,360,1
act_12,12,0.02,0.32,99,277,1
act_12,12,0.02,0.32,99,200,1
act_12,12,0.02,0.32,99,158,1
act_12,12,0.02,0.32,99,317,1
act_12,12,0.02,0.32,99,116,1

Alpha (resource id, list of activity ids)
0:18,26,19
1:34,32,38,15
2:1,17,3
3:11,28
4:5,36,3
5:4,32,38
6:11,12,10,2
7:23,1,13
8:12,38,0
9:33,1
10:34,13,0
11:19,27,22,39
12:38,22,33
13:29,22,30
14:3,29
15:17,16
16:30,31,36
17:37,36,6
18:35,25,4
19:8,1,23,21
20:25,13
21:3,4,9
22:14,20,38
23:5,39,26,11
24:10,20
25:9,33,19
26:31,14
27:21,13,20
28:22,21,20
29:33,38,17
30:19,23
31:11,14
32:36,25,18
33:31,33
34:14,12
35:30,27,5,29
36:26,32,18
37:5,39,28
38:24,31
39:2,0
40:7,27,31
41:25,10
42:31,18,15
43:27,20,12
44:17,9
45:28,0,9,39
46:1,11
47:37,1,13,19
48:8,29,21
49:16,15
50:12,31,6,22
51:35,25,8
52:29,30,32
53:7,36,19,21
54:17,13
55:39,37,32,21
56:26,9,3
57:36,17,21
58:17,24,32,19
59:9,7,0
60:35,34
61:4,24,27,29
62:23,32
63:20,25,27
64:7,1
65:17,35,25
66:39,15,32,12
67:9,5
68:12,30
69:17,23,27
70:11,39,2
71:29,23
72:21,5,15
73:34,39,32,18
74:37,35,12,32
75:19,1,35
76:36,38
77:3,1,33
78:35,36
79:35,21
80:35,11
81:39,22,19,35
82:24,14,18
83:11,34,21,3
84:21,12,1,0
85:2,14,32,4
86:23,13,0,37
87:37,26,29,8
88:22,29
89:11,31,22,28
90:1,4,24,13
91:11,24,36
92:8,17
93:32,33,4
94:16,39,14
95:21,31
96:26,25
97:24,39
98:3,2
99:30,12

Costs (resource, resource to replace, activity, cost)
0,0,18,0
0,32,18,0.77
0,36,18,0.15
0,42,18,0.97
0,73,18,0.35
0,82,18,0.96
0,0,26,0
0,23,26,0.02
0,36,26,0.96
0,56,26,0.74
0,87,26,0.95
0,96,26,0.02
0,0,19,0
0,11,19,0.02
0,25,19,0.99
0,30,19,0.87
0,47,19,0.65
0,53,19,0.93
0,58,19,0.52
0,75,19,0.04
0,81,19,0.53
1,1,34,0
1,10,34,0.03
1,60,34,0.58
1,73,34,0.02
1,83,34,0.06
1,1,32,0
1,5,32,0.4
1,36,32,0.65
1,52,32,0.56
1,55,32,0.81
1,58,32,0.61
1,62,32,0.23
1,66,32,0.56
1,73,32,0.91
1,74,32,0.91
1,85,32,0.13
1,93,32,0.86
1,1,38,0
1,5,38,0.94
1,8,38,0.86
1,12,38,0.6
1,22,38,0.19
1,29,38,0.32
1,76,38,0.79
1,1,15,0
1,42,15,0.78
1,49,15,0.21
1,66,15,0.64
1,72,15,0.82
2,2,1,0
2,7,1,0.91
2,9,1,0.72
2,19,1,0.24
2,46,1,0.59
2,47,1,0.53
2,64,1,0.68
2,75,1,0.9
2,77,1,0.39
2,84,1,0.67
2,90,1,0.67
2,2,17,0
2,15,17,0.95
2,29,17,0.63
2,44,17,0.55
2,54,17,0.3
2,57,17,0.8
2,58,17,0.29
2,65,17,0.69
2,69,17,0.89
2,92,17,0.9
2,2,3,0
2,4,3,0.06
2,14,3,0.28
2,21,3,0.83
2,56,3,1.0
2,77,3,0.55
2,83,3,0.18
2,98,3,1.0
3,3,11,0
3,6,11,0.79
3,23,11,0.79
3,31,11,0.91
3,46,11,0.0
3,70,11,0.36
3,80,11,0.71
3,83,11,0.48
3,89,11,0.54
3,91,11,0.79
3,3,28,0
3,37,28,0.55
3,45,28,0.69
3,89,28,0.82
4,4,5,0
4,23,5,0.61
4,35,5,0.85
4,37,5,0.69
4,67,5,0.45
4,72,5,0.09
4,4,36,0
4,16,36,0.93
4,17,36,0.18
4,32,36,0.94
4,53,36,0.5
4,57,36,0.83
4,76,36,0.24
4,78,36,0.19
4,91,36,0.95
4,2,3,0.57
4,4,3,0
4,14,3,0.93
4,21,3,0.37
4,56,3,0.13
4,77,3,0.19
4,83,3,0.03
4,98,3,0.97
5,5,4,0
5,18,4,0.53
5,21,4,0.53
5,61,4,0.19
5,85,4,0.72
5,90,4,0.61
5,93,4,0.45
5,1,32,0.95
5,5,32,0
5,36,32,0.53
5,52,32,0.77
5,55,32,0.28
5,58,32,0.42
5,62,32,0.01
5,66,32,0.3
5,73,32,0.57
5,74,32,0.9
5,85,32,0.27
5,93,32,0.09
5,1,38,0.17
5,5,38,0
5,8,38,0.95
5,12,38,0.68
5,22,38,0.68
5,29,38,0.99
5,76,38,0.47
6,3,11,0.64
6,6,11,0
6,23,11,0.59
6,31,11,0.49
6,46,11,0.64
6,70,11,0.41
6,80,11,0.86
6,83,11,0.9
6,89,11,0.64
6,91,11,0.16
6,6,12,0
6,8,12,0.82
6,34,12,0.96
6,43,12,0.96
6,50,12,0.47
6,66,12,0.05
6,68,12,0.3
6,74,12,0.8
6,84,12,0.56
6,99,12,0.79
6,6,10,0
6,24,10,0.34
6,41,10,0.55
6,6,2,0
6,39,2,0.87
6,70,2,0.17
6,85,2,0.64
6,98,2,0.91
7,7,23,0
7,19,23,0.81
7,30,23,0.65
7,62,23,0.45
7,69,23,0.66
7,71,23,0.77
7,86,23,0.74
7,2,1,0.4
7,7,1,0
7,9,1,0.23
7,19,1,0.19
7,46,1,0.41
7,47,1,0.11
7,64,1,0.56
7,75,1,0.82
7,77,1,0.37
7,84,1,0.6
7,90,1,0.0
7,7,13,0
7,10,13,0.59
7,20,13,0.5
7,27,13,0.36
7,47,13,0.0
7,54,13,0.9
7,86,13,0.09
7,90,13,0.28
8,6,12,0.22
8,8,12,0
8,34,12,0.13
8,43,12,0.63
8,50,12,0.85
8,66,12,0.39
8,68,12,0.02
8,74,12,0.75
8,84,12,0.88
8,99,12,0.66
8,1,38,0.24
8,5,38,0.52
8,8,38,0
8,12,38,0.75
8,22,38,0.17
8,29,38,0.04
8,76,38,0.03
8,8,0,0
8,10,0,0.82
8,39,0,0.75
8,45,0,0.46
8,59,0,0.05
8,84,0,0.41
8,86,0,0.34
9,9,33,0
9,12,33,0.54
9,25,33,0.7
9,29,33,0.57
9,33,33,0.04
9,77,33,0.2
9,93,33,0.35
9,2,1,0.82
9,7,1,0.27
9,9,1,0
9,19,1,0.16
9,46,1,0.73
9,47,1,0.37
9,64,1,0.92
9,75,1,0.94
9,77,1,0.47
9,84,1,0.68
9,90,1,0.82
10,1,34,0.46
10,10,34,0
10,60,34,0.59
10,73,34,0.87
10,83,34,0.16
10,7,13,0.75
10,10,13,0
10,20,13,0.95
10,27,13,0.27
10,47,13,0.36
10,54,13,0.36
10,86,13,0.03
10,90,13,0.68
10,8,0,0.45
10,10,0,0
10,39,0,0.36
10,45,0,0.16
10,59,0,0.85
10,84,0,0.04
10,86,0,0.41
11,0,19,0.47
11,11,19,0
11,25,19,0.88
11,30,19,0.36
11,47,19,0.61
11,53,19,0.01
11,58,19,0.43
11,75,19,0.19
11,81,19,0.28
11,11,27,0
11,35,27,0.68
11,40,27,0.16
11,43,27,0.21
11,61,27,0.12
11,63,27,0.26
11,69,27,0.91
11,11,22,0
11,12,22,0.96
11,13,22,0.73
11,28,22,0.93
11,50,22,0.58
11,81,22,0.35
11,88,22,0.24
11,89,22,0.84
11,11,39,0
11,23,39,0.47
11,37,39,0.11
11,45,39,0.25
11,55,39,0.24
11,66,39,0.44
11,70,39,0.35
11,73,39,0.35
11,81,39,0.44
11,94,39,0.88
11,97,39,0.26
12,1,38,0.08
12,5,38,0.11
12,8,38,0.63
12,12,38,0
12,22,38,0.0
12,29,38,0.84
12,76,38,0.68
12,11,22,0.33
12,12,22,0
12,13,22,0.62
12,28,22,0.45
12,50,22,0.51
12,81,22,0.25
12,88,22,0.68
12,89,22,0.41
12,9,33,0.39
12,12,33,0
12,25,33,0.41
12,29,33,0.45
12,33,33,0.19
12,77,33,0.13
12,93,33,0.31
13,13,29,0
13,14,29,0.5
13,35,29,0.01
13,48,29,0.95
13,52,29,0.8
13,61,29,0.74
13,71,29,0.31
13,87,29,0.85
13,88,29,0.74
13,11,22,0.61
13,12,22,0.88
13,13,22,0
13,28,22,0.91
13,50,22,0.59
13,81,22,0.16
13,88,22,0.25
13,89,22,0.08
13,13,30,0
13,16,30,0.97
13,35,30,0.5
13,52,30,0.29
13,68,30,0.76
13,99,30,0.58
14,2,3,0.37
14,4,3,0.81
14,14,3,0
14,21,3,0.67
14,56,3,0.59
14,77,3,0.44
14,83,3,0.07
14,98,3,0.3
14,13,29,0.03
14,14,29,0
14,35,29,0.05
14,48,29,0.66
14,52,29,0.14
14,61,29,0.8
14,71,29,0.3
14,87,29,0.94
14,88,29,0.37
15,2,17,0.72
15,15,17,0
15,29,17,0.5
15,44,17,0.76
15,54,17,0.35
15,57,17,0.97
15,58,17,0.27
15,65,17,0.72
15,69,17,0.61
15,92,17,0.2
15,15,16,0
15,49,16,0.07
15,94,16,0.53
16,13,30,0.75
16,16,30,0
16,35,30,0.5
16,52,30,0.68
16,68,30,0.92
16,99,30,0.45
16,16,31,0
16,26,31,0.24
16,33,31,0.38
16,38,31,0.57
16,40,31,0.76
16,42,31,0.67
16,50,31,0.48
16,89,31,0.56
16,95,31,0.65
16,4,36,0.38
16,16,36,0
16,17,36,0.46
16,32,36,0.23
16,53,36,0.3
16,57,36,0.52
16,76,36,0.39
16,78,36,0.31
16,91,36,0.18
17,17,37,0
17,47,37,0.48
17,55,37,0.86
17,74,37,0.98
17,86,37,0.53
17,87,37,0.47
17,4,36,0.32
17,16,36,0.12
17,17,36,0
17,32,36,0.51
17,53,36,0.99
17,57,36,0.72
17,76,36,0.45
17,78,36,0.28
17,91,36,0.11
17,17,6,0
17,50,6,0.03
18,18,35,0
18,51,35,0.45
18,60,35,0.65
18,65,35,0.58
18,74,35,0.58
18,75,35,0.29
18,78,35,0.12
18,79,35,0.28
18,80,35,0.02
18,81,35,0.5
18,18,25,0
18,20,25,0.99
18,32,25,0.26
18,41,25,0.23
18,51,25,0.75
18,63,25,0.59
18,65,25,0.95
18,96,25,0.5
18,5,4,0.94
18,18,4,0
18,21,4,0.31
18,61,4,0.1
18,85,4,0.88
18,90,4,0.92
18,93,4,0.54
19,19,8,0
19,48,8,0.77
19,51,8,0.53
19,87,8,0.54
19,92,8,0.84
19,2,1,0.12
19,7,1,0.17
19,9,1,0.86
19,19,1,0
19,46,1,0.21
19,47,1,0.03
19,64,1,0.5
19,75,1,0.5
19,77,1,0.99
19,84,1,0.13
19,90,1,0.8
19,7,23,0.96
19,19,23,0
19,30,23,0.25
19,62,23,0.8
19,69,23,0.14
19,71,23,0.85
19,86,23,0.61
19,19,21,0
19,27,21,0.43
19,28,21,0.31
19,48,21,0.9
19,53,21,0.4
19,55,21,0.0
19,57,21,0.58
19,72,21,0.44
19,79,21,0.48
19,83,21,0.64
19,84,21,0.61
19,95,21,0.72
20,18,25,0.07
20,20,25,0
20,32,25,0.06
20,41,25,0.05
20,51,25,0.82
20,63,25,0.42
20,65,25,0.2
20,96,25,0.2
20,7,13,0.11
20,10,13,0.1
20,20,13,0
20,27,13,0.62
20,47,13,0.94
20,54,13,0.41
20,86,13,0.47
20,90,13,0.13
21,2,3,0.18
21,4,3,0.27
21,14,3,0.66
21,21,3,0
21,56,3,0.38
21,77,3,0.51
21,83,3,0.91
21,98,3,0.74
21,5,4,0.86
21,18,4,0.1
21,21,4,0
21,61,4,0.99
21,85,4,0.66
21,90,4,0.4
21,93,4,0.53
21,21,9,0
21,25,9,0.52
21,44,9,0.79
21,45,9,0.92
21,56,9,0.52
21,59,9,0.82
21,67,9,0.17
22,22,14,0
22,26,14,0.52
22,31,14,0.44
22,34,14,0.02
22,82,14,0.06
22,85,14,0.83
22,94,14,0.6
22,22,20,0
22,24,20,0.61
22,27,20,0.35
22,28,20,0.32
22,43,20,0.14
22,63,20,0.59
22,1,38,0.06
22,5,38,0.53
22,8,38,0.91
22,12,38,0.72
22,22,38,0
22,29,38,0.77
22,76,38,0.43
23,4,5,0.84
23,23,5,0
23,35,5,0.98
23,37,5,0.24
23,67,5,0.68
23,72,5,0.4
23,11,39,0.74
23,23,39,0
23,37,39,0.7
23,45,39,0.9
23,55,39,0.31
23,66,39,0.12
23,70,39,0.59
23,73,39,0.8
23,81,39,0.15
23,94,39,0.74
23,97,39,0.64
23,0,26,0.04
23,23,26,0
23,36,26,0.77
23,56,26,0.56
23,87,26,0.29
23,96,26,0.39
23,3,11,0.77
23,6,11,0.39
23,23,11,0
23,31,11,0.35
23,46,11,0.48
23,70,11,0.16
23,80,11,0.56
23,83,11,0.22
23,89,11,0.51
23,91,11,0.48
24,6,10,0.29
24,24,10,0
24,41,10,0.53
24,22,20,0.88
24,24,20,0
24,27,20,0.06
24,28,20,0.07
24,43,20,0.32
24,63,20,0.41
25,21,9,0.39
25,25,9,0
25,44,9,0.66
25,45,9,0.71
25,56,9,0.23
25,59,9,0.36
25,67,9,0.5
25,9,33,0.92
25,12,33,0.81
25,25,33,0
25,29,33,0.79
25,33,33,0.3
25,77,33,0.21
25,93,33,0.16
25,0,19,0.83
25,11,19,0.83
25,25,19,0
25,30,19,0.29
25,47,19,0.05
25,53,19,0.04
25,58,19,0.33
25,75,19,0.4
25,81,19,0.37
26,16,31,0.59
26,26,31,0
26,33,31,0.2
26,38,31,0.45
26,40,31,0.16
26,42,31,0.01
26,50,31,0.51
26,89,31,0.0
26,95,31,0.51
26,22,14,0.06
26,26,14,0
26,31,14,0.37
26,34,14,0.61
26,82,14,0.16
26,85,14,0.14
26,94,14,0.75
27,19,21,0.93
27,27,21,0
27,28,21,0.41
27,48,21,0.25
27,53,21,0.7
27,55,21,0.73
27,57,21,0.57
27,72,21,0.1
27,79,21,0.82
27,83,21,0.53
27,84,21,0.09
27,95,21,0.56
27,7,13,0.27
27,10,13,0.28
27,20,13,0.11
27,27,13,0
27,47,13,0.49
27,54,13,0.27
27,86,13,0.48
27,90,13,0.38
27,22,20,0.81
27,24,20,0.78
27,27,20,0
27,28,20,0.63
27,43,20,0.62
27,63,20,0.85
28,11,22,0.67
28,12,22,0.54
28,13,22,0.03
28,28,22,0
28,50,22,0.6
28,81,22,0.66
28,88,22,0.88
28,89,22,0.41
28,19,21,0.91
28,27,21,0.76
28,28,21,0
28,48,21,0.66
28,53,21,0.44
28,55,21,0.99
28,57,21,0.42
28,72,21,0.84
28,79,21,0.18
28,83,21,0.26
28,84,21,0.59
28,95,21,0.33
28,22,20,0.81
28,24,20,0.09
28,27,20,0.95
28,28,20,0
28,43,20,0.81
28,63,20,0.07
29,9,33,0.79
29,12,33,0.08
29,25,33,0.26
29,29,33,0
29,33,33,0.65
29,77,33,0.21
29,93,33,0.4
29,1,38,0.19
29,5,38,0.44
29,8,38,0.16
29,12,38,0.28
29,22,38,0.7
29,29,38,0
29,76,38,0.46
29,2,17,0.02
29,15,17,0.64
29,29,17,0
29,44,17,0.15
29,54,17,1.0
29,57,17,0.62
29,58,17,0.17
29,65,17,0.86
29,69,17,0.83
29,92,17,0.14
30,0,19,0.53
30,11,19,0.69
30,25,19,0.58
30,30,19,0
30,47,19,0.96
30,53,19,0.92
30,58,19,0.28
30,75,19,0.47
30,81,19,0.42
30,7,23,0.75
30,19,23,0.27
30,30,23,0
30,62,23,0.58
30,69,23,0.25
30,71,23,0.14
30,86,23,0.66
31,3,11,0.08
31,6,11,0.63
31,23,11,0.99
31,31,11,0
31,46,11,0.7
31,70,11,0.25
31,80,11,0.49
31,83,11,0.17
31,89,11,0.93
31,91,11,0.94
31,22,14,0.55
31,26,14,0.32
31,31,14,0
31,34,14,0.39
31,82,14,0.32
31,85,14,0.24
31,94,14,0.27
32,4,36,0.28
32,16,36,0.53
32,17,36,0.41
32,32,36,0
32,53,36,0.13
32,57,36,0.75
32,76,36,0.12
32,78,36,0.82
32,91,36,0.23
32,18,25,0.34
32,20,25,0.69
32,32,25,0
32,41,25,0.01
32,51,25,0.23
32,63,25,0.71
32,65,25,0.45
32,96,25,0.47
32,0,18,0.32
32,32,18,0
32,36,18,0.26
32,42,18,0.99
32,73,18,0.83
32,82,18,0.09
33,16,31,0.49
33,26,31,0.98
33,33,31,0
33,38,31,0.81
33,40,31,0.5
33,42,31,0.7
33,50,31,0.45
33,89,31,0.59
33,95,31,0.35
33,9,33,0.09
33,12,33,0.21
33,25,33,0.09
33,29,33,0.94
33,33,33,0
33,77,33,0.97
33,93,33,0.04
34,22,14,0.86
34,26,14,0.7
34,31,14,0.56
34,34,14,0
34,82,14,0.56
34,85,14,0.98
34,94,14,0.58
34,6,12,0.13
34,8,12,0.27
34,34,12,0
34,43,12,0.71
34,50,12,0.5
34,66,12,0.56
34,68,12,0.53
34,74,12,0.13
34,84,12,0.93
34,99,12,0.41
35,13,30,0.05
35,16,30,0.52
35,35,30,0
35,52,30,0.33
35,68,30,0.56
35,99,30,0.35
35,11,27,0.93
35,35,27,0
35,40,27,0.21
35,43,27,0.9
35,61,27,0.57
35,63,27,0.25
35,69,27,0.8
35,4,5,0.79
35,23,5,0.57
35,35,5,0
35,37,5,0.94
35,67,5,0.21
35,72,5,0.1
35,13,29,0.66
35,14,29,0.04
35,35,29,0
35,48,29,0.25
35,52,29,0.21
35,61,29,0.13
35,71,29,0.1
35,87,29,0.71
35,88,29,0.6
36,0,26,0.99
36,23,26,0.8
36,36,26,0
36,56,26,0.67
36,87,26,0.05
36,96,26,0.39
36,1,32,0.97
36,5,32,0.2
36,36,32,0
36,52,32,0.77
36,55,32,0.14
36,58,32,0.51
36,62,32,0.09
36,66,32,0.84
36,73,32,0.34
36,74,32,0.82
36,85,32,0.64
36,93,32,0.64
36,0,18,0.06
36,32,18,0.91
36,36,18,0
36,42,18,0.89
36,73,18,0.1
36,82,18,0.42
37,4,5,0.07
37,23,5,0.95
37,35,5,0.63
37,37,5,0
37,67,5,0.92
37,72,5,0.29
37,11,39,0.19
37,23,39,0.56
37,37,39,0
37,45,39,0.65
37,55,39,0.95
37,66,39,0.15
37,70,39,0.32
37,73,39,0.43
37,81,39,0.73
37,94,39,0.68
37,97,39,0.93
37,3,28,0.35
37,37,28,0
37,45,28,0.37
37,89,28,0.31
38,38,24,0
38,58,24,0.59
38,61,24,0.51
38,82,24,0.89
38,90,24,0.16
38,91,24,0.52
38,97,24,0.84
38,16,31,0.56
38,26,31,0.85
38,33,31,0.83
38,38,31,0
38,40,31,0.27
38,42,31,0.22
38,50,31,0.16
38,89,31,0.69
38,95,31,0.27
39,6,2,0.45
39,39,2,0
39,70,2,0.31
39,85,2,0.47
39,98,2,0.0
39,8,0,0.78
39,10,0,0.9
39,39,0,0
39,45,0,0.61
39,59,0,0.97
39,84,0,0.6
39,86,0,0.86
40,40,7,0
40,53,7,0.18
40,59,7,0.45
40,64,7,0.03
40,11,27,0.31
40,35,27,0.69
40,40,27,0
40,43,27,0.52
40,61,27,0.33
40,63,27,0.1
40,69,27,0.76
40,16,31,0.63
40,26,31,0.21
40,33,31,0.83
40,38,31,0.89
40,40,31,0
40,42,31,0.57
40,50,31,0.09
40,89,31,0.81
40,95,31,0.48
41,18,25,0.78
41,20,25,0.61
41,32,25,0.57
41,41,25,0
41,51,25,0.8
41,63,25,0.77
41,65,25,0.91
41,96,25,0.95
41,6,10,0.39
41,24,10,0.65
41,41,10,0
42,16,31,0.07
42,26,31,0.39
42,33,31,0.21
42,38,31,0.88
42,40,31,0.83
42,42,31,0
42,50,31,0.51
42,89,31,0.35
42,95,31,0.08
42,0,18,0.54
42,32,18,0.32
42,36,18,0.8
42,42,18,0
42,73,18,0.73
42,82,18,0.15
42,1,15,1.0
42,42,15,0
42,49,15,0.68
42,66,15,0.53
42,72,15,0.56
43,11,27,0.74
43,35,27,0.88
43,40,27,0.6
43,43,27,0
43,61,27,0.23
43,63,27,0.87
43,69,27,0.21
43,22,20,0.44
43,24,20,0.59
43,27,20,0.72
43,28,20,0.74
43,43,20,0
43,63,20,0.81
43,6,12,0.43
43,8,12,0.05
43,34,12,0.28
43,43,12,0
43,50,12,0.55
43,66,12,0.93
43,68,12,0.37
43,74,12,0.45
43,84,12,0.99
43,99,12,0.76
44,2,17,0.03
44,15,17,0.03
44,29,17,0.96
44,44,17,0
44,54,17,0.62
44,57,17,0.17
44,58,17,0.13
44,65,17,0.98
44,69,17,0.1
44,92,17,0.58
44,21,9,0.8
44,25,9,0.18
44,44,9,0
44,45,9,0.53
44,56,9,0.92
44,59,9,0.54
44,67,9,0.79
45,3,28,0.16
45,37,28,0.6
45,45,28,0
45,89,28,0.12
45,8,0,0.48
45,10,0,0.43
45,39,0,0.85
45,45,0,0
45,59,0,0.41
45,84,0,0.37
45,86,0,0.6
45,21,9,0.48
45,25,9,0.31
45,44,9,0.49
45,45,9,0
45,56,9,0.2
45,59,9,0.61
45,67,9,0.9
45,11,39,0.64
45,23,39,0.62
45,37,39,0.18
45,45,39,0
45,55,39,0.12
45,66,39,0.32
45,70,39,0.21
45,73,39,0.69
45,81,39,0.54
45,94,39,0.16
45,97,39,0.09
46,2,1,0.65
46,7,1,0.48
46,9,1,0.95
46,19,1,0.43
46,46,1,0
46,47,1,0.12
46,64,1,0.01
46,75,1,0.16
46,77,1,0.19
46,84,1,0.23
46,90,1,0.26
46,3,11,0.39
46,6,11,0.17
46,23,11,0.25
46,31,11,0.04
46,46,11,0
46,70,11,0.19
46,80,11,0.49
46,83,11,0.42
46,89,11,0.33
46,91,11,1.0
47,17,37,0.21
47,47,37,0
47,55,37,0.6
47,74,37,0.97
47,86,37,0.43
47,87,37,0.69
47,2,1,0.03
47,7,1,0.06
47,9,1,0.36
47,19,1,0.95
47,46,1,0.88
47,47,1,0
47,64,1,0.28
47,75,1,0.11
47,77,1,0.32
47,84,1,0.42
47,90,1,0.61
47,7,13,0.84
47,10,13,0.4
47,20,13,0.13
47,27,13,0.36
47,47,13,0
47,54,13,0.18
47,86,13,0.7
47,90,13,0.04
47,0,19,0.2
47,11,19,0.05
47,25,19,0.98
47,30,19,0.24
47,47,19,0
47,53,19,0.82
47,58,19,0.09
47,75,19,0.14
47,81,19,0.68
48,19,8,0.29
48,48,8,0
48,51,8,0.51
48,87,8,0.03
48,92,8,0.95
48,13,29,0.74
48,14,29,0.67
48,35,29,0.85
48,48,29,0
48,52,29,0.68
48,61,29,0.0
48,71,29,0.81
48,87,29,0.48
48,88,29,0.86
48,19,21,0.4
48,27,21,0.9
48,28,21,0.83
48,48,21,0
48,53,21,0.67
48,55,21,0.71
48,57,21,0.4
48,72,21,0.58
48,79,21,0.6
48,83,21,0.84
48,84,21,0.63
48,95,21,0.75
49,15,16,0.67
49,49,16,0
49,94,16,0.49
49,1,15,0.6
49,42,15,0.56
49,49,15,0
49,66,15,0.41
49,72,15,0.14
50,6,12,0.45
50,8,12,0.6
50,34,12,0.36
50,43,12,0.32
50,50,12,0
50,66,12,0.12
50,68,12,0.17
50,74,12,0.11
50,84,12,0.5
50,99,12,0.84
50,16,31,0.19
50,26,31,0.02
50,33,31,0.33
50,38,31,1.0
50,40,31,0.7
50,42,31,0.68
50,50,31,0
50,89,31,0.76
50,95,31,0.17
50,17,6,0.4
50,50,6,0
50,11,22,0.83
50,12,22,0.38
50,13,22,0.47
50,28,22,0.91
50,50,22,0
50,81,22,0.67
50,88,22,0.91
50,89,22,0.0
51,18,35,0.85
51,51,35,0
51,60,35,0.61
51,65,35,0.96
51,74,35,0.72
51,75,35,0.1
51,78,35,0.29
51,79,35,0.92
51,80,35,0.95
51,81,35,0.93
51,18,25,0.73
51,20,25,0.17
51,32,25,0.44
51,41,25,0.71
51,51,25,0
51,63,25,0.43
51,65,25,0.46
51,96,25,0.73
51,19,8,0.03
51,48,8,0.66
51,51,8,0
51,87,8,0.38
51,92,8,0.07
52,13,29,0.11
52,14,29,0.41
52,35,29,0.66
52,48,29,0.36
52,52,29,0
52,61,29,0.68
52,71,29,0.0
52,87,29,0.69
52,88,29,0.68
52,13,30,0.34
52,16,30,0.03
52,35,30,0.63
52,52,30,0
52,68,30,0.17
52,99,30,0.12
52,1,32,0.99
52,5,32,0.67
52,36,32,0.1
52,52,32,0
52,55,32,0.44
52,58,32,0.43
52,62,32,0.37
52,66,32,0.96
52,73,32,0.61
52,74,32,0.36
52,85,32,0.16
52,93,32,0.46
53,40,7,0.76
53,53,7,0
53,59,7,0.94
53,64,7,0.49
53,4,36,0.74
53,16,36,0.9
53,17,36,0.61
53,32,36,0.87
53,53,36,0
53,57,36,0.0
53,76,36,0.86
53,78,36,0.5
53,91,36,0.66
53,0,19,0.63
53,11,19,0.04
53,25,19,0.19
53,30,19,0.33
53,47,19,0.45
53,53,19,0
53,58,19,0.17
53,75,19,0.27
53,81,19,0.12
53,19,21,0.96
53,27,21,0.6
53,28,21,0.82
53,48,21,0.73
53,53,21,0
53,55,21,0.84
53,57,21,0.2
53,72,21,0.27
53,79,21,0.97
53,83,21,0.82
53,84,21,0.51
53,95,21,0.77
54,2,17,0.34
54,15,17,0.12
54,29,17,0.99
54,44,17,0.67
54,54,17,0
54,57,17,0.54
54,58,17,0.24
54,65,17,0.74
54,69,17,0.48
54,92,17,0.1
54,7,13,0.83
54,10,13,0.5
54,20,13,0.41
54,27,13,0.82
54,47,13,0.37
54,54,13,0
54,86,13,0.36
54,90,13,0.08
55,11,39,0.24
55,23,39,0.94
55,37,39,0.67
55,45,39,0.68
55,55,39,0
55,66,39,0.19
55,70,39,0.12
55,73,39,0.01
55,81,39,0.16
55,94,39,0.7
55,97,39,0.29
55,17,37,0.72
55,47,37,0.7
55,55,37,0
55,74,37,0.63
55,86,37,0.18
55,87,37,0.32
55,1,32,0.91
55,5,32,0.88
55,36,32,0.13
55,52,32,0.71
55,55,32,0
55,58,32,0.67
55,62,32,0.03
55,66,32,0.16
55,73,32,0.36
55,74,32,0.98
55,85,32,0.3
55,93,32,0.51
55,19,21,0.92
55,27,21,0.98
55,28,21,0.87
55,48,21,0.51
55,53,21,0.93
55,55,21,0
55,57,21,0.84
55,72,21,0.16
55,79,21,0.35
55,83,21,0.1
55,84,21,0.22
55,95,21,0.84
56,0,26,0.33
56,23,26,0.75
56,36,26,0.77
56,56,26,0
56,87,26,0.44
56,96,26,0.48
56,21,9,0.51
56,25,9,0.65
56,44,9,0.94
56,45,9,0.05
56,56,9,0
56,59,9,0.23
56,67,9,0.6
56,2,3,0.25
56,4,3,0.4
56,14,3,0.24
56,21,3,0.34
56,56,3,0
56,77,3,0.59
56,83,3,0.11
56,98,3,0.06
57,4,36,0.76
57,16,36,0.67
57,17,36,0.09
57,32,36,0.89
57,53,36,0.87
57,57,36,0
57,76,36,0.6
57,78,36,0.44
57,91,36,0.6
57,2,17,0.77
57,15,17,0.13
57,29,17,0.57
57,44,17,0.31
57,54,17,0.67
57,57,17,0
57,58,17,0.63
57,65,17,0.02
57,69,17,0.02
57,92,17,0.91
57,19,21,0.32
57,27,21,0.4
57,28,21,0.08
57,48,21,0.65
57,53,21,0.13
57,55,21,0.02
57,57,21,0
57,72,21,0.63
57,79,21,0.98
57,83,21,0.86
57,84,21,0.82
57,95,21,0.24
58,2,17,0.41
58,15,17,0.06
58,29,17,0.51
58,44,17,0.69
58,54,17,0.45
58,57,17,0.92
58,58,17,0
58,65,17,0.56
58,69,17,0.46
58,92,17,0.34
58,38,24,0.37
58,58,24,0
58,61,24,0.33
58,82,24,0.87
58,90,24,0.36
58,91,24,0.97
58,97,24,0.16
58,1,32,0.11
58,5,32,0.67
58,36,32,0.43
58,52,32,0.65
58,55,32,0.64
58,58,32,0
58,62,32,0.2
58,66,32,0.02
58,73,32,0.96
58,74,32,0.64
58,85,32,0.11
58,93,32,0.94
58,0,19,0.15
58,11,19,0.64
58,25,19,0.43
58,30,19,0.26
58,47,19,0.82
58,53,19,0.05
58,58,19,0
58,75,19,0.35
58,81,19,0.6
59,21,9,0.39
59,25,9,0.48
59,44,9,0.87
59,45,9,0.2
59,56,9,0.61
59,59,9,0
59,67,9,0.77
59,40,7,0.86
59,53,7,0.86
59,59,7,0
59,64,7,0.26
59,8,0,0.58
59,10,0,0.37
59,39,0,0.99
59,45,0,0.43
59,59,0,0
59,84,0,0.85
59,86,0,0.68
60,18,35,0.34
60,51,35,0.35
60,60,35,0
60,65,35,0.33
60,74,35,0.77
60,75,35,0.81
60,78,35,0.55
60,79,35,0.71
60,80,35,0.52
60,81,35,0.7
60,1,34,0.82
60,10,34,0.52
60,60,34,0
60,73,34,0.18
60,83,34,0.23
61,5,4,0.51
61,18,4,0.17
61,21,4,0.92
61,61,4,0
61,85,4,0.89
61,90,4,0.29
61,93,4,0.31
61,38,24,0.61
61,58,24,0.24
61,61,24,0
61,82,24,0.4
61,90,24,0.28
61,91,24,0.53
61,97,24,0.93
61,11,27,0.52
61,35,27,0.34
61,40,27,0.36
61,43,27,0.33
61,61,27,0
61,63,27,0.97
61,69,27,0.99
61,13,29,0.27
61,14,29,0.97
61,35,29,0.94
61,48,29,0.36
61,52,29,0.91
61,61,29,0
61,71,29,0.18
61,87,29,0.13
61,88,29,0.46
62,7,23,0.2
62,19,23,0.53
62,30,23,0.2
62,62,23,0
62,69,23,0.44
62,71,23,0.5
62,86,23,0.73
62,1,32,0.2
62,5,32,0.74
62,36,32,0.72
62,52,32,0.59
62,55,32,0.72
62,58,32,0.99
62,62,32,0
62,66,32,0.85
62,73,32,0.76
62,74,32,0.52
62,85,32,0.32
62,93,32,0.63
63,22,20,0.09
63,24,20,0.52
63,27,20,0.77
63,28,20,0.01
63,43,20,0.14
63,63,20,0
63,18,25,0.36
63,20,25,0.05
63,32,25,0.08
63,41,25,0.79
63,51,25,0.4
63,63,25,0
63,65,25,0.11
63,96,25,0.8
63,11,27,0.57
63,35,27,0.15
63,40,27,0.98
63,43,27,0.15
63,61,27,0.24
63,63,27,0
63,69,27,0.23
64,40,7,0.92
64,53,7,0.36
64,59,7,0.96
64,64,7,0
64,2,1,0.7
64,7,1,0.22
64,9,1,0.09
64,19,1,0.65
64,46,1,1.0
64,47,1,0.59
64,64,1,0
64,75,1,0.91
64,77,1,0.74
64,84,1,0.8
64,90,1,0.64
65,2,17,0.78
65,15,17,0.82
65,29,17,0.83
65,44,17,0.51
65,54,17,0.38
65,57,17,0.58
65,58,17,0.57
65,65,17,0
65,69,17,0.26
65,92,17,0.81
65,18,35,0.48
65,51,35,0.39
65,60,35,0.13
65,65,35,0
65,74,35,0.76
65,75,35,0.88
65,78,35,0.86
65,79,35,0.7
65,80,35,0.24
65,81,35,0.43
65,18,25,0.68
65,20,25,0.13
65,32,25,0.99
65,41,25,0.5
65,51,25,0.1
65,63,25,0.75
65,65,25,0
65,96,25,0.56
66,11,39,0.38
66,23,39,0.69
66,37,39,0.16
66,45,39,0.17
66,55,39,0.59
66,66,39,0
66,70,39,0.87
66,73,39,0.45
66,81,39,0.72
66,94,39,0.29
66,97,39,0.93
66,1,15,0.9
66,42,15,0.08
66,49,15,0.89
66,66,15,0
66,72,15,0.46
66,1,32,0.77
66,5,32,0.62
66,36,32,0.02
66,52,32,0.25
66,55,32,0.16
66,58,32,0.08
66,62,32,0.69
66,66,32,0
66,73,32,0.13
66,74,32,0.92
66,85,32,0.63
66,93,32,0.7
66,6,12,0.94
66,8,12,0.2
66,34,12,0.19
66,43,12,0.49
66,50,12,0.75
66,66,12,0
66,68,12,0.6
66,74,12,0.31
66,84,12,0.7
66,99,12,0.81
67,21,9,0.98
67,25,9,0.16
67,44,9,0.03
67,45,9,0.33
67,56,9,0.69
67,59,9,0.69
67,67,9,0
67,4,5,0.58
67,23,5,0.45
67,35,5,0.55
67,37,5,0.31
67,67,5,0
67,72,5,0.68
68,6,12,0.74
68,8,12,0.33
68,34,12,0.86
68,43,12,0.65
68,50,12,0.21
68,66,12,0.21
68,68,12,0
68,74,12,0.21
68,84,12,0.9
68,99,12,0.6
68,13,30,0.49
68,16,30,0.2
68,35,30,0.38
68,52,30,0.16
68,68,30,0
68,99,30,0.11
69,2,17,0.16
69,15,17,0.87
69,29,17,0.72
69,44,17,0.4
69,54,17,0.87
69,57,17,0.2
69,58,17,0.8
69,65,17,0.24
69,69,17,0
69,92,17,0.17
69,7,23,0.05
69,19,23,1.0
69,30,23,0.12
69,62,23,0.6
69,69,23,0
69,71,23,0.54
69,86,23,0.6
69,11,27,0.57
69,35,27,0.91
69,40,27,0.6
69,43,27,0.08
69,61,27,0.93
69,63,27,0.95
69,69,27,0
70,3,11,0.51
70,6,11,0.41
70,23,11,0.79
70,31,11,0.02
70,46,11,0.77
70,70,11,0
70,80,11,0.82
70,83,11,0.86
70,89,11,0.88
70,91,11,0.43
70,11,39,0.43
70,23,39,0.19
70,37,39,0.85
70,45,39,0.96
70,55,39,0.96
70,66,39,0.98
70,70,39,0
70,73,39,0.83
70,81,39,0.95
70,94,39,0.21
70,97,39,0.1
70,6,2,0.07
70,39,2,0.76
70,70,2,0
70,85,2,0.38
70,98,2,0.63
71,13,29,0.93
71,14,29,0.29
71,35,29,0.78
71,48,29,0.14
71,52,29,0.05
71,61,29,0.28
71,71,29,0
71,87,29,0.25
71,88,29,0.42
71,7,23,0.48
71,19,23,0.25
71,30,23,0.93
71,62,23,0.93
71,69,23,0.7
71,71,23,0
71,86,23,0.93
72,19,21,0.75
72,27,21,0.74
72,28,21,0.98
72,48,21,0.97
72,53,21,0.78
72,55,21,0.14
72,57,21,0.37
72,72,21,0
72,79,21,0.85
72,83,21,0.6
72,84,21,0.88
72,95,21,0.86
72,4,5,0.29
72,23,5,0.17
72,35,5,0.48
72,37,5,0.64
72,67,5,0.91
72,72,5,0
72,1,15,0.68
72,42,15,0.97
72,49,15,0.54
72,66,15,0.53
72,72,15,0
73,1,34,1.0
73,10,34,0.8
73,60,34,0.47
73,73,34,0
73,83,34,0.81
73,11,39,0.01
73,23,39,0.83
73,37,39,0.17
73,45,39,0.49
73,55,39,0.42
73,66,39,0.09
73,70,39,0.87
73,73,39,0
73,81,39,0.11
73,94,39,0.64
73,97,39,0.14
73,1,32,0.39
73,5,32,0.48
73,36,32,0.1
73,52,32,0.35
73,55,32,0.51
73,58,32,0.86
73,62,32,0.83
73,66,32,0.03
73,73,32,0
73,74,32,0.92
73,85,32,0.92
73,93,32,0.7
73,0,18,0.76
73,32,18,0.42
73,36,18,0.63
73,42,18,0.08
73,73,18,0
73,82,18,0.73
74,17,37,0.77
74,47,37,0.0
74,55,37,0.78
74,74,37,0
74,86,37,0.13
74,87,37,0.02
74,18,35,0.98
74,51,35,0.2
74,60,35,0.95
74,65,35,0.08
74,74,35,0
74,75,35,0.98
74,78,35,0.18
74,79,35,0.97
74,80,35,0.39
74,81,35,0.54
74,6,12,0.32
74,8,12,0.13
74,34,12,0.06
74,43,12,0.9
74,50,12,0.3
74,66,12,0.72
74,68,12,0.03
74,74,12,0
74,84,12,0.06
74,99,12,0.16
74,1,32,0.48
74,5,32,0.01
74,36,32,0.31
74,52,32,0.79
74,55,32,0.35
74,58,32,0.5
74,62,32,0.77
74,66,32,0.19
74,73,32,0.92
74,74,32,0
74,85,32,0.63
74,93,32,0.02
75,0,19,0.83
75,11,19,0.43
75,25,19,0.47
75,30,19,0.37
75,47,19,0.47
75,53,19,0.01
75,58,19,0.96
75,75,19,0
75,81,19,0.38
75,2,1,0.97
75,7,1,0.44
75,9,1,0.13
75,19,1,0.2
75,46,1,0.32
75,47,1,0.16
75,64,1,0.3
75,75,1,0
75,77,1,0.53
75,84,1,0.03
75,90,1,0.99
75,18,35,0.44
75,51,35,0.12
75,60,35,0.04
75,65,35,0.14
75,74,35,0.38
75,75,35,0
75,78,35,0.79
75,79,35,0.11
75,80,35,0.63
75,81,35,0.07
76,4,36,0.93
76,16,36,0.07
76,17,36,0.67
76,32,36,0.62
76,53,36,0.33
76,57,36,0.49
76,76,36,0
76,78,36,0.09
76,91,36,0.49
76,1,38,0.4
76,5,38,0.88
76,8,38,0.42
76,12,38,0.54
76,22,38,0.22
76,29,38,0.82
76,76,38,0
77,2,3,0.93
77,4,3,0.06
77,14,3,0.04
77,21,3,0.7
77,56,3,0.75
77,77,3,0
77,83,3,0.17
77,98,3,0.62
77,2,1,0.08
77,7,1,0.85
77,9,1,0.64
77,19,1,0.5
77,46,1,0.16
77,47,1,0.05
77,64,1,0.06
77,75,1,0.6
77,77,1,0
77,84,1,0.6
77,90,1,0.22
77,9,33,0.01
77,12,33,0.7
77,25,33,0.07
77,29,33,0.2
77,33,33,0.13
77,77,33,0
77,93,33,0.99
78,18,35,0.09
78,51,35,0.41
78,60,35,0.91
78,65,35,0.94
78,74,35,0.33
78,75,35,0.22
78,78,35,0
78,79,35,0.88
78,80,35,0.08
78,81,35,0.62
78,4,36,0.68
78,16,36,0.65
78,17,36,0.26
78,32,36,0.15
78,53,36,0.47
78,57,36,0.52
78,76,36,0.61
78,78,36,0
78,91,36,0.44
79,18,35,0.43
79,51,35,0.2
79,60,35,0.25
79,65,35,0.79
79,74,35,0.77
79,75,35,0.3
79,78,35,0.71
79,79,35,0
79,80,35,0.2
79,81,35,0.02
79,19,21,0.44
79,27,21,0.67
79,28,21,0.21
79,48,21,0.3
79,53,21,0.67
79,55,21,0.86
79,57,21,0.31
79,72,21,0.92
79,79,21,0
79,83,21,0.75
79,84,21,0.64
79,95,21,0.65
80,18,35,0.59
80,51,35,0.64
80,60,35,0.63
80,65,35,0.18
80,74,35,0.34
80,75,35,0.18
80,78,35,0.04
80,79,35,0.25
80,80,35,0
80,81,35,0.9
80,3,11,0.58
80,6,11,0.46
80,23,11,0.27
80,31,11,0.57
80,46,11,0.63
80,70,11,0.53
80,80,11,0
80,83,11,0.6
80,89,11,0.91
80,91,11,0.21
81,11,39,0.62
81,23,39,0.06
81,37,39,0.52
81,45,39,0.87
81,55,39,0.64
81,66,39,0.98
81,70,39,0.08
81,73,39,0.03
81,81,39,0
81,94,39,0.95
81,97,39,0.64
81,11,22,0.88
81,12,22,0.39
81,13,22,0.36
81,28,22,0.65
81,50,22,0.2
81,81,22,0
81,88,22,0.44
81,89,22,0.93
81,0,19,0.56
81,11,19,0.1
81,25,19,0.9
81,30,19,0.19
81,47,19,0.42
81,53,19,0.83
81,58,19,0.78
81,75,19,0.64
81,81,19,0
81,18,35,0.19
81,51,35,0.89
81,60,35,0.33
81,65,35,0.67
81,74,35,0.95
81,75,35,0.7
81,78,35,0.05
81,79,35,0.08
81,80,35,0.69
81,81,35,0
82,38,24,0.3
82,58,24,0.54
82,61,24,0.2
82,82,24,0
82,90,24,0.9
82,91,24,0.1
82,97,24,0.66
82,22,14,0.14
82,26,14,0.2
82,31,14,0.46
82,34,14,0.59
82,82,14,0
82,85,14,1.0
82,94,14,0.24
82,0,18,0.71
82,32,18,0.89
82,36,18,0.37
82,42,18,0.34
82,73,18,0.45
82,82,18,0
83,3,11,0.22
83,6,11,0.78
83,23,11,0.91
83,31,11,0.71
83,46,11,0.02
83,70,11,0.39
83,80,11,0.89
83,83,11,0
83,89,11,0.27
83,91,11,0.85
83,1,34,0.13
83,10,34,0.07
83,60,34,0.37
83,73,34,0.8
83,83,34,0
83,19,21,0.64
83,27,21,0.0
83,28,21,0.86
83,48,21,0.99
83,53,21,0.78
83,55,21,0.06
83,57,21,0.86
83,72,21,0.81
83,79,21,0.21
83,83,21,0
83,84,21,0.77
83,95,21,0.46
83,2,3,0.16
83,4,3,0.57
83,14,3,0.67
83,21,3,0.18
83,56,3,0.3
83,77,3,0.78
83,83,3,0
83,98,3,0.59
84,19,21,0.05
84,27,21,0.29
84,28,21,0.85
84,48,21,0.12
84,53,21,0.28
84,55,21,0.33
84,57,21,0.12
84,72,21,0.31
84,79,21,0.42
84,83,21,0.3
84,84,21,0
84,95,21,0.51
84,6,12,0.72
84,8,12,0.42
84,34,12,0.54
84,43,12,0.06
84,50,12,0.82
84,66,12,0.38
84,68,12,0.85
84,74,12,0.02
84,84,12,0
84,99,12,0.18
84,2,1,0.41
84,7,1,0.35
84,9,1,1.0
84,19,1,0.92
84,46,1,0.2
84,47,1,0.18
84,64,1,0.85
84,75,1,0.81
84,77,1,0.28
84,84,1,0
84,90,1,0.88
84,8,0,0.89
84,10,0,0.43
84,39,0,0.06
84,45,0,0.57
84,59,0,0.64
84,84,0,0
84,86,0,0.7
85,6,2,0.38
85,39,2,0.52
85,70,2,0.51
85,85,2,0
85,98,2,0.09
85,22,14,0.82
85,26,14,0.87
85,31,14,0.97
85,34,14,0.26
85,82,14,0.7
85,85,14,0
85,94,14,0.56
85,1,32,0.64
85,5,32,0.12
85,36,32,0.31
85,52,32,0.45
85,55,32,0.56
85,58,32,0.28
85,62,32,0.76
85,66,32,0.17
85,73,32,0.54
85,74,32,0.6
85,85,32,0
85,93,32,0.26
85,5,4,0.87
85,18,4,0.93
85,21,4,0.1
85,61,4,0.91
85,85,4,0
85,90,4,0.3
85,93,4,0.93
86,7,23,0.23
86,19,23,0.53
86,30,23,0.83
86,62,23,0.47
86,69,23,0.05
86,71,23,0.34
86,86,23,0
86,7,13,0.59
86,10,13,0.82
86,20,13,0.85
86,27,13,0.43
86,47,13,0.59
86,54,13,0.52
86,86,13,0
86,90,13,0.39
86,8,0,0.36
86,10,0,0.08
86,39,0,0.88
86,45,0,0.5
86,59,0,0.0
86,84,0,0.69
86,86,0,0
86,17,37,0.17
86,47,37,0.64
86,55,37,0.31
86,74,37,0.82
86,86,37,0
86,87,37,0.08
87,17,37,0.66
87,47,37,0.39
87,55,37,0.71
87,74,37,0.32
87,86,37,0.27
87,87,37,0
87,0,26,0.8
87,23,26,0.17
87,36,26,0.25
87,56,26,0.83
87,87,26,0
87,96,26,0.94
87,13,29,0.94
87,14,29,0.02
87,35,29,0.8
87,48,29,0.54
87,52,29,0.63
87,61,29,0.07
87,71,29,0.7
87,87,29,0
87,88,29,0.5
87,19,8,0.51
87,48,8,0.76
87,51,8,0.72
87,87,8,0
87,92,8,0.61
88,11,22,0.46
88,12,22,0.29
88,13,22,0.47
88,28,22,0.41
88,50,22,0.83
88,81,22,0.75
88,88,22,0
88,89,22,0.84
88,13,29,0.91
88,14,29,0.71
88,35,29,0.24
88,48,29,0.8
88,52,29,0.59
88,61,29,0.95
88,71,29,0.47
88,87,29,0.81
88,88,29,0
89,3,11,0.18
89,6,11,0.31
89,23,11,0.79
89,31,11,0.0
89,46,11,0.63
89,70,11,0.37
89,80,11,0.91
89,83,11,0.6
89,89,11,0
89,91,11,0.54
89,16,31,0.65
89,26,31,0.67
89,33,31,0.9
89,38,31,0.19
89,40,31,0.03
89,42,31,0.66
89,50,31,0.74
89,89,31,0
89,95,31,0.35
89,11,22,0.98
89,12,22,0.31
89,13,22,0.4
89,28,22,0.15
89,50,22,0.75
89,81,22,0.92
89,88,22,0.96
89,89,22,0
89,3,28,0.18
89,37,28,0.3
89,45,28,0.8
89,89,28,0
90,2,1,0.48
90,7,1,0.35
90,9,1,0.78
90,19,1,0.54
90,46,1,0.04
90,47,1,0.93
90,64,1,0.87
90,75,1,0.97
90,77,1,0.58
90,84,1,0.31
90,90,1,0
90,5,4,0.14
90,18,4,0.38
90,21,4,0.48
90,61,4,0.13
90,85,4,0.39
90,90,4,0
90,93,4,0.23
90,38,24,0.62
90,58,24,0.32
90,61,24,0.83
90,82,24,0.89
90,90,24,0
90,91,24,0.99
90,97,24,0.38
90,7,13,0.43
90,10,13,0.16
90,20,13,0.17
90,27,13,0.2
90,47,13,0.03
90,54,13,0.22
90,86,13,0.35
90,90,13,0
91,3,11,0.26
91,6,11,0.43
91,23,11,0.81
91,31,11,0.79
91,46,11,0.33
91,70,11,0.29
91,80,11,0.19
91,83,11,0.71
91,89,11,0.87
91,91,11,0
91,38,24,0.78
91,58,24,0.06
91,61,24,0.8
91,82,24,0.64
91,90,24,0.99
91,91,24,0
91,97,24,0.53
91,4,36,0.25
91,16,36,0.08
91,17,36,0.87
91,32,36,0.54
91,53,36,0.47
91,57,36,0.82
91,76,36,0.47
91,78,36,0.82
91,91,36,0
92,19,8,0.37
92,48,8,0.27
92,51,8,0.15
92,87,8,0.56
92,92,8,0
92,2,17,0.22
92,15,17,0.33
92,29,17,0.33
92,44,17,0.91
92,54,17,0.37
92,57,17,0.72
92,58,17,0.81
92,65,17,0.78
92,69,17,0.31
92,92,17,0
93,1,32,0.84
93,5,32,0.13
93,36,32,0.83
93,52,32,0.03
93,55,32,0.15
93,58,32,0.56
93,62,32,0.19
93,66,32,0.5
93,73,32,0.98
93,74,32,0.96
93,85,32,0.12
93,93,32,0
93,9,33,0.69
93,12,33,0.48
93,25,33,0.82
93,29,33,0.11
93,33,33,0.76
93,77,33,0.5
93,93,33,0
93,5,4,0.3
93,18,4,0.73
93,21,4,0.08
93,61,4,0.41
93,85,4,0.4
93,90,4,0.75
93,93,4,0
94,15,16,0.21
94,49,16,0.45
94,94,16,0
94,11,39,0.75
94,23,39,0.98
94,37,39,0.83
94,45,39,0.2
94,55,39,0.91
94,66,39,0.26
94,70,39,0.17
94,73,39,0.6
94,81,39,0.15
94,94,39,0
94,97,39,0.06
94,22,14,0.75
94,26,14,0.42
94,31,14,0.82
94,34,14,0.54
94,82,14,0.93
94,85,14,0.65
94,94,14,0
95,19,21,0.35
95,27,21,0.78
95,28,21,0.15
95,48,21,0.06
95,53,21,0.97
95,55,21,0.88
95,57,21,0.78
95,72,21,0.49
95,79,21,0.06
95,83,21,0.44
95,84,21,0.2
95,95,21,0
95,16,31,0.95
95,26,31,0.16
95,33,31,0.83
95,38,31,0.7
95,40,31,0.36
95,42,31,0.4
95,50,31,0.13
95,89,31,0.45
95,95,31,0
96,0,26,0.19
96,23,26,0.61
96,36,26,0.91
96,56,26,0.69
96,87,26,0.09
96,96,26,0
96,18,25,0.24
96,20,25,0.89
96,32,25,0.58
96,41,25,0.89
96,51,25,0.53
96,63,25,0.31
96,65,25,0.02
96,96,25,0
97,38,24,0.45
97,58,24,0.51
97,61,24,0.8
97,82,24,0.21
97,90,24,0.97
97,91,24,0.33
97,97,24,0
97,11,39,0.78
97,23,39,0.16
97,37,39,0.15
97,45,39,0.96
97,55,39,0.45
97,66,39,0.36
97,70,39,0.64
97,73,39,0.8
97,81,39,0.3
97,94,39,0.29
97,97,39,0
98,2,3,0.42
98,4,3,0.12
98,14,3,0.01
98,21,3,0.56
98,56,3,0.7
98,77,3,0.65
98,83,3,0.29
98,98,3,0
98,6,2,0.34
98,39,2,0.27
98,70,2,0.95
98,85,2,0.67
98,98,2,0
99,13,30,0.59
99,16,30,0.28
99,35,30,0.05
99,52,30,0.74
99,68,30,0.72
99,99,30,0
99,6,12,0.69
99,8,12,0.34
99,34,12,0.83
99,43,12,0.43
99,50,12,0.97
99,66,12,0.84
99,68,12,0.17
99,74,12,0.58
99,84,12,0.24
99,99,12,0