M,100,P,30,Q,100000,targetS,0.1,targetW,0.1

Resources name, resource id, current workload and max workload
R_0,0,0.68,1
R_1,1,0.43,1
R_2,2,0.6,1
R_3,3,0.7,1
R_4,4,0.64,1
R_5,5,0.65,1
R_6,6,0.71,1
R_7,7,0.61,1
R_8,8,0.67,1
R_9,9,0.78,1
R_10,10,0.8,1
R_11,11,0.72,1
R_12,12,0.5,1
R_13,13,0.78,1
R_14,14,0.54,1
R_15,15,0.52,1
R_16,16,0.46,1
R_17,17,0.58,1
R_18,18,0.69,1
R_19,19,0.44,1
R_20,20,0.74,1
R_21,21,0.43,1
R_22,22,0.49,1
R_23,23,0.5,1
R_24,24,0.79,1
R_25,25,0.65,1
R_26,26,0.69,1
R_27,27,0.72,1
R_28,28,0.59,1
R_29,29,0.45,1
R_30,30,0.5,1
R_31,31,0.73,1
R_32,32,0.62,1
R_33,33,0.52,1
R_34,34,0.67,1
R_35,35,0.78,1
R_36,36,0.62,1
R_37,37,0.6,1
R_38,38,0.64,1
R_39,39,0.69,1
R_40,40,0.57,1
R_41,41,0.69,1
R_42,42,0.46,1
R_43,43,0.74,1
R_44,44,0.48,1
R_45,45,0.68,1
R_46,46,0.76,1
R_47,47,0.49,1
R_48,48,0.79,1
R_49,49,0.45,1
R_50,50,0.52,1
R_51,51,0.76,1
R_52,52,0.68,1
R_53,53,0.62,1
R_54,54,0.52,1
R_55,55,0.53,1
R_56,56,0.4,1
R_57,57,0.7,1
R_58,58,0.54,1
R_59,59,0.62,1
R_60,60,0.44,1
R_61,61,0.76,1
R_62,62,0.59,1
R_63,63,0.65,1
R_64,64,0.55,1
R_65,65,0.73,1
R_66,66,0.71,1
R_67,67,0.41,1
R_68,68,0.42,1
R_69,69,0.43,1
R_70,70,0.49,1
R_71,71,0.62,1
R_72,72,0.79,1
R_73,73,0.67,1
R_74,74,0.6,1
R_75,75,0.73,1
R_76,76,0.46,1
R_77,77,0.66,1
R_78,78,0.73,1
R_79,79,0.56,1
R_80,80,0.67,1
R_81,81,0.77,1
R_82,82,0.79,1
R_83,83,0.54,1
R_84,84,0.48,1
R_85,85,0.76,1
R_86,86,0.6,1
R_87,87,0.57,1
R_88,88,0.57,1
R_89,89,0.55,1
R_90,90,0.71,1
R_91,91,0.67,1
R_92,92,0.56,1
R_93,93,0.66,1
R_94,94,0.52,1
R_95,95,0.71,1
R_96,96,0.72,1
R_97,97,0.61,1
R_98,98,0.5,1
R_99,99,0.64,1

Activities name, activity id, lambda, stress, resource id, priority, rifiutato
act_29,29,0.16,0.17,0,282,0
act_21,21,0.12,0.73,0,217,0
act_14,14,0.22,0.19,1,345,0
act_10,10,0.11,0.18,1,305,0
act_10,10,0.11,0.18,1,21,0
act_10,10,0.11,0.18,1,113,0
act_14,14,0.22,0.19,2,3,0
act_34,34,0.02,0.62,2,43,1
act_34,34,0.02,0.62,2,281,1
act_34,34,0.02,0.62,2,199,1
act_34,34,0.02,0.62,2,65,1
act_34,34,0.02,0.62,2,278,1
act_34,34,0.02,0.62,2,105,1
act_34,34,0.02,0.62,2,133,1
act_34,34,0.02,0.62,2,315,1
act_20,20,0.21,0.38,3,116,0
act_19,19,0.08,0.68,3,114,0
act_32,32,0.05,0.09,4,248,0
act_24,24,0.12,0.6,4,228,1
act_24,24,0.12,0.6,4,106,1
act_32,32,0.05,0.09,4,220,0
act_16,16,0.13,0.12,5,10,0
act_21,21,0.12,0.73,5,265,0
act_3,3,0.05,0.46,6,135,1
act_3,3,0.05,0.46,6,335,1
act_3,3,0.05,0.46,6,232,1
act_3,3,0.05,0.46,6,363,1
act_3,3,0.05,0.46,6,38,1
act_13,13,0.05,0.84,7,191,1
act_19,19,0.08,0.68,7,160,0
act_27,27,0.13,0.04,7,311,0
act_13,13,0.05,0.84,7,216,1
act_13,13,0.05,0.84,7,181,1
act_17,17,0.22,0.3,8,157,0
act_4,4,0.03,0.9,9,124,1
act_34,34,0.02,0.62,9,356,0
act_4,4,0.03,0.9,9,202,1
act_4,4,0.03,0.9,9,361,1
act_4,4,0.03,0.9,9,37,1
act_4,4,0.03,0.9,9,31,1
act_4,4,0.03,0.9,9,17,1
act_32,32,0.05,0.09,10,54,0
act_23,23,0.11,0.58,10,284,0
act_8,8,0.16,0.25,11,289,0
act_0,0,0.2,0.39,12,170,1
act_29,29,0.16,0.17,12,119,0
act_31,31,0.13,0.78,12,85,1
act_29,29,0.16,0.17,13,182,0
act_12,12,0.03,0.04,14,35,0
act_12,12,0.03,0.04,14,229,0
act_24,24,0.12,0.6,14,26,1
act_24,24,0.12,0.6,14,346,1
act_24,24,0.12,0.6,14,6,1
act_12,12,0.03,0.04,14,0,0
act_29,29,0.16,0.17,15,250,0
act_29,29,0.16,0.17,15,150,0
act_39,39,0.05,0.6,15,341,1
act_13,13,0.05,0.84,15,343,1
act_39,39,0.05,0.6,15,342,1
act_16,16,0.13,0.12,16,80,0
act_21,21,0.12,0.73,16,246,0
act_16,16,0.13,0.12,16,247,0
act_16,16,0.13,0.12,16,288,0
act_35,35,0.13,0.49,17,186,1
act_37,37,0.16,0.11,17,24,0
act_35,35,0.13,0.49,17,13,1
act_33,33,0.29,0.37,18,326,0
act_3,3,0.05,0.46,19,148,1
act_33,33,0.29,0.37,19,128,0
act_3,3,0.05,0.46,19,285,1
act_3,3,0.05,0.46,19,301,1
act_3,3,0.05,0.46,19,318,1
act_3,3,0.05,0.46,19,302,1
act_11,11,0.26,0.32,20,231,0
act_39,39,0.05,0.6,21,249,1
act_33,33,0.29,0.37,21,12,1
act_5,5,0.22,0.26,21,321,0
act_20,20,0.21,0.38,22,122,0
act_16,16,0.13,0.12,22,339,0
act_16,16,0.13,0.12,22,308,0
act_34,34,0.02,0.62,23,327,1
act_34,34,0.02,0.62,23,159,1
act_1,1,0.28,0.14,23,236,0
act_34,34,0.02,0.62,23,169,1
act_34,34,0.02,0.62,23,52,1
act_34,34,0.02,0.62,23,156,1
act_34,34,0.02,0.62,23,39,1
act_34,34,0.02,0.62,23,74,1
act_34,34,0.02,0.62,23,131,1
act_34,34,0.02,0.62,23,125,1
act_34,34,0.02,0.62,23,5,1
act_34,34,0.02,0.62,23,195,1
act_23,23,0.11,0.58,24,267,0
act_36,36,0.02,0.68,25,77,1
act_27,27,0.13,0.04,25,323,0
act_36,36,0.02,0.68,25,197,1
act_27,27,0.13,0.04,25,192,0
act_36,36,0.02,0.68,25,208,1
act_36,36,0.02,0.68,25,296,1
act_12,12,0.03,0.04,26,299,0
act_39,39,0.05,0.6,26,317,1
act_39,39,0.05,0.6,26,120,1
act_39,39,0.05,0.6,26,251,1
act_39,39,0.05,0.6,26,230,1
act_12,12,0.03,0.04,26,347,0
act_39,39,0.05,0.6,26,254,1
act_39,39,0.05,0.6,27,8,1
act_39,39,0.05,0.6,27,112,1
act_39,39,0.05,0.6,27,153,1
act_39,39,0.05,0.6,27,214,1
act_39,39,0.05,0.6,27,348,1
act_12,12,0.03,0.04,28,142,0
act_2,2,0.13,0.69,28,117,1
act_2,2,0.13,0.69,28,49,1
act_12,12,0.03,0.04,28,89,0
act_12,12,0.03,0.04,28,171,0
act_3,3,0.05,0.46,28,178,0
act_2,2,0.13,0.69,29,86,1
act_2,2,0.13,0.69,29,57,1
act_2,2,0.13,0.69,29,257,1
act_9,9,0.11,0.69,29,121,1
act_12,12,0.03,0.04,29,138,0
act_16,16,0.13,0.12,30,198,0
act_33,33,0.29,0.37,30,207,0
act_12,12,0.03,0.04,30,23,0
act_12,12,0.03,0.04,30,240,0
act_23,23,0.11,0.58,31,337,0
act_19,19,0.08,0.68,31,163,1
act_34,34,0.02,0.62,31,203,1
act_34,34,0.02,0.62,31,173,1
act_34,34,0.02,0.62,31,70,1
act_34,34,0.02,0.62,31,338,1
act_30,30,0.13,0.89,32,219,1
act_19,19,0.08,0.68,32,167,1
act_19,19,0.08,0.68,32,243,1
act_19,19,0.08,0.68,32,292,1
act_13,13,0.05,0.84,33,42,1
act_9,9,0.11,0.69,33,64,1
act_9,9,0.11,0.69,33,359,1
act_9,9,0.11,0.69,33,235,1
act_13,13,0.05,0.84,33,268,1
act_39,39,0.05,0.6,34,102,1
act_39,39,0.05,0.6,34,76,1
act_26,26,0.23,0.49,34,256,1
act_0,0,0.2,0.39,35,312,0
act_32,32,0.05,0.09,36,103,0
act_39,39,0.05,0.6,36,79,0
act_1,1,0.28,0.14,36,320,0
act_34,34,0.02,0.62,37,136,1
act_34,34,0.02,0.62,37,291,1
act_34,34,0.02,0.62,37,225,1
act_39,39,0.05,0.6,37,71,0
act_39,39,0.05,0.6,37,206,0
act_34,34,0.02,0.62,37,204,1
act_34,34,0.02,0.62,37,110,1
act_39,39,0.05,0.6,37,97,0
act_34,34,0.02,0.62,37,29,1
act_34,34,0.02,0.62,37,295,1
act_34,34,0.02,0.62,37,272,1
act_39,39,0.05,0.6,37,147,0
act_34,34,0.02,0.62,37,134,1
act_34,34,0.02,0.62,37,294,1
act_22,22,0.17,0.57,38,88,1
act_22,22,0.17,0.57,38,123,1
act_29,29,0.16,0.17,39,344,0
act_15,15,0.29,0.79,40,51,0
act_10,10,0.11,0.18,41,264,0
act_10,10,0.11,0.18,41,82,0
act_23,23,0.11,0.58,42,362,1
act_24,24,0.12,0.6,42,9,1
act_8,8,0.16,0.25,42,255,0
act_24,24,0.12,0.6,42,175,1
act_11,11,0.26,0.32,43,221,0
act_14,14,0.22,0.19,44,62,0
act_14,14,0.22,0.19,44,239,0
act_8,8,0.16,0.25,45,34,0
act_8,8,0.16,0.25,45,262,0
act_8,8,0.16,0.25,46,336,0
act_34,34,0.02,0.62,46,293,1
act_34,34,0.02,0.62,46,314,1
act_34,34,0.02,0.62,46,279,1
act_34,34,0.02,0.62,46,306,1
act_38,38,0.13,0.25,47,270,0
act_38,38,0.13,0.25,47,91,0
act_38,38,0.13,0.25,47,115,0
act_20,20,0.21,0.38,48,36,0
act_23,23,0.11,0.58,49,126,1
act_23,23,0.11,0.58,49,59,1
act_37,37,0.16,0.11,49,210,0
act_27,27,0.13,0.04,49,1,0
act_33,33,0.29,0.37,50,303,0
act_29,29,0.16,0.17,50,330,0
act_32,32,0.05,0.09,51,189,0
act_32,32,0.05,0.09,51,319,0
act_32,32,0.05,0.09,51,2,0
act_32,32,0.05,0.09,51,211,0
act_14,14,0.22,0.19,52,298,0
act_4,4,0.03,0.9,52,313,1
act_4,4,0.03,0.9,52,218,1
act_4,4,0.03,0.9,52,41,1
act_6,6,0.26,0.64,53,286,1
act_34,34,0.02,0.62,53,94,1
act_34,34,0.02,0.62,53,179,1
act_34,34,0.02,0.62,53,45,1
act_34,34,0.02,0.62,53,164,1
act_34,34,0.02,0.62,53,47,1
act_7,7,0.11,0.05,54,137,0
act_7,7,0.11,0.05,54,81,0
act_27,27,0.13,0.04,54,263,0
act_27,27,0.13,0.04,54,172,0
act_31,31,0.13,0.78,55,223,0
act_17,17,0.22,0.3,55,332,0
act_32,32,0.05,0.09,56,227,0
act_34,34,0.02,0.62,56,242,0
act_34,34,0.02,0.62,56,161,0
act_4,4,0.03,0.9,56,352,1
act_34,34,0.02,0.62,56,55,0
act_32,32,0.05,0.09,56,72,0
act_4,4,0.03,0.9,56,22,1
act_32,32,0.05,0.09,56,328,0
act_4,4,0.03,0.9,56,44,1
act_4,4,0.03,0.9,56,193,1
act_34,34,0.02,0.62,56,118,0
act_32,32,0.05,0.09,56,168,0
act_32,32,0.05,0.09,56,18,0
act_32,32,0.05,0.09,56,90,0
act_34,34,0.02,0.62,56,60,0
act_4,4,0.03,0.9,56,233,1
act_4,4,0.03,0.9,56,33,1
act_20,20,0.21,0.38,57,304,0
act_5,5,0.22,0.26,58,324,0
act_5,5,0.22,0.26,58,40,0
act_30,30,0.13,0.89,59,83,1
act_30,30,0.13,0.89,59,351,1
act_30,30,0.13,0.89,60,205,1
act_16,16,0.13,0.12,60,11,0
act_30,30,0.13,0.89,60,358,1
act_16,16,0.13,0.12,60,238,0
act_14,14,0.22,0.19,61,261,0
act_32,32,0.05,0.09,62,274,0
act_11,11,0.26,0.32,62,276,0
act_32,32,0.05,0.09,62,108,0
act_13,13,0.05,0.84,63,188,1
act_26,26,0.23,0.49,63,300,0
act_12,12,0.03,0.04,63,66,0
act_12,12,0.03,0.04,63,283,0
act_30,30,0.13,0.89,64,226,1
act_30,30,0.13,0.89,64,7,1
act_19,19,0.08,0.68,64,100,1
act_19,19,0.08,0.68,64,222,1
act_16,16,0.13,0.12,65,143,0
act_16,16,0.13,0.12,65,84,0
act_5,5,0.22,0.26,66,98,0
act_16,16,0.13,0.12,67,200,0
act_16,16,0.13,0.12,67,56,0
act_16,16,0.13,0.12,67,275,0
act_16,16,0.13,0.12,67,14,0
act_13,13,0.05,0.84,67,258,0
act_18,18,0.17,0.48,68,180,1
act_34,34,0.02,0.62,68,15,1
act_18,18,0.17,0.48,68,129,1
act_18,18,0.17,0.48,68,354,1
act_34,34,0.02,0.62,68,183,1
act_34,34,0.02,0.62,68,245,1
act_16,16,0.13,0.12,69,196,0
act_16,16,0.13,0.12,69,152,0
act_31,31,0.13,0.78,69,322,0
act_16,16,0.13,0.12,69,20,0
act_14,14,0.22,0.19,70,27,0
act_28,28,0.25,0.81,70,16,0
act_15,15,0.29,0.79,71,277,0
act_3,3,0.05,0.46,72,316,0
act_13,13,0.05,0.84,72,96,1
act_13,13,0.05,0.84,72,241,1
act_13,13,0.05,0.84,72,297,1
act_4,4,0.03,0.9,73,95,1
act_4,4,0.03,0.9,73,53,1
act_38,38,0.13,0.25,73,331,0
act_24,24,0.12,0.6,73,271,0
act_6,6,0.26,0.64,74,224,0
act_32,32,0.05,0.09,74,176,0
act_32,32,0.05,0.09,74,280,0
act_8,8,0.16,0.25,75,139,0
act_12,12,0.03,0.04,76,269,0
act_21,21,0.12,0.73,76,215,1
act_12,12,0.03,0.04,76,158,0
act_12,12,0.03,0.04,76,209,0
act_12,12,0.03,0.04,76,187,0
act_12,12,0.03,0.04,76,154,0
act_21,21,0.12,0.73,76,334,1
act_12,12,0.03,0.04,76,151,0
act_12,12,0.03,0.04,76,259,0
act_12,12,0.03,0.04,76,109,0
act_12,12,0.03,0.04,76,253,0
act_28,28,0.25,0.81,77,234,0
act_29,29,0.16,0.17,78,50,0
act_36,36,0.02,0.68,78,87,1
act_36,36,0.02,0.68,78,67,1
act_36,36,0.02,0.68,78,165,1
act_36,36,0.02,0.68,78,75,1
act_36,36,0.02,0.68,78,140,1
act_20,20,0.21,0.38,79,4,1
act_20,20,0.21,0.38,79,266,1
act_36,36,0.02,0.68,79,360,1
act_30,30,0.13,0.89,80,146,1
act_30,30,0.13,0.89,80,61,1
act_37,37,0.16,0.11,81,290,0
act_16,16,0.13,0.12,82,201,0
act_24,24,0.12,0.6,83,213,1
act_8,8,0.16,0.25,83,162,0
act_24,24,0.12,0.6,83,149,1
act_33,33,0.29,0.37,84,130,1
act_39,39,0.05,0.6,84,69,1
act_39,39,0.05,0.6,84,68,1
act_39,39,0.05,0.6,84,184,1
act_39,39,0.05,0.6,84,99,1
act_7,7,0.11,0.05,85,307,0
act_7,7,0.11,0.05,85,30,0
act_3,3,0.05,0.46,86,287,1
act_31,31,0.13,0.78,86,107,1
act_21,21,0.12,0.73,86,63,1
act_32,32,0.05,0.09,86,190,0
act_24,24,0.12,0.6,87,144,0
act_16,16,0.13,0.12,87,155,0
act_16,16,0.13,0.12,87,309,0
act_0,0,0.2,0.39,88,177,1
act_0,0,0.2,0.39,88,25,1
act_38,38,0.13,0.25,89,260,0
act_11,11,0.26,0.32,89,48,0
act_29,29,0.16,0.17,90,93,0
act_21,21,0.12,0.73,90,185,0
act_9,9,0.11,0.69,91,310,1
act_9,9,0.11,0.69,91,132,1
act_3,3,0.05,0.46,92,58,1
act_3,3,0.05,0.46,92,101,1
act_3,3,0.05,0.46,92,104,1
act_27,27,0.13,0.04,92,78,0
act_27,27,0.13,0.04,92,355,0
act_25,25,0.26,0.36,93,212,0
act_32,32,0.05,0.09,93,364,0
act_29,29,0.16,0.17,94,333,0
act_39,39,0.05,0.6,94,19,1
act_29,29,0.16,0.17,94,141,0
act_23,23,0.11,0.58,94,127,1
act_27,27,0.13,0.04,95,350,0
act_3,3,0.05,0.46,95,353,1
act_36,36,0.02,0.68,95,194,1
act_3,3,0.05,0.46,95,145,1
act_36,36,0.02,0.68,95,357,1
act_36,36,0.02,0.68,95,252,1
act_13,13,0.05,0.84,96,73,1
act_26,26,0.23,0.49,96,92,0
act_9,9,0.11,0.69,97,111,1
act_22,22,0.17,0.57,97,325,0
act_9,9,0.11,0.69,97,273,1
act_4,4,0.03,0.9,98,237,1
act_27,27,0.13,0.04,98,340,0
act_4,4,0.03,0.9,98,329,1
act_4,4,0.03,0.9,98,28,1
act_22,22,0.17,0.57,98,166,0
act_4,4,0.03,0.9,98,174,1
act_4,4,0.03,0.9,98,349,1
act_4,4,0.03,0.9,98,46,1
act_25,25,0.26,0.36,99,32,0
act_32,32,0.05,0.09,99,244,0

Alpha (resource id, list of activity ids)
0:29,15,21
1:6,14,10
2:34,14,5
3:19,20
4:24,25,32,28
5:23,21,16
6:0,3
7:13,27,19,0
8:1,17,10,21
9:11,26,34,4
10:32,0,28,23
11:28,8
12:29,0,31
13:25,29,11
14:24,12
15:29,13,39
16:21,18,16,25
17:35,37
18:16,7,3,33
19:3,17,33
20:32,11
21:5,33,39
22:20,17,16
23:29,34,1
24:23,6,22,27
25:27,36
26:12,34,39
27:39,11
28:12,3,24,2
29:2,12,9
30:16,33,12
31:23,3,19,34
32:30,19
33:9,13
34:37,39,26
35:9,0,5,26
36:39,32,2,1
37:34,39
38:38,2,22,7
39:29,15
40:20,15,29
41:33,10,1
42:29,23,24,8
43:4,11,27
44:28,27,14
45:33,8,5
46:34,8
47:31,38
48:36,20
49:23,27,37,21
50:33,39,29
51:28,32,26,6
52:14,4
53:20,34,6
54:35,7,27
55:31,17,26
56:32,4,34
57:20,11,9
58:14,5
59:1,15,30
60:30,5,16
61:14,7
62:29,32,11
63:13,12,26
64:19,18,30,11
65:16,7,17,14
66:5,38,7
67:13,16,25
68:34,18
69:31,16,29
70:14,28
71:25,27,15,31
72:3,1,13
73:38,4,24
74:6,32
75:37,8,17
76:12,21
77:8,17,28,14
78:36,29
79:36,20
80:30,19,1,27
81:18,5,16,37
82:37,35,11,16
83:8,24
84:39,33
85:37,7
86:3,31,32,21
87:25,16,20,24
88:0,28,16
89:33,11,38,25
90:11,21,29
91:9,0
92:3,27
93:32,18,25
94:23,2,39,29
95:3,36,7,27
96:26,13,31
97:22,10,9
98:4,22,38,27
99:25,38,32

Costs (resource, resource to replace, activity, cost)
0,0,29,0
0,12,29,0.51
0,13,29,0.36
0,15,29,0.07
0,23,29,0.45
0,39,29,0.7
0,40,29,0.48
0,42,29,0.23
0,50,29,0.4
0,62,29,0.37
0,69,29,0.49
0,78,29,0.58
0,90,29,0.65
0,94,29,0.23
0,0,15,0
0,39,15,0.06
0,40,15,0.56
0,59,15,0.25
0,71,15,0.65
0,0,21,0
0,5,21,0.48
0,8,21,0.75
0,16,21,0.57
0,49,21,0.96
0,76,21,0.88
0,86,21,0.69
0,90,21,0.51
1,1,6,0
1,24,6,0.78
1,51,6,0.58
1,53,6,0.8
1,74,6,0.27
1,1,14,0
1,2,14,0.22
1,44,14,0.96
1,52,14,0.14
1,58,14,0.79
1,61,14,0.52
1,65,14,0.39
1,70,14,0.44
1,77,14,0.8
1,1,10,0
1,8,10,0.49
1,41,10,0.87
1,97,10,0.8
2,2,34,0
2,9,34,0.48
2,23,34,0.2
2,26,34,0.01
2,31,34,0.83
2,37,34,0.35
2,46,34,0.07
2,53,34,0.86
2,56,34,0.68
2,68,34,0.1
2,1,14,0.99
2,2,14,0
2,44,14,0.66
2,52,14,0.6
2,58,14,0.28
2,61,14,0.13
2,65,14,0.46
2,70,14,0.91
2,77,14,0.03
2,2,5,0
2,21,5,0.25
2,35,5,0.82
2,45,5,0.26
2,58,5,0.35
2,60,5,0.88
2,66,5,0.96
2,81,5,0.14
3,3,19,0
3,7,19,0.43
3,31,19,0.96
3,32,19,0.84
3,64,19,0.51
3,80,19,0.12
3,3,20,0
3,22,20,0.37
3,40,20,0.3
3,48,20,0.83
3,53,20,0.02
3,57,20,0.59
3,79,20,0.58
3,87,20,0.75
4,4,24,0
4,14,24,0.02
4,28,24,0.75
4,42,24,0.56
4,73,24,0.26
4,83,24,0.06
4,87,24,0.99
4,4,25,0
4,13,25,0.3
4,16,25,0.61
4,67,25,0.87
4,71,25,0.45
4,87,25,0.18
4,89,25,0.14
4,93,25,0.36
4,99,25,0.6
4,4,32,0
4,10,32,0.53
4,20,32,0.34
4,36,32,0.56
4,51,32,0.86
4,56,32,0.02
4,62,32,0.38
4,74,32,0.57
4,86,32,0.25
4,93,32,0.01
4,99,32,0.36
4,4,28,0
4,10,28,0.38
4,11,28,0.81
4,44,28,0.91
4,51,28,0.78
4,70,28,0.62
4,77,28,0.42
4,88,28,0.53
5,5,23,0
5,10,23,0.36
5,24,23,0.78
5,31,23,0.07
5,42,23,0.7
5,49,23,0.79
5,94,23,0.65
5,0,21,0.22
5,5,21,0
5,8,21,0.38
5,16,21,0.36
5,49,21,0.89
5,76,21,0.91
5,86,21,0.29
5,90,21,0.46
5,5,16,0
5,16,16,0.87
5,18,16,0.6
5,22,16,0.53
5,30,16,0.08
5,60,16,0.71
5,65,16,0.49
5,67,16,0.35
5,69,16,0.55
5,81,16,0.99
5,82,16,0.43
5,87,16,0.53
5,88,16,0.64
6,6,0,0
6,7,0,0.42
6,10,0,0.64
6,12,0,0.6
6,35,0,0.89
6,88,0,0.83
6,91,0,0.19
6,6,3,0
6,18,3,0.34
6,19,3,0.45
6,28,3,0.38
6,31,3,0.64
6,72,3,0.01
6,86,3,0.18
6,92,3,0.22
6,95,3,0.03
7,7,13,0
7,15,13,0.2
7,33,13,0.64
7,63,13,0.05
7,67,13,0.86
7,72,13,0.02
7,96,13,0.32
7,7,27,0
7,24,27,0.26
7,25,27,0.91
7,43,27,0.92
7,44,27,0.97
7,49,27,0.97
7,54,27,0.57
7,71,27,0.34
7,80,27,0.28
7,92,27,0.93
7,95,27,0.82
7,98,27,0.6
7,3,19,0.32
7,7,19,0
7,31,19,0.99
7,32,19,0.9
7,64,19,0.99
7,80,19,0.04
7,6,0,0.18
7,7,0,0
7,10,0,0.58
7,12,0,0.79
7,35,0,0.52
7,88,0,0.41
7,91,0,0.3
8,8,1,0
8,23,1,0.8
8,36,1,0.83
8,41,1,0.26
8,59,1,0.56
8,72,1,0.4
8,80,1,0.52
8,8,17,0
8,19,17,0.5
8,22,17,0.54
8,55,17,0.12
8,65,17,0.59
8,75,17,0.53
8,77,17,0.97
8,1,10,0.78
8,8,10,0
8,41,10,0.15
8,97,10,0.62
8,0,21,0.88
8,5,21,0.18
8,8,21,0
8,16,21,0.48
8,49,21,0.27
8,76,21,0.85
8,86,21,0.94
8,90,21,0.88
9,9,11,0
9,13,11,0.04
9,20,11,0.58
9,27,11,0.81
9,43,11,0.3
9,57,11,0.9
9,62,11,0.71
9,64,11,0.18
9,82,11,0.22
9,89,11,0.73
9,90,11,0.29
9,9,26,0
9,34,26,0.31
9,35,26,0.03
9,51,26,0.12
9,55,26,0.13
9,63,26,0.58
9,96,26,0.52
9,2,34,0.86
9,9,34,0
9,23,34,0.32
9,26,34,0.25
9,31,34,0.99
9,37,34,0.35
9,46,34,0.89
9,53,34,0.23
9,56,34,0.36
9,68,34,0.64
9,9,4,0
9,43,4,0.66
9,52,4,0.28
9,56,4,0.99
9,73,4,0.96
9,98,4,0.07
10,4,32,0.38
10,10,32,0
10,20,32,0.76
10,36,32,0.66
10,51,32,0.56
10,56,32,0.9
10,62,32,0.49
10,74,32,0.61
10,86,32,0.22
10,93,32,0.72
10,99,32,0.47
10,6,0,0.24
10,7,0,0.73
10,10,0,0
10,12,0,0.5
10,35,0,0.83
10,88,0,0.79
10,91,0,0.05
10,4,28,0.3
10,10,28,0
10,11,28,0.91
10,44,28,0.27
10,51,28,0.05
10,70,28,0.47
10,77,28,0.41
10,88,28,0.63
10,5,23,0.43
10,10,23,0
10,24,23,0.57
10,31,23,0.43
10,42,23,0.37
10,49,23,0.41
10,94,23,0.05
11,4,28,0.94
11,10,28,0.2
11,11,28,0
11,44,28,0.28
11,51,28,0.24
11,70,28,0.54
11,77,28,0.55
11,88,28,0.78
11,11,8,0
11,42,8,0.92
11,45,8,0.94
11,46,8,0.62
11,75,8,0.71
11,77,8,0.65
11,83,8,0.47
12,0,29,0.44
12,12,29,0
12,13,29,0.49
12,15,29,0.38
12,23,29,0.08
12,39,29,0.55
12,40,29,0.4
12,42,29,0.73
12,50,29,0.54
12,62,29,0.62
12,69,29,0.12
12,78,29,0.01
12,90,29,0.9
12,94,29,0.37
12,6,0,0.09
12,7,0,0.63
12,10,0,0.72
12,12,0,0
12,35,0,0.02
12,88,0,0.86
12,91,0,0.7
12,12,31,0
12,47,31,0.18
12,55,31,0.62
12,69,31,0.26
12,71,31,0.41
12,86,31,0.42
12,96,31,0.86
13,4,25,0.93
13,13,25,0
13,16,25,0.51
13,67,25,0.04
13,71,25,0.36
13,87,25,0.91
13,89,25,0.66
13,93,25,0.15
13,99,25,0.26
13,0,29,0.47
13,12,29,0.26
13,13,29,0
13,15,29,0.82
13,23,29,0.64
13,39,29,0.2
13,40,29,0.65
13,42,29,0.49
13,50,29,0.84
13,62,29,0.01
13,69,29,0.85
13,78,29,0.67
13,90,29,0.75
13,94,29,0.76
13,9,11,0.59
13,13,11,0
13,20,11,0.15
13,27,11,0.38
13,43,11,0.9
13,57,11,0.0
13,62,11,0.31
13,64,11,0.29
13,82,11,0.99
13,89,11,0.05
13,90,11,0.63
14,4,24,0.86
14,14,24,0
14,28,24,0.37
14,42,24,0.67
14,73,24,0.08
14,83,24,0.03
14,87,24,0.32
14,14,12,0
14,26,12,1.0
14,28,12,0.06
14,29,12,0.32
14,30,12,0.82
14,63,12,0.04
14,76,12,0.04
15,0,29,0.12
15,12,29,0.38
15,13,29,0.55
15,15,29,0
15,23,29,0.83
15,39,29,0.39
15,40,29,0.07
15,42,29,0.8
15,50,29,0.03
15,62,29,0.23
15,69,29,0.56
15,78,29,0.9
15,90,29,0.54
15,94,29,0.79
15,7,13,0.96
15,15,13,0
15,33,13,0.11
15,63,13,0.32
15,67,13,0.76
15,72,13,0.15
15,96,13,0.42
15,15,39,0
15,21,39,0.92
15,26,39,0.64
15,27,39,0.79
15,34,39,0.41
15,36,39,0.36
15,37,39,0.66
15,50,39,0.95
15,84,39,0.6
15,94,39,0.53
16,0,21,0.32
16,5,21,0.4
16,8,21,0.83
16,16,21,0
16,49,21,0.12
16,76,21,0.55
16,86,21,0.27
16,90,21,0.45
16,16,18,0
16,64,18,0.88
16,68,18,0.67
16,81,18,0.65
16,93,18,0.49
16,5,16,0.07
16,16,16,0
16,18,16,0.99
16,22,16,0.26
16,30,16,0.54
16,60,16,0.5
16,65,16,0.97
16,67,16,0.81
16,69,16,0.6
16,81,16,0.68
16,82,16,0.69
16,87,16,0.18
16,88,16,0.33
16,4,25,0.02
16,13,25,0.74
16,16,25,0
16,67,25,0.95
16,71,25,0.72
16,87,25,0.28
16,89,25,0.18
16,93,25,0.25
16,99,25,0.3
17,17,35,0
17,54,35,0.09
17,82,35,0.93
17,17,37,0
17,34,37,0.67
17,49,37,0.05
17,75,37,0.77
17,81,37,0.5
17,82,37,0.47
17,85,37,0.76
18,5,16,0.09
18,16,16,0.15
18,18,16,0
18,22,16,0.72
18,30,16,0.35
18,60,16,0.38
18,65,16,0.94
18,67,16,0.42
18,69,16,0.31
18,81,16,0.81
18,82,16,0.43
18,87,16,0.42
18,88,16,0.78
18,18,7,0
18,38,7,0.27
18,54,7,0.0
18,61,7,0.17
18,65,7,0.84
18,66,7,0.97
18,85,7,0.29
18,95,7,0.98
18,6,3,0.92
18,18,3,0
18,19,3,0.91
18,28,3,0.73
18,31,3,0.11
18,72,3,0.34
18,86,3,0.76
18,92,3,0.34
18,95,3,0.51
18,18,33,0
18,19,33,0.12
18,21,33,0.24
18,30,33,0.73
18,41,33,0.97
18,45,33,0.77
18,50,33,0.86
18,84,33,0.64
18,89,33,0.39
19,6,3,0.53
19,18,3,0.58
19,19,3,0
19,28,3,0.61
19,31,3,0.12
19,72,3,0.72
19,86,3,0.65
19,92,3,0.28
19,95,3,0.88
19,8,17,0.33
19,19,17,0
19,22,17,0.85
19,55,17,0.22
19,65,17,0.52
19,75,17,0.45
19,77,17,0.3
19,18,33,0.66
19,19,33,0
19,21,33,0.37
19,30,33,0.23
19,41,33,0.78
19,45,33,0.92
19,50,33,0.94
19,84,33,0.21
19,89,33,0.87
20,4,32,0.05
20,10,32,0.93
20,20,32,0
20,36,32,0.82
20,51,32,0.81
20,56,32,0.29
20,62,32,0.22
20,74,32,0.87
20,86,32,0.29
20,93,32,0.23
20,99,32,0.98
20,9,11,0.53
20,13,11,0.81
20,20,11,0
20,27,11,0.59
20,43,11,0.77
20,57,11,0.12
20,62,11,0.31
20,64,11,0.94
20,82,11,0.96
20,89,11,0.76
20,90,11,0.54
21,2,5,0.82
21,21,5,0
21,35,5,0.65
21,45,5,0.09
21,58,5,0.52
21,60,5,0.46
21,66,5,0.82
21,81,5,0.25
21,18,33,0.06
21,19,33,0.99
21,21,33,0
21,30,33,0.51
21,41,33,0.26
21,45,33,0.09
21,50,33,0.13
21,84,33,0.87
21,89,33,0.06
21,15,39,0.59
21,21,39,0
21,26,39,0.16
21,27,39,0.41
21,34,39,0.05
21,36,39,0.34
21,37,39,0.89
21,50,39,0.01
21,84,39,0.19
21,94,39,0.58
22,3,20,0.18
22,22,20,0
22,40,20,0.33
22,48,20,0.1
22,53,20,0.97
22,57,20,0.96
22,79,20,0.97
22,87,20,0.39
22,8,17,0.92
22,19,17,0.85
22,22,17,0
22,55,17,0.24
22,65,17,0.74
22,75,17,0.44
22,77,17,0.38
22,5,16,0.84
22,16,16,0.39
22,18,16,0.06
22,22,16,0
22,30,16,0.21
22,60,16,0.84
22,65,16,0.02
22,67,16,0.3
22,69,16,0.35
22,81,16,0.73
22,82,16,0.57
22,87,16,0.43
22,88,16,0.59
23,0,29,0.71
23,12,29,0.99
23,13,29,0.58
23,15,29,0.56
23,23,29,0
23,39,29,0.77
23,40,29,0.63
23,42,29,0.56
23,50,29,0.67
23,62,29,0.06
23,69,29,0.83
23,78,29,0.2
23,90,29,0.75
23,94,29,0.82
23,2,34,0.29
23,9,34,0.17
23,23,34,0
23,26,34,0.05
23,31,34,0.07
23,37,34,0.32
23,46,34,0.12
23,53,34,0.08
23,56,34,0.85
23,68,34,0.18
23,8,1,0.91
23,23,1,0
23,36,1,0.83
23,41,1,0.47
23,59,1,0.51
23,72,1,0.34
23,80,1,0.25
24,5,23,0.72
24,10,23,0.73
24,24,23,0
24,31,23,0.25
24,42,23,0.29
24,49,23,0.77
24,94,23,0.77
24,1,6,0.01
24,24,6,0
24,51,6,0.43
24,53,6,0.67
24,74,6,0.78
24,24,22,0
24,38,22,0.59
24,97,22,0.36
24,98,22,0.15
24,7,27,0.08
24,24,27,0
24,25,27,0.79
24,43,27,0.88
24,44,27,0.93
24,49,27,0.75
24,54,27,0.92
24,71,27,0.9
24,80,27,0.29
24,92,27,0.01
24,95,27,0.09
24,98,27,0.63
25,7,27,0.82
25,24,27,0.87
25,25,27,0
25,43,27,0.77
25,44,27,0.08
25,49,27,0.09
25,54,27,0.43
25,71,27,0.82
25,80,27,0.74
25,92,27,0.53
25,95,27,0.99
25,98,27,0.07
25,25,36,0
25,48,36,0.43
25,78,36,0.76
25,79,36,0.05
25,95,36,0.78
26,14,12,0.83
26,26,12,0
26,28,12,0.33
26,29,12,0.64
26,30,12,0.38
26,63,12,0.3
26,76,12,0.73
26,2,34,0.09
26,9,34,0.37
26,23,34,0.74
26,26,34,0
26,31,34,0.15
26,37,34,0.9
26,46,34,0.64
26,53,34,0.66
26,56,34,0.98
26,68,34,0.17
26,15,39,0.54
26,21,39,0.69
26,26,39,0
26,27,39,0.16
26,34,39,0.69
26,36,39,0.52
26,37,39,0.07
26,50,39,0.33
26,84,39,0.62
26,94,39,0.41
27,15,39,0.66
27,21,39,0.14
27,26,39,0.53
27,27,39,0
27,34,39,0.07
27,36,39,0.21
27,37,39,0.89
27,50,39,0.88
27,84,39,0.18
27,94,39,0.11
27,9,11,0.11
27,13,11,1.0
27,20,11,0.27
27,27,11,0
27,43,11,0.09
27,57,11,0.52
27,62,11,0.29
27,64,11,0.2
27,82,11,0.7
27,89,11,0.68
27,90,11,0.81
28,14,12,0.51
28,26,12,0.63
28,28,12,0
28,29,12,0.46
28,30,12,0.79
28,63,12,0.69
28,76,12,0.86
28,6,3,0.81
28,18,3,0.28
28,19,3,0.43
28,28,3,0
28,31,3,0.6
28,72,3,0.76
28,86,3,0.6
28,92,3,0.85
28,95,3,0.71
28,4,24,0.68
28,14,24,0.51
28,28,24,0
28,42,24,0.88
28,73,24,0.81
28,83,24,0.89
28,87,24,0.61
28,28,2,0
28,29,2,0.92
28,36,2,0.49
28,38,2,0.8
28,94,2,0.51
29,28,2,0.83
29,29,2,0
29,36,2,0.71
29,38,2,0.16
29,94,2,0.07
29,14,12,0.29
29,26,12,0.37
29,28,12,0.95
29,29,12,0
29,30,12,0.61
29,63,12,0.7
29,76,12,0.62
29,29,9,0
29,33,9,0.16
29,35,9,0.99
29,57,9,0.68
29,91,9,0.18
29,97,9,0.68
30,5,16,0.45
30,16,16,0.67
30,18,16,0.74
30,22,16,0.06
30,30,16,0
30,60,16,0.58
30,65,16,0.57
30,67,16,0.59
30,69,16,0.92
30,81,16,0.4
30,82,16,0.35
30,87,16,0.44
30,88,16,0.53
30,18,33,0.36
30,19,33,0.65
30,21,33,0.51
30,30,33,0
30,41,33,0.57
30,45,33,0.8
30,50,33,0.49
30,84,33,0.93
30,89,33,0.36
30,14,12,0.79
30,26,12,0.22
30,28,12,0.38
30,29,12,0.88
30,30,12,0
30,63,12,0.59
30,76,12,0.13
31,5,23,0.63
31,10,23,0.8
31,24,23,0.79
31,31,23,0
31,42,23,0.6
31,49,23,0.22
31,94,23,0.58
31,6,3,0.28
31,18,3,0.41
31,19,3,0.63
31,28,3,0.33
31,31,3,0
31,72,3,0.38
31,86,3,0.66
31,92,3,0.77
31,95,3,0.56
31,3,19,0.67
31,7,19,0.54
31,31,19,0
31,32,19,0.57
31,64,19,0.48
31,80,19,0.73
31,2,34,0.94
31,9,34,0.17
31,23,34,0.53
31,26,34,0.98
31,31,34,0
31,37,34,0.46
31,46,34,0.32
31,53,34,0.59
31,56,34,0.53
31,68,34,0.88
32,32,30,0
32,59,30,0.17
32,60,30,0.08
32,64,30,0.25
32,80,30,0.17
32,3,19,0.35
32,7,19,0.06
32,31,19,0.66
32,32,19,0
32,64,19,0.23
32,80,19,0.28
33,29,9,0.57
33,33,9,0
33,35,9,0.51
33,57,9,0.18
33,91,9,0.7
33,97,9,0.76
33,7,13,0.21
33,15,13,0.02
33,33,13,0
33,63,13,0.32
33,67,13,0.16
33,72,13,0.4
33,96,13,0.76
34,17,37,0.04
34,34,37,0
34,49,37,0.94
34,75,37,0.57
34,81,37,0.56
34,82,37,0.08
34,85,37,0.61
34,15,39,0.96
34,21,39,0.57
34,26,39,0.5
34,27,39,0.49
34,34,39,0
34,36,39,0.81
34,37,39,0.5
34,50,39,0.87
34,84,39,0.0
34,94,39,0.93
34,9,26,0.89
34,34,26,0
34,35,26,0.89
34,51,26,0.17
34,55,26,0.19
34,63,26,0.89
34,96,26,0.6
35,29,9,0.52
35,33,9,0.66
35,35,9,0
35,57,9,0.56
35,91,9,0.34
35,97,9,0.64
35,6,0,0.53
35,7,0,0.16
35,10,0,0.92
35,12,0,0.33
35,35,0,0
35,88,0,0.44
35,91,0,0.63
35,2,5,0.76
35,21,5,0.52
35,35,5,0
35,45,5,0.58
35,58,5,0.04
35,60,5,0.83
35,66,5,0.57
35,81,5,0.45
35,9,26,0.68
35,34,26,0.55
35,35,26,0
35,51,26,0.17
35,55,26,0.44
35,63,26,0.1
35,96,26,0.03
36,15,39,0.11
36,21,39,0.42
36,26,39,0.06
36,27,39,0.78
36,34,39,0.87
36,36,39,0
36,37,39,0.53
36,50,39,0.3
36,84,39,0.6
36,94,39,0.41
36,4,32,0.1
36,10,32,0.0
36,20,32,0.57
36,36,32,0
36,51,32,0.7
36,56,32,0.53
36,62,32,0.63
36,74,32,0.39
36,86,32,0.25
36,93,32,0.54
36,99,32,0.79
36,28,2,0.13
36,29,2,0.84
36,36,2,0
36,38,2,0.75
36,94,2,0.97
36,8,1,0.9
36,23,1,0.22
36,36,1,0
36,41,1,0.17
36,59,1,0.2
36,72,1,0.92
36,80,1,0.73
37,2,34,0.56
37,9,34,0.65
37,23,34,0.42
37,26,34,0.85
37,31,34,0.85
37,37,34,0
37,46,34,0.31
37,53,34,0.09
37,56,34,0.24
37,68,34,0.0
37,15,39,0.35
37,21,39,0.91
37,26,39,0.13
37,27,39,0.88
37,34,39,0.65
37,36,39,0.96
37,37,39,0
37,50,39,0.08
37,84,39,0.65
37,94,39,0.26
38,38,38,0
38,47,38,0.4
38,66,38,0.53
38,73,38,0.06
38,89,38,0.98
38,98,38,0.59
38,99,38,0.47
38,28,2,0.2
38,29,2,0.85
38,36,2,0.74
38,38,2,0
38,94,2,0.09
38,24,22,0.84
38,38,22,0
38,97,22,0.95
38,98,22,0.27
38,18,7,0.27
38,38,7,0
38,54,7,0.35
38,61,7,0.78
38,65,7,0.25
38,66,7,0.08
38,85,7,0.33
38,95,7,0.75
39,0,29,0.57
39,12,29,0.2
39,13,29,0.49
39,15,29,0.68
39,23,29,0.83
39,39,29,0
39,40,29,0.62
39,42,29,0.05
39,50,29,0.63
39,62,29,0.08
39,69,29,0.64
39,78,29,0.09
39,90,29,0.08
39,94,29,0.64
39,0,15,0.84
39,39,15,0
39,40,15,0.03
39,59,15,0.81
39,71,15,0.61
40,3,20,0.65
40,22,20,0.19
40,40,20,0
40,48,20,0.87
40,53,20,0.74
40,57,20,0.5
40,79,20,0.08
40,87,20,0.25
40,0,15,0.05
40,39,15,0.55
40,40,15,0
40,59,15,0.51
40,71,15,0.82
40,0,29,0.8
40,12,29,0.93
40,13,29,0.87
40,15,29,0.36
40,23,29,0.31
40,39,29,0.21
40,40,29,0
40,42,29,0.78
40,50,29,0.16
40,62,29,0.42
40,69,29,0.06
40,78,29,0.29
40,90,29,0.82
40,94,29,0.83
41,18,33,0.4
41,19,33,0.58
41,21,33,0.4
41,30,33,0.7
41,41,33,0
41,45,33,0.17
41,50,33,0.12
41,84,33,0.36
41,89,33,0.27
41,1,10,0.94
41,8,10,0.57
41,41,10,0
41,97,10,0.81
41,8,1,0.8
41,23,1,0.45
41,36,1,0.62
41,41,1,0
41,59,1,0.38
41,72,1,0.76
41,80,1,0.81
42,0,29,0.96
42,12,29,0.58
42,13,29,0.05
42,15,29,0.83
42,23,29,0.74
42,39,29,0.87
42,40,29,0.87
42,42,29,0
42,50,29,0.7
42,62,29,0.27
42,69,29,0.36
42,78,29,0.5
42,90,29,0.42
42,94,29,0.77
42,5,23,0.97
42,10,23,0.99
42,24,23,0.64
42,31,23,0.67
42,42,23,0
42,49,23,0.86
42,94,23,0.36
42,4,24,0.74
42,14,24,0.08
42,28,24,0.84
42,42,24,0
42,73,24,0.45
42,83,24,0.11
42,87,24,0.32
42,11,8,0.24
42,42,8,0
42,45,8,0.37
42,46,8,0.63
42,75,8,0.81
42,77,8,0.76
42,83,8,0.56
43,9,4,0.87
43,43,4,0
43,52,4,0.51
43,56,4,0.14
43,73,4,0.08
43,98,4,0.25
43,9,11,0.56
43,13,11,0.94
43,20,11,0.04
43,27,11,0.6
43,43,11,0
43,57,11,0.36
43,62,11,0.64
43,64,11,0.59
43,82,11,0.42
43,89,11,0.36
43,90,11,0.97
43,7,27,0.74
43,24,27,0.65
43,25,27,0.2
43,43,27,0
43,44,27,0.78
43,49,27,0.01
43,54,27,0.88
43,71,27,0.61
43,80,27,0.22
43,92,27,0.82
43,95,27,0.56
43,98,27,0.53
44,4,28,0.63
44,10,28,0.32
44,11,28,0.59
44,44,28,0
44,51,28,0.06
44,70,28,0.23
44,77,28,0.14
44,88,28,0.23
44,7,27,0.47
44,24,27,0.32
44,25,27,0.76
44,43,27,0.14
44,44,27,0
44,49,27,0.75
44,54,27,0.45
44,71,27,0.53
44,80,27,0.94
44,92,27,0.74
44,95,27,0.55
44,98,27,0.9
44,1,14,0.35
44,2,14,0.84
44,44,14,0
44,52,14,0.36
44,58,14,0.28
44,61,14,0.51
44,65,14,1.0
44,70,14,0.47
44,77,14,0.71
45,18,33,0.25
45,19,33,0.11
45,21,33,0.48
45,30,33,0.16
45,41,33,0.18
45,45,33,0
45,50,33,0.43
45,84,33,0.6
45,89,33,0.23
45,11,8,0.24
45,42,8,0.01
45,45,8,0
45,46,8,0.32
45,75,8,0.83
45,77,8,0.46
45,83,8,0.74
45,2,5,0.8
45,21,5,0.87
45,35,5,0.75
45,45,5,0
45,58,5,0.47
45,60,5,0.56
45,66,5,0.49
45,81,5,0.18
46,2,34,0.81
46,9,34,0.71
46,23,34,0.06
46,26,34,0.73
46,31,34,0.82
46,37,34,0.34
46,46,34,0
46,53,34,0.08
46,56,34,0.49
46,68,34,0.99
46,11,8,0.26
46,42,8,0.3
46,45,8,0.03
46,46,8,0
46,75,8,0.5
46,77,8,0.06
46,83,8,0.38
47,12,31,0.77
47,47,31,0
47,55,31,0.04
47,69,31,0.84
47,71,31,0.19
47,86,31,0.76
47,96,31,0.55
47,38,38,0.01
47,47,38,0
47,66,38,0.63
47,73,38,0.71
47,89,38,0.3
47,98,38,0.68
47,99,38,0.97
48,25,36,0.8
48,48,36,0
48,78,36,0.71
48,79,36,0.96
48,95,36,0.24
48,3,20,0.24
48,22,20,0.65
48,40,20,0.87
48,48,20,0
48,53,20,0.02
48,57,20,0.81
48,79,20,0.58
48,87,20,0.69
49,5,23,0.38
49,10,23,0.49
49,24,23,0.5
49,31,23,0.25
49,42,23,0.65
49,49,23,0
49,94,23,0.74
49,7,27,0.58
49,24,27,0.17
49,25,27,0.79
49,43,27,0.42
49,44,27,0.73
49,49,27,0
49,54,27,0.55
49,71,27,0.92
49,80,27,0.09
49,92,27,0.61
49,95,27,0.31
49,98,27,0.37
49,17,37,0.22
49,34,37,0.28
49,49,37,0
49,75,37,0.53
49,81,37,0.66
49,82,37,0.57
49,85,37,0.64
49,0,21,0.55
49,5,21,0.72
49,8,21,0.92
49,16,21,0.59
49,49,21,0
49,76,21,0.43
49,86,21,0.32
49,90,21,0.14
50,18,33,0.74
50,19,33,0.33
50,21,33,0.15
50,30,33,0.17
50,41,33,0.59
50,45,33,0.56
50,50,33,0
50,84,33,0.47
50,89,33,0.2
50,15,39,0.42
50,21,39,0.64
50,26,39,0.35
50,27,39,0.66
50,34,39,0.09
50,36,39,0.51
50,37,39,0.7
50,50,39,0
50,84,39,0.17
50,94,39,0.3
50,0,29,0.04
50,12,29,0.54
50,13,29,0.1
50,15,29,0.13
50,23,29,0.15
50,39,29,0.98
50,40,29,0.89
50,42,29,0.24
50,50,29,0
50,62,29,0.89
50,69,29,0.94
50,78,29,0.11
50,90,29,0.32
50,94,29,0.46
51,4,28,0.35
51,10,28,0.82
51,11,28,0.7
51,44,28,0.4
51,51,28,0
51,70,28,0.07
51,77,28,0.59
51,88,28,0.93
51,4,32,0.8
51,10,32,0.38
51,20,32,0.94
51,36,32,0.26
51,51,32,0
51,56,32,0.08
51,62,32,0.58
51,74,32,0.75
51,86,32,0.14
51,93,32,0.17
51,99,32,0.37
51,9,26,0.14
51,34,26,0.87
51,35,26,0.25
51,51,26,0
51,55,26,0.52
51,63,26,0.83
51,96,26,0.71
51,1,6,0.63
51,24,6,0.59
51,51,6,0
51,53,6,0.22
51,74,6,0.08
52,1,14,0.92
52,2,14,0.68
52,44,14,0.84
52,52,14,0
52,58,14,0.58
52,61,14,0.55
52,65,14,0.22
52,70,14,0.89
52,77,14,0.76
52,9,4,0.34
52,43,4,0.64
52,52,4,0
52,56,4,0.27
52,73,4,0.55
52,98,4,0.6
53,3,20,0.3
53,22,20,0.91
53,40,20,0.08
53,48,20,0.24
53,53,20,0
53,57,20,0.7
53,79,20,0.91
53,87,20,0.51
53,2,34,0.86
53,9,34,0.86
53,23,34,0.56
53,26,34,0.72
53,31,34,0.64
53,37,34,0.93
53,46,34,0.95
53,53,34,0
53,56,34,0.77
53,68,34,0.12
53,1,6,0.81
53,24,6,0.98
53,51,6,0.59
53,53,6,0
53,74,6,0.69
54,17,35,0.05
54,54,35,0
54,82,35,0.02
54,18,7,0.92
54,38,7,0.39
54,54,7,0
54,61,7,0.16
54,65,7,0.29
54,66,7,0.74
54,85,7,0.77
54,95,7,0.75
54,7,27,0.09
54,24,27,0.81
54,25,27,0.68
54,43,27,0.39
54,44,27,0.62
54,49,27,0.74
54,54,27,0
54,71,27,0.32
54,80,27,0.29
54,92,27,0.76
54,95,27,0.85
54,98,27,0.26
55,12,31,0.95
55,47,31,0.26
55,55,31,0
55,69,31,0.68
55,71,31,0.97
55,86,31,0.84
55,96,31,0.11
55,8,17,0.48
55,19,17,0.16
55,22,17,0.57
55,55,17,0
55,65,17,0.33
55,75,17,0.91
55,77,17,0.4
55,9,26,0.14
55,34,26,0.79
55,35,26,0.89
55,51,26,0.94
55,55,26,0
55,63,26,0.06
55,96,26,0.49
56,4,32,0.78
56,10,32,0.8
56,20,32,0.88
56,36,32,0.16
56,51,32,0.2
56,56,32,0
56,62,32,0.49
56,74,32,0.23
56,86,32,0.16
56,93,32,0.28
56,99,32,0.04
56,9,4,0.44
56,43,4,0.47
56,52,4,0.82
56,56,4,0
56,73,4,0.32
56,98,4,0.36
56,2,34,0.41
56,9,34,0.87
56,23,34,0.24
56,26,34,0.45
56,31,34,0.99
56,37,34,0.17
56,46,34,0.33
56,53,34,0.18
56,56,34,0
56,68,34,0.39
57,3,20,0.8
57,22,20,0.43
57,40,20,1.0
57,48,20,0.68
57,53,20,0.9
57,57,20,0
57,79,20,0.54
57,87,20,0.33
57,9,11,0.21
57,13,11,0.93
57,20,11,0.16
57,27,11,0.97
57,43,11,0.66
57,57,11,0
57,62,11,0.01
57,64,11,0.85
57,82,11,0.07
57,89,11,0.22
57,90,11,0.25
57,29,9,0.56
57,33,9,0.75
57,35,9,0.69
57,57,9,0
57,91,9,0.9
57,97,9,0.68
58,1,14,0.76
58,2,14,0.62
58,44,14,0.32
58,52,14,0.88
58,58,14,0
58,61,14,0.19
58,65,14,0.84
58,70,14,0.76
58,77,14,0.61
58,2,5,0.91
58,21,5,0.05
58,35,5,0.35
58,45,5,0.79
58,58,5,0
58,60,5,0.49
58,66,5,0.71
58,81,5,0.93
59,8,1,0.95
59,23,1,0.33
59,36,1,0.49
59,41,1,0.52
59,59,1,0
59,72,1,0.02
59,80,1,0.96
59,0,15,0.96
59,39,15,0.7
59,40,15,0.44
59,59,15,0
59,71,15,0.72
59,32,30,0.71
59,59,30,0
59,60,30,0.09
59,64,30,0.77
59,80,30,0.79
60,32,30,0.1
60,59,30,0.08
60,60,30,0
60,64,30,0.44
60,80,30,0.54
60,2,5,0.44
60,21,5,0.82
60,35,5,0.93
60,45,5,0.21
60,58,5,0.09
60,60,5,0
60,66,5,0.39
60,81,5,0.29
60,5,16,0.32
60,16,16,0.18
60,18,16,0.31
60,22,16,0.25
60,30,16,0.84
60,60,16,0
60,65,16,0.56
60,67,16,0.34
60,69,16,0.15
60,81,16,0.69
60,82,16,0.26
60,87,16,0.46
60,88,16,0.14
61,1,14,0.78
61,2,14,0.75
61,44,14,0.8
61,52,14,0.07
61,58,14,0.43
61,61,14,0
61,65,14,0.92
61,70,14,0.82
61,77,14,0.69
61,18,7,0.67
61,38,7,0.12
61,54,7,0.51
61,61,7,0
61,65,7,0.38
61,66,7,0.67
61,85,7,0.53
61,95,7,0.92
62,0,29,0.79
62,12,29,0.3
62,13,29,0.78
62,15,29,0.02
62,23,29,0.84
62,39,29,0.15
62,40,29,0.78
62,42,29,0.42
62,50,29,0.89
62,62,29,0
62,69,29,0.5
62,78,29,0.95
62,90,29,0.76
62,94,29,0.65
62,4,32,0.8
62,10,32,0.36
62,20,32,0.61
62,36,32,0.3
62,51,32,0.59
62,56,32,0.7
62,62,32,0
62,74,32,0.66
62,86,32,0.4
62,93,32,0.0
62,99,32,0.35
62,9,11,0.6
62,13,11,0.14
62,20,11,0.18
62,27,11,0.12
62,43,11,0.25
62,57,11,0.82
62,62,11,0
62,64,11,0.0
62,82,11,0.81
62,89,11,0.05
62,90,11,0.56
63,7,13,0.66
63,15,13,0.46
63,33,13,0.25
63,63,13,0
63,67,13,0.35
63,72,13,0.08
63,96,13,0.66
63,14,12,0.6
63,26,12,0.75
63,28,12,0.04
63,29,12,0.82
63,30,12,0.6
63,63,12,0
63,76,12,0.58
63,9,26,0.88
63,34,26,0.22
63,35,26,0.7
63,51,26,0.61
63,55,26,0.26
63,63,26,0
63,96,26,0.74
64,3,19,0.57
64,7,19,0.02
64,31,19,0.4
64,32,19,0.76
64,64,19,0
64,80,19,0.25
64,16,18,1.0
64,64,18,0
64,68,18,0.92
64,81,18,0.19
64,93,18,0.88
64,32,30,0.34
64,59,30,0.08
64,60,30,0.08
64,64,30,0
64,80,30,0.17
64,9,11,0.82
64,13,11,0.98
64,20,11,0.12
64,27,11,0.94
64,43,11,0.42
64,57,11,0.56
64,62,11,0.16
64,64,11,0
64,82,11,0.14
64,89,11,0.2
64,90,11,0.6
65,5,16,0.75
65,16,16,0.87
65,18,16,0.05
65,22,16,0.48
65,30,16,0.94
65,60,16,0.0
65,65,16,0
65,67,16,0.31
65,69,16,0.98
65,81,16,0.69
65,82,16,0.7
65,87,16,0.02
65,88,16,0.05
65,18,7,0.78
65,38,7,0.04
65,54,7,0.81
65,61,7,0.39
65,65,7,0
65,66,7,0.31
65,85,7,0.62
65,95,7,0.44
65,8,17,0.71
65,19,17,0.25
65,22,17,0.68
65,55,17,0.31
65,65,17,0
65,75,17,0.16
65,77,17,0.65
65,1,14,0.18
65,2,14,0.99
65,44,14,0.69
65,52,14,0.28
65,58,14,0.85
65,61,14,0.25
65,65,14,0
65,70,14,1.0
65,77,14,0.72
66,2,5,0.12
66,21,5,0.94
66,35,5,0.69
66,45,5,0.51
66,58,5,0.7
66,60,5,0.68
66,66,5,0
66,81,5,0.63
66,38,38,0.84
66,47,38,0.8
66,66,38,0
66,73,38,0.83
66,89,38,0.22
66,98,38,0.33
66,99,38,0.34
66,18,7,0.41
66,38,7,0.96
66,54,7,0.81
66,61,7,0.11
66,65,7,0.78
66,66,7,0
66,85,7,0.32
66,95,7,0.98
67,7,13,0.2
67,15,13,0.99
67,33,13,0.99
67,63,13,0.05
67,67,13,0
67,72,13,0.41
67,96,13,0.16
67,5,16,0.53
67,16,16,0.8
67,18,16,0.86
67,22,16,1.0
67,30,16,0.17
67,60,16,0.24
67,65,16,0.98
67,67,16,0
67,69,16,0.54
67,81,16,0.6
67,82,16,0.28
67,87,16,0.51
67,88,16,0.91
67,4,25,0.67
67,13,25,0.94
67,16,25,0.14
67,67,25,0
67,71,25,0.94
67,87,25,0.24
67,89,25,0.85
67,93,25,0.18
67,99,25,0.59
68,2,34,0.3
68,9,34,0.28
68,23,34,0.7
68,26,34,0.38
68,31,34,0.63
68,37,34,0.52
68,46,34,0.69
68,53,34,0.51
68,56,34,0.88
68,68,34,0
68,16,18,0.53
68,64,18,0.4
68,68,18,0
68,81,18,0.79
68,93,18,0.31
69,12,31,0.29
69,47,31,0.11
69,55,31,0.9
69,69,31,0
69,71,31,0.63
69,86,31,0.71
69,96,31,0.7
69,5,16,0.75
69,16,16,0.74
69,18,16,0.39
69,22,16,0.95
69,30,16,0.91
69,60,16,0.56
69,65,16,0.14
69,67,16,0.82
69,69,16,0
69,81,16,0.48
69,82,16,0.96
69,87,16,0.56
69,88,16,0.95
69,0,29,0.99
69,12,29,0.86
69,13,29,0.2
69,15,29,0.89
69,23,29,0.99
69,39,29,0.59
69,40,29,0.91
69,42,29,0.96
69,50,29,0.44
69,62,29,0.01
69,69,29,0
69,78,29,0.8
69,90,29,0.78
69,94,29,0.57
70,1,14,0.58
70,2,14,0.81
70,44,14,0.81
70,52,14,0.92
70,58,14,0.07
70,61,14,0.6
70,65,14,0.0
70,70,14,0
70,77,14,0.33
70,4,28,0.44
70,10,28,0.77
70,11,28,0.05
70,44,28,0.67
70,51,28,0.35
70,70,28,0
70,77,28,0.03
70,88,28,0.77
71,4,25,0.46
71,13,25,0.15
71,16,25,0.91
71,67,25,0.61
71,71,25,0
71,87,25,0.29
71,89,25,0.29
71,93,25,0.64
71,99,25,0.03
71,7,27,0.08
71,24,27,0.19
71,25,27,0.13
71,43,27,0.49
71,44,27,0.85
71,49,27,0.32
71,54,27,0.69
71,71,27,0
71,80,27,0.43
71,92,27,0.39
71,95,27,0.75
71,98,27,0.03
71,0,15,0.73
71,39,15,0.7
71,40,15,0.94
71,59,15,0.53
71,71,15,0
71,12,31,0.76
71,47,31,0.47
71,55,31,0.81
71,69,31,0.25
71,71,31,0
71,86,31,0.71
71,96,31,0.57
72,6,3,0.98
72,18,3,0.79
72,19,3,0.82
72,28,3,0.92
72,31,3,0.41
72,72,3,0
72,86,3,0.78
72,92,3,0.2
72,95,3,0.59
72,8,1,0.67
72,23,1,0.26
72,36,1,0.24
72,41,1,0.61
72,59,1,0.68
72,72,1,0
72,80,1,0.86
72,7,13,0.88
72,15,13,0.97
72,33,13,0.93
72,63,13,0.08
72,67,13,0.93
72,72,13,0
72,96,13,0.96
73,38,38,0.77
73,47,38,0.63
73,66,38,0.84
73,73,38,0
73,89,38,0.91
73,98,38,0.99
73,99,38,0.63
73,9,4,0.4
73,43,4,0.52
73,52,4,0.81
73,56,4,0.96
73,73,4,0
73,98,4,0.07
73,4,24,0.78
73,14,24,0.15
73,28,24,0.47
73,42,24,0.56
73,73,24,0
73,83,24,0.55
73,87,24,0.12
74,1,6,0.98
74,24,6,0.6
74,51,6,0.91
74,53,6,0.76
74,74,6,0
74,4,32,0.49
74,10,32,0.69
74,20,32,0.98
74,36,32,0.27
74,51,32,0.96
74,56,32,0.9
74,62,32,0.15
74,74,32,0
74,86,32,0.5
74,93,32,0.1
74,99,32,0.06
75,17,37,0.9
75,34,37,0.87
75,49,37,0.75
75,75,37,0
75,81,37,0.69
75,82,37,0.89
75,85,37,0.14
75,11,8,0.79
75,42,8,0.21
75,45,8,0.06
75,46,8,0.0
75,75,8,0
75,77,8,0.2
75,83,8,0.73
75,8,17,0.95
75,19,17,0.43
75,22,17,0.57
75,55,17,0.56
75,65,17,0.89
75,75,17,0
75,77,17,0.71
76,14,12,0.05
76,26,12,0.54
76,28,12,0.17
76,29,12,0.99
76,30,12,0.23
76,63,12,0.84
76,76,12,0
76,0,21,0.52
76,5,21,0.84
76,8,21,0.88
76,16,21,0.82
76,49,21,0.13
76,76,21,0
76,86,21,0.91
76,90,21,0.86
77,11,8,0.98
77,42,8,0.56
77,45,8,0.44
77,46,8,0.52
77,75,8,0.35
77,77,8,0
77,83,8,0.55
77,8,17,0.71
77,19,17,0.35
77,22,17,0.49
77,55,17,0.4
77,65,17,0.15
77,75,17,0.02
77,77,17,0
77,4,28,0.74
77,10,28,0.74
77,11,28,0.1
77,44,28,0.16
77,51,28,0.31
77,70,28,0.18
77,77,28,0
77,88,28,0.85
77,1,14,0.2
77,2,14,0.72
77,44,14,0.79
77,52,14,0.03
77,58,14,0.71
77,61,14,0.25
77,65,14,0.35
77,70,14,0.65
77,77,14,0
78,25,36,0.02
78,48,36,0.26
78,78,36,0
78,79,36,0.78
78,95,36,0.22
78,0,29,0.05
78,12,29,0.56
78,13,29,0.68
78,15,29,0.12
78,23,29,0.2
78,39,29,0.06
78,40,29,0.37
78,42,29,0.89
78,50,29,0.66
78,62,29,0.51
78,69,29,0.06
78,78,29,0
78,90,29,0.59
78,94,29,0.85
79,25,36,0.57
79,48,36,0.22
79,78,36,0.56
79,79,36,0
79,95,36,0.65
79,3,20,0.07
79,22,20,0.69
79,40,20,0.01
79,48,20,0.42
79,53,20,0.71
79,57,20,0.2
79,79,20,0
79,87,20,0.65
80,32,30,0.63
80,59,30,0.34
80,60,30,0.83
80,64,30,1.0
80,80,30,0
80,3,19,0.93
80,7,19,0.96
80,31,19,0.59
80,32,19,0.34
80,64,19,0.77
80,80,19,0
80,8,1,0.9
80,23,1,0.8
80,36,1,0.93
80,41,1,0.87
80,59,1,0.16
80,72,1,0.71
80,80,1,0
80,7,27,0.74
80,24,27,0.58
80,25,27,0.73
80,43,27,0.64
80,44,27,0.4
80,49,27,0.89
80,54,27,0.28
80,71,27,0.72
80,80,27,0
80,92,27,0.91
80,95,27,0.58
80,98,27,0.63
81,16,18,0.77
81,64,18,0.02
81,68,18,0.45
81,81,18,0
81,93,18,0.49
81,2,5,0.06
81,21,5,0.83
81,35,5,0.71
81,45,5,0.47
81,58,5,0.93
81,60,5,0.37
81,66,5,0.58
81,81,5,0
81,5,16,0.14
81,16,16,0.3
81,18,16,0.63
81,22,16,0.3
81,30,16,0.07
81,60,16,0.94
81,65,16,0.68
81,67,16,1.0
81,69,16,0.45
81,81,16,0
81,82,16,0.97
81,87,16,0.72
81,88,16,0.86
81,17,37,0.74
81,34,37,0.66
81,49,37,0.87
81,75,37,0.32
81,81,37,0
81,82,37,0.58
81,85,37,0.09
82,17,37,0.46
82,34,37,0.37
82,49,37,0.1
82,75,37,0.96
82,81,37,0.66
82,82,37,0
82,85,37,0.67
82,17,35,0.32
82,54,35,0.98
82,82,35,0
82,9,11,0.29
82,13,11,0.87
82,20,11,0.52
82,27,11,0.25
82,43,11,0.89
82,57,11,0.07
82,62,11,0.89
82,64,11,0.06
82,82,11,0
82,89,11,0.21
82,90,11,0.83
82,5,16,0.8
82,16,16,0.06
82,18,16,0.26
82,22,16,0.63
82,30,16,0.08
82,60,16,0.44
82,65,16,0.45
82,67,16,0.5
82,69,16,0.63
82,81,16,0.11
82,82,16,0
82,87,16,0.23
82,88,16,0.05
83,11,8,0.76
83,42,8,0.86
83,45,8,0.09
83,46,8,0.26
83,75,8,0.7
83,77,8,0.63
83,83,8,0
83,4,24,0.26
83,14,24,0.99
83,28,24,0.5
83,42,24,0.67
83,73,24,0.82
83,83,24,0
83,87,24,0.23
84,15,39,0.01
84,21,39,0.53
84,26,39,0.82
84,27,39,0.99
84,34,39,0.42
84,36,39,0.35
84,37,39,0.27
84,50,39,0.76
84,84,39,0
84,94,39,0.2
84,18,33,0.22
84,19,33,0.7
84,21,33,0.28
84,30,33,0.28
84,41,33,0.57
84,45,33,0.78
84,50,33,0.84
84,84,33,0
84,89,33,0.74
85,17,37,0.7
85,34,37,0.43
85,49,37,0.9
85,75,37,0.86
85,81,37,0.26
85,82,37,0.18
85,85,37,0
85,18,7,0.61
85,38,7,0.57
85,54,7,0.12
85,61,7,0.26
85,65,7,0.97
85,66,7,0.13
85,85,7,0
85,95,7,0.71
86,6,3,0.35
86,18,3,0.15
86,19,3,0.3
86,28,3,0.89
86,31,3,0.2
86,72,3,0.28
86,86,3,0
86,92,3,0.53
86,95,3,0.72
86,12,31,0.15
86,47,31,0.44
86,55,31,0.72
86,69,31,0.32
86,71,31,0.28
86,86,31,0
86,96,31,0.46
86,4,32,0.96
86,10,32,0.63
86,20,32,0.8
86,36,32,0.98
86,51,32,0.88
86,56,32,0.27
86,62,32,0.17
86,74,32,0.86
86,86,32,0
86,93,32,0.08
86,99,32,0.71
86,0,21,0.36
86,5,21,0.18
86,8,21,0.1
86,16,21,0.45
86,49,21,0.24
86,76,21,0.8
86,86,21,0
86,90,21,0.69
87,4,25,0.62
87,13,25,0.67
87,16,25,0.12
87,67,25,0.0
87,71,25,0.07
87,87,25,0
87,89,25,0.85
87,93,25,0.39
87,99,25,0.74
87,5,16,0.51
87,16,16,0.07
87,18,16,0.56
87,22,16,0.14
87,30,16,0.15
87,60,16,0.64
87,65,16,0.1
87,67,16,0.73
87,69,16,0.28
87,81,16,0.72
87,82,16,0.37
87,87,16,0
87,88,16,0.52
87,3,20,0.27
87,22,20,0.13
87,40,20,0.2
87,48,20,0.75
87,53,20,0.62
87,57,20,0.19
87,79,20,0.95
87,87,20,0
87,4,24,0.78
87,14,24,0.15
87,28,24,0.55
87,42,24,0.41
87,73,24,0.86
87,83,24,0.66
87,87,24,0
88,6,0,0.91
88,7,0,0.56
88,10,0,0.26
88,12,0,0.44
88,35,0,0.46
88,88,0,0
88,91,0,0.93
88,4,28,0.96
88,10,28,0.57
88,11,28,0.64
88,44,28,0.1
88,51,28,0.38
88,70,28,0.04
88,77,28,0.03
88,88,28,0
88,5,16,0.72
88,16,16,0.46
88,18,16,0.3
88,22,16,0.36
88,30,16,0.86
88,60,16,0.42
88,65,16,0.15
88,67,16,0.03
88,69,16,0.5
88,81,16,0.85
88,82,16,0.86
88,87,16,0.48
88,88,16,0
89,18,33,0.5
89,19,33,0.87
89,21,33,0.38
89,30,33,0.59
89,41,33,0.74
89,45,33,0.42
89,50,33,0.79
89,84,33,0.47
89,89,33,0
89,9,11,0.95
89,13,11,0.73
89,20,11,0.24
89,27,11,0.18
89,43,11,0.81
89,57,11,0.42
89,62,11,0.86
89,64,11,0.65
89,82,11,0.59
89,89,11,0
89,90,11,0.49
89,38,38,0.39
89,47,38,0.76
89,66,38,0.27
89,73,38,0.71
89,89,38,0
89,98,38,0.43
89,99,38,0.6
89,4,25,0.88
89,13,25,0.59
89,16,25,0.13
89,67,25,0.72
89,71,25,0.66
89,87,25,0.15
89,89,25,0
89,93,25,0.0
89,99,25,0.34
90,9,11,0.48
90,13,11,0.56
90,20,11,0.15
90,27,11,0.8
90,43,11,0.89
90,57,11,0.21
90,62,11,0.45
90,64,11,0.47
90,82,11,0.56
90,89,11,0.87
90,90,11,0
90,0,21,0.18
90,5,21,0.55
90,8,21,0.58
90,16,21,0.26
90,49,21,0.15
90,76,21,0.68
90,86,21,0.03
90,90,21,0
90,0,29,0.43
90,12,29,0.16
90,13,29,0.8
90,15,29,0.25
90,23,29,0.87
90,39,29,0.87
90,40,29,0.2
90,42,29,0.93
90,50,29,0.41
90,62,29,0.3
90,69,29,0.66
90,78,29,0.34
90,90,29,0
90,94,29,0.62
91,29,9,0.24
91,33,9,0.37
91,35,9,0.93
91,57,9,0.39
91,91,9,0
91,97,9,0.99
91,6,0,0.64
91,7,0,0.42
91,10,0,0.76
91,12,0,0.81
91,35,0,0.13
91,88,0,0.16
91,91,0,0
92,6,3,0.33
92,18,3,0.42
92,19,3,0.69
92,28,3,0.31
92,31,3,0.35
92,72,3,0.97
92,86,3,0.42
92,92,3,0
92,95,3,0.45
92,7,27,0.18
92,24,27,0.79
92,25,27,0.97
92,43,27,0.67
92,44,27,0.78
92,49,27,0.05
92,54,27,0.7
92,71,27,0.23
92,80,27,0.15
92,92,27,0
92,95,27,0.5
92,98,27,0.41
93,4,32,0.76
93,10,32,0.27
93,20,32,0.79
93,36,32,0.36
93,51,32,0.75
93,56,32,0.87
93,62,32,0.02
93,74,32,0.74
93,86,32,0.69
93,93,32,0
93,99,32,0.92
93,16,18,0.11
93,64,18,0.6
93,68,18,0.22
93,81,18,0.22
93,93,18,0
93,4,25,0.18
93,13,25,0.78
93,16,25,0.11
93,67,25,0.92
93,71,25,0.47
93,87,25,0.88
93,89,25,0.55
93,93,25,0
93,99,25,0.74
94,5,23,0.82
94,10,23,0.88
94,24,23,0.2
94,31,23,0.6
94,42,23,0.67
94,49,23,0.74
94,94,23,0
94,28,2,0.48
94,29,2,0.08
94,36,2,0.36
94,38,2,0.38
94,94,2,0
94,15,39,0.17
94,21,39,0.38
94,26,39,0.07
94,27,39,0.92
94,34,39,0.35
94,36,39,0.29
94,37,39,0.24
94,50,39,0.66
94,84,39,0.34
94,94,39,0
94,0,29,0.3
94,12,29,0.72
94,13,29,0.01
94,15,29,0.82
94,23,29,0.08
94,39,29,0.74
94,40,29,0.12
94,42,29,0.93
94,50,29,0.84
94,62,29,0.42
94,69,29,0.41
94,78,29,0.32
94,90,29,0.09
94,94,29,0
95,6,3,0.67
95,18,3,0.64
95,19,3,0.68
95,28,3,0.27
95,31,3,0.43
95,72,3,0.62
95,86,3,0.17
95,92,3,0.02
95,95,3,0
95,25,36,0.99
95,48,36,0.94
95,78,36,0.79
95,79,36,0.32
95,95,36,0
95,18,7,0.92
95,38,7,0.99
95,54,7,0.45
95,61,7,0.33
95,65,7,0.77
95,66,7,0.43
95,85,7,0.09
95,95,7,0
95,7,27,0.89
95,24,27,0.04
95,25,27,0.44
95,43,27,0.17
95,44,27,0.77
95,49,27,0.3
95,54,27,0.82
95,71,27,0.46
95,80,27,0.8
95,92,27,0.59
95,95,27,0
95,98,27,0.95
96,9,26,0.94
96,34,26,0.26
96,35,26,0.78
96,51,26,1.0
96,55,26,0.46
96,63,26,0.71
96,96,26,0
96,7,13,0.76
96,15,13,0.1
96,33,13,0.06
96,63,13,0.24
96,67,13,0.04
96,72,13,0.24
96,96,13,0
96,12,31,0.8
96,47,31,0.34
96,55,31,0.12
96,69,31,0.51
96,71,31,0.18
96,86,31,0.31
96,96,31,0
97,24,22,0.14
97,38,22,0.69
97,97,22,0
97,98,22,0.54
97,1,10,0.53
97,8,10,0.32
97,41,10,0.72
97,97,10,0
97,29,9,0.53
97,33,9,0.41
97,35,9,0.46
97,57,9,0.57
97,91,9,0.48
97,97,9,0
98,9,4,0.68
98,43,4,0.04
98,52,4,0.28
98,56,4,0.41
98,73,4,0.03
98,98,4,0
98,24,22,0.81
98,38,22,0.71
98,97,22,0.23
98,98,22,0
98,38,38,0.35
98,47,38,0.33
98,66,38,0.29
98,73,38,0.85
98,89,38,0.87
98,98,38,0
98,99,38,0.3
98,7,27,0.74
98,24,27,0.44
98,25,27,0.19
98,43,27,0.69
98,44,27,0.57
98,49,27,0.92
98,54,27,0.16
98,71,27,0.67
98,80,27,0.37
98,92,27,0.09
98,95,27,0.73
98,98,27,0
99,4,25,0.66
99,13,25,0.93
99,16,25,0.29
99,67,25,0.51
99,71,25,0.83
99,87,25,0.09
99,89,25,0.24
99,93,25,0.83
99,99,25,0
99,38,38,0.66
99,47,38,0.09
99,66,38,0.91
99,73,38,0.75
99,89,38,0.99
99,98,38,0.15
99,99,38,0
99,4,32,0.07
99,10,32,0.98
99,20,32,0.22
99,36,32,0.59
99,51,32,0.91
99,56,32,0.43
99,62,32,0.99
99,74,32,0.08
99,86,32,0.51
99,93,32,0.67
99,99,32,0