M,100,P,30,Q,100000,targetS,0.1,targetW,0.1

Resources name, resource id, current workload and max workload
R_0,0,0.43,1
R_1,1,0.6,1
R_2,2,0.44,1
R_3,3,0.57,1
R_4,4,0.53,1
R_5,5,0.73,1
R_6,6,0.67,1
R_7,7,0.61,1
R_8,8,0.7,1
R_9,9,0.69,1
R_10,10,0.53,1
R_11,11,0.53,1
R_12,12,0.59,1
R_13,13,0.59,1
R_14,14,0.78,1
R_15,15,0.47,1
R_16,16,0.44,1
R_17,17,0.79,1
R_18,18,0.63,1
R_19,19,0.65,1
R_20,20,0.41,1
R_21,21,0.65,1
R_22,22,0.69,1
R_23,23,0.56,1
R_24,24,0.49,1
R_25,25,0.43,1
R_26,26,0.6,1
R_27,27,0.45,1
R_28,28,0.61,1
R_29,29,0.5,1
R_30,30,0.49,1
R_31,31,0.57,1
R_32,32,0.42,1
R_33,33,0.42,1
R_34,34,0.67,1
R_35,35,0.55,1
R_36,36,0.5,1
R_37,37,0.62,1
R_38,38,0.62,1
R_39,39,0.6,1
R_40,40,0.42,1
R_41,41,0.54,1
R_42,42,0.65,1
R_43,43,0.42,1
R_44,44,0.67,1
R_45,45,0.63,1
R_46,46,0.7,1
R_47,47,0.48,1
R_48,48,0.54,1
R_49,49,0.52,1
R_50,50,0.54,1
R_51,51,0.47,1
R_52,52,0.68,1
R_53,53,0.49,1
R_54,54,0.65,1
R_55,55,0.42,1
R_56,56,0.56,1
R_57,57,0.59,1
R_58,58,0.79,1
R_59,59,0.74,1
R_60,60,0.69,1
R_61,61,0.53,1
R_62,62,0.72,1
R_63,63,0.48,1
R_64,64,0.6,1
R_65,65,0.72,1
R_66,66,0.58,1
R_67,67,0.47,1
R_68,68,0.47,1
R_69,69,0.71,1
R_70,70,0.61,1
R_71,71,0.47,1
R_72,72,0.45,1
R_73,73,0.44,1
R_74,74,0.59,1
R_75,75,0.69,1
R_76,76,0.52,1
R_77,77,0.54,1
R_78,78,0.49,1
R_79,79,0.74,1
R_80,80,0.72,1
R_81,81,0.62,1
R_82,82,0.49,1
R_83,83,0.56,1
R_84,84,0.58,1
R_85,85,0.71,1
R_86,86,0.47,1
R_87,87,0.42,1
R_88,88,0.42,1
R_89,89,0.74,1
R_90,90,0.53,1
R_91,91,0.67,1
R_92,92,0.47,1
R_93,93,0.69,1
R_94,94,0.53,1
R_95,95,0.73,1
R_96,96,0.58,1
R_97,97,0.42,1
R_98,98,0.51,1
R_99,99,0.51,1

Activities name, activity id, lambda, stress, resource id, priority, rifiutato
act_3,3,0.18,0.5,0,144,1
act_3,3,0.18,0.5,0,234,1
act_3,3,0.18,0.5,0,252,1
act_37,37,0.06,0.11,1,396,0
act_1,1,0.29,0.15,1,6,0
act_13,13,0.2,0.59,2,231,1
act_11,11,0.25,0.25,2,125,0
act_6,6,0.04,0.44,2,232,0
act_6,6,0.04,0.44,2,367,0
act_14,14,0.08,0.66,3,266,1
act_14,14,0.08,0.66,3,78,1
act_14,14,0.08,0.66,3,368,1
act_14,14,0.08,0.66,3,214,1
act_24,24,0.02,0.42,3,235,0
act_14,14,0.08,0.66,3,244,1
act_26,26,0.02,0.72,4,17,1
act_31,31,0.17,0.56,4,156,1
act_15,15,0.12,0.76,4,31,1
act_15,15,0.12,0.76,4,27,1
act_24,24,0.02,0.42,4,130,0
act_26,26,0.02,0.72,4,0,1
act_27,27,0.09,0.7,5,248,1
act_36,36,0.1,0.44,5,223,1
act_17,17,0.04,0.12,6,26,0
act_17,17,0.04,0.12,6,279,0
act_17,17,0.04,0.12,6,371,0
act_17,17,0.04,0.12,6,286,0
act_17,17,0.04,0.12,6,352,0
act_17,17,0.04,0.12,6,275,0
act_17,17,0.04,0.12,6,273,0
act_17,17,0.04,0.12,6,3,0
act_1,1,0.29,0.15,7,291,0
act_36,36,0.1,0.44,7,44,0
act_35,35,0.3,0.53,8,172,0
act_34,34,0.16,0.09,9,272,0
act_24,24,0.02,0.42,9,390,0
act_16,16,0.03,0.89,9,115,0
act_16,16,0.03,0.89,9,364,0
act_16,16,0.03,0.89,9,407,0
act_24,24,0.02,0.42,9,340,0
act_24,24,0.02,0.42,9,304,0
act_4,4,0.2,0.87,10,14,0
act_34,34,0.16,0.09,10,82,0
act_20,20,0.28,0.39,11,120,0
act_28,28,0.06,0.6,11,294,1
act_28,28,0.06,0.6,11,321,1
act_28,28,0.06,0.6,11,100,1
act_9,9,0.05,0.78,12,157,1
act_2,2,0.29,0.58,12,197,1
act_9,9,0.05,0.78,12,205,1
act_20,20,0.28,0.39,13,292,1
act_15,15,0.12,0.76,13,93,1
act_4,4,0.2,0.87,14,160,0
act_37,37,0.06,0.11,15,89,0
act_37,37,0.06,0.11,15,108,0
act_20,20,0.28,0.39,15,109,0
act_36,36,0.1,0.44,15,18,1
act_16,16,0.03,0.89,16,241,0
act_6,6,0.04,0.44,16,42,0
act_6,6,0.04,0.44,16,354,0
act_0,0,0.23,0.44,16,260,0
act_6,6,0.04,0.44,16,104,0
act_16,16,0.03,0.89,16,276,0
act_6,6,0.04,0.44,16,356,0
act_16,16,0.03,0.89,16,281,0
act_16,16,0.03,0.89,16,220,0
act_16,16,0.03,0.89,16,94,0
act_24,24,0.02,0.42,17,84,0
act_37,37,0.06,0.11,17,253,0
act_37,37,0.06,0.11,17,103,0
act_37,37,0.06,0.11,17,380,0
act_8,8,0.17,0.82,18,196,0
act_8,8,0.17,0.82,18,383,0
act_32,32,0.25,0.11,19,79,0
act_29,29,0.04,0.31,20,277,1
act_12,12,0.25,0.26,20,394,0
act_29,29,0.04,0.31,20,262,1
act_12,12,0.25,0.26,20,238,0
act_2,2,0.29,0.58,21,363,0
act_23,23,0.08,0.08,22,85,0
act_23,23,0.08,0.08,22,72,0
act_23,23,0.08,0.08,22,344,0
act_36,36,0.1,0.44,23,318,0
act_36,36,0.1,0.44,23,185,0
act_36,36,0.1,0.44,23,377,0
act_36,36,0.1,0.44,23,302,0
act_10,10,0.24,0.71,24,50,1
act_5,5,0.22,0.62,24,139,1
act_36,36,0.1,0.44,25,329,0
act_16,16,0.03,0.89,25,229,0
act_9,9,0.05,0.78,25,102,0
act_36,36,0.1,0.44,25,402,0
act_9,9,0.05,0.78,25,350,0
act_16,16,0.03,0.89,25,251,0
act_9,9,0.05,0.78,25,55,0
act_36,36,0.1,0.44,25,126,0
act_16,16,0.03,0.89,25,355,0
act_16,16,0.03,0.89,25,347,0
act_2,2,0.29,0.58,26,13,0
act_26,26,0.02,0.72,26,64,0
act_26,26,0.02,0.72,26,384,0
act_26,26,0.02,0.72,26,221,0
act_26,26,0.02,0.72,26,91,0
act_26,26,0.02,0.72,26,137,0
act_6,6,0.04,0.44,27,2,0
act_6,6,0.04,0.44,27,198,0
act_1,1,0.29,0.15,27,207,0
act_6,6,0.04,0.44,27,271,0
act_6,6,0.04,0.44,27,147,0
act_6,6,0.04,0.44,27,132,0
act_6,6,0.04,0.44,27,169,0
act_17,17,0.04,0.12,28,184,0
act_17,17,0.04,0.12,28,378,0
act_34,34,0.16,0.09,28,143,0
act_17,17,0.04,0.12,28,265,0
act_17,17,0.04,0.12,28,7,0
act_17,17,0.04,0.12,28,249,0
act_6,6,0.04,0.44,29,166,1
act_13,13,0.2,0.59,29,358,1
act_13,13,0.2,0.59,29,188,1
act_24,24,0.02,0.42,29,230,0
act_6,6,0.04,0.44,29,342,1
act_18,18,0.14,0.48,30,133,1
act_11,11,0.25,0.25,30,5,0
act_27,27,0.09,0.7,30,200,1
act_33,33,0.12,0.19,31,224,0
act_33,33,0.12,0.19,31,395,0
act_33,33,0.12,0.19,31,219,0
act_26,26,0.02,0.72,31,247,1
act_26,26,0.02,0.72,31,261,1
act_26,26,0.02,0.72,31,165,1
act_7,7,0.27,0.9,32,334,1
act_36,36,0.1,0.44,32,369,1
act_36,36,0.1,0.44,32,178,1
act_36,36,0.1,0.44,32,398,1
act_38,38,0.08,0.83,33,330,1
act_26,26,0.02,0.72,33,117,0
act_38,38,0.08,0.83,33,191,1
act_26,26,0.02,0.72,33,112,0
act_26,26,0.02,0.72,33,258,0
act_38,38,0.08,0.83,33,393,1
act_26,26,0.02,0.72,33,267,0
act_26,26,0.02,0.72,33,83,0
act_26,26,0.02,0.72,33,37,0
act_38,38,0.08,0.83,33,66,1
act_38,38,0.08,0.83,33,107,1
act_26,26,0.02,0.72,33,118,0
act_26,26,0.02,0.72,33,92,0
act_26,26,0.02,0.72,33,309,0
act_8,8,0.17,0.82,34,54,0
act_23,23,0.08,0.08,34,303,0
act_23,23,0.08,0.08,34,75,0
act_4,4,0.2,0.87,35,61,0
act_28,28,0.06,0.6,35,98,0
act_28,28,0.06,0.6,35,63,0
act_28,28,0.06,0.6,35,346,0
act_28,28,0.06,0.6,35,349,0
act_17,17,0.04,0.12,36,226,0
act_13,13,0.2,0.59,36,376,0
act_17,17,0.04,0.12,36,12,0
act_17,17,0.04,0.12,36,284,0
act_17,17,0.04,0.12,36,210,0
act_17,17,0.04,0.12,36,177,0
act_17,17,0.04,0.12,36,176,0
act_17,17,0.04,0.12,36,202,0
act_17,17,0.04,0.12,37,353,0
act_17,17,0.04,0.12,37,183,0
act_36,36,0.1,0.44,37,19,1
act_17,17,0.04,0.12,37,341,0
act_17,17,0.04,0.12,37,40,0
act_36,36,0.1,0.44,37,171,1
act_34,34,0.16,0.09,38,1,0
act_37,37,0.06,0.11,38,51,0
act_17,17,0.04,0.12,38,301,0
act_37,37,0.06,0.11,38,336,0
act_37,37,0.06,0.11,38,11,0
act_14,14,0.08,0.66,39,283,0
act_14,14,0.08,0.66,39,385,0
act_8,8,0.17,0.82,39,240,0
act_17,17,0.04,0.12,39,362,0
act_12,12,0.25,0.26,40,77,0
act_19,19,0.26,0.64,40,114,0
act_16,16,0.03,0.89,40,35,1
act_16,16,0.03,0.89,40,270,1
act_13,13,0.2,0.59,41,23,0
act_37,37,0.06,0.11,41,152,0
act_37,37,0.06,0.11,41,406,0
act_37,37,0.06,0.11,41,113,0
act_37,37,0.06,0.11,41,121,0
act_23,23,0.08,0.08,42,387,0
act_23,23,0.08,0.08,42,170,0
act_23,23,0.08,0.08,42,4,0
act_23,23,0.08,0.08,42,366,0
act_25,25,0.21,0.76,43,351,0
act_25,25,0.21,0.76,43,25,0
act_34,34,0.16,0.09,43,307,0
act_23,23,0.08,0.08,44,67,0
act_23,23,0.08,0.08,44,382,0
act_23,23,0.08,0.08,44,24,0
act_23,23,0.08,0.08,44,179,0
act_22,22,0.27,0.46,45,215,0
act_27,27,0.09,0.7,45,106,0
act_22,22,0.27,0.46,46,313,0
act_35,35,0.3,0.53,47,142,1
act_24,24,0.02,0.42,47,343,1
act_34,34,0.16,0.09,47,29,0
act_24,24,0.02,0.42,47,204,1
act_0,0,0.23,0.44,48,274,0
act_14,14,0.08,0.66,48,56,0
act_14,14,0.08,0.66,48,245,0
act_6,6,0.04,0.44,49,239,1
act_2,2,0.29,0.58,49,57,1
act_6,6,0.04,0.44,49,150,1
act_6,6,0.04,0.44,49,193,1
act_6,6,0.04,0.44,49,33,1
act_12,12,0.25,0.26,50,189,0
act_8,8,0.17,0.82,50,167,0
act_20,20,0.28,0.39,51,175,0
act_28,28,0.06,0.6,51,149,0
act_28,28,0.06,0.6,51,361,0
act_28,28,0.06,0.6,51,69,0
act_28,28,0.06,0.6,51,408,0
act_6,6,0.04,0.44,52,134,1
act_20,20,0.28,0.39,52,30,1
act_3,3,0.18,0.5,53,99,1
act_3,3,0.18,0.5,53,216,1
act_9,9,0.05,0.78,53,405,1
act_9,9,0.05,0.78,53,299,1
act_9,9,0.05,0.78,53,298,1
act_14,14,0.08,0.66,54,155,0
act_4,4,0.2,0.87,54,359,0
act_17,17,0.04,0.12,55,381,0
act_19,19,0.26,0.64,55,162,0
act_19,19,0.26,0.64,55,243,0
act_14,14,0.08,0.66,56,285,1
act_7,7,0.27,0.9,56,49,1
act_14,14,0.08,0.66,56,365,1
act_4,4,0.2,0.87,57,173,0
act_15,15,0.12,0.76,57,391,0
act_4,4,0.2,0.87,58,295,0
act_30,30,0.21,0.2,59,237,0
act_7,7,0.27,0.9,60,46,0
act_26,26,0.02,0.72,61,209,0
act_26,26,0.02,0.72,61,257,0
act_38,38,0.08,0.83,61,269,0
act_2,2,0.29,0.58,61,124,0
act_26,26,0.02,0.72,61,357,0
act_26,26,0.02,0.72,61,316,0
act_26,26,0.02,0.72,61,47,0
act_27,27,0.09,0.7,62,38,0
act_27,27,0.09,0.7,62,203,0
act_27,27,0.09,0.7,62,280,0
act_39,39,0.12,0.94,63,135,1
act_12,12,0.25,0.26,63,360,0
act_39,39,0.12,0.94,63,290,1
act_12,12,0.25,0.26,64,174,0
act_18,18,0.14,0.48,64,278,0
act_31,31,0.17,0.56,65,32,0
act_11,11,0.25,0.25,66,145,0
act_34,34,0.16,0.09,66,373,0
act_14,14,0.08,0.66,67,182,0
act_34,34,0.16,0.09,67,161,0
act_14,14,0.08,0.66,67,138,0
act_34,34,0.16,0.09,67,105,0
act_26,26,0.02,0.72,67,16,0
act_26,26,0.02,0.72,67,151,0
act_14,14,0.08,0.66,68,379,1
act_14,14,0.08,0.66,68,90,1
act_12,12,0.25,0.26,68,404,0
act_14,14,0.08,0.66,68,28,1
act_18,18,0.14,0.48,69,218,0
act_16,16,0.03,0.89,69,181,1
act_9,9,0.05,0.78,69,372,0
act_16,16,0.03,0.89,69,288,1
act_16,16,0.03,0.89,69,73,1
act_10,10,0.24,0.71,70,153,0
act_24,24,0.02,0.42,70,254,0
act_24,24,0.02,0.42,70,70,0
act_6,6,0.04,0.44,70,323,0
act_6,6,0.04,0.44,70,53,0
act_24,24,0.02,0.42,70,392,0
act_17,17,0.04,0.12,71,326,0
act_25,25,0.21,0.76,71,48,1
act_17,17,0.04,0.12,71,236,0
act_39,39,0.12,0.94,71,259,1
act_17,17,0.04,0.12,71,282,0
act_17,17,0.04,0.12,71,199,0
act_13,13,0.2,0.59,72,389,1
act_2,2,0.29,0.58,72,206,1
act_13,13,0.2,0.59,73,39,1
act_38,38,0.08,0.83,73,211,1
act_13,13,0.2,0.59,73,297,1
act_14,14,0.08,0.66,73,127,1
act_38,38,0.08,0.83,74,327,1
act_30,30,0.21,0.2,74,335,0
act_14,14,0.08,0.66,74,21,1
act_30,30,0.21,0.2,75,68,0
act_6,6,0.04,0.44,75,52,0
act_6,6,0.04,0.44,75,331,0
act_0,0,0.23,0.44,76,212,0
act_21,21,0.1,0.54,76,246,0
act_21,21,0.1,0.54,76,399,0
act_20,20,0.28,0.39,77,370,0
act_16,16,0.03,0.89,77,388,1
act_16,16,0.03,0.89,77,339,1
act_16,16,0.03,0.89,77,22,1
act_16,16,0.03,0.89,77,325,1
act_16,16,0.03,0.89,77,289,1
act_15,15,0.12,0.76,78,86,1
act_24,24,0.02,0.42,78,305,1
act_17,17,0.04,0.12,78,76,0
act_15,15,0.12,0.76,78,154,1
act_17,17,0.04,0.12,78,80,0
act_17,17,0.04,0.12,78,409,0
act_17,17,0.04,0.12,78,324,0
act_17,17,0.04,0.12,78,146,0
act_17,17,0.04,0.12,78,45,0
act_34,34,0.16,0.09,79,268,0
act_10,10,0.24,0.71,80,110,1
act_29,29,0.04,0.31,80,311,0
act_17,17,0.04,0.12,81,328,0
act_4,4,0.2,0.87,81,60,0
act_17,17,0.04,0.12,81,337,0
act_17,17,0.04,0.12,81,192,0
act_17,17,0.04,0.12,81,296,0
act_32,32,0.25,0.11,82,317,0
act_32,32,0.25,0.11,82,131,0
act_36,36,0.1,0.44,83,233,1
act_36,36,0.1,0.44,83,163,1
act_23,23,0.08,0.08,83,62,0
act_23,23,0.08,0.08,83,159,0
act_23,23,0.08,0.08,83,20,0
act_33,33,0.12,0.19,84,217,0
act_21,21,0.1,0.54,84,58,0
act_33,33,0.12,0.19,84,34,0
act_27,27,0.09,0.7,85,345,0
act_8,8,0.17,0.82,85,201,0
act_7,7,0.27,0.9,86,71,1
act_27,27,0.09,0.7,86,141,1
act_27,27,0.09,0.7,86,158,1
act_33,33,0.12,0.19,87,74,0
act_33,33,0.12,0.19,87,164,0
act_26,26,0.02,0.72,87,128,1
act_26,26,0.02,0.72,87,250,1
act_17,17,0.04,0.12,87,208,0
act_27,27,0.09,0.7,87,403,0
act_17,17,0.04,0.12,87,348,0
act_27,27,0.09,0.7,87,59,0
act_26,26,0.02,0.72,87,315,1
act_26,26,0.02,0.72,87,96,1
act_19,19,0.26,0.64,88,65,0
act_27,27,0.09,0.7,88,43,0
act_27,27,0.09,0.7,88,148,0
act_9,9,0.05,0.78,88,88,0
act_27,27,0.09,0.7,88,293,0
act_28,28,0.06,0.6,89,256,1
act_27,27,0.09,0.7,89,255,1
act_28,28,0.06,0.6,89,95,1
act_24,24,0.02,0.42,90,195,0
act_16,16,0.03,0.89,90,320,1
act_16,16,0.03,0.89,90,310,1
act_16,16,0.03,0.89,90,333,1
act_16,16,0.03,0.89,90,312,1
act_16,16,0.03,0.89,90,116,1
act_24,24,0.02,0.42,90,338,0
act_24,24,0.02,0.42,90,186,0
act_16,16,0.03,0.89,90,374,1
act_24,24,0.02,0.42,90,9,0
act_24,24,0.02,0.42,90,97,0
act_16,16,0.03,0.89,90,10,1
act_24,24,0.02,0.42,90,332,0
act_24,24,0.02,0.42,90,122,0
act_16,16,0.03,0.89,90,401,1
act_16,16,0.03,0.89,90,319,1
act_16,16,0.03,0.89,90,227,1
act_16,16,0.03,0.89,90,397,1
act_15,15,0.12,0.76,91,8,1
act_15,15,0.12,0.76,91,168,1
act_14,14,0.08,0.66,92,322,1
act_14,14,0.08,0.66,92,190,1
act_0,0,0.23,0.44,92,375,1
act_14,14,0.08,0.66,92,306,1
act_11,11,0.25,0.25,93,222,0
act_28,28,0.06,0.6,93,225,0
act_21,21,0.1,0.54,94,300,1
act_21,21,0.1,0.54,94,41,1
act_36,36,0.1,0.44,94,263,0
act_21,21,0.1,0.54,94,81,1
act_27,27,0.09,0.7,95,111,1
act_27,27,0.09,0.7,95,180,1
act_27,27,0.09,0.7,95,119,1
act_18,18,0.14,0.48,96,87,0
act_18,18,0.14,0.48,96,213,0
act_9,9,0.05,0.78,96,129,1
act_9,9,0.05,0.78,96,140,1
act_35,35,0.3,0.53,97,187,1
act_3,3,0.18,0.5,97,386,1
act_6,6,0.04,0.44,98,314,0
act_11,11,0.25,0.25,98,136,0
act_6,6,0.04,0.44,98,15,0
act_6,6,0.04,0.44,98,123,0
act_6,6,0.04,0.44,98,264,0
act_6,6,0.04,0.44,98,194,0
act_6,6,0.04,0.44,98,400,0
act_39,39,0.12,0.94,99,36,1
act_39,39,0.12,0.94,99,228,1
act_39,39,0.12,0.94,99,308,1
act_29,29,0.04,0.31,99,242,1
act_29,29,0.04,0.31,99,101,1
act_29,29,0.04,0.31,99,287,1

Alpha (resource id, list of activity ids)
0:5,3
1:1,37,11
2:6,13,11
3:14,24
4:31,15,24,26
5:27,38,14,36
6:17,1
7:1,36
8:20,23,35,7
9:20,34,16,24
10:4,34,7
11:28,20
12:9,5,11,2
13:20,3,15,16
14:17,4,2,9
15:20,37,36
16:3,6,16,0
17:11,24,37,25
18:13,8,19
19:10,4,32
20:12,25,29
21:2,27,0,33
22:15,23
23:36,31,10
24:5,10
25:36,3,9,16
26:2,26
27:6,1,10
28:34,17
29:24,6,13
30:27,18,32,11
31:33,26
32:7,36
33:38,26
34:17,8,23,10
35:30,28,10,4
36:17,13
37:36,17
38:37,34,30,17
39:17,14,8
40:10,16,19,12
41:13,37
42:23,29,10
43:34,25,35,2
44:23,20
45:12,22,27
46:4,22
47:34,24,35
48:0,8,14
49:6,2
50:8,12,37
51:13,20,28,32
52:20,17,6
53:9,5,3
54:23,14,11,4
55:17,19
56:7,14
57:15,4
58:5,4,21
59:7,30
60:35,7
61:38,26,2
62:27,0
63:32,39,12,8
64:12,16,18,21
65:31,0
66:11,34,35,39
67:17,14,34,26
68:14,12
69:18,9,16
70:10,6,1,24
71:39,25,17
72:13,0,2
73:38,34,13,14
74:17,14,30,38
75:6,0,30
76:0,21
77:16,20,7
78:24,17,15
79:19,34,10,5
80:20,10,18,29
81:17,4
82:35,32
83:23,36
84:33,3,25,21
85:27,8,17
86:27,7
87:26,33,17,27
88:19,9,27
89:27,4,13,28
90:24,16
91:18,15
92:13,0,14
93:18,11,25,28
94:36,21
95:34,27,2
96:18,2,9
97:3,35
98:6,19,11
99:37,29,39

Costs (resource, resource to replace, activity, cost)
0,0,5,0
0,12,5,0.57
0,24,5,0.92
0,53,5,0.33
0,58,5,0.19
0,79,5,0.96
0,0,3,0
0,13,3,0.13
0,16,3,0.19
0,25,3,0.87
0,53,3,0.36
0,84,3,0.0
0,97,3,0.14
1,1,1,0
1,6,1,0.8
1,7,1,0.37
1,27,1,0.08
1,70,1,0.03
1,1,37,0
1,15,37,0.12
1,17,37,0.91
1,38,37,0.41
1,41,37,0.69
1,50,37,0.13
1,99,37,0.13
1,1,11,0
1,2,11,0.83
1,12,11,0.27
1,17,11,0.78
1,30,11,0.19
1,54,11,0.15
1,66,11,0.02
1,93,11,0.89
1,98,11,0.79
2,2,6,0
2,16,6,0.07
2,27,6,0.53
2,29,6,0.68
2,49,6,0.19
2,52,6,0.85
2,70,6,0.4
2,75,6,0.45
2,98,6,0.46
2,2,13,0
2,18,13,0.51
2,29,13,0.59
2,36,13,0.99
2,41,13,0.22
2,51,13,0.57
2,72,13,0.89
2,73,13,0.0
2,89,13,0.58
2,92,13,0.94
2,1,11,0.43
2,2,11,0
2,12,11,0.36
2,17,11,0.13
2,30,11,0.55
2,54,11,0.11
2,66,11,0.63
2,93,11,0.61
2,98,11,0.84
3,3,14,0
3,5,14,0.83
3,39,14,0.59
3,48,14,0.08
3,54,14,0.41
3,56,14,0.01
3,67,14,0.25
3,68,14,0.15
3,73,14,0.04
3,74,14,0.05
3,92,14,0.35
3,3,24,0
3,4,24,0.8
3,9,24,0.23
3,17,24,0.07
3,29,24,0.15
3,47,24,0.74
3,70,24,0.5
3,78,24,0.18
3,90,24,0.03
4,4,31,0
4,23,31,0.08
4,65,31,0.75
4,4,15,0
4,13,15,0.94
4,22,15,0.94
4,57,15,0.59
4,78,15,0.25
4,91,15,0.91
4,3,24,0.3
4,4,24,0
4,9,24,0.86
4,17,24,0.18
4,29,24,0.35
4,47,24,0.4
4,70,24,0.49
4,78,24,0.35
4,90,24,0.76
4,4,26,0
4,26,26,0.3
4,31,26,0.88
4,33,26,0.7
4,61,26,0.69
4,67,26,0.01
4,87,26,0.8
5,5,27,0
5,21,27,0.03
5,30,27,0.19
5,45,27,0.16
5,62,27,0.12
5,85,27,0.7
5,86,27,0.85
5,87,27,0.21
5,88,27,0.78
5,89,27,0.93
5,95,27,0.62
5,5,38,0
5,33,38,0.25
5,61,38,0.44
5,73,38,0.21
5,74,38,0.04
5,3,14,0.56
5,5,14,0
5,39,14,0.8
5,48,14,0.91
5,54,14,0.4
5,56,14,0.83
5,67,14,0.3
5,68,14,0.67
5,73,14,0.18
5,74,14,0.61
5,92,14,0.28
5,5,36,0
5,7,36,0.52
5,15,36,0.18
5,23,36,0.63
5,25,36,0.24
5,32,36,0.11
5,37,36,1.0
5,83,36,0.71
5,94,36,0.69
6,6,17,0
6,14,17,0.76
6,28,17,0.34
6,34,17,0.08
6,36,17,0.33
6,37,17,0.09
6,38,17,0.08
6,39,17,0.8
6,52,17,0.22
6,55,17,0.1
6,67,17,0.78
6,71,17,0.01
6,74,17,0.35
6,78,17,0.06
6,81,17,0.51
6,85,17,0.54
6,87,17,0.42
6,1,1,0.64
6,6,1,0
6,7,1,0.62
6,27,1,0.23
6,70,1,0.39
7,1,1,0.25
7,6,1,0.55
7,7,1,0
7,27,1,0.73
7,70,1,0.22
7,5,36,0.31
7,7,36,0
7,15,36,0.48
7,23,36,0.76
7,25,36,0.85
7,32,36,0.4
7,37,36,0.27
7,83,36,0.68
7,94,36,0.75
8,8,20,0
8,9,20,0.28
8,11,20,0.6
8,13,20,0.68
8,15,20,0.06
8,44,20,0.55
8,51,20,0.26
8,52,20,0.19
8,77,20,0.0
8,80,20,0.98
8,8,23,0
8,22,23,0.32
8,34,23,0.31
8,42,23,0.9
8,44,23,0.46
8,54,23,0.03
8,83,23,0.37
8,8,35,0
8,43,35,0.54
8,47,35,0.71
8,60,35,0.52
8,66,35,0.87
8,82,35,0.68
8,97,35,1.0
8,8,7,0
8,10,7,0.48
8,32,7,0.5
8,56,7,0.84
8,59,7,0.01
8,60,7,0.86
8,77,7,0.15
8,86,7,0.83
9,8,20,0.31
9,9,20,0
9,11,20,0.07
9,13,20,0.5
9,15,20,0.32
9,44,20,0.26
9,51,20,0.12
9,52,20,0.87
9,77,20,0.22
9,80,20,0.03
9,9,34,0
9,10,34,0.56
9,28,34,0.74
9,38,34,0.69
9,43,34,0.31
9,47,34,0.49
9,66,34,0.91
9,67,34,0.79
9,73,34,0.46
9,79,34,0.25
9,95,34,0.28
9,9,16,0
9,13,16,0.06
9,16,16,0.56
9,25,16,0.83
9,40,16,0.45
9,64,16,0.56
9,69,16,0.8
9,77,16,0.27
9,90,16,0.25
9,3,24,0.97
9,4,24,0.83
9,9,24,0
9,17,24,0.37
9,29,24,0.42
9,47,24,0.92
9,70,24,0.74
9,78,24,0.16
9,90,24,0.59
10,10,4,0
10,14,4,0.56
10,19,4,0.13
10,35,4,0.66
10,46,4,0.84
10,54,4,0.53
10,57,4,0.77
10,58,4,0.04
10,81,4,0.14
10,89,4,0.54
10,9,34,0.9
10,10,34,0
10,28,34,0.94
10,38,34,0.58
10,43,34,0.59
10,47,34,0.58
10,66,34,0.73
10,67,34,0.53
10,73,34,0.74
10,79,34,0.72
10,95,34,0.0
10,8,7,0.15
10,10,7,0
10,32,7,0.29
10,56,7,0.14
10,59,7,0.81
10,60,7,0.12
10,77,7,0.56
10,86,7,0.66
11,11,28,0
11,35,28,0.87
11,51,28,0.88
11,89,28,0.49
11,93,28,0.67
11,8,20,0.14
11,9,20,0.89
11,11,20,0
11,13,20,1.0
11,15,20,0.8
11,44,20,0.89
11,51,20,0.71
11,52,20,0.83
11,77,20,0.71
11,80,20,0.66
12,12,9,0
12,14,9,0.19
12,25,9,0.11
12,53,9,0.83
12,69,9,0.9
12,88,9,0.6
12,96,9,0.29
12,0,5,0.71
12,12,5,0
12,24,5,0.13
12,53,5,0.31
12,58,5,0.37
12,79,5,0.64
12,1,11,0.92
12,2,11,0.68
12,12,11,0
12,17,11,0.41
12,30,11,0.39
12,54,11,0.79
12,66,11,0.48
12,93,11,0.73
12,98,11,0.89
12,12,2,0
12,14,2,0.13
12,21,2,0.23
12,26,2,0.46
12,43,2,0.63
12,49,2,0.56
12,61,2,0.83
12,72,2,0.79
12,95,2,0.03
12,96,2,0.73
13,8,20,0.06
13,9,20,0.69
13,11,20,0.73
13,13,20,0
13,15,20,0.95
13,44,20,0.33
13,51,20,0.07
13,52,20,0.19
13,77,20,0.85
13,80,20,0.67
13,0,3,0.49
13,13,3,0
13,16,3,0.66
13,25,3,0.27
13,53,3,0.43
13,84,3,0.11
13,97,3,0.83
13,4,15,1.0
13,13,15,0
13,22,15,0.59
13,57,15,0.98
13,78,15,0.29
13,91,15,0.9
13,9,16,0.34
13,13,16,0
13,16,16,0.17
13,25,16,0.97
13,40,16,0.57
13,64,16,0.74
13,69,16,0.59
13,77,16,0.02
13,90,16,0.06
14,6,17,0.41
14,14,17,0
14,28,17,0.09
14,34,17,0.97
14,36,17,0.15
14,37,17,0.24
14,38,17,0.25
14,39,17,0.19
14,52,17,0.04
14,55,17,0.97
14,67,17,0.82
14,71,17,0.14
14,74,17,0.03
14,78,17,0.98
14,81,17,0.36
14,85,17,0.89
14,87,17,0.7
14,10,4,0.41
14,14,4,0
14,19,4,0.47
14,35,4,0.09
14,46,4,0.73
14,54,4,0.65
14,57,4,0.44
14,58,4,0.32
14,81,4,0.89
14,89,4,0.91
14,12,2,0.99
14,14,2,0
14,21,2,0.44
14,26,2,0.46
14,43,2,0.51
14,49,2,0.06
14,61,2,0.43
14,72,2,0.09
14,95,2,0.08
14,96,2,0.38
14,12,9,0.65
14,14,9,0
14,25,9,0.08
14,53,9,0.45
14,69,9,0.6
14,88,9,0.22
14,96,9,0.89
15,8,20,0.12
15,9,20,0.0
15,11,20,0.1
15,13,20,0.5
15,15,20,0
15,44,20,0.06
15,51,20,0.52
15,52,20,0.94
15,77,20,0.51
15,80,20,0.57
15,1,37,0.17
15,15,37,0
15,17,37,0.04
15,38,37,0.06
15,41,37,0.57
15,50,37,0.16
15,99,37,0.86
15,5,36,0.29
15,7,36,0.9
15,15,36,0
15,23,36,0.56
15,25,36,0.73
15,32,36,0.06
15,37,36,0.61
15,83,36,0.54
15,94,36,0.0
16,0,3,0.37
16,13,3,0.25
16,16,3,0
16,25,3,0.2
16,53,3,0.28
16,84,3,1.0
16,97,3,0.99
16,2,6,0.78
16,16,6,0
16,27,6,0.87
16,29,6,0.59
16,49,6,0.32
16,52,6,0.09
16,70,6,0.6
16,75,6,0.59
16,98,6,0.21
16,9,16,0.33
16,13,16,0.26
16,16,16,0
16,25,16,0.7
16,40,16,0.65
16,64,16,0.02
16,69,16,0.86
16,77,16,0.0
16,90,16,0.7
16,16,0,0
16,21,0,0.72
16,48,0,0.33
16,62,0,0.2
16,65,0,0.31
16,72,0,0.35
16,75,0,0.98
16,76,0,0.59
16,92,0,0.05
17,1,11,0.94
17,2,11,0.29
17,12,11,0.25
17,17,11,0
17,30,11,0.81
17,54,11,0.28
17,66,11,0.55
17,93,11,0.13
17,98,11,0.48
17,3,24,0.94
17,4,24,0.71
17,9,24,0.95
17,17,24,0
17,29,24,0.82
17,47,24,0.21
17,70,24,0.29
17,78,24,0.31
17,90,24,0.85
17,1,37,0.74
17,15,37,0.0
17,17,37,0
17,38,37,0.23
17,41,37,0.62
17,50,37,0.36
17,99,37,0.92
17,17,25,0
17,20,25,0.7
17,43,25,0.94
17,71,25,0.26
17,84,25,0.89
17,93,25,0.57
18,2,13,0.91
18,18,13,0
18,29,13,0.97
18,36,13,0.99
18,41,13,0.27
18,51,13,0.52
18,72,13,0.49
18,73,13,0.84
18,89,13,0.6
18,92,13,0.73
18,18,8,0
18,34,8,0.92
18,39,8,0.54
18,48,8,0.08
18,50,8,0.93
18,63,8,0.53
18,85,8,0.61
18,18,19,0
18,40,19,0.63
18,55,19,0.39
18,79,19,0.19
18,88,19,0.82
18,98,19,0.28
19,19,10,0
19,23,10,0.8
19,24,10,0.21
19,27,10,0.82
19,34,10,0.33
19,35,10,0.11
19,40,10,0.55
19,42,10,0.56
19,70,10,0.4
19,79,10,0.27
19,80,10,0.64
19,10,4,0.11
19,14,4,0.84
19,19,4,0
19,35,4,0.35
19,46,4,0.32
19,54,4,0.66
19,57,4,0.95
19,58,4,0.88
19,81,4,0.5
19,89,4,0.04
19,19,32,0
19,30,32,0.29
19,51,32,0.5
19,63,32,0.73
19,82,32,0.89
20,20,12,0
20,40,12,0.28
20,45,12,0.03
20,50,12,0.06
20,63,12,0.51
20,64,12,0.58
20,68,12,0.83
20,17,25,0.76
20,20,25,0
20,43,25,0.85
20,71,25,0.67
20,84,25,0.47
20,93,25,0.95
20,20,29,0
20,42,29,0.32
20,80,29,0.53
20,99,29,0.78
21,12,2,0.91
21,14,2,0.01
21,21,2,0
21,26,2,0.76
21,43,2,0.96
21,49,2,0.13
21,61,2,0.14
21,72,2,0.97
21,95,2,0.97
21,96,2,0.64
21,5,27,0.58
21,21,27,0
21,30,27,0.52
21,45,27,0.54
21,62,27,0.41
21,85,27,0.62
21,86,27,0.46
21,87,27,0.33
21,88,27,0.27
21,89,27,0.11
21,95,27,0.54
21,16,0,0.63
21,21,0,0
21,48,0,0.62
21,62,0,0.83
21,65,0,0.9
21,72,0,0.16
21,75,0,0.03
21,76,0,0.25
21,92,0,0.41
21,21,33,0
21,31,33,0.98
21,84,33,0.19
21,87,33,0.58
22,4,15,0.48
22,13,15,0.36
22,22,15,0
22,57,15,0.28
22,78,15,0.83
22,91,15,0.17
22,8,23,0.89
22,22,23,0
22,34,23,0.8
22,42,23,0.41
22,44,23,0.17
22,54,23,0.37
22,83,23,0.89
23,5,36,0.18
23,7,36,0.39
23,15,36,0.32
23,23,36,0
23,25,36,0.26
23,32,36,0.99
23,37,36,0.68
23,83,36,0.27
23,94,36,0.13
23,4,31,0.01
23,23,31,0
23,65,31,0.92
23,19,10,0.17
23,23,10,0
23,24,10,0.2
23,27,10,0.16
23,34,10,0.72
23,35,10,0.85
23,40,10,0.39
23,42,10,0.86
23,70,10,0.95
23,79,10,0.5
23,80,10,0.67
24,0,5,0.13
24,12,5,0.62
24,24,5,0
24,53,5,0.85
24,58,5,0.24
24,79,5,0.11
24,19,10,0.68
24,23,10,0.68
24,24,10,0
24,27,10,0.69
24,34,10,0.11
24,35,10,0.08
24,40,10,0.28
24,42,10,0.25
24,70,10,0.76
24,79,10,0.75
24,80,10,0.29
25,5,36,0.76
25,7,36,0.46
25,15,36,0.43
25,23,36,0.96
25,25,36,0
25,32,36,0.07
25,37,36,0.29
25,83,36,0.59
25,94,36,0.39
25,0,3,0.25
25,13,3,0.03
25,16,3,0.54
25,25,3,0
25,53,3,0.07
25,84,3,0.01
25,97,3,0.67
25,12,9,0.18
25,14,9,0.42
25,25,9,0
25,53,9,0.41
25,69,9,0.32
25,88,9,0.01
25,96,9,0.95
25,9,16,0.2
25,13,16,0.26
25,16,16,0.67
25,25,16,0
25,40,16,0.17
25,64,16,0.18
25,69,16,0.96
25,77,16,0.23
25,90,16,0.43
26,12,2,0.69
26,14,2,0.23
26,21,2,0.81
26,26,2,0
26,43,2,0.42
26,49,2,0.7
26,61,2,0.38
26,72,2,0.08
26,95,2,0.82
26,96,2,0.44
26,4,26,0.31
26,26,26,0
26,31,26,0.14
26,33,26,0.2
26,61,26,0.58
26,67,26,0.05
26,87,26,0.03
27,2,6,0.97
27,16,6,0.51
27,27,6,0
27,29,6,0.42
27,49,6,0.31
27,52,6,0.43
27,70,6,0.98
27,75,6,0.18
27,98,6,0.29
27,1,1,0.99
27,6,1,0.37
27,7,1,0.21
27,27,1,0
27,70,1,0.18
27,19,10,0.37
27,23,10,0.48
27,24,10,0.01
27,27,10,0
27,34,10,0.28
27,35,10,0.89
27,40,10,0.31
27,42,10,0.47
27,70,10,0.01
27,79,10,0.93
27,80,10,0.42
28,9,34,0.9
28,10,34,0.81
28,28,34,0
28,38,34,0.31
28,43,34,0.33
28,47,34,0.04
28,66,34,0.2
28,67,34,0.52
28,73,34,0.7
28,79,34,0.33
28,95,34,0.58
28,6,17,0.77
28,14,17,0.9
28,28,17,0
28,34,17,0.6
28,36,17,0.93
28,37,17,0.12
28,38,17,0.8
28,39,17,0.86
28,52,17,0.45
28,55,17,0.49
28,67,17,0.02
28,71,17,0.25
28,74,17,0.4
28,78,17,0.48
28,81,17,0.39
28,85,17,0.83
28,87,17,0.68
29,3,24,0.82
29,4,24,0.46
29,9,24,0.47
29,17,24,0.85
29,29,24,0
29,47,24,0.0
29,70,24,0.94
29,78,24,0.2
29,90,24,0.73
29,2,6,0.48
29,16,6,0.05
29,27,6,0.11
29,29,6,0
29,49,6,0.31
29,52,6,0.81
29,70,6,0.71
29,75,6,0.27
29,98,6,0.51
29,2,13,0.81
29,18,13,0.91
29,29,13,0
29,36,13,0.65
29,41,13,0.85
29,51,13,0.27
29,72,13,0.88
29,73,13,0.19
29,89,13,0.03
29,92,13,0.84
30,5,27,0.9
30,21,27,0.16
30,30,27,0
30,45,27,0.4
30,62,27,0.39
30,85,27,0.53
30,86,27,0.26
30,87,27,0.09
30,88,27,0.79
30,89,27,0.61
30,95,27,0.21
30,30,18,0
30,64,18,0.29
30,69,18,0.17
30,80,18,0.26
30,91,18,0.91
30,93,18,0.15
30,96,18,0.2
30,19,32,0.06
30,30,32,0
30,51,32,0.94
30,63,32,0.93
30,82,32,0.11
30,1,11,0.37
30,2,11,0.47
30,12,11,0.8
30,17,11,0.48
30,30,11,0
30,54,11,0.98
30,66,11,0.04
30,93,11,0.23
30,98,11,0.7
31,21,33,0.05
31,31,33,0
31,84,33,0.88
31,87,33,0.18
31,4,26,0.04
31,26,26,0.62
31,31,26,0
31,33,26,0.83
31,61,26,0.12
31,67,26,0.93
31,87,26,0.23
32,8,7,0.14
32,10,7,0.42
32,32,7,0
32,56,7,0.61
32,59,7,0.48
32,60,7,0.33
32,77,7,0.73
32,86,7,0.6
32,5,36,0.39
32,7,36,0.28
32,15,36,0.37
32,23,36,0.09
32,25,36,0.29
32,32,36,0
32,37,36,0.08
32,83,36,0.81
32,94,36,0.52
33,5,38,0.81
33,33,38,0
33,61,38,0.4
33,73,38,0.83
33,74,38,0.29
33,4,26,0.51
33,26,26,0.23
33,31,26,0.2
33,33,26,0
33,61,26,0.41
33,67,26,0.17
33,87,26,0.69
34,6,17,0.87
34,14,17,0.6
34,28,17,0.45
34,34,17,0
34,36,17,0.97
34,37,17,0.87
34,38,17,0.49
34,39,17,0.56
34,52,17,0.37
34,55,17,0.06
34,67,17,0.29
34,71,17,0.95
34,74,17,0.71
34,78,17,0.33
34,81,17,0.47
34,85,17,0.35
34,87,17,0.52
34,18,8,0.67
34,34,8,0
34,39,8,0.08
34,48,8,0.53
34,50,8,0.07
34,63,8,0.9
34,85,8,0.82
34,8,23,0.02
34,22,23,0.08
34,34,23,0
34,42,23,0.69
34,44,23,0.21
34,54,23,0.92
34,83,23,0.82
34,19,10,0.65
34,23,10,0.45
34,24,10,0.25
34,27,10,0.84
34,34,10,0
34,35,10,0.19
34,40,10,0.63
34,42,10,0.49
34,70,10,0.8
34,79,10,0.68
34,80,10,0.95
35,35,30,0
35,38,30,0.89
35,59,30,0.24
35,74,30,0.89
35,75,30,0.97
35,11,28,0.76
35,35,28,0
35,51,28,0.45
35,89,28,0.05
35,93,28,0.5
35,19,10,0.36
35,23,10,0.51
35,24,10,0.68
35,27,10,0.23
35,34,10,0.08
35,35,10,0
35,40,10,0.36
35,42,10,0.9
35,70,10,0.32
35,79,10,0.43
35,80,10,0.71
35,10,4,0.05
35,14,4,0.25
35,19,4,0.79
35,35,4,0
35,46,4,0.58
35,54,4,0.73
35,57,4,0.63
35,58,4,0.48
35,81,4,0.38
35,89,4,0.29
36,6,17,0.15
36,14,17,0.69
36,28,17,0.66
36,34,17,0.73
36,36,17,0
36,37,17,0.71
36,38,17,0.66
36,39,17,0.93
36,52,17,0.74
36,55,17,0.48
36,67,17,0.86
36,71,17,0.79
36,74,17,0.3
36,78,17,0.49
36,81,17,0.33
36,85,17,0.31
36,87,17,0.94
36,2,13,0.73
36,18,13,0.3
36,29,13,0.6
36,36,13,0
36,41,13,0.24
36,51,13,0.68
36,72,13,0.71
36,73,13,0.83
36,89,13,0.56
36,92,13,0.97
37,5,36,0.34
37,7,36,0.01
37,15,36,0.56
37,23,36,0.33
37,25,36,0.71
37,32,36,0.69
37,37,36,0
37,83,36,0.4
37,94,36,0.71
37,6,17,0.79
37,14,17,0.2
37,28,17,0.72
37,34,17,0.01
37,36,17,0.38
37,37,17,0
37,38,17,0.01
37,39,17,0.62
37,52,17,0.42
37,55,17,0.98
37,67,17,0.83
37,71,17,0.31
37,74,17,0.13
37,78,17,0.31
37,81,17,0.21
37,85,17,0.86
37,87,17,0.7
38,1,37,0.4
38,15,37,0.66
38,17,37,0.28
38,38,37,0
38,41,37,0.93
38,50,37,0.81
38,99,37,0.05
38,9,34,0.0
38,10,34,0.65
38,28,34,0.23
38,38,34,0
38,43,34,0.89
38,47,34,0.96
38,66,34,0.15
38,67,34,0.4
38,73,34,0.26
38,79,34,0.79
38,95,34,0.81
38,35,30,0.01
38,38,30,0
38,59,30,0.0
38,74,30,0.81
38,75,30,0.3
38,6,17,0.96
38,14,17,0.59
38,28,17,0.29
38,34,17,0.2
38,36,17,0.84
38,37,17,0.79
38,38,17,0
38,39,17,0.75
38,52,17,0.04
38,55,17,0.81
38,67,17,0.69
38,71,17,0.88
38,74,17,0.7
38,78,17,0.28
38,81,17,0.29
38,85,17,0.33
38,87,17,0.51
39,6,17,0.83
39,14,17,0.05
39,28,17,0.12
39,34,17,0.48
39,36,17,0.21
39,37,17,0.17
39,38,17,0.66
39,39,17,0
39,52,17,0.77
39,55,17,0.17
39,67,17,0.57
39,71,17,0.42
39,74,17,0.49
39,78,17,0.33
39,81,17,0.39
39,85,17,0.3
39,87,17,0.68
39,3,14,0.8
39,5,14,0.77
39,39,14,0
39,48,14,0.11
39,54,14,0.05
39,56,14,0.85
39,67,14,0.12
39,68,14,0.17
39,73,14,0.81
39,74,14,0.87
39,92,14,0.71
39,18,8,0.6
39,34,8,0.34
39,39,8,0
39,48,8,0.92
39,50,8,0.42
39,63,8,0.86
39,85,8,0.67
40,19,10,0.44
40,23,10,0.08
40,24,10,0.32
40,27,10,0.31
40,34,10,0.11
40,35,10,0.66
40,40,10,0
40,42,10,0.01
40,70,10,0.68
40,79,10,0.57
40,80,10,0.41
40,9,16,0.37
40,13,16,0.52
40,16,16,0.34
40,25,16,0.94
40,40,16,0
40,64,16,0.33
40,69,16,0.46
40,77,16,1.0
40,90,16,0.23
40,18,19,0.22
40,40,19,0
40,55,19,0.09
40,79,19,0.42
40,88,19,0.87
40,98,19,0.18
40,20,12,0.48
40,40,12,0
40,45,12,0.36
40,50,12,0.43
40,63,12,0.97
40,64,12,0.05
40,68,12,0.74
41,2,13,0.46
41,18,13,0.46
41,29,13,0.59
41,36,13,0.4
41,41,13,0
41,51,13,0.91
41,72,13,0.39
41,73,13,0.72
41,89,13,0.62
41,92,13,0.76
41,1,37,0.05
41,15,37,0.93
41,17,37,0.88
41,38,37,0.63
41,41,37,0
41,50,37,0.35
41,99,37,0.49
42,8,23,0.19
42,22,23,0.8
42,34,23,0.51
42,42,23,0
42,44,23,0.91
42,54,23,0.21
42,83,23,0.79
42,20,29,0.8
42,42,29,0
42,80,29,0.75
42,99,29,0.32
42,19,10,0.71
42,23,10,0.21
42,24,10,0.31
42,27,10,0.12
42,34,10,0.88
42,35,10,0.84
42,40,10,0.05
42,42,10,0
42,70,10,0.31
42,79,10,0.44
42,80,10,0.8
43,9,34,0.02
43,10,34,0.87
43,28,34,0.17
43,38,34,0.86
43,43,34,0
43,47,34,0.77
43,66,34,0.47
43,67,34,0.57
43,73,34,0.35
43,79,34,0.38
43,95,34,0.93
43,17,25,0.67
43,20,25,0.12
43,43,25,0
43,71,25,0.98
43,84,25,0.28
43,93,25,0.39
43,8,35,0.42
43,43,35,0
43,47,35,0.36
43,60,35,0.09
43,66,35,0.08
43,82,35,0.12
43,97,35,0.07
43,12,2,0.55
43,14,2,0.05
43,21,2,0.52
43,26,2,0.24
43,43,2,0
43,49,2,0.74
43,61,2,0.76
43,72,2,0.08
43,95,2,0.91
43,96,2,0.21
44,8,23,0.37
44,22,23,0.94
44,34,23,0.87
44,42,23,0.8
44,44,23,0
44,54,23,0.15
44,83,23,0.79
44,8,20,0.27
44,9,20,0.11
44,11,20,0.48
44,13,20,0.75
44,15,20,0.12
44,44,20,0
44,51,20,0.53
44,52,20,0.38
44,77,20,0.62
44,80,20,0.23
45,20,12,0.36
45,40,12,0.87
45,45,12,0
45,50,12,0.59
45,63,12,0.85
45,64,12,0.33
45,68,12,0.2
45,45,22,0
45,46,22,0.99
45,5,27,0.86
45,21,27,0.84
45,30,27,0.49
45,45,27,0
45,62,27,0.55
45,85,27,0.35
45,86,27,0.75
45,87,27,0.28
45,88,27,0.36
45,89,27,0.51
45,95,27,0.62
46,10,4,0.0
46,14,4,0.39
46,19,4,0.88
46,35,4,0.57
46,46,4,0
46,54,4,0.34
46,57,4,0.91
46,58,4,0.66
46,81,4,0.09
46,89,4,0.13
46,45,22,0.37
46,46,22,0
47,9,34,0.01
47,10,34,0.7
47,28,34,0.73
47,38,34,0.54
47,43,34,0.99
47,47,34,0
47,66,34,0.19
47,67,34,0.27
47,73,34,0.8
47,79,34,0.31
47,95,34,0.11
47,3,24,0.11
47,4,24,0.78
47,9,24,0.38
47,17,24,0.22
47,29,24,0.38
47,47,24,0
47,70,24,0.8
47,78,24,0.18
47,90,24,0.26
47,8,35,0.72
47,43,35,0.25
47,47,35,0
47,60,35,0.84
47,66,35,0.55
47,82,35,0.74
47,97,35,0.87
48,16,0,0.35
48,21,0,0.61
48,48,0,0
48,62,0,0.46
48,65,0,0.87
48,72,0,0.18
48,75,0,0.55
48,76,0,0.0
48,92,0,0.69
48,18,8,0.62
48,34,8,0.19
48,39,8,0.1
48,48,8,0
48,50,8,0.4
48,63,8,0.89
48,85,8,0.98
48,3,14,0.47
48,5,14,0.88
48,39,14,0.4
48,48,14,0
48,54,14,0.67
48,56,14,0.47
48,67,14,0.64
48,68,14,0.24
48,73,14,0.91
48,74,14,0.03
48,92,14,0.96
49,2,6,0.52
49,16,6,0.34
49,27,6,0.1
49,29,6,0.57
49,49,6,0
49,52,6,0.25
49,70,6,0.3
49,75,6,0.59
49,98,6,0.94
49,12,2,0.35
49,14,2,0.31
49,21,2,0.21
49,26,2,0.14
49,43,2,0.12
49,49,2,0
49,61,2,0.98
49,72,2,0.08
49,95,2,0.75
49,96,2,0.64
50,18,8,0.47
50,34,8,0.0
50,39,8,0.49
50,48,8,0.06
50,50,8,0
50,63,8,0.71
50,85,8,0.57
50,20,12,0.25
50,40,12,0.03
50,45,12,0.68
50,50,12,0
50,63,12,0.63
50,64,12,0.68
50,68,12,0.8
50,1,37,0.69
50,15,37,0.91
50,17,37,0.65
50,38,37,0.32
50,41,37,0.59
50,50,37,0
50,99,37,0.19
51,2,13,0.49
51,18,13,0.18
51,29,13,0.72
51,36,13,0.98
51,41,13,0.9
51,51,13,0
51,72,13,0.78
51,73,13,0.5
51,89,13,0.37
51,92,13,0.1
51,8,20,0.69
51,9,20,0.94
51,11,20,0.63
51,13,20,0.43
51,15,20,0.03
51,44,20,0.16
51,51,20,0
51,52,20,0.99
51,77,20,0.87
51,80,20,0.43
51,11,28,0.09
51,35,28,0.11
51,51,28,0
51,89,28,0.94
51,93,28,0.65
51,19,32,0.07
51,30,32,0.61
51,51,32,0
51,63,32,0.15
51,82,32,0.48
52,8,20,0.09
52,9,20,0.98
52,11,20,0.04
52,13,20,0.72
52,15,20,0.33
52,44,20,0.48
52,51,20,0.74
52,52,20,0
52,77,20,0.43
52,80,20,0.12
52,6,17,0.11
52,14,17,0.54
52,28,17,0.33
52,34,17,0.86
52,36,17,0.79
52,37,17,0.12
52,38,17,0.22
52,39,17,0.76
52,52,17,0
52,55,17,0.16
52,67,17,0.7
52,71,17,0.89
52,74,17,0.22
52,78,17,0.9
52,81,17,0.92
52,85,17,0.57
52,87,17,0.52
52,2,6,0.57
52,16,6,0.0
52,27,6,0.51
52,29,6,0.94
52,49,6,0.1
52,52,6,0
52,70,6,0.36
52,75,6,0.81
52,98,6,0.48
53,12,9,0.39
53,14,9,0.29
53,25,9,0.95
53,53,9,0
53,69,9,0.69
53,88,9,0.07
53,96,9,0.19
53,0,5,0.97
53,12,5,0.92
53,24,5,0.85
53,53,5,0
53,58,5,0.28
53,79,5,0.33
53,0,3,0.24
53,13,3,0.48
53,16,3,0.8
53,25,3,0.74
53,53,3,0
53,84,3,0.08
53,97,3,0.66
54,8,23,0.42
54,22,23,0.6
54,34,23,0.49
54,42,23,0.93
54,44,23,0.51
54,54,23,0
54,83,23,0.37
54,3,14,0.68
54,5,14,0.42
54,39,14,0.58
54,48,14,0.34
54,54,14,0
54,56,14,0.92
54,67,14,0.11
54,68,14,0.46
54,73,14,0.13
54,74,14,0.46
54,92,14,0.48
54,1,11,0.4
54,2,11,0.7
54,12,11,0.68
54,17,11,0.57
54,30,11,0.18
54,54,11,0
54,66,11,0.5
54,93,11,0.62
54,98,11,0.9
54,10,4,0.3
54,14,4,0.12
54,19,4,0.4
54,35,4,0.21
54,46,4,0.32
54,54,4,0
54,57,4,0.03
54,58,4,0.78
54,81,4,0.8
54,89,4,0.15
55,6,17,0.23
55,14,17,0.24
55,28,17,0.12
55,34,17,0.17
55,36,17,1.0
55,37,17,0.98
55,38,17,0.6
55,39,17,0.36
55,52,17,0.5
55,55,17,0
55,67,17,0.49
55,71,17,0.94
55,74,17,0.33
55,78,17,0.68
55,81,17,0.41
55,85,17,0.45
55,87,17,0.87
55,18,19,0.15
55,40,19,0.33
55,55,19,0
55,79,19,0.75
55,88,19,0.81
55,98,19,0.95
56,8,7,0.46
56,10,7,0.23
56,32,7,0.03
56,56,7,0
56,59,7,0.16
56,60,7,0.48
56,77,7,0.12
56,86,7,0.03
56,3,14,0.69
56,5,14,0.13
56,39,14,0.4
56,48,14,0.06
56,54,14,0.32
56,56,14,0
56,67,14,0.01
56,68,14,0.59
56,73,14,0.24
56,74,14,0.61
56,92,14,0.77
57,4,15,0.16
57,13,15,0.52
57,22,15,0.55
57,57,15,0
57,78,15,0.61
57,91,15,0.57
57,10,4,0.83
57,14,4,0.94
57,19,4,0.05
57,35,4,0.87
57,46,4,0.01
57,54,4,0.49
57,57,4,0
57,58,4,0.86
57,81,4,0.09
57,89,4,0.94
58,0,5,0.91
58,12,5,0.78
58,24,5,0.51
58,53,5,0.4
58,58,5,0
58,79,5,0.51
58,10,4,0.06
58,14,4,0.46
58,19,4,0.16
58,35,4,0.78
58,46,4,0.08
58,54,4,0.27
58,57,4,0.66
58,58,4,0
58,81,4,0.98
58,89,4,0.83
58,58,21,0
58,64,21,0.48
58,76,21,0.01
58,84,21,0.65
58,94,21,0.84
59,8,7,0.81
59,10,7,0.48
59,32,7,0.42
59,56,7,0.93
59,59,7,0
59,60,7,0.55
59,77,7,0.35
59,86,7,0.45
59,35,30,0.75
59,38,30,0.53
59,59,30,0
59,74,30,0.74
59,75,30,0.08
60,8,35,0.02
60,43,35,0.69
60,47,35,0.81
60,60,35,0
60,66,35,0.07
60,82,35,0.05
60,97,35,0.03
60,8,7,0.12
60,10,7,0.41
60,32,7,0.46
60,56,7,0.56
60,59,7,0.03
60,60,7,0
60,77,7,0.64
60,86,7,0.22
61,5,38,0.97
61,33,38,0.04
61,61,38,0
61,73,38,0.24
61,74,38,0.04
61,4,26,0.19
61,26,26,0.67
61,31,26,0.84
61,33,26,0.48
61,61,26,0
61,67,26,0.61
61,87,26,0.96
61,12,2,0.28
61,14,2,0.17
61,21,2,0.2
61,26,2,0.74
61,43,2,0.35
61,49,2,0.41
61,61,2,0
61,72,2,0.75
61,95,2,0.6
61,96,2,0.08
62,5,27,0.76
62,21,27,0.01
62,30,27,0.79
62,45,27,0.35
62,62,27,0
62,85,27,0.06
62,86,27,0.49
62,87,27,0.22
62,88,27,0.62
62,89,27,0.78
62,95,27,0.6
62,16,0,0.62
62,21,0,0.12
62,48,0,0.42
62,62,0,0
62,65,0,0.57
62,72,0,0.95
62,75,0,0.87
62,76,0,0.43
62,92,0,0.33
63,19,32,0.9
63,30,32,0.5
63,51,32,0.81
63,63,32,0
63,82,32,0.09
63,63,39,0
63,66,39,0.11
63,71,39,0.23
63,99,39,0.96
63,20,12,0.43
63,40,12,0.86
63,45,12,0.31
63,50,12,0.77
63,63,12,0
63,64,12,0.24
63,68,12,0.41
63,18,8,0.51
63,34,8,0.93
63,39,8,0.48
63,48,8,0.46
63,50,8,0.51
63,63,8,0
63,85,8,0.38
64,20,12,0.45
64,40,12,0.09
64,45,12,0.39
64,50,12,0.09
64,63,12,0.26
64,64,12,0
64,68,12,0.81
64,9,16,0.92
64,13,16,0.78
64,16,16,0.64
64,25,16,0.7
64,40,16,0.99
64,64,16,0
64,69,16,0.92
64,77,16,0.09
64,90,16,0.18
64,30,18,0.63
64,64,18,0
64,69,18,0.94
64,80,18,0.12
64,91,18,0.05
64,93,18,0.34
64,96,18,0.67
64,58,21,0.41
64,64,21,0
64,76,21,0.85
64,84,21,0.87
64,94,21,0.35
65,4,31,0.78
65,23,31,0.6
65,65,31,0
65,16,0,0.3
65,21,0,0.05
65,48,0,0.46
65,62,0,0.91
65,65,0,0
65,72,0,0.43
65,75,0,0.13
65,76,0,0.43
65,92,0,0.74
66,1,11,0.13
66,2,11,0.06
66,12,11,0.03
66,17,11,0.19
66,30,11,0.53
66,54,11,0.57
66,66,11,0
66,93,11,0.01
66,98,11,0.49
66,9,34,0.58
66,10,34,0.35
66,28,34,0.59
66,38,34,0.55
66,43,34,0.84
66,47,34,0.87
66,66,34,0
66,67,34,0.38
66,73,34,0.0
66,79,34,0.3
66,95,34,0.77
66,8,35,0.32
66,43,35,0.28
66,47,35,0.06
66,60,35,0.79
66,66,35,0
66,82,35,0.55
66,97,35,0.36
66,63,39,0.83
66,66,39,0
66,71,39,0.16
66,99,39,0.72
67,6,17,0.02
67,14,17,0.98
67,28,17,0.41
67,34,17,0.92
67,36,17,0.77
67,37,17,0.14
67,38,17,0.01
67,39,17,0.36
67,52,17,0.95
67,55,17,0.62
67,67,17,0
67,71,17,0.82
67,74,17,0.25
67,78,17,0.06
67,81,17,0.88
67,85,17,0.38
67,87,17,0.7
67,3,14,0.67
67,5,14,0.98
67,39,14,0.35
67,48,14,0.77
67,54,14,0.69
67,56,14,0.41
67,67,14,0
67,68,14,0.87
67,73,14,0.47
67,74,14,0.0
67,92,14,0.47
67,9,34,0.62
67,10,34,0.05
67,28,34,0.88
67,38,34,0.42
67,43,34,0.4
67,47,34,0.52
67,66,34,0.51
67,67,34,0
67,73,34,0.95
67,79,34,0.94
67,95,34,0.05
67,4,26,0.84
67,26,26,0.36
67,31,26,0.05
67,33,26,0.39
67,61,26,0.65
67,67,26,0
67,87,26,0.1
68,3,14,0.99
68,5,14,0.16
68,39,14,0.36
68,48,14,0.98
68,54,14,0.84
68,56,14,0.26
68,67,14,0.96
68,68,14,0
68,73,14,0.63
68,74,14,0.98
68,92,14,0.43
68,20,12,0.16
68,40,12,0.31
68,45,12,0.55
68,50,12,0.85
68,63,12,0.3
68,64,12,0.56
68,68,12,0
69,30,18,0.82
69,64,18,0.68
69,69,18,0
69,80,18,0.53
69,91,18,0.16
69,93,18,0.26
69,96,18,0.92
69,12,9,0.12
69,14,9,0.56
69,25,9,0.78
69,53,9,0.56
69,69,9,0
69,88,9,0.7
69,96,9,0.19
69,9,16,0.94
69,13,16,0.18
69,16,16,0.97
69,25,16,0.98
69,40,16,0.17
69,64,16,0.21
69,69,16,0
69,77,16,0.02
69,90,16,0.2
70,19,10,0.97
70,23,10,0.48
70,24,10,0.48
70,27,10,0.3
70,34,10,0.64
70,35,10,0.51
70,40,10,0.67
70,42,10,0.55
70,70,10,0
70,79,10,0.65
70,80,10,0.74
70,2,6,0.65
70,16,6,0.98
70,27,6,0.25
70,29,6,0.65
70,49,6,0.55
70,52,6,0.05
70,70,6,0
70,75,6,0.53
70,98,6,0.2
70,1,1,0.01
70,6,1,0.07
70,7,1,0.52
70,27,1,0.4
70,70,1,0
70,3,24,0.89
70,4,24,0.8
70,9,24,0.66
70,17,24,0.01
70,29,24,0.46
70,47,24,0.53
70,70,24,0
70,78,24,0.54
70,90,24,0.2
71,63,39,0.99
71,66,39,0.59
71,71,39,0
71,99,39,0.03
71,17,25,0.55
71,20,25,0.83
71,43,25,0.89
71,71,25,0
71,84,25,0.03
71,93,25,0.98
71,6,17,0.95
71,14,17,0.67
71,28,17,0.3
71,34,17,0.95
71,36,17,0.21
71,37,17,0.39
71,38,17,0.62
71,39,17,0.37
71,52,17,0.52
71,55,17,0.15
71,67,17,0.96
71,71,17,0
71,74,17,0.94
71,78,17,0.93
71,81,17,0.46
71,85,17,0.09
71,87,17,0.54
72,2,13,0.23
72,18,13,0.11
72,29,13,0.76
72,36,13,0.93
72,41,13,0.59
72,51,13,0.17
72,72,13,0
72,73,13,0.71
72,89,13,0.52
72,92,13,0.71
72,16,0,0.98
72,21,0,0.66
72,48,0,0.18
72,62,0,0.58
72,65,0,0.38
72,72,0,0
72,75,0,0.26
72,76,0,0.14
72,92,0,0.16
72,12,2,0.95
72,14,2,0.64
72,21,2,0.42
72,26,2,1.0
72,43,2,0.63
72,49,2,0.9
72,61,2,0.32
72,72,2,0
72,95,2,0.0
72,96,2,0.08
73,5,38,0.47
73,33,38,0.38
73,61,38,0.43
73,73,38,0
73,74,38,0.29
73,9,34,0.16
73,10,34,0.28
73,28,34,0.52
73,38,34,0.63
73,43,34,0.18
73,47,34,0.56
73,66,34,0.81
73,67,34,0.63
73,73,34,0
73,79,34,0.48
73,95,34,0.92
73,2,13,0.62
73,18,13,0.89
73,29,13,0.31
73,36,13,0.66
73,41,13,0.22
73,51,13,0.43
73,72,13,0.44
73,73,13,0
73,89,13,0.09
73,92,13,0.27
73,3,14,0.02
73,5,14,0.14
73,39,14,0.02
73,48,14,0.4
73,54,14,0.85
73,56,14,0.12
73,67,14,0.3
73,68,14,0.9
73,73,14,0
73,74,14,0.39
73,92,14,0.43
74,6,17,0.35
74,14,17,0.77
74,28,17,0.33
74,34,17,0.89
74,36,17,0.92
74,37,17,0.58
74,38,17,0.19
74,39,17,0.66
74,52,17,0.27
74,55,17,0.77
74,67,17,0.03
74,71,17,0.96
74,74,17,0
74,78,17,0.06
74,81,17,0.91
74,85,17,0.7
74,87,17,0.36
74,3,14,0.45
74,5,14,0.03
74,39,14,0.9
74,48,14,0.63
74,54,14,0.53
74,56,14,0.63
74,67,14,0.36
74,68,14,0.28
74,73,14,0.98
74,74,14,0
74,92,14,0.98
74,35,30,0.6
74,38,30,0.21
74,59,30,0.73
74,74,30,0
74,75,30,0.42
74,5,38,0.97
74,33,38,0.85
74,61,38,0.94
74,73,38,0.64
74,74,38,0
75,2,6,0.49
75,16,6,0.51
75,27,6,0.99
75,29,6,0.22
75,49,6,0.19
75,52,6,0.53
75,70,6,0.64
75,75,6,0
75,98,6,0.93
75,16,0,0.41
75,21,0,0.87
75,48,0,0.29
75,62,0,0.4
75,65,0,0.54
75,72,0,0.65
75,75,0,0
75,76,0,0.07
75,92,0,0.41
75,35,30,0.07
75,38,30,0.67
75,59,30,0.9
75,74,30,0.7
75,75,30,0
76,16,0,0.31
76,21,0,0.82
76,48,0,0.93
76,62,0,1.0
76,65,0,0.55
76,72,0,0.96
76,75,0,0.84
76,76,0,0
76,92,0,0.25
76,58,21,0.27
76,64,21,0.33
76,76,21,0
76,84,21,0.14
76,94,21,0.99
77,9,16,0.02
77,13,16,0.43
77,16,16,0.85
77,25,16,0.41
77,40,16,0.21
77,64,16,0.61
77,69,16,0.96
77,77,16,0
77,90,16,0.07
77,8,20,0.75
77,9,20,0.31
77,11,20,0.15
77,13,20,0.32
77,15,20,0.21
77,44,20,0.89
77,51,20,0.74
77,52,20,0.97
77,77,20,0
77,80,20,0.71
77,8,7,0.06
77,10,7,0.38
77,32,7,0.36
77,56,7,0.95
77,59,7,0.87
77,60,7,0.94
77,77,7,0
77,86,7,0.26
78,3,24,0.32
78,4,24,0.67
78,9,24,0.79
78,17,24,0.42
78,29,24,0.14
78,47,24,0.7
78,70,24,0.86
78,78,24,0
78,90,24,0.13
78,6,17,0.44
78,14,17,0.38
78,28,17,0.98
78,34,17,0.1
78,36,17,0.33
78,37,17,0.42
78,38,17,0.05
78,39,17,0.76
78,52,17,0.57
78,55,17,0.01
78,67,17,0.37
78,71,17,0.09
78,74,17,0.83
78,78,17,0
78,81,17,0.92
78,85,17,0.19
78,87,17,0.38
78,4,15,0.93
78,13,15,0.94
78,22,15,0.12
78,57,15,0.48
78,78,15,0
78,91,15,0.59
79,18,19,0.87
79,40,19,0.43
79,55,19,0.82
79,79,19,0
79,88,19,0.62
79,98,19,0.86
79,9,34,0.3
79,10,34,0.78
79,28,34,0.84
79,38,34,0.83
79,43,34,0.52
79,47,34,0.98
79,66,34,0.03
79,67,34,0.13
79,73,34,0.48
79,79,34,0
79,95,34,0.61
79,19,10,0.43
79,23,10,0.03
79,24,10,0.23
79,27,10,0.74
79,34,10,0.29
79,35,10,0.69
79,40,10,0.88
79,42,10,0.03
79,70,10,0.21
79,79,10,0
79,80,10,0.07
79,0,5,0.42
79,12,5,0.49
79,24,5,0.17
79,53,5,0.74
79,58,5,0.3
79,79,5,0
80,8,20,0.32
80,9,20,0.08
80,11,20,0.32
80,13,20,0.46
80,15,20,0.77
80,44,20,0.49
80,51,20,0.1
80,52,20,0.1
80,77,20,0.83
80,80,20,0
80,19,10,0.17
80,23,10,0.27
80,24,10,0.63
80,27,10,0.29
80,34,10,0.71
80,35,10,0.92
80,40,10,0.83
80,42,10,0.57
80,70,10,0.48
80,79,10,0.58
80,80,10,0
80,30,18,0.3
80,64,18,0.91
80,69,18,0.18
80,80,18,0
80,91,18,0.05
80,93,18,0.7
80,96,18,0.03
80,20,29,0.35
80,42,29,0.26
80,80,29,0
80,99,29,0.7
81,6,17,0.87
81,14,17,0.53
81,28,17,0.6
81,34,17,0.45
81,36,17,0.67
81,37,17,0.11
81,38,17,0.72
81,39,17,0.86
81,52,17,0.57
81,55,17,0.91
81,67,17,0.69
81,71,17,0.82
81,74,17,0.67
81,78,17,0.37
81,81,17,0
81,85,17,0.63
81,87,17,0.37
81,10,4,0.01
81,14,4,0.18
81,19,4,0.8
81,35,4,0.1
81,46,4,0.85
81,54,4,0.75
81,57,4,0.03
81,58,4,0.6
81,81,4,0
81,89,4,0.23
82,8,35,0.56
82,43,35,0.02
82,47,35,0.08
82,60,35,0.36
82,66,35,0.96
82,82,35,0
82,97,35,0.38
82,19,32,0.18
82,30,32,0.8
82,51,32,0.36
82,63,32,0.47
82,82,32,0
83,8,23,0.89
83,22,23,0.52
83,34,23,0.54
83,42,23,0.03
83,44,23,0.59
83,54,23,0.03
83,83,23,0
83,5,36,0.48
83,7,36,0.22
83,15,36,0.23
83,23,36,0.3
83,25,36,0.84
83,32,36,0.16
83,37,36,0.02
83,83,36,0
83,94,36,0.2
84,21,33,0.06
84,31,33,0.65
84,84,33,0
84,87,33,0.2
84,0,3,0.76
84,13,3,0.73
84,16,3,0.78
84,25,3,0.34
84,53,3,0.48
84,84,3,0
84,97,3,0.3
84,17,25,0.54
84,20,25,0.34
84,43,25,0.1
84,71,25,0.79
84,84,25,0
84,93,25,0.01
84,58,21,0.23
84,64,21,0.89
84,76,21,0.12
84,84,21,0
84,94,21,0.33
85,5,27,0.67
85,21,27,0.18
85,30,27,0.27
85,45,27,0.47
85,62,27,0.78
85,85,27,0
85,86,27,0.93
85,87,27,0.83
85,88,27,0.04
85,89,27,0.5
85,95,27,0.0
85,18,8,0.15
85,34,8,0.67
85,39,8,0.35
85,48,8,0.51
85,50,8,0.16
85,63,8,0.42
85,85,8,0
85,6,17,0.43
85,14,17,0.15
85,28,17,0.06
85,34,17,0.02
85,36,17,0.55
85,37,17,0.45
85,38,17,0.34
85,39,17,0.83
85,52,17,0.24
85,55,17,0.51
85,67,17,0.32
85,71,17,0.07
85,74,17,0.43
85,78,17,0.8
85,81,17,0.57
85,85,17,0
85,87,17,0.43
86,5,27,0.65
86,21,27,0.24
86,30,27,0.55
86,45,27,0.99
86,62,27,0.53
86,85,27,0.12
86,86,27,0
86,87,27,0.57
86,88,27,0.28
86,89,27,0.98
86,95,27,0.95
86,8,7,0.72
86,10,7,0.1
86,32,7,0.23
86,56,7,0.66
86,59,7,0.46
86,60,7,0.41
86,77,7,0.93
86,86,7,0
87,4,26,0.57
87,26,26,0.18
87,31,26,0.32
87,33,26,0.36
87,61,26,0.18
87,67,26,0.58
87,87,26,0
87,21,33,0.25
87,31,33,0.84
87,84,33,0.29
87,87,33,0
87,6,17,0.07
87,14,17,0.53
87,28,17,0.49
87,34,17,0.57
87,36,17,0.02
87,37,17,0.89
87,38,17,0.9
87,39,17,0.03
87,52,17,0.01
87,55,17,0.44
87,67,17,0.53
87,71,17,0.67
87,74,17,0.34
87,78,17,0.84
87,81,17,0.78
87,85,17,0.31
87,87,17,0
87,5,27,0.06
87,21,27,0.19
87,30,27,0.82
87,45,27,0.89
87,62,27,0.22
87,85,27,0.36
87,86,27,0.82
87,87,27,0
87,88,27,0.38
87,89,27,0.89
87,95,27,0.44
88,18,19,0.05
88,40,19,0.78
88,55,19,0.91
88,79,19,0.6
88,88,19,0
88,98,19,0.3
88,12,9,0.39
88,14,9,0.49
88,25,9,0.19
88,53,9,0.06
88,69,9,0.1
88,88,9,0
88,96,9,1.0
88,5,27,0.03
88,21,27,0.56
88,30,27,0.62
88,45,27,0.65
88,62,27,0.92
88,85,27,0.2
88,86,27,0.93
88,87,27,0.18
88,88,27,0
88,89,27,0.09
88,95,27,0.25
89,5,27,0.4
89,21,27,0.68
89,30,27,0.23
89,45,27,0.31
89,62,27,0.64
89,85,27,0.98
89,86,27,0.57
89,87,27,0.89
89,88,27,0.72
89,89,27,0
89,95,27,0.24
89,10,4,0.54
89,14,4,0.82
89,19,4,0.51
89,35,4,0.73
89,46,4,0.72
89,54,4,0.38
89,57,4,0.2
89,58,4,0.48
89,81,4,0.12
89,89,4,0
89,2,13,0.05
89,18,13,0.34
89,29,13,0.01
89,36,13,0.3
89,41,13,0.03
89,51,13,0.76
89,72,13,0.61
89,73,13,0.94
89,89,13,0
89,92,13,0.14
89,11,28,0.04
89,35,28,0.3
89,51,28,0.96
89,89,28,0
89,93,28,0.98
90,3,24,0.67
90,4,24,0.04
90,9,24,0.26
90,17,24,0.56
90,29,24,0.33
90,47,24,0.45
90,70,24,0.69
90,78,24,0.41
90,90,24,0
90,9,16,0.21
90,13,16,0.17
90,16,16,0.5
90,25,16,0.38
90,40,16,0.91
90,64,16,0.86
90,69,16,0.34
90,77,16,0.28
90,90,16,0
91,30,18,0.61
91,64,18,0.1
91,69,18,0.46
91,80,18,0.77
91,91,18,0
91,93,18,0.38
91,96,18,0.72
91,4,15,0.39
91,13,15,0.62
91,22,15,0.31
91,57,15,0.22
91,78,15,0.06
91,91,15,0
92,2,13,0.94
92,18,13,0.67
92,29,13,0.49
92,36,13,0.74
92,41,13,0.43
92,51,13,0.38
92,72,13,0.64
92,73,13,0.66
92,89,13,0.54
92,92,13,0
92,16,0,0.46
92,21,0,0.95
92,48,0,0.34
92,62,0,0.3
92,65,0,0.07
92,72,0,0.42
92,75,0,0.14
92,76,0,1.0
92,92,0,0
92,3,14,0.07
92,5,14,0.96
92,39,14,0.97
92,48,14,0.98
92,54,14,0.72
92,56,14,0.65
92,67,14,0.14
92,68,14,0.86
92,73,14,0.27
92,74,14,0.88
92,92,14,0
93,30,18,0.7
93,64,18,0.98
93,69,18,0.52
93,80,18,0.68
93,91,18,0.27
93,93,18,0
93,96,18,0.75
93,1,11,0.08
93,2,11,0.92
93,12,11,0.59
93,17,11,0.48
93,30,11,0.09
93,54,11,0.3
93,66,11,0.08
93,93,11,0
93,98,11,0.95
93,17,25,0.11
93,20,25,0.87
93,43,25,0.29
93,71,25,0.13
93,84,25,0.02
93,93,25,0
93,11,28,0.93
93,35,28,0.57
93,51,28,0.25
93,89,28,0.38
93,93,28,0
94,5,36,0.96
94,7,36,0.15
94,15,36,0.92
94,23,36,0.74
94,25,36,0.54
94,32,36,0.53
94,37,36,0.9
94,83,36,0.51
94,94,36,0
94,58,21,0.29
94,64,21,0.77
94,76,21,0.5
94,84,21,0.9
94,94,21,0
95,9,34,0.73
95,10,34,0.82
95,28,34,0.91
95,38,34,0.5
95,43,34,0.8
95,47,34,0.7
95,66,34,0.08
95,67,34,0.69
95,73,34,0.34
95,79,34,0.09
95,95,34,0
95,5,27,0.29
95,21,27,0.69
95,30,27,0.5
95,45,27,0.4
95,62,27,0.83
95,85,27,0.17
95,86,27,0.84
95,87,27,0.09
95,88,27,0.12
95,89,27,0.12
95,95,27,0
95,12,2,0.41
95,14,2,0.59
95,21,2,0.3
95,26,2,0.86
95,43,2,0.6
95,49,2,0.17
95,61,2,0.32
95,72,2,0.16
95,95,2,0
95,96,2,0.14
96,30,18,0.76
96,64,18,0.21
96,69,18,0.62
96,80,18,0.99
96,91,18,0.12
96,93,18,0.12
96,96,18,0
96,12,2,0.07
96,14,2,0.14
96,21,2,0.28
96,26,2,0.83
96,43,2,0.38
96,49,2,0.97
96,61,2,0.86
96,72,2,0.34
96,95,2,0.88
96,96,2,0
96,12,9,0.94
96,14,9,0.56
96,25,9,0.18
96,53,9,0.93
96,69,9,0.46
96,88,9,0.43
96,96,9,0
97,0,3,0.41
97,13,3,0.46
97,16,3,0.61
97,25,3,0.62
97,53,3,0.32
97,84,3,0.85
97,97,3,0
97,8,35,0.16
97,43,35,0.21
97,47,35,0.44
97,60,35,0.47
97,66,35,0.87
97,82,35,0.17
97,97,35,0
98,2,6,0.7
98,16,6,0.84
98,27,6,0.7
98,29,6,0.82
98,49,6,0.8
98,52,6,0.74
98,70,6,0.86
98,75,6,0.53
98,98,6,0
98,18,19,0.5
98,40,19,0.54
98,55,19,0.63
98,79,19,1.0
98,88,19,0.93
98,98,19,0
98,1,11,0.26
98,2,11,0.0
98,12,11,0.99
98,17,11,0.6
98,30,11,0.14
98,54,11,0.81
98,66,11,0.75
98,93,11,0.71
98,98,11,0
99,1,37,0.29
99,15,37,0.56
99,17,37,0.76
99,38,37,0.06
99,41,37,0.75
99,50,37,0.67
99,99,37,0
99,20,29,0.23
99,42,29,0.95
99,80,29,0.18
99,99,29,0
99,63,39,0.22
99,66,39,0.97
99,71,39,0.71
99,99,39,0