M,100,P,30,Q,100000,targetS,0.1,targetW,0.1

Resources name, resource id, current workload and max workload
R_0,0,0.74,1
R_1,1,0.78,1
R_2,2,0.68,1
R_3,3,0.77,1
R_4,4,0.73,1
R_5,5,0.65,1
R_6,6,0.68,1
R_7,7,0.73,1
R_8,8,0.72,1
R_9,9,0.65,1
R_10,10,0.76,1
R_11,11,0.73,1
R_12,12,0.74,1
R_13,13,0.63,1
R_14,14,0.68,1
R_15,15,0.71,1
R_16,16,0.61,1
R_17,17,0.72,1
R_18,18,0.61,1
R_19,19,0.63,1
R_20,20,0.75,1
R_21,21,0.78,1
R_22,22,0.63,1
R_23,23,0.64,1
R_24,24,0.79,1
R_25,25,0.71,1
R_26,26,0.69,1
R_27,27,0.67,1
R_28,28,0.65,1
R_29,29,0.78,1
R_30,30,0.61,1
R_31,31,0.67,1
R_32,32,0.8,1
R_33,33,0.6,1
R_34,34,0.67,1
R_35,35,0.61,1
R_36,36,0.73,1
R_37,37,0.79,1
R_38,38,0.73,1
R_39,39,0.7,1
R_40,40,0.76,1
R_41,41,0.61,1
R_42,42,0.64,1
R_43,43,0.65,1
R_44,44,0.67,1
R_45,45,0.62,1
R_46,46,0.73,1
R_47,47,0.67,1
R_48,48,0.76,1
R_49,49,0.65,1
R_50,50,0.64,1
R_51,51,0.64,1
R_52,52,0.64,1
R_53,53,0.67,1
R_54,54,0.79,1
R_55,55,0.62,1
R_56,56,0.64,1
R_57,57,0.61,1
R_58,58,0.76,1
R_59,59,0.73,1
R_60,60,0.74,1
R_61,61,0.7,1
R_62,62,0.73,1
R_63,63,0.71,1
R_64,64,0.77,1
R_65,65,0.68,1
R_66,66,0.6,1
R_67,67,0.75,1
R_68,68,0.61,1
R_69,69,0.73,1
R_70,70,0.61,1
R_71,71,0.74,1
R_72,72,0.74,1
R_73,73,0.78,1
R_74,74,0.66,1
R_75,75,0.7,1
R_76,76,0.76,1
R_77,77,0.66,1
R_78,78,0.8,1
R_79,79,0.79,1
R_80,80,0.7,1
R_81,81,0.63,1
R_82,82,0.68,1
R_83,83,0.71,1
R_84,84,0.62,1
R_85,85,0.65,1
R_86,86,0.61,1
R_87,87,0.63,1
R_88,88,0.73,1
R_89,89,0.65,1
R_90,90,0.65,1
R_91,91,0.73,1
R_92,92,0.73,1
R_93,93,0.77,1
R_94,94,0.74,1
R_95,95,0.78,1
R_96,96,0.75,1
R_97,97,0.76,1
R_98,98,0.76,1
R_99,99,0.6,1

Activities name, activity id, lambda, stress, resource id, priority, rifiutato
act_15,15,0.14,0.47,0,343,0
act_0,0,0.02,0.23,0,86,0
act_0,0,0.02,0.23,0,387,0
act_0,0,0.02,0.23,0,394,0
act_0,0,0.02,0.23,0,146,0
act_0,0,0.02,0.23,0,131,0
act_0,0,0.02,0.23,0,369,0
act_14,14,0.12,0.72,1,297,1
act_16,16,0.02,0.74,1,127,1
act_16,16,0.02,0.74,1,12,1
act_12,12,0.01,0.61,1,379,0
act_16,16,0.02,0.74,1,141,1
act_16,16,0.02,0.74,1,287,1
act_12,12,0.01,0.61,1,62,0
act_6,6,0.25,0.37,2,111,0
act_14,14,0.12,0.72,3,61,0
act_16,16,0.02,0.74,3,28,1
act_16,16,0.02,0.74,3,368,1
act_16,16,0.02,0.74,3,302,1
act_16,16,0.02,0.74,3,27,1
act_16,16,0.02,0.74,3,201,1
act_0,0,0.02,0.23,4,21,0
act_10,10,0.04,0.34,4,256,1
act_10,10,0.04,0.34,4,422,1
act_10,10,0.04,0.34,4,66,1
act_10,10,0.04,0.34,4,183,1
act_10,10,0.04,0.34,4,39,1
act_0,0,0.02,0.23,4,285,0
act_0,0,0.02,0.23,4,264,0
act_15,15,0.14,0.47,5,69,1
act_15,15,0.14,0.47,5,406,1
act_12,12,0.01,0.61,6,270,1
act_6,6,0.25,0.37,6,344,0
act_12,12,0.01,0.61,6,421,1
act_12,12,0.01,0.61,6,320,1
act_12,12,0.01,0.61,6,91,1
act_12,12,0.01,0.61,6,390,1
act_12,12,0.01,0.61,6,220,1
act_12,12,0.01,0.61,6,176,1
act_18,18,0.24,0.56,7,77,0
act_1,1,0.21,0.7,8,124,0
act_8,8,0.28,0.8,9,200,0
act_10,10,0.04,0.34,10,440,1
act_2,2,0.09,0.45,10,273,1
act_10,10,0.04,0.34,10,293,1
act_10,10,0.04,0.34,10,328,1
act_16,16,0.02,0.74,11,418,1
act_1,1,0.21,0.7,11,205,0
act_16,16,0.02,0.74,11,321,1
act_15,15,0.14,0.47,12,180,0
act_3,3,0.17,0.95,13,219,1
act_3,3,0.17,0.95,13,334,1
act_12,12,0.01,0.61,13,57,1
act_12,12,0.01,0.61,13,430,1
act_12,12,0.01,0.61,13,385,1
act_1,1,0.21,0.7,14,331,0
act_0,0,0.02,0.23,15,167,0
act_11,11,0.03,0.4,15,371,1
act_11,11,0.03,0.4,15,71,1
act_0,0,0.02,0.23,15,83,0
act_0,0,0.02,0.23,15,138,0
act_11,11,0.03,0.4,15,163,1
act_14,14,0.12,0.72,15,427,1
act_0,0,0.02,0.23,15,437,0
act_15,15,0.14,0.47,16,370,0
act_15,15,0.14,0.47,16,198,0
act_16,16,0.02,0.74,16,271,1
act_16,16,0.02,0.74,16,252,1
act_16,16,0.02,0.74,16,38,1
act_16,16,0.02,0.74,16,333,1
act_16,16,0.02,0.74,16,223,1
act_4,4,0.17,0.64,17,49,0
act_12,12,0.01,0.61,18,232,1
act_8,8,0.28,0.8,18,158,1
act_12,12,0.01,0.61,18,319,1
act_12,12,0.01,0.61,18,364,1
act_12,12,0.01,0.61,18,299,1
act_12,12,0.01,0.61,18,435,1
act_12,12,0.01,0.61,18,46,1
act_12,12,0.01,0.61,18,169,1
act_12,12,0.01,0.61,18,54,1
act_12,12,0.01,0.61,18,431,1
act_12,12,0.01,0.61,18,279,1
act_2,2,0.09,0.45,19,108,0
act_6,6,0.25,0.37,19,259,0
act_12,12,0.01,0.61,19,221,0
act_12,12,0.01,0.61,19,184,0
act_12,12,0.01,0.61,19,193,0
act_4,4,0.17,0.64,20,361,1
act_16,16,0.02,0.74,20,153,1
act_16,16,0.02,0.74,20,327,1
act_16,16,0.02,0.74,20,3,1
act_10,10,0.04,0.34,21,157,1
act_10,10,0.04,0.34,21,275,1
act_10,10,0.04,0.34,21,359,1
act_10,10,0.04,0.34,21,159,1
act_10,10,0.04,0.34,21,14,1
act_11,11,0.03,0.4,22,186,0
act_17,17,0.13,0.93,22,233,1
act_0,0,0.02,0.23,22,1,0
act_11,11,0.03,0.4,22,434,0
act_17,17,0.13,0.93,22,172,1
act_0,0,0.02,0.23,22,391,0
act_1,1,0.21,0.7,23,11,1
act_17,17,0.13,0.93,23,134,1
act_16,16,0.02,0.74,24,181,1
act_16,16,0.02,0.74,24,272,1
act_16,16,0.02,0.74,24,330,1
act_16,16,0.02,0.74,24,16,1
act_16,16,0.02,0.74,24,326,1
act_16,16,0.02,0.74,24,4,1
act_16,16,0.02,0.74,24,305,1
act_16,16,0.02,0.74,24,178,1
act_16,16,0.02,0.74,24,436,1
act_16,16,0.02,0.74,24,355,1
act_10,10,0.04,0.34,25,174,1
act_10,10,0.04,0.34,25,97,1
act_10,10,0.04,0.34,25,401,1
act_10,10,0.04,0.34,25,115,1
act_10,10,0.04,0.34,25,0,1
act_10,10,0.04,0.34,25,96,1
act_10,10,0.04,0.34,25,202,1
act_12,12,0.01,0.61,26,44,0
act_9,9,0.27,0.84,26,257,0
act_12,12,0.01,0.61,26,209,0
act_12,12,0.01,0.61,26,303,0
act_12,12,0.01,0.61,26,177,0
act_19,19,0.17,0.17,27,150,0
act_10,10,0.04,0.34,27,99,1
act_10,10,0.04,0.34,27,34,1
act_10,10,0.04,0.34,27,224,1
act_10,10,0.04,0.34,27,254,1
act_4,4,0.17,0.64,28,315,1
act_16,16,0.02,0.74,28,276,1
act_16,16,0.02,0.74,28,143,1
act_16,16,0.02,0.74,28,231,1
act_16,16,0.02,0.74,28,336,1
act_16,16,0.02,0.74,28,386,1
act_16,16,0.02,0.74,28,402,1
act_16,16,0.02,0.74,28,374,1
act_16,16,0.02,0.74,28,274,1
act_16,16,0.02,0.74,28,142,1
act_4,4,0.17,0.64,29,103,0
act_7,7,0.28,0.06,30,41,0
act_6,6,0.25,0.37,31,239,0
act_4,4,0.17,0.64,32,216,0
act_0,0,0.02,0.23,33,338,0
act_9,9,0.27,0.84,33,278,1
act_16,16,0.02,0.74,33,58,1
act_10,10,0.04,0.34,33,295,1
act_0,0,0.02,0.23,33,213,0
act_0,0,0.02,0.23,33,377,0
act_6,6,0.25,0.37,34,29,1
act_10,10,0.04,0.34,34,307,0
act_10,10,0.04,0.34,34,162,0
act_3,3,0.17,0.95,35,137,1
act_0,0,0.02,0.23,35,175,0
act_3,3,0.17,0.95,35,424,1
act_0,0,0.02,0.23,35,37,0
act_3,3,0.17,0.95,36,414,1
act_16,16,0.02,0.74,36,79,1
act_16,16,0.02,0.74,36,413,1
act_16,16,0.02,0.74,36,407,1
act_16,16,0.02,0.74,36,152,1
act_16,16,0.02,0.74,36,25,1
act_16,16,0.02,0.74,37,212,1
act_16,16,0.02,0.74,37,308,1
act_16,16,0.02,0.74,37,345,1
act_16,16,0.02,0.74,37,310,1
act_16,16,0.02,0.74,37,139,1
act_16,16,0.02,0.74,37,76,1
act_16,16,0.02,0.74,37,132,1
act_16,16,0.02,0.74,37,128,1
act_16,16,0.02,0.74,37,56,1
act_16,16,0.02,0.74,37,117,1
act_15,15,0.14,0.47,38,267,0
act_16,16,0.02,0.74,38,199,1
act_16,16,0.02,0.74,38,133,1
act_16,16,0.02,0.74,38,24,1
act_16,16,0.02,0.74,38,107,1
act_16,16,0.02,0.74,38,398,1
act_16,16,0.02,0.74,38,222,1
act_3,3,0.17,0.95,39,31,0
act_19,19,0.17,0.17,40,363,0
act_12,12,0.01,0.61,40,90,0
act_12,12,0.01,0.61,40,329,0
act_12,12,0.01,0.61,40,428,0
act_12,12,0.01,0.61,40,18,0
act_12,12,0.01,0.61,40,187,0
act_12,12,0.01,0.61,40,306,0
act_12,12,0.01,0.61,40,136,0
act_7,7,0.28,0.06,41,419,0
act_11,11,0.03,0.4,41,82,1
act_11,11,0.03,0.4,41,113,1
act_11,11,0.03,0.4,41,342,1
act_4,4,0.17,0.64,42,298,0
act_11,11,0.03,0.4,42,65,0
act_2,2,0.09,0.45,42,393,0
act_11,11,0.03,0.4,42,382,0
act_11,11,0.03,0.4,42,397,0
act_1,1,0.21,0.7,43,73,0
act_0,0,0.02,0.23,44,429,0
act_2,2,0.09,0.45,44,253,1
act_12,12,0.01,0.61,44,323,1
act_2,2,0.09,0.45,44,6,1
act_12,12,0.01,0.61,44,317,1
act_0,0,0.02,0.23,44,171,0
act_12,12,0.01,0.61,44,250,1
act_0,0,0.02,0.23,44,48,0
act_0,0,0.02,0.23,44,237,0
act_12,12,0.01,0.61,44,300,1
act_0,0,0.02,0.23,44,332,0
act_12,12,0.01,0.61,44,304,1
act_10,10,0.04,0.34,45,228,1
act_10,10,0.04,0.34,45,292,1
act_10,10,0.04,0.34,45,400,1
act_0,0,0.02,0.23,45,258,0
act_0,0,0.02,0.23,45,441,0
act_0,0,0.02,0.23,45,211,0
act_0,0,0.02,0.23,45,241,0
act_10,10,0.04,0.34,45,191,1
act_0,0,0.02,0.23,45,236,0
act_10,10,0.04,0.34,45,372,1
act_0,0,0.02,0.23,45,148,0
act_0,0,0.02,0.23,45,268,0
act_0,0,0.02,0.23,45,348,0
act_4,4,0.17,0.64,46,85,1
act_2,2,0.09,0.45,46,269,0
act_8,8,0.28,0.8,47,249,1
act_10,10,0.04,0.34,47,314,0
act_2,2,0.09,0.45,48,147,1
act_2,2,0.09,0.45,48,185,1
act_15,15,0.14,0.47,49,206,1
act_16,16,0.02,0.74,49,196,1
act_15,15,0.14,0.47,49,112,1
act_16,16,0.02,0.74,49,10,1
act_16,16,0.02,0.74,49,247,1
act_6,6,0.25,0.37,50,94,0
act_5,5,0.27,0.66,51,358,1
act_11,11,0.03,0.4,51,290,1
act_11,11,0.03,0.4,51,217,1
act_11,11,0.03,0.4,51,101,1
act_1,1,0.21,0.7,52,365,0
act_17,17,0.13,0.93,52,42,1
act_6,6,0.25,0.37,53,244,0
act_3,3,0.17,0.95,54,88,0
act_4,4,0.17,0.64,55,313,1
act_4,4,0.17,0.64,55,384,1
act_0,0,0.02,0.23,55,242,0
act_15,15,0.14,0.47,56,405,0
act_16,16,0.02,0.74,56,40,0
act_16,16,0.02,0.74,56,262,0
act_16,16,0.02,0.74,56,443,0
act_17,17,0.13,0.93,56,318,0
act_16,16,0.02,0.74,56,52,0
act_4,4,0.17,0.64,57,20,1
act_10,10,0.04,0.34,57,36,0
act_0,0,0.02,0.23,57,309,0
act_0,0,0.02,0.23,57,114,0
act_0,0,0.02,0.23,57,245,0
act_0,0,0.02,0.23,57,251,0
act_10,10,0.04,0.34,57,235,0
act_0,0,0.02,0.23,57,130,0
act_0,0,0.02,0.23,57,89,0
act_0,0,0.02,0.23,57,367,0
act_16,16,0.02,0.74,58,32,1
act_1,1,0.21,0.7,58,416,0
act_14,14,0.12,0.72,59,234,1
act_14,14,0.12,0.72,59,351,1
act_19,19,0.17,0.17,60,294,0
act_7,7,0.28,0.06,61,438,0
act_17,17,0.13,0.93,62,106,0
act_0,0,0.02,0.23,62,8,0
act_0,0,0.02,0.23,62,121,0
act_0,0,0.02,0.23,62,284,0
act_0,0,0.02,0.23,62,366,0
act_0,0,0.02,0.23,62,404,0
act_0,0,0.02,0.23,62,189,0
act_17,17,0.13,0.93,63,311,0
act_17,17,0.13,0.93,63,240,0
act_14,14,0.12,0.72,64,60,0
act_16,16,0.02,0.74,64,349,1
act_16,16,0.02,0.74,64,151,1
act_16,16,0.02,0.74,64,296,1
act_16,16,0.02,0.74,64,225,1
act_16,16,0.02,0.74,64,123,1
act_10,10,0.04,0.34,65,289,1
act_10,10,0.04,0.34,65,203,1
act_10,10,0.04,0.34,65,399,1
act_10,10,0.04,0.34,65,80,1
act_10,10,0.04,0.34,65,72,1
act_10,10,0.04,0.34,65,51,1
act_10,10,0.04,0.34,65,145,1
act_10,10,0.04,0.34,65,43,1
act_2,2,0.09,0.45,66,126,0
act_14,14,0.12,0.72,66,341,1
act_2,2,0.09,0.45,66,417,0
act_11,11,0.03,0.4,66,444,0
act_11,11,0.03,0.4,66,210,0
act_11,11,0.03,0.4,66,87,0
act_1,1,0.21,0.7,67,155,0
act_17,17,0.13,0.93,68,312,1
act_12,12,0.01,0.61,68,53,0
act_12,12,0.01,0.61,68,2,0
act_17,17,0.13,0.93,68,362,1
act_12,12,0.01,0.61,68,214,0
act_12,12,0.01,0.61,68,337,0
act_12,12,0.01,0.61,68,102,0
act_12,12,0.01,0.61,68,22,0
act_12,12,0.01,0.61,68,35,0
act_12,12,0.01,0.61,68,410,0
act_12,12,0.01,0.61,68,64,0
act_12,12,0.01,0.61,68,182,0
act_12,12,0.01,0.61,68,432,0
act_12,12,0.01,0.61,68,47,0
act_12,12,0.01,0.61,68,116,0
act_0,0,0.02,0.23,69,215,0
act_18,18,0.24,0.56,69,408,0
act_14,14,0.12,0.72,70,322,1
act_17,17,0.13,0.93,70,98,1
act_14,14,0.12,0.72,70,156,1
act_19,19,0.17,0.17,71,67,0
act_0,0,0.02,0.23,71,227,0
act_0,0,0.02,0.23,71,129,0
act_0,0,0.02,0.23,71,261,0
act_0,0,0.02,0.23,71,81,0
act_0,0,0.02,0.23,72,168,0
act_10,10,0.04,0.34,72,346,1
act_14,14,0.12,0.72,72,19,1
act_0,0,0.02,0.23,72,281,0
act_10,10,0.04,0.34,72,92,1
act_0,0,0.02,0.23,72,26,0
act_19,19,0.17,0.17,73,420,0
act_11,11,0.03,0.4,74,375,0
act_1,1,0.21,0.7,74,392,0
act_11,11,0.03,0.4,74,23,0
act_11,11,0.03,0.4,74,238,0
act_11,11,0.03,0.4,74,207,0
act_5,5,0.27,0.66,75,347,1
act_16,16,0.02,0.74,75,125,1
act_1,1,0.21,0.7,76,445,1
act_12,12,0.01,0.61,76,286,1
act_12,12,0.01,0.61,76,396,1
act_11,11,0.03,0.4,77,110,0
act_6,6,0.25,0.37,77,194,0
act_12,12,0.01,0.61,77,243,1
act_12,12,0.01,0.61,77,325,1
act_12,12,0.01,0.61,77,411,1
act_12,12,0.01,0.61,77,170,1
act_12,12,0.01,0.61,77,188,1
act_4,4,0.17,0.64,78,283,0
act_19,19,0.17,0.17,79,208,0
act_12,12,0.01,0.61,79,423,1
act_12,12,0.01,0.61,79,119,1
act_12,12,0.01,0.61,79,324,1
act_15,15,0.14,0.47,80,154,1
act_10,10,0.04,0.34,80,7,1
act_10,10,0.04,0.34,80,265,1
act_10,10,0.04,0.34,80,197,1
act_10,10,0.04,0.34,80,122,1
act_14,14,0.12,0.72,81,340,0
act_10,10,0.04,0.34,81,426,0
act_16,16,0.02,0.74,81,409,0
act_16,16,0.02,0.74,81,165,0
act_14,14,0.12,0.72,81,190,0
act_10,10,0.04,0.34,81,412,0
act_6,6,0.25,0.37,82,255,1
act_10,10,0.04,0.34,82,173,0
act_1,1,0.21,0.7,83,381,0
act_11,11,0.03,0.4,84,439,1
act_17,17,0.13,0.93,84,395,1
act_11,11,0.03,0.4,84,357,1
act_17,17,0.13,0.93,84,149,1
act_11,11,0.03,0.4,84,378,1
act_12,12,0.01,0.61,85,433,1
act_10,10,0.04,0.34,85,9,1
act_10,10,0.04,0.34,85,135,1
act_10,10,0.04,0.34,85,380,1
act_10,10,0.04,0.34,85,33,1
act_10,10,0.04,0.34,85,179,1
act_12,12,0.01,0.61,85,352,1
act_10,10,0.04,0.34,85,415,1
act_10,10,0.04,0.34,85,248,1
act_10,10,0.04,0.34,85,84,1
act_12,12,0.01,0.61,85,30,1
act_14,14,0.12,0.72,86,277,1
act_14,14,0.12,0.72,86,105,1
act_16,16,0.02,0.74,86,70,1
act_14,14,0.12,0.72,86,75,1
act_18,18,0.24,0.56,87,288,0
act_1,1,0.21,0.7,88,353,1
act_12,12,0.01,0.61,88,218,1
act_12,12,0.01,0.61,88,192,1
act_12,12,0.01,0.61,88,282,1
act_12,12,0.01,0.61,88,383,1
act_12,12,0.01,0.61,88,63,1
act_12,12,0.01,0.61,88,301,1
act_4,4,0.17,0.64,89,50,1
act_4,4,0.17,0.64,89,17,1
act_0,0,0.02,0.23,90,229,0
act_0,0,0.02,0.23,90,118,0
act_0,0,0.02,0.23,90,120,0
act_19,19,0.17,0.17,90,5,0
act_0,0,0.02,0.23,90,104,0
act_0,0,0.02,0.23,90,263,0
act_0,0,0.02,0.23,90,55,0
act_0,0,0.02,0.23,90,15,0
act_0,0,0.02,0.23,90,161,0
act_4,4,0.17,0.64,91,280,0
act_16,16,0.02,0.74,91,195,1
act_16,16,0.02,0.74,91,45,1
act_16,16,0.02,0.74,91,350,1
act_16,16,0.02,0.74,91,316,1
act_4,4,0.17,0.64,92,266,1
act_2,2,0.09,0.45,92,93,1
act_2,2,0.09,0.45,93,100,1
act_2,2,0.09,0.45,93,13,1
act_15,15,0.14,0.47,94,95,1
act_16,16,0.02,0.74,94,335,1
act_10,10,0.04,0.34,94,164,1
act_10,10,0.04,0.34,94,246,1
act_11,11,0.03,0.4,95,204,0
act_11,11,0.03,0.4,95,354,0
act_11,11,0.03,0.4,95,68,0
act_11,11,0.03,0.4,95,160,0
act_11,11,0.03,0.4,95,373,0
act_11,11,0.03,0.4,95,166,0
act_11,11,0.03,0.4,95,59,0
act_11,11,0.03,0.4,96,388,1
act_16,16,0.02,0.74,96,376,1
act_16,16,0.02,0.74,96,74,1
act_11,11,0.03,0.4,96,78,1
act_11,11,0.03,0.4,96,230,1
act_16,16,0.02,0.74,96,425,1
act_11,11,0.03,0.4,96,109,1
act_11,11,0.03,0.4,96,360,1
act_11,11,0.03,0.4,96,442,1
act_4,4,0.17,0.64,97,226,0
act_3,3,0.17,0.95,98,140,0
act_10,10,0.04,0.34,99,403,1
act_2,2,0.09,0.45,99,291,1
act_10,10,0.04,0.34,99,356,1
act_10,10,0.04,0.34,99,260,1
act_10,10,0.04,0.34,99,339,1
act_2,2,0.09,0.45,99,144,1
act_10,10,0.04,0.34,99,389,1

Alpha (resource id, list of activity ids)
0:15,11,0
1:16,14,9,12
2:6,7,18
3:14,6,16
4:10,0
5:15,9
6:6,17,12,18
7:1,18,9
8:9,1
9:14,8
10:2,6,8,10
11:1,16
12:5,15,9
13:12,3
14:8,1
15:0,3,11,14
16:16,6,15
17:8,4
18:8,5,12
19:12,6,2
20:6,4,9,16
21:10,7
22:0,7,17,11
23:17,1
24:6,16
25:7,10
26:12,7,9,10
27:19,10,3
28:5,16,4
29:4,7
30:7,1,5
31:6,8
32:4,1,19
33:9,10,16,0
34:10,6,19
35:3,15,0
36:14,3,16,6
37:5,17,8,16
38:15,8,16
39:5,3
40:19,12
41:11,7
42:11,17,2,4
43:6,9,3,1
44:1,12,0,2
45:10,0
46:4,2,7,19
47:10,11,8
48:2,14,6,18
49:15,16,4
50:6,8
51:5,7,11
52:1,17,19,7
53:6,18
54:4,3,7
55:0,4,3
56:16,17,1,15
57:10,0,4
58:16,18,1
59:14,1,11,8
60:19,17,7
61:7,3
62:17,1,7,0
63:17,3,15
64:14,7,16
65:10,18
66:8,14,11,2
67:2,1,5,17
68:17,12
69:0,10,18
70:19,17,14,6
71:0,19,6,17
72:0,10,14
73:19,4,3,8
74:17,1,11,5
75:16,11,5
76:1,12,4,9
77:11,12,6,17
78:18,4,6
79:5,19,12,1
80:10,15,3
81:14,16,10
82:6,10,19,8
83:1,7
84:11,18,17
85:10,7,12,0
86:14,16
87:5,18
88:19,1,12
89:4,5
90:0,19
91:4,16
92:7,3,2,4
93:2,6
94:5,16,10,15
95:6,11
96:11,16,6,8
97:4,6,19
98:3,1,9
99:10,2

Costs (resource, resource to replace, activity, cost)
0,0,15,0
0,5,15,0.42
0,12,15,0.36
0,16,15,0.4
0,35,15,0.84
0,38,15,0.06
0,49,15,0.67
0,56,15,0.15
0,63,15,0.72
0,80,15,0.21
0,94,15,0.95
0,0,11,0
0,15,11,0.8
0,22,11,0.74
0,41,11,0.05
0,42,11,0.69
0,47,11,0.42
0,51,11,0.09
0,59,11,0.68
0,66,11,0.17
0,74,11,0.57
0,75,11,0.78
0,77,11,0.09
0,84,11,0.44
0,95,11,0.94
0,96,11,0.14
0,0,0,0
0,4,0,0.47
0,15,0,0.56
0,22,0,0.65
0,33,0,0.48
0,35,0,0.53
0,44,0,0.24
0,45,0,0.98
0,55,0,0.5
0,57,0,0.87
0,62,0,0.36
0,69,0,0.04
0,71,0,0.77
0,72,0,0.07
0,85,0,0.76
0,90,0,0.11
0,0,13,0
0,7,13,0.71
0,14,13,0.95
0,17,13,0.58
0,19,13,0.89
0,21,13,0.51
0,24,13,0.81
0,25,13,0.47
0,28,13,0.95
0,54,13,0.31
0,75,13,0.59
0,88,13,0.27
0,95,13,0.35
0,98,13,0.54
1,1,16,0
1,3,16,0.54
1,11,16,0.68
1,16,16,0.93
1,20,16,0.54
1,24,16,0.65
1,28,16,0.06
1,33,16,0.76
1,36,16,0.79
1,37,16,0.16
1,38,16,0.22
1,49,16,0.3
1,56,16,0.55
1,58,16,0.89
1,64,16,0.81
1,75,16,0.73
1,81,16,0.51
1,86,16,0.14
1,91,16,0.73
1,94,16,0.91
1,96,16,0.92
1,1,14,0
1,3,14,0.86
1,9,14,0.53
1,15,14,0.16
1,36,14,0.44
1,48,14,0.48
1,59,14,0.31
1,64,14,0.88
1,66,14,0.81
1,70,14,0.4
1,72,14,0.77
1,81,14,0.42
1,86,14,0.36
1,1,9,0
1,5,9,0.21
1,7,9,0.88
1,8,9,0.92
1,12,9,0.45
1,20,9,0.07
1,26,9,0.48
1,33,9,0.51
1,43,9,0.25
1,76,9,0.14
1,98,9,0.61
1,1,12,0
1,6,12,0.1
1,13,12,0.11
1,18,12,0.72
1,19,12,0.18
1,26,12,0.65
1,40,12,0.35
1,44,12,0.11
1,68,12,0.95
1,76,12,0.05
1,77,12,0.62
1,79,12,0.46
1,85,12,0.85
1,88,12,0.29
2,2,6,0
2,3,6,0.66
2,6,6,0.86
2,10,6,0.02
2,16,6,0.14
2,19,6,0.11
2,20,6,0.66
2,24,6,0.22
2,31,6,0.89
2,34,6,0.74
2,36,6,0.91
2,43,6,0.05
2,48,6,0.16
2,50,6,0.32
2,53,6,0.35
2,70,6,0.04
2,71,6,0.46
2,77,6,0.0
2,78,6,0.74
2,82,6,0.52
2,93,6,0.95
2,95,6,0.9
2,96,6,0.21
2,97,6,0.36
2,2,7,0
2,21,7,0.84
2,22,7,0.46
2,25,7,0.02
2,26,7,0.81
2,29,7,0.64
2,30,7,0.79
2,41,7,0.43
2,46,7,0.36
2,51,7,0.93
2,52,7,0.33
2,54,7,0.85
2,60,7,0.25
2,61,7,0.7
2,62,7,0.41
2,64,7,0.15
2,83,7,0.84
2,85,7,0.84
2,92,7,0.39
2,2,18,0
2,6,18,0.91
2,7,18,0.43
2,48,18,0.59
2,53,18,0.92
2,58,18,0.34
2,65,18,0.97
2,69,18,0.7
2,78,18,0.33
2,84,18,0.54
2,87,18,0.55
3,1,14,0.94
3,3,14,0
3,9,14,0.96
3,15,14,0.2
3,36,14,0.21
3,48,14,0.82
3,59,14,0.97
3,64,14,0.48
3,66,14,0.76
3,70,14,0.71
3,72,14,0.07
3,81,14,0.42
3,86,14,0.76
3,2,6,0.99
3,3,6,0
3,6,6,0.34
3,10,6,0.23
3,16,6,0.21
3,19,6,0.34
3,20,6,0.76
3,24,6,0.48
3,31,6,0.98
3,34,6,0.87
3,36,6,0.38
3,43,6,0.69
3,48,6,0.93
3,50,6,0.04
3,53,6,0.7
3,70,6,0.7
3,71,6,0.95
3,77,6,0.63
3,78,6,0.76
3,82,6,0.42
3,93,6,0.88
3,95,6,0.27
3,96,6,0.58
3,97,6,0.36
3,1,16,0.67
3,3,16,0
3,11,16,0.47
3,16,16,0.97
3,20,16,0.45
3,24,16,0.31
3,28,16,0.75
3,33,16,0.22
3,36,16,0.79
3,37,16,0.41
3,38,16,0.48
3,49,16,0.29
3,56,16,0.09
3,58,16,0.11
3,64,16,0.9
3,75,16,0.65
3,81,16,0.55
3,86,16,0.49
3,91,16,0.71
3,94,16,0.9
3,96,16,0.59
4,4,10,0
4,10,10,0.62
4,21,10,0.19
4,25,10,0.16
4,26,10,0.63
4,27,10,0.47
4,33,10,0.89
4,34,10,0.95
4,45,10,0.54
4,47,10,0.17
4,57,10,0.03
4,65,10,0.32
4,69,10,0.37
4,72,10,0.95
4,80,10,0.45
4,81,10,0.68
4,82,10,0.66
4,85,10,0.22
4,94,10,0.08
4,99,10,0.36
4,0,0,1.0
4,4,0,0
4,15,0,0.88
4,22,0,0.79
4,33,0,0.78
4,35,0,0.69
4,44,0,0.48
4,45,0,0.91
4,55,0,0.25
4,57,0,0.95
4,62,0,0.5
4,69,0,0.01
4,71,0,0.01
4,72,0,0.24
4,85,0,0.41
4,90,0,0.96
5,0,15,0.89
5,5,15,0
5,12,15,0.71
5,16,15,0.4
5,35,15,0.15
5,38,15,0.53
5,49,15,0.1
5,56,15,0.34
5,63,15,0.72
5,80,15,0.37
5,94,15,0.73
5,1,9,0.66
5,5,9,0
5,7,9,0.85
5,8,9,0.32
5,12,9,0.36
5,20,9,0.42
5,26,9,0.59
5,33,9,0.87
5,43,9,0.07
5,76,9,0.86
5,98,9,0.07
6,2,6,0.98
6,3,6,0.62
6,6,6,0
6,10,6,0.57
6,16,6,0.24
6,19,6,0.98
6,20,6,0.51
6,24,6,0.26
6,31,6,0.52
6,34,6,0.41
6,36,6,0.83
6,43,6,0.7
6,48,6,0.83
6,50,6,0.65
6,53,6,0.23
6,70,6,0.18
6,71,6,0.86
6,77,6,0.81
6,78,6,0.59
6,82,6,0.27
6,93,6,0.02
6,95,6,0.65
6,96,6,0.91
6,97,6,0.65
6,6,17,0
6,22,17,0.56
6,23,17,0.91
6,37,17,0.92
6,42,17,0.29
6,52,17,0.87
6,56,17,0.62
6,60,17,0.19
6,62,17,0.51
6,63,17,0.61
6,67,17,0.34
6,68,17,0.14
6,70,17,0.5
6,71,17,0.65
6,74,17,0.44
6,77,17,0.02
6,84,17,0.3
6,1,12,0.25
6,6,12,0
6,13,12,0.05
6,18,12,0.47
6,19,12,0.1
6,26,12,0.97
6,40,12,0.71
6,44,12,0.77
6,68,12,0.53
6,76,12,0.29
6,77,12,0.57
6,79,12,0.49
6,85,12,0.22
6,88,12,0.28
6,2,18,0.27
6,6,18,0
6,7,18,0.47
6,48,18,0.96
6,53,18,0.38
6,58,18,0.31
6,65,18,0.74
6,69,18,0.18
6,78,18,0.91
6,84,18,0.79
6,87,18,0.88
7,7,1,0
7,8,1,0.11
7,11,1,0.82
7,14,1,0.25
7,23,1,0.21
7,30,1,0.04
7,32,1,0.83
7,43,1,0.06
7,44,1,0.62
7,52,1,0.01
7,56,1,0.83
7,58,1,0.52
7,59,1,0.42
7,62,1,0.79
7,67,1,0.17
7,74,1,0.05
7,76,1,0.07
7,79,1,0.69
7,83,1,0.01
7,88,1,0.36
7,98,1,0.91
7,0,13,0.18
7,7,13,0
7,14,13,0.1
7,17,13,0.04
7,19,13,0.98
7,21,13,0.58
7,24,13,0.81
7,25,13,0.87
7,28,13,0.85
7,54,13,0.27
7,75,13,0.68
7,88,13,0.17
7,95,13,0.97
7,98,13,0.67
7,2,18,1.0
7,6,18,0.01
7,7,18,0
7,48,18,0.47
7,53,18,0.73
7,58,18,0.75
7,65,18,0.91
7,69,18,0.37
7,78,18,0.51
7,84,18,0.83
7,87,18,0.82
7,1,9,0.55
7,5,9,0.17
7,7,9,0
7,8,9,0.05
7,12,9,0.49
7,20,9,0.04
7,26,9,0.78
7,33,9,0.99
7,43,9,0.52
7,76,9,0.08
7,98,9,0.61
8,1,9,0.18
8,5,9,0.75
8,7,9,0.67
8,8,9,0
8,12,9,0.49
8,20,9,0.59
8,26,9,0.65
8,33,9,0.33
8,43,9,0.5
8,76,9,0.99
8,98,9,0.16
8,7,1,0.26
8,8,1,0
8,11,1,0.03
8,14,1,0.07
8,23,1,0.66
8,30,1,0.08
8,32,1,0.75
8,43,1,0.57
8,44,1,0.06
8,52,1,0.37
8,56,1,0.25
8,58,1,0.29
8,59,1,0.09
8,62,1,0.24
8,67,1,0.69
8,74,1,0.21
8,76,1,0.09
8,79,1,0.19
8,83,1,0.9
8,88,1,0.99
8,98,1,0.67
9,1,14,0.71
9,3,14,0.44
9,9,14,0
9,15,14,0.19
9,36,14,0.06
9,48,14,0.3
9,59,14,0.98
9,64,14,0.33
9,66,14,0.51
9,70,14,0.85
9,72,14,0.53
9,81,14,0.22
9,86,14,0.46
9,9,8,0
9,10,8,0.78
9,14,8,0.73
9,17,8,0.5
9,18,8,0.8
9,31,8,0.31
9,37,8,0.28
9,38,8,0.76
9,47,8,0.83
9,50,8,0.17
9,59,8,0.08
9,66,8,0.48
9,73,8,0.19
9,82,8,0.22
9,96,8,0.38
10,10,2,0
10,19,2,0.38
10,42,2,0.86
10,44,2,0.06
10,46,2,0.31
10,48,2,0.6
10,66,2,0.71
10,67,2,0.23
10,92,2,0.24
10,93,2,0.31
10,99,2,0.17
10,2,6,0.95
10,3,6,0.57
10,6,6,0.99
10,10,6,0
10,16,6,0.77
10,19,6,0.66
10,20,6,0.09
10,24,6,0.55
10,31,6,0.06
10,34,6,0.67
10,36,6,0.12
10,43,6,0.83
10,48,6,0.02
10,50,6,0.2
10,53,6,0.58
10,70,6,0.5
10,71,6,0.68
10,77,6,0.72
10,78,6,0.62
10,82,6,0.98
10,93,6,0.05
10,95,6,0.61
10,96,6,0.98
10,97,6,0.08
10,9,8,0.39
10,10,8,0
10,14,8,0.53
10,17,8,0.83
10,18,8,0.55
10,31,8,0.99
10,37,8,0.92
10,38,8,0.41
10,47,8,0.24
10,50,8,0.09
10,59,8,0.13
10,66,8,0.37
10,73,8,1.0
10,82,8,0.33
10,96,8,0.67
10,4,10,0.64
10,10,10,0
10,21,10,0.99
10,25,10,0.46
10,26,10,0.48
10,27,10,0.19
10,33,10,0.82
10,34,10,0.47
10,45,10,0.92
10,47,10,0.57
10,57,10,0.81
10,65,10,0.27
10,69,10,0.95
10,72,10,0.2
10,80,10,0.77
10,81,10,0.49
10,82,10,0.17
10,85,10,0.01
10,94,10,0.69
10,99,10,0.15
11,7,1,0.33
11,8,1,0.52
11,11,1,0
11,14,1,0.94
11,23,1,0.52
11,30,1,0.28
11,32,1,0.83
11,43,1,0.71
11,44,1,0.15
11,52,1,0.22
11,56,1,0.15
11,58,1,0.82
11,59,1,0.52
11,62,1,0.63
11,67,1,0.42
11,74,1,0.76
11,76,1,0.53
11,79,1,0.99
11,83,1,0.22
11,88,1,0.56
11,98,1,0.33
11,1,16,0.91
11,3,16,0.93
11,11,16,0
11,16,16,0.96
11,20,16,0.21
11,24,16,0.27
11,28,16,0.04
11,33,16,0.79
11,36,16,0.95
11,37,16,0.53
11,38,16,0.81
11,49,16,0.09
11,56,16,0.94
11,58,16,0.94
11,64,16,0.16
11,75,16,0.36
11,81,16,0.95
11,86,16,0.19
11,91,16,0.62
11,94,16,0.11
11,96,16,0.39
12,12,5,0
12,18,5,0.54
12,28,5,0.08
12,30,5,0.08
12,37,5,0.72
12,39,5,0.85
12,51,5,0.66
12,67,5,0.77
12,74,5,0.06
12,75,5,0.88
12,79,5,0.81
12,87,5,0.82
12,89,5,0.94
12,94,5,0.91
12,0,15,0.95
12,5,15,0.88
12,12,15,0
12,16,15,0.66
12,35,15,0.81
12,38,15,0.97
12,49,15,0.6
12,56,15,0.18
12,63,15,0.03
12,80,15,0.14
12,94,15,0.42
12,1,9,0.1
12,5,9,0.35
12,7,9,0.8
12,8,9,0.49
12,12,9,0
12,20,9,0.01
12,26,9,0.33
12,33,9,0.54
12,43,9,0.56
12,76,9,0.31
12,98,9,0.59
13,1,12,0.07
13,6,12,0.99
13,13,12,0
13,18,12,0.34
13,19,12,0.41
13,26,12,0.54
13,40,12,0.5
13,44,12,0.88
13,68,12,0.54
13,76,12,0.09
13,77,12,0.39
13,79,12,0.81
13,85,12,0.89
13,88,12,0.35
13,13,3,0
13,15,3,0.49
13,27,3,0.4
13,35,3,0.04
13,36,3,0.78
13,39,3,0.3
13,43,3,0.26
13,54,3,0.47
13,55,3,0.2
13,61,3,0.44
13,63,3,0.78
13,73,3,0.39
13,80,3,0.54
13,92,3,0.7
13,98,3,0.34
14,9,8,0.42
14,10,8,0.04
14,14,8,0
14,17,8,0.89
14,18,8,0.15
14,31,8,0.38
14,37,8,0.35
14,38,8,1.0
14,47,8,0.93
14,50,8,0.67
14,59,8,0.9
14,66,8,0.55
14,73,8,0.08
14,82,8,0.23
14,96,8,0.85
14,0,13,0.14
14,7,13,0.54
14,14,13,0
14,17,13,0.9
14,19,13,0.25
14,21,13,0.61
14,24,13,0.59
14,25,13,0.73
14,28,13,0.17
14,54,13,0.04
14,75,13,0.05
14,88,13,0.42
14,95,13,0.0
14,98,13,0.44
14,7,1,0.12
14,8,1,0.87
14,11,1,0.41
14,14,1,0
14,23,1,0.8
14,30,1,0.24
14,32,1,0.18
14,43,1,0.9
14,44,1,0.94
14,52,1,0.13
14,56,1,0.02
14,58,1,0.72
14,59,1,0.05
14,62,1,0.18
14,67,1,0.64
14,74,1,0.2
14,76,1,0.99
14,79,1,0.21
14,83,1,0.9
14,88,1,0.78
14,98,1,0.8
15,0,0,0.72
15,4,0,0.82
15,15,0,0
15,22,0,0.13
15,33,0,0.89
15,35,0,0.74
15,44,0,0.27
15,45,0,0.23
15,55,0,0.1
15,57,0,0.18
15,62,0,0.39
15,69,0,0.76
15,71,0,0.4
15,72,0,0.86
15,85,0,0.76
15,90,0,0.59
15,13,3,0.92
15,15,3,0
15,27,3,0.57
15,35,3,0.75
15,36,3,0.68
15,39,3,0.04
15,43,3,0.64
15,54,3,0.39
15,55,3,0.86
15,61,3,0.14
15,63,3,0.47
15,73,3,0.14
15,80,3,0.89
15,92,3,0.54
15,98,3,0.54
15,0,11,0.56
15,15,11,0
15,22,11,0.09
15,41,11,0.09
15,42,11,0.7
15,47,11,0.91
15,51,11,0.08
15,59,11,0.14
15,66,11,0.99
15,74,11,0.87
15,75,11,0.3
15,77,11,0.13
15,84,11,0.39
15,95,11,0.87
15,96,11,0.51
15,1,14,0.8
15,3,14,0.17
15,9,14,0.44
15,15,14,0
15,36,14,0.46
15,48,14,0.06
15,59,14,0.19
15,64,14,0.88
15,66,14,0.07
15,70,14,0.74
15,72,14,0.12
15,81,14,0.52
15,86,14,0.53
16,1,16,0.83
16,3,16,0.14
16,11,16,0.94
16,16,16,0
16,20,16,0.24
16,24,16,0.25
16,28,16,0.72
16,33,16,0.97
16,36,16,0.73
16,37,16,0.64
16,38,16,0.67
16,49,16,0.23
16,56,16,0.62
16,58,16,0.33
16,64,16,0.21
16,75,16,0.1
16,81,16,0.73
16,86,16,0.39
16,91,16,0.72
16,94,16,0.37
16,96,16,0.57
16,2,6,0.2
16,3,6,0.31
16,6,6,0.51
16,10,6,0.84
16,16,6,0
16,19,6,0.05
16,20,6,0.77
16,24,6,0.27
16,31,6,0.72
16,34,6,0.54
16,36,6,0.77
16,43,6,0.94
16,48,6,0.7
16,50,6,0.43
16,53,6,0.29
16,70,6,0.9
16,71,6,0.1
16,77,6,0.47
16,78,6,0.97
16,82,6,0.62
16,93,6,0.8
16,95,6,0.35
16,96,6,0.0
16,97,6,0.57
16,0,15,0.91
16,5,15,0.11
16,12,15,0.0
16,16,15,0
16,35,15,0.75
16,38,15,0.2
16,49,15,0.74
16,56,15,0.91
16,63,15,0.03
16,80,15,0.58
16,94,15,0.28
17,9,8,0.65
17,10,8,0.88
17,14,8,0.27
17,17,8,0
17,18,8,0.42
17,31,8,0.08
17,37,8,0.39
17,38,8,0.16
17,47,8,0.38
17,50,8,0.81
17,59,8,0.23
17,66,8,0.19
17,73,8,0.99
17,82,8,0.21
17,96,8,0.54
17,17,4,0
17,20,4,0.26
17,28,4,0.17
17,29,4,0.29
17,32,4,0.84
17,42,4,0.18
17,46,4,0.4
17,49,4,0.07
17,54,4,0.73
17,55,4,0.67
17,57,4,0.53
17,73,4,0.67
17,76,4,0.65
17,78,4,0.66
17,89,4,0.21
17,91,4,0.35
17,92,4,0.96
17,97,4,0.42
17,0,13,0.47
17,7,13,0.56
17,14,13,0.12
17,17,13,0
17,19,13,0.67
17,21,13,0.42
17,24,13,0.59
17,25,13,0.28
17,28,13,0.09
17,54,13,0.11
17,75,13,0.14
17,88,13,0.72
17,95,13,0.53
17,98,13,0.64
18,9,8,0.11
18,10,8,0.58
18,14,8,0.23
18,17,8,0.89
18,18,8,0
18,31,8,0.95
18,37,8,0.9
18,38,8,0.3
18,47,8,0.57
18,50,8,0.16
18,59,8,0.17
18,66,8,0.89
18,73,8,0.9
18,82,8,0.07
18,96,8,0.94
18,12,5,0.38
18,18,5,0
18,28,5,0.25
18,30,5,0.42
18,37,5,0.59
18,39,5,0.26
18,51,5,0.32
18,67,5,0.7
18,74,5,0.99
18,75,5,0.57
18,79,5,0.5
18,87,5,0.14
18,89,5,0.28
18,94,5,0.48
18,1,12,0.21
18,6,12,0.33
18,13,12,0.01
18,18,12,0
18,19,12,0.17
18,26,12,0.15
18,40,12,0.25
18,44,12,0.9
18,68,12,0.14
18,76,12,0.02
18,77,12,0.49
18,79,12,0.08
18,85,12,0.79
18,88,12,0.81
19,1,12,0.94
19,6,12,0.5
19,13,12,0.3
19,18,12,0.36
19,19,12,0
19,26,12,0.68
19,40,12,0.46
19,44,12,0.47
19,68,12,0.77
19,76,12,0.56
19,77,12,0.69
19,79,12,0.68
19,85,12,0.82
19,88,12,0.73
19,0,13,0.12
19,7,13,0.5
19,14,13,0.35
19,17,13,0.68
19,19,13,0
19,21,13,0.58
19,24,13,0.66
19,25,13,0.49
19,28,13,0.72
19,54,13,0.76
19,75,13,0.91
19,88,13,0.62
19,95,13,0.33
19,98,13,0.19
19,2,6,0.27
19,3,6,0.28
19,6,6,0.44
19,10,6,0.44
19,16,6,0.05
19,19,6,0
19,20,6,0.21
19,24,6,0.9
19,31,6,0.2
19,34,6,0.89
19,36,6,0.23
19,43,6,0.5
19,48,6,0.23
19,50,6,0.7
19,53,6,0.1
19,70,6,0.28
19,71,6,0.62
19,77,6,0.42
19,78,6,0.75
19,82,6,0.96
19,93,6,0.43
19,95,6,0.6
19,96,6,0.82
19,97,6,0.64
19,10,2,0.02
19,19,2,0
19,42,2,0.3
19,44,2,0.26
19,46,2,0.87
19,48,2,0.89
19,66,2,0.03
19,67,2,0.21
19,92,2,0.17
19,93,2,0.72
19,99,2,0.87
20,2,6,0.64
20,3,6,0.85
20,6,6,0.3
20,10,6,0.8
20,16,6,0.36
20,19,6,0.6
20,20,6,0
20,24,6,0.77
20,31,6,0.13
20,34,6,0.68
20,36,6,0.56
20,43,6,0.47
20,48,6,0.32
20,50,6,0.09
20,53,6,0.44
20,70,6,0.41
20,71,6,0.07
20,77,6,0.06
20,78,6,0.36
20,82,6,0.28
20,93,6,0.0
20,95,6,0.78
20,96,6,0.08
20,97,6,0.22
20,17,4,0.61
20,20,4,0
20,28,4,0.19
20,29,4,0.55
20,32,4,0.91
20,42,4,0.66
20,46,4,0.11
20,49,4,0.93
20,54,4,0.42
20,55,4,0.39
20,57,4,0.18
20,73,4,0.61
20,76,4,0.28
20,78,4,0.57
20,89,4,0.26
20,91,4,0.43
20,92,4,0.42
20,97,4,0.7
20,1,9,0.09
20,5,9,0.72
20,7,9,0.84
20,8,9,0.43
20,12,9,0.76
20,20,9,0
20,26,9,0.16
20,33,9,0.56
20,43,9,0.26
20,76,9,0.21
20,98,9,0.9
20,1,16,0.9
20,3,16,0.94
20,11,16,0.43
20,16,16,0.92
20,20,16,0
20,24,16,0.76
20,28,16,0.96
20,33,16,0.69
20,36,16,0.3
20,37,16,0.77
20,38,16,0.99
20,49,16,0.13
20,56,16,0.99
20,58,16,0.46
20,64,16,0.8
20,75,16,0.14
20,81,16,0.44
20,86,16,0.37
20,91,16,0.53
20,94,16,0.43
20,96,16,0.68
21,4,10,0.42
21,10,10,0.88
21,21,10,0
21,25,10,0.62
21,26,10,0.46
21,27,10,0.2
21,33,10,0.48
21,34,10,0.44
21,45,10,0.66
21,47,10,0.33
21,57,10,0.98
21,65,10,0.2
21,69,10,0.38
21,72,10,0.25
21,80,10,0.75
21,81,10,0.77
21,82,10,0.54
21,85,10,0.25
21,94,10,0.13
21,99,10,0.31
21,2,7,0.54
21,21,7,0
21,22,7,0.04
21,25,7,0.64
21,26,7,0.23
21,29,7,0.71
21,30,7,0.05
21,41,7,0.75
21,46,7,0.97
21,51,7,0.79
21,52,7,0.12
21,54,7,0.78
21,60,7,0.85
21,61,7,0.47
21,62,7,0.55
21,64,7,0.84
21,83,7,0.2
21,85,7,0.42
21,92,7,0.73
21,0,13,0.33
21,7,13,0.35
21,14,13,0.41
21,17,13,0.62
21,19,13,0.09
21,21,13,0
21,24,13,0.53
21,25,13,0.03
21,28,13,0.47
21,54,13,0.93
21,75,13,0.98
21,88,13,0.93
21,95,13,0.23
21,98,13,0.58
22,0,0,0.25
22,4,0,0.75
22,15,0,0.85
22,22,0,0
22,33,0,0.68
22,35,0,0.38
22,44,0,0.6
22,45,0,0.92
22,55,0,0.65
22,57,0,0.24
22,62,0,0.03
22,69,0,0.08
22,71,0,0.12
22,72,0,0.8
22,85,0,0.6
22,90,0,0.03
22,2,7,0.26
22,21,7,0.53
22,22,7,0
22,25,7,0.51
22,26,7,0.43
22,29,7,0.96
22,30,7,0.12
22,41,7,0.19
22,46,7,0.44
22,51,7,0.01
22,52,7,0.15
22,54,7,0.64
22,60,7,0.09
22,61,7,0.77
22,62,7,0.18
22,64,7,0.53
22,83,7,0.2
22,85,7,0.14
22,92,7,0.15
22,6,17,0.64
22,22,17,0
22,23,17,1.0
22,37,17,0.03
22,42,17,0.09
22,52,17,0.26
22,56,17,0.78
22,60,17,0.83
22,62,17,0.46
22,63,17,0.69
22,67,17,0.84
22,68,17,0.09
22,70,17,0.93
22,71,17,0.0
22,74,17,0.63
22,77,17,0.36
22,84,17,0.41
22,0,11,0.91
22,15,11,0.95
22,22,11,0
22,41,11,0.26
22,42,11,0.71
22,47,11,0.82
22,51,11,0.4
22,59,11,0.26
22,66,11,0.17
22,74,11,0.1
22,75,11,0.36
22,77,11,0.51
22,84,11,0.71
22,95,11,0.4
22,96,11,0.97
23,6,17,0.78
23,22,17,0.16
23,23,17,0
23,37,17,0.76
23,42,17,0.63
23,52,17,0.77
23,56,17,0.61
23,60,17,0.72
23,62,17,0.46
23,63,17,0.34
23,67,17,0.11
23,68,17,0.04
23,70,17,0.03
23,71,17,0.5
23,74,17,0.2
23,77,17,0.72
23,84,17,0.47
23,7,1,0.01
23,8,1,0.97
23,11,1,0.98
23,14,1,0.14
23,23,1,0
23,30,1,0.0
23,32,1,0.49
23,43,1,0.39
23,44,1,0.62
23,52,1,0.85
23,56,1,0.68
23,58,1,0.27
23,59,1,0.8
23,62,1,0.17
23,67,1,0.74
23,74,1,0.1
23,76,1,0.8
23,79,1,0.18
23,83,1,0.24
23,88,1,0.97
23,98,1,0.03
24,2,6,0.5
24,3,6,0.81
24,6,6,0.13
24,10,6,0.05
24,16,6,0.79
24,19,6,0.8
24,20,6,0.74
24,24,6,0
24,31,6,0.91
24,34,6,0.22
24,36,6,0.74
24,43,6,0.08
24,48,6,0.06
24,50,6,0.24
24,53,6,0.72
24,70,6,0.85
24,71,6,0.84
24,77,6,0.5
24,78,6,0.76
24,82,6,0.1
24,93,6,0.76
24,95,6,0.31
24,96,6,0.05
24,97,6,0.33
24,0,13,0.94
24,7,13,0.11
24,14,13,0.96
24,17,13,0.64
24,19,13,0.88
24,21,13,0.48
24,24,13,0
24,25,13,0.12
24,28,13,0.79
24,54,13,0.79
24,75,13,0.95
24,88,13,0.42
24,95,13,0.65
24,98,13,0.95
24,1,16,0.22
24,3,16,0.34
24,11,16,0.79
24,16,16,0.5
24,20,16,0.24
24,24,16,0
24,28,16,0.74
24,33,16,0.19
24,36,16,0.98
24,37,16,0.81
24,38,16,0.4
24,49,16,0.41
24,56,16,0.23
24,58,16,0.1
24,64,16,0.65
24,75,16,0.35
24,81,16,0.8
24,86,16,0.04
24,91,16,0.56
24,94,16,0.62
24,96,16,0.85
25,2,7,0.51
25,21,7,0.88
25,22,7,0.67
25,25,7,0
25,26,7,0.13
25,29,7,0.51
25,30,7,0.04
25,41,7,0.42
25,46,7,0.47
25,51,7,0.33
25,52,7,1.0
25,54,7,0.96
25,60,7,0.21
25,61,7,0.57
25,62,7,0.25
25,64,7,0.94
25,83,7,0.27
25,85,7,0.69
25,92,7,0.58
25,0,13,0.0
25,7,13,0.64
25,14,13,0.96
25,17,13,0.12
25,19,13,0.08
25,21,13,0.87
25,24,13,0.5
25,25,13,0
25,28,13,0.32
25,54,13,0.17
25,75,13,0.38
25,88,13,0.87
25,95,13,0.94
25,98,13,0.72
25,4,10,0.56
25,10,10,0.22
25,21,10,0.03
25,25,10,0
25,26,10,0.5
25,27,10,0.36
25,33,10,0.6
25,34,10,0.05
25,45,10,0.8
25,47,10,0.44
25,57,10,0.58
25,65,10,0.68
25,69,10,0.52
25,72,10,0.88
25,80,10,0.54
25,81,10,0.64
25,82,10,1.0
25,85,10,0.82
25,94,10,0.05
25,99,10,0.25
26,1,12,0.12
26,6,12,0.94
26,13,12,0.04
26,18,12,0.7
26,19,12,0.78
26,26,12,0
26,40,12,0.82
26,44,12,0.5
26,68,12,0.87
26,76,12,0.85
26,77,12,0.4
26,79,12,0.16
26,85,12,0.49
26,88,12,0.92
26,2,7,0.52
26,21,7,0.13
26,22,7,0.63
26,25,7,0.63
26,26,7,0
26,29,7,0.27
26,30,7,0.49
26,41,7,0.82
26,46,7,0.87
26,51,7,0.03
26,52,7,0.39
26,54,7,0.06
26,60,7,0.97
26,61,7,0.74
26,62,7,0.05
26,64,7,0.91
26,83,7,0.99
26,85,7,0.17
26,92,7,0.5
26,1,9,0.8
26,5,9,0.52
26,7,9,0.63
26,8,9,0.39
26,12,9,0.85
26,20,9,0.85
26,26,9,0
26,33,9,0.39
26,43,9,0.84
26,76,9,0.81
26,98,9,0.71
26,4,10,0.67
26,10,10,0.34
26,21,10,0.27
26,25,10,0.77
26,26,10,0
26,27,10,0.76
26,33,10,0.67
26,34,10,0.03
26,45,10,0.35
26,47,10,0.91
26,57,10,0.5
26,65,10,0.17
26,69,10,0.19
26,72,10,0.22
26,80,10,0.56
26,81,10,0.38
26,82,10,0.02
26,85,10,0.77
26,94,10,0.31
26,99,10,0.63
27,27,19,0
27,32,19,0.46
27,34,19,0.34
27,40,19,0.75
27,46,19,0.44
27,52,19,0.59
27,60,19,0.19
27,70,19,0.81
27,71,19,0.35
27,73,19,0.86
27,79,19,0.02
27,82,19,0.64
27,88,19,0.81
27,90,19,0.41
27,97,19,0.31
27,4,10,0.91
27,10,10,0.74
27,21,10,0.02
27,25,10,0.99
27,26,10,0.87
27,27,10,0
27,33,10,0.3
27,34,10,0.4
27,45,10,0.98
27,47,10,0.91
27,57,10,0.32
27,65,10,0.4
27,69,10,0.96
27,72,10,0.32
27,80,10,0.17
27,81,10,0.47
27,82,10,0.74
27,85,10,0.63
27,94,10,0.11
27,99,10,0.7
27,13,3,0.35
27,15,3,0.04
27,27,3,0
27,35,3,0.24
27,36,3,0.48
27,39,3,0.76
27,43,3,0.22
27,54,3,0.02
27,55,3,0.52
27,61,3,0.04
27,63,3,0.45
27,73,3,0.07
27,80,3,0.26
27,92,3,0.6
27,98,3,0.8
28,12,5,0.61
28,18,5,0.44
28,28,5,0
28,30,5,0.69
28,37,5,0.69
28,39,5,0.84
28,51,5,0.63
28,67,5,0.15
28,74,5,0.33
28,75,5,0.66
28,79,5,0.16
28,87,5,0.46
28,89,5,0.04
28,94,5,0.87
28,0,13,0.93
28,7,13,0.94
28,14,13,0.66
28,17,13,0.41
28,19,13,0.21
28,21,13,0.62
28,24,13,0.02
28,25,13,0.77
28,28,13,0
28,54,13,0.52
28,75,13,0.73
28,88,13,0.76
28,95,13,0.93
28,98,13,0.86
28,1,16,0.91
28,3,16,0.1
28,11,16,0.99
28,16,16,0.72
28,20,16,0.86
28,24,16,0.18
28,28,16,0
28,33,16,0.13
28,36,16,0.74
28,37,16,0.0
28,38,16,0.75
28,49,16,0.02
28,56,16,0.62
28,58,16,0.89
28,64,16,0.2
28,75,16,0.16
28,81,16,0.85
28,86,16,0.04
28,91,16,0.51
28,94,16,0.66
28,96,16,0.78
28,17,4,0.94
28,20,4,0.66
28,28,4,0
28,29,4,0.75
28,32,4,0.11
28,42,4,0.04
28,46,4,0.1
28,49,4,0.98
28,54,4,0.1
28,55,4,0.22
28,57,4,0.54
28,73,4,0.29
28,76,4,0.42
28,78,4,0.45
28,89,4,0.74
28,91,4,0.66
28,92,4,0.75
28,97,4,0.53
29,17,4,0.74
29,20,4,0.2
29,28,4,0.71
29,29,4,0
29,32,4,0.34
29,42,4,0.4
29,46,4,0.73
29,49,4,0.1
29,54,4,0.92
29,55,4,0.25
29,57,4,0.22
29,73,4,0.46
29,76,4,0.09
29,78,4,0.09
29,89,4,0.58
29,91,4,0.9
29,92,4,0.42
29,97,4,0.45
29,2,7,0.64
29,21,7,0.2
29,22,7,0.03
29,25,7,0.05
29,26,7,0.71
29,29,7,0
29,30,7,0.75
29,41,7,0.55
29,46,7,0.94
29,51,7,0.84
29,52,7,0.7
29,54,7,0.66
29,60,7,0.98
29,61,7,0.02
29,62,7,0.89
29,64,7,0.7
29,83,7,0.58
29,85,7,0.94
29,92,7,0.67
30,2,7,0.28
30,21,7,0.66
30,22,7,0.52
30,25,7,0.72
30,26,7,0.67
30,29,7,0.72
30,30,7,0
30,41,7,0.99
30,46,7,0.27
30,51,7,0.44
30,52,7,0.42
30,54,7,0.68
30,60,7,0.78
30,61,7,0.11
30,62,7,0.4
30,64,7,0.88
30,83,7,0.67
30,85,7,0.8
30,92,7,0.24
30,7,1,0.14
30,8,1,0.73
30,11,1,0.73
30,14,1,0.11
30,23,1,0.19
30,30,1,0
30,32,1,0.08
30,43,1,0.71
30,44,1,0.39
30,52,1,0.14
30,56,1,0.03
30,58,1,0.49
30,59,1,0.83
30,62,1,0.94
30,67,1,0.41
30,74,1,0.08
30,76,1,0.06
30,79,1,0.09
30,83,1,0.78
30,88,1,0.52
30,98,1,0.99
30,12,5,0.83
30,18,5,0.8
30,28,5,0.98
30,30,5,0
30,37,5,0.09
30,39,5,0.66
30,51,5,0.41
30,67,5,0.74
30,74,5,0.6
30,75,5,0.27
30,79,5,0.39
30,87,5,0.67
30,89,5,0.94
30,94,5,0.38
31,2,6,0.63
31,3,6,0.34
31,6,6,0.42
31,10,6,0.76
31,16,6,0.99
31,19,6,0.77
31,20,6,0.46
31,24,6,0.74
31,31,6,0
31,34,6,0.4
31,36,6,0.42
31,43,6,0.16
31,48,6,0.72
31,50,6,0.8
31,53,6,0.35
31,70,6,0.23
31,71,6,0.03
31,77,6,0.18
31,78,6,0.5
31,82,6,0.05
31,93,6,0.38
31,95,6,0.78
31,96,6,0.18
31,97,6,0.85
31,9,8,0.53
31,10,8,0.8
31,14,8,0.81
31,17,8,0.8
31,18,8,0.66
31,31,8,0
31,37,8,0.33
31,38,8,0.69
31,47,8,0.67
31,50,8,0.46
31,59,8,0.48
31,66,8,0.8
31,73,8,0.67
31,82,8,0.79
31,96,8,0.01
32,17,4,0.23
32,20,4,0.07
32,28,4,0.11
32,29,4,0.67
32,32,4,0
32,42,4,0.4
32,46,4,1.0
32,49,4,0.54
32,54,4,0.92
32,55,4,0.45
32,57,4,0.24
32,73,4,0.91
32,76,4,0.88
32,78,4,0.23
32,89,4,0.02
32,91,4,0.29
32,92,4,0.56
32,97,4,0.79
32,7,1,0.91
32,8,1,0.14
32,11,1,0.69
32,14,1,0.21
32,23,1,0.41
32,30,1,0.66
32,32,1,0
32,43,1,0.22
32,44,1,0.04
32,52,1,0.67
32,56,1,0.56
32,58,1,0.9
32,59,1,0.39
32,62,1,0.95
32,67,1,0.55
32,74,1,0.72
32,76,1,0.78
32,79,1,0.65
32,83,1,0.03
32,88,1,0.72
32,98,1,0.09
32,27,19,0.41
32,32,19,0
32,34,19,0.9
32,40,19,0.72
32,46,19,0.31
32,52,19,0.35
32,60,19,0.73
32,70,19,0.53
32,71,19,0.52
32,73,19,0.86
32,79,19,0.31
32,82,19,0.95
32,88,19,0.98
32,90,19,0.76
32,97,19,0.94
33,1,9,0.22
33,5,9,0.9
33,7,9,0.55
33,8,9,0.7
33,12,9,0.01
33,20,9,0.11
33,26,9,0.55
33,33,9,0
33,43,9,0.92
33,76,9,0.36
33,98,9,0.26
33,4,10,0.09
33,10,10,0.33
33,21,10,0.69
33,25,10,0.25
33,26,10,0.12
33,27,10,0.96
33,33,10,0
33,34,10,0.1
33,45,10,0.02
33,47,10,0.16
33,57,10,0.03
33,65,10,0.98
33,69,10,0.79
33,72,10,0.24
33,80,10,0.81
33,81,10,0.73
33,82,10,0.66
33,85,10,0.29
33,94,10,0.4
33,99,10,0.35
33,1,16,0.43
33,3,16,0.2
33,11,16,0.28
33,16,16,0.92
33,20,16,0.89
33,24,16,0.36
33,28,16,0.6
33,33,16,0
33,36,16,0.11
33,37,16,0.38
33,38,16,0.34
33,49,16,0.73
33,56,16,0.55
33,58,16,0.24
33,64,16,0.45
33,75,16,0.14
33,81,16,0.87
33,86,16,0.29
33,91,16,0.01
33,94,16,0.82
33,96,16,0.3
33,0,0,0.8
33,4,0,0.46
33,15,0,0.39
33,22,0,0.83
33,33,0,0
33,35,0,0.88
33,44,0,0.01
33,45,0,0.69
33,55,0,0.65
33,57,0,0.31
33,62,0,0.81
33,69,0,0.51
33,71,0,0.33
33,72,0,0.6
33,85,0,0.08
33,90,0,0.81
34,4,10,0.33
34,10,10,0.73
34,21,10,0.09
34,25,10,0.98
34,26,10,0.76
34,27,10,0.51
34,33,10,0.08
34,34,10,0
34,45,10,0.6
34,47,10,0.37
34,57,10,0.54
34,65,10,0.49
34,69,10,0.38
34,72,10,0.48
34,80,10,0.47
34,81,10,0.66
34,82,10,0.32
34,85,10,0.03
34,94,10,0.27
34,99,10,0.72
34,2,6,0.93
34,3,6,0.57
34,6,6,0.69
34,10,6,0.63
34,16,6,0.44
34,19,6,0.2
34,20,6,0.4
34,24,6,0.66
34,31,6,0.83
34,34,6,0
34,36,6,0.14
34,43,6,0.57
34,48,6,0.26
34,50,6,0.74
34,53,6,0.74
34,70,6,0.1
34,71,6,0.77
34,77,6,0.63
34,78,6,0.61
34,82,6,0.51
34,93,6,0.19
34,95,6,0.98
34,96,6,0.9
34,97,6,0.87
34,27,19,0.11
34,32,19,0.75
34,34,19,0
34,40,19,0.14
34,46,19,0.54
34,52,19,0.69
34,60,19,0.75
34,70,19,0.05
34,71,19,0.58
34,73,19,0.54
34,79,19,0.27
34,82,19,0.35
34,88,19,0.9
34,90,19,0.06
34,97,19,0.56
35,13,3,0.22
35,15,3,0.5
35,27,3,0.02
35,35,3,0
35,36,3,0.31
35,39,3,0.68
35,43,3,0.95
35,54,3,1.0
35,55,3,0.48
35,61,3,0.24
35,63,3,0.97
35,73,3,0.94
35,80,3,0.02
35,92,3,0.45
35,98,3,0.06
35,0,15,0.58
35,5,15,0.38
35,12,15,0.27
35,16,15,0.24
35,35,15,0
35,38,15,0.91
35,49,15,0.6
35,56,15,0.57
35,63,15,0.64
35,80,15,0.32
35,94,15,0.59
35,0,0,0.42
35,4,0,0.56
35,15,0,0.25
35,22,0,0.99
35,33,0,0.27
35,35,0,0
35,44,0,0.99
35,45,0,0.01
35,55,0,0.74
35,57,0,0.05
35,62,0,0.91
35,69,0,0.65
35,71,0,0.99
35,72,0,0.05
35,85,0,0.68
35,90,0,0.59
36,1,14,0.56
36,3,14,0.87
36,9,14,0.4
36,15,14,0.98
36,36,14,0
36,48,14,0.49
36,59,14,0.42
36,64,14,0.79
36,66,14,0.29
36,70,14,0.47
36,72,14,0.29
36,81,14,0.97
36,86,14,0.41
36,13,3,0.52
36,15,3,0.04
36,27,3,0.26
36,35,3,0.12
36,36,3,0
36,39,3,0.35
36,43,3,0.77
36,54,3,0.19
36,55,3,0.74
36,61,3,0.24
36,63,3,0.55
36,73,3,0.14
36,80,3,0.72
36,92,3,0.37
36,98,3,0.58
36,1,16,0.52
36,3,16,0.68
36,11,16,0.62
36,16,16,0.15
36,20,16,0.51
36,24,16,0.09
36,28,16,0.98
36,33,16,0.73
36,36,16,0
36,37,16,0.64
36,38,16,0.31
36,49,16,0.61
36,56,16,0.72
36,58,16,0.78
36,64,16,0.75
36,75,16,0.72
36,81,16,0.18
36,86,16,0.27
36,91,16,0.58
36,94,16,0.89
36,96,16,0.34
36,2,6,0.29
36,3,6,0.6
36,6,6,0.74
36,10,6,0.51
36,16,6,0.37
36,19,6,0.14
36,20,6,0.32
36,24,6,0.85
36,31,6,0.58
36,34,6,0.28
36,36,6,0
36,43,6,0.16
36,48,6,0.75
36,50,6,0.15
36,53,6,0.95
36,70,6,0.62
36,71,6,0.27
36,77,6,0.07
36,78,6,0.58
36,82,6,0.44
36,93,6,0.14
36,95,6,0.04
36,96,6,0.11
36,97,6,0.83
37,12,5,0.6
37,18,5,0.23
37,28,5,0.74
37,30,5,0.29
37,37,5,0
37,39,5,0.34
37,51,5,0.03
37,67,5,0.51
37,74,5,0.76
37,75,5,0.04
37,79,5,0.43
37,87,5,0.65
37,89,5,0.26
37,94,5,0.62
37,6,17,0.63
37,22,17,0.8
37,23,17,0.43
37,37,17,0
37,42,17,0.9
37,52,17,0.95
37,56,17,0.37
37,60,17,0.08
37,62,17,0.22
37,63,17,0.65
37,67,17,0.76
37,68,17,0.95
37,70,17,0.83
37,71,17,0.56
37,74,17,0.59
37,77,17,0.5
37,84,17,0.74
37,9,8,0.44
37,10,8,0.34
37,14,8,0.44
37,17,8,0.46
37,18,8,0.63
37,31,8,0.91
37,37,8,0
37,38,8,0.89
37,47,8,0.25
37,50,8,0.53
37,59,8,0.64
37,66,8,0.43
37,73,8,0.15
37,82,8,0.08
37,96,8,0.02
37,1,16,0.83
37,3,16,0.1
37,11,16,0.4
37,16,16,0.56
37,20,16,0.16
37,24,16,0.14
37,28,16,0.66
37,33,16,0.44
37,36,16,0.02
37,37,16,0
37,38,16,0.27
37,49,16,0.72
37,56,16,0.17
37,58,16,0.94
37,64,16,0.27
37,75,16,0.43
37,81,16,0.66
37,86,16,0.68
37,91,16,0.52
37,94,16,0.68
37,96,16,0.82
38,0,15,0.73
38,5,15,0.83
38,12,15,0.59
38,16,15,0.27
38,35,15,0.2
38,38,15,0
38,49,15,0.73
38,56,15,0.53
38,63,15,0.81
38,80,15,0.42
38,94,15,0.01
38,9,8,0.4
38,10,8,0.73
38,14,8,0.49
38,17,8,0.42
38,18,8,0.4
38,31,8,0.49
38,37,8,0.28
38,38,8,0
38,47,8,0.73
38,50,8,0.04
38,59,8,0.36
38,66,8,0.53
38,73,8,0.27
38,82,8,0.8
38,96,8,0.89
38,1,16,0.36
38,3,16,0.67
38,11,16,0.87
38,16,16,0.87
38,20,16,0.31
38,24,16,0.49
38,28,16,0.05
38,33,16,0.46
38,36,16,0.53
38,37,16,0.84
38,38,16,0
38,49,16,0.04
38,56,16,0.49
38,58,16,0.53
38,64,16,0.32
38,75,16,0.15
38,81,16,0.24
38,86,16,0.29
38,91,16,0.69
38,94,16,0.42
38,96,16,0.23
39,12,5,0.31
39,18,5,0.94
39,28,5,0.41
39,30,5,0.25
39,37,5,0.77
39,39,5,0
39,51,5,0.28
39,67,5,0.18
39,74,5,0.18
39,75,5,0.37
39,79,5,0.85
39,87,5,0.67
39,89,5,0.72
39,94,5,0.2
39,13,3,0.51
39,15,3,0.58
39,27,3,0.42
39,35,3,0.13
39,36,3,0.04
39,39,3,0
39,43,3,0.68
39,54,3,0.56
39,55,3,0.7
39,61,3,0.81
39,63,3,0.94
39,73,3,0.97
39,80,3,0.75
39,92,3,0.39
39,98,3,0.8
40,27,19,0.08
40,32,19,0.3
40,34,19,0.56
40,40,19,0
40,46,19,0.75
40,52,19,0.19
40,60,19,0.06
40,70,19,0.58
40,71,19,0.68
40,73,19,0.92
40,79,19,0.79
40,82,19,0.93
40,88,19,0.78
40,90,19,0.83
40,97,19,0.97
40,1,12,0.82
40,6,12,0.29
40,13,12,0.91
40,18,12,0.26
40,19,12,0.54
40,26,12,0.43
40,40,12,0
40,44,12,0.22
40,68,12,0.17
40,76,12,0.84
40,77,12,0.17
40,79,12,0.1
40,85,12,0.99
40,88,12,0.59
41,0,11,0.48
41,15,11,0.36
41,22,11,0.36
41,41,11,0
41,42,11,0.36
41,47,11,0.62
41,51,11,0.51
41,59,11,0.69
41,66,11,0.77
41,74,11,0.03
41,75,11,0.93
41,77,11,0.5
41,84,11,0.18
41,95,11,0.91
41,96,11,0.84
41,2,7,0.85
41,21,7,0.26
41,22,7,0.8
41,25,7,0.13
41,26,7,0.87
41,29,7,0.68
41,30,7,0.93
41,41,7,0
41,46,7,0.52
41,51,7,0.47
41,52,7,0.6
41,54,7,0.68
41,60,7,0.05
41,61,7,0.76
41,62,7,0.07
41,64,7,0.12
41,83,7,0.74
41,85,7,0.79
41,92,7,0.16
42,0,11,0.41
42,15,11,0.66
42,22,11,0.93
42,41,11,0.25
42,42,11,0
42,47,11,0.66
42,51,11,0.15
42,59,11,0.56
42,66,11,0.15
42,74,11,0.22
42,75,11,0.41
42,77,11,0.75
42,84,11,0.82
42,95,11,0.06
42,96,11,0.17
42,6,17,0.56
42,22,17,0.15
42,23,17,0.36
42,37,17,0.1
42,42,17,0
42,52,17,0.67
42,56,17,0.89
42,60,17,0.78
42,62,17,0.15
42,63,17,0.31
42,67,17,0.11
42,68,17,0.85
42,70,17,0.02
42,71,17,0.31
42,74,17,0.64
42,77,17,0.89
42,84,17,0.06
42,10,2,0.85
42,19,2,0.72
42,42,2,0
42,44,2,0.35
42,46,2,0.84
42,48,2,0.12
42,66,2,0.98
42,67,2,0.37
42,92,2,0.31
42,93,2,0.97
42,99,2,0.45
42,17,4,0.08
42,20,4,0.06
42,28,4,0.81
42,29,4,0.98
42,32,4,0.4
42,42,4,0
42,46,4,0.03
42,49,4,0.77
42,54,4,0.77
42,55,4,0.49
42,57,4,0.29
42,73,4,0.95
42,76,4,0.32
42,78,4,0.47
42,89,4,0.67
42,91,4,0.89
42,92,4,0.95
42,97,4,0.74
43,2,6,0.13
43,3,6,0.28
43,6,6,0.52
43,10,6,0.7
43,16,6,0.93
43,19,6,0.2
43,20,6,0.07
43,24,6,0.58
43,31,6,0.32
43,34,6,0.07
43,36,6,0.93
43,43,6,0
43,48,6,0.51
43,50,6,0.43
43,53,6,0.38
43,70,6,0.72
43,71,6,0.12
43,77,6,0.4
43,78,6,0.76
43,82,6,0.57
43,93,6,0.79
43,95,6,0.33
43,96,6,0.86
43,97,6,0.82
43,1,9,0.93
43,5,9,0.85
43,7,9,0.56
43,8,9,0.66
43,12,9,0.77
43,20,9,0.57
43,26,9,0.46
43,33,9,0.9
43,43,9,0
43,76,9,0.03
43,98,9,0.5
43,13,3,0.14
43,15,3,0.82
43,27,3,0.17
43,35,3,0.09
43,36,3,0.48
43,39,3,0.22
43,43,3,0
43,54,3,0.05
43,55,3,0.76
43,61,3,0.62
43,63,3,0.64
43,73,3,0.03
43,80,3,0.84
43,92,3,0.05
43,98,3,0.77
43,7,1,0.06
43,8,1,0.5
43,11,1,0.8
43,14,1,0.21
43,23,1,0.67
43,30,1,0.06
43,32,1,0.68
43,43,1,0
43,44,1,0.41
43,52,1,0.66
43,56,1,0.99
43,58,1,0.67
43,59,1,0.66
43,62,1,0.76
43,67,1,0.11
43,74,1,0.31
43,76,1,0.35
43,79,1,0.58
43,83,1,0.01
43,88,1,0.88
43,98,1,0.7
44,7,1,0.57
44,8,1,0.83
44,11,1,0.07
44,14,1,0.43
44,23,1,0.2
44,30,1,0.93
44,32,1,0.18
44,43,1,0.42
44,44,1,0
44,52,1,0.2
44,56,1,0.56
44,58,1,0.17
44,59,1,0.88
44,62,1,0.64
44,67,1,0.99
44,74,1,0.24
44,76,1,0.99
44,79,1,0.03
44,83,1,0.85
44,88,1,0.51
44,98,1,0.34
44,1,12,0.3
44,6,12,0.11
44,13,12,0.5
44,18,12,0.55
44,19,12,0.13
44,26,12,0.63
44,40,12,0.24
44,44,12,0
44,68,12,0.95
44,76,12,0.14
44,77,12,0.56
44,79,12,0.88
44,85,12,0.94
44,88,12,0.9
44,0,0,0.86
44,4,0,0.48
44,15,0,0.66
44,22,0,0.02
44,33,0,0.72
44,35,0,0.53
44,44,0,0
44,45,0,0.81
44,55,0,0.62
44,57,0,0.48
44,62,0,0.41
44,69,0,0.88
44,71,0,0.64
44,72,0,0.76
44,85,0,0.88
44,90,0,0.91
44,10,2,0.95
44,19,2,0.11
44,42,2,0.18
44,44,2,0
44,46,2,0.61
44,48,2,0.78
44,66,2,0.71
44,67,2,0.66
44,92,2,0.51
44,93,2,0.74
44,99,2,0.8
45,4,10,0.31
45,10,10,0.53
45,21,10,0.99
45,25,10,0.48
45,26,10,0.37
45,27,10,0.74
45,33,10,0.53
45,34,10,0.22
45,45,10,0
45,47,10,0.02
45,57,10,0.42
45,65,10,0.39
45,69,10,0.27
45,72,10,0.26
45,80,10,0.41
45,81,10,0.53
45,82,10,0.17
45,85,10,0.32
45,94,10,0.87
45,99,10,0.08
45,0,0,0.33
45,4,0,0.5
45,15,0,0.93
45,22,0,0.41
45,33,0,0.69
45,35,0,0.78
45,44,0,0.62
45,45,0,0
45,55,0,0.91
45,57,0,0.79
45,62,0,0.26
45,69,0,0.82
45,71,0,0.4
45,72,0,0.3
45,85,0,0.48
45,90,0,0.28
46,17,4,0.89
46,20,4,0.02
46,28,4,0.21
46,29,4,0.68
46,32,4,0.54
46,42,4,0.08
46,46,4,0
46,49,4,0.27
46,54,4,0.03
46,55,4,0.27
46,57,4,0.6
46,73,4,0.45
46,76,4,0.24
46,78,4,0.32
46,89,4,0.09
46,91,4,0.93
46,92,4,0.28
46,97,4,0.34
46,10,2,0.83
46,19,2,0.15
46,42,2,0.41
46,44,2,0.43
46,46,2,0
46,48,2,0.8
46,66,2,0.47
46,67,2,0.91
46,92,2,0.03
46,93,2,0.32
46,99,2,0.62
46,2,7,0.38
46,21,7,0.17
46,22,7,0.02
46,25,7,0.17
46,26,7,0.21
46,29,7,0.7
46,30,7,0.63
46,41,7,0.2
46,46,7,0
46,51,7,0.06
46,52,7,0.78
46,54,7,0.54
46,60,7,0.23
46,61,7,0.79
46,62,7,0.12
46,64,7,0.44
46,83,7,0.3
46,85,7,0.08
46,92,7,0.88
46,27,19,0.93
46,32,19,0.16
46,34,19,0.06
46,40,19,0.12
46,46,19,0
46,52,19,0.06
46,60,19,0.9
46,70,19,0.33
46,71,19,0.19
46,73,19,0.23
46,79,19,0.68
46,82,19,0.21
46,88,19,0.16
46,90,19,0.94
46,97,19,0.24
47,4,10,0.89
47,10,10,0.4
47,21,10,0.32
47,25,10,0.4
47,26,10,0.29
47,27,10,0.56
47,33,10,0.52
47,34,10,0.27
47,45,10,0.44
47,47,10,0
47,57,10,0.49
47,65,10,0.09
47,69,10,0.2
47,72,10,0.6
47,80,10,0.76
47,81,10,0.94
47,82,10,0.71
47,85,10,0.37
47,94,10,0.37
47,99,10,0.23
47,0,11,0.43
47,15,11,0.52
47,22,11,0.34
47,41,11,0.32
47,42,11,0.58
47,47,11,0
47,51,11,0.38
47,59,11,0.59
47,66,11,0.15
47,74,11,0.24
47,75,11,0.27
47,77,11,0.89
47,84,11,0.45
47,95,11,0.04
47,96,11,0.54
47,9,8,0.74
47,10,8,0.22
47,14,8,0.94
47,17,8,0.42
47,18,8,0.67
47,31,8,0.24
47,37,8,0.71
47,38,8,0.03
47,47,8,0
47,50,8,0.92
47,59,8,0.32
47,66,8,0.31
47,73,8,0.34
47,82,8,0.54
47,96,8,0.5
48,10,2,0.38
48,19,2,0.86
48,42,2,0.49
48,44,2,0.28
48,46,2,0.68
48,48,2,0
48,66,2,0.45
48,67,2,0.28
48,92,2,0.22
48,93,2,0.13
48,99,2,0.32
48,1,14,0.47
48,3,14,0.69
48,9,14,0.09
48,15,14,0.23
48,36,14,0.45
48,48,14,0
48,59,14,0.92
48,64,14,0.31
48,66,14,0.91
48,70,14,0.73
48,72,14,0.45
48,81,14,0.96
48,86,14,0.17
48,2,6,0.23
48,3,6,0.04
48,6,6,0.8
48,10,6,0.24
48,16,6,0.8
48,19,6,0.07
48,20,6,0.08
48,24,6,0.96
48,31,6,0.12
48,34,6,0.86
48,36,6,0.71
48,43,6,0.72
48,48,6,0
48,50,6,0.86
48,53,6,0.17
48,70,6,0.88
48,71,6,0.88
48,77,6,0.96
48,78,6,0.03
48,82,6,0.05
48,93,6,0.85
48,95,6,0.4
48,96,6,0.46
48,97,6,0.34
48,2,18,0.41
48,6,18,0.38
48,7,18,0.55
48,48,18,0
48,53,18,0.74
48,58,18,0.74
48,65,18,0.65
48,69,18,0.08
48,78,18,0.31
48,84,18,0.89
48,87,18,0.22
49,0,15,0.02
49,5,15,0.83
49,12,15,0.82
49,16,15,0.66
49,35,15,0.15
49,38,15,0.55
49,49,15,0
49,56,15,0.43
49,63,15,0.05
49,80,15,0.85
49,94,15,0.29
49,1,16,0.7
49,3,16,0.44
49,11,16,0.89
49,16,16,0.92
49,20,16,0.4
49,24,16,0.42
49,28,16,0.74
49,33,16,0.61
49,36,16,0.34
49,37,16,0.72
49,38,16,0.03
49,49,16,0
49,56,16,0.1
49,58,16,0.5
49,64,16,0.56
49,75,16,0.55
49,81,16,0.03
49,86,16,0.91
49,91,16,0.43
49,94,16,0.99
49,96,16,0.07
49,17,4,0.27
49,20,4,0.95
49,28,4,0.34
49,29,4,0.34
49,32,4,0.07
49,42,4,0.46
49,46,4,0.57
49,49,4,0
49,54,4,0.41
49,55,4,0.46
49,57,4,0.28
49,73,4,0.14
49,76,4,0.13
49,78,4,0.99
49,89,4,0.15
49,91,4,0.59
49,92,4,0.93
49,97,4,0.31
50,2,6,0.09
50,3,6,0.05
50,6,6,0.46
50,10,6,0.31
50,16,6,0.21
50,19,6,0.63
50,20,6,0.86
50,24,6,0.32
50,31,6,0.28
50,34,6,0.66
50,36,6,0.92
50,43,6,0.8
50,48,6,0.18
50,50,6,0
50,53,6,0.84
50,70,6,0.51
50,71,6,0.41
50,77,6,0.9
50,78,6,0.86
50,82,6,0.15
50,93,6,0.49
50,95,6,0.13
50,96,6,0.06
50,97,6,0.59
50,9,8,0.85
50,10,8,0.91
50,14,8,0.67
50,17,8,0.2
50,18,8,0.32
50,31,8,0.44
50,37,8,0.06
50,38,8,0.89
50,47,8,0.95
50,50,8,0
50,59,8,0.87
50,66,8,0.75
50,73,8,0.3
50,82,8,0.71
50,96,8,0.1
51,12,5,0.03
51,18,5,0.42
51,28,5,0.12
51,30,5,0.85
51,37,5,0.61
51,39,5,0.28
51,51,5,0
51,67,5,0.44
51,74,5,0.52
51,75,5,0.54
51,79,5,0.7
51,87,5,0.67
51,89,5,0.48
51,94,5,0.66
51,2,7,0.73
51,21,7,0.89
51,22,7,0.97
51,25,7,0.47
51,26,7,0.8
51,29,7,0.65
51,30,7,0.97
51,41,7,0.94
51,46,7,0.28
51,51,7,0
51,52,7,0.61
51,54,7,0.42
51,60,7,0.23
51,61,7,0.64
51,62,7,0.49
51,64,7,0.35
51,83,7,0.83
51,85,7,1.0
51,92,7,0.08
51,0,11,0.21
51,15,11,0.78
51,22,11,0.43
51,41,11,0.68
51,42,11,0.35
51,47,11,0.26
51,51,11,0
51,59,11,0.62
51,66,11,0.69
51,74,11,0.46
51,75,11,0.23
51,77,11,0.15
51,84,11,0.02
51,95,11,0.76
51,96,11,0.99
52,7,1,0.14
52,8,1,0.92
52,11,1,0.8
52,14,1,0.57
52,23,1,0.36
52,30,1,0.84
52,32,1,0.18
52,43,1,0.73
52,44,1,0.85
52,52,1,0
52,56,1,0.17
52,58,1,0.91
52,59,1,0.81
52,62,1,0.82
52,67,1,0.1
52,74,1,0.53
52,76,1,0.29
52,79,1,0.06
52,83,1,0.29
52,88,1,0.6
52,98,1,0.88
52,6,17,0.7
52,22,17,0.51
52,23,17,0.04
52,37,17,0.35
52,42,17,0.64
52,52,17,0
52,56,17,0.73
52,60,17,0.69
52,62,17,0.64
52,63,17,0.64
52,67,17,0.15
52,68,17,0.4
52,70,17,0.23
52,71,17,0.53
52,74,17,0.92
52,77,17,0.79
52,84,17,0.04
52,27,19,0.01
52,32,19,0.29
52,34,19,0.39
52,40,19,0.84
52,46,19,0.35
52,52,19,0
52,60,19,0.11
52,70,19,0.88
52,71,19,0.5
52,73,19,0.45
52,79,19,0.33
52,82,19,0.32
52,88,19,0.51
52,90,19,0.5
52,97,19,0.33
52,2,7,0.26
52,21,7,0.63
52,22,7,0.2
52,25,7,0.12
52,26,7,0.52
52,29,7,0.53
52,30,7,0.49
52,41,7,0.77
52,46,7,0.86
52,51,7,0.35
52,52,7,0
52,54,7,0.24
52,60,7,0.78
52,61,7,0.81
52,62,7,0.79
52,64,7,0.23
52,83,7,0.22
52,85,7,0.26
52,92,7,0.8
53,2,6,0.99
53,3,6,0.83
53,6,6,0.37
53,10,6,0.97
53,16,6,0.61
53,19,6,0.45
53,20,6,0.19
53,24,6,0.93
53,31,6,0.03
53,34,6,0.48
53,36,6,0.7
53,43,6,0.68
53,48,6,0.7
53,50,6,0.65
53,53,6,0
53,70,6,0.19
53,71,6,0.21
53,77,6,0.4
53,78,6,0.08
53,82,6,0.02
53,93,6,0.47
53,95,6,0.71
53,96,6,0.51
53,97,6,0.55
53,2,18,0.53
53,6,18,0.35
53,7,18,0.19
53,48,18,0.99
53,53,18,0
53,58,18,0.97
53,65,18,0.26
53,69,18,0.19
53,78,18,0.09
53,84,18,0.6
53,87,18,0.44
54,17,4,0.19
54,20,4,0.18
54,28,4,0.96
54,29,4,0.72
54,32,4,0.35
54,42,4,0.61
54,46,4,0.7
54,49,4,0.17
54,54,4,0
54,55,4,0.12
54,57,4,0.19
54,73,4,0.07
54,76,4,0.94
54,78,4,0.08
54,89,4,0.04
54,91,4,0.99
54,92,4,0.14
54,97,4,0.82
54,13,3,0.26
54,15,3,0.49
54,27,3,1.0
54,35,3,0.29
54,36,3,0.93
54,39,3,0.0
54,43,3,0.12
54,54,3,0
54,55,3,0.12
54,61,3,0.98
54,63,3,0.17
54,73,3,0.4
54,80,3,0.25
54,92,3,0.76
54,98,3,0.85
54,2,7,0.3
54,21,7,0.07
54,22,7,0.72
54,25,7,0.05
54,26,7,0.1
54,29,7,0.81
54,30,7,0.67
54,41,7,0.19
54,46,7,0.68
54,51,7,0.01
54,52,7,0.72
54,54,7,0
54,60,7,0.22
54,61,7,0.69
54,62,7,0.2
54,64,7,0.67
54,83,7,0.08
54,85,7,0.63
54,92,7,0.34
54,0,13,0.13
54,7,13,0.79
54,14,13,0.66
54,17,13,0.49
54,19,13,0.15
54,21,13,0.75
54,24,13,0.49
54,25,13,0.73
54,28,13,0.16
54,54,13,0
54,75,13,0.57
54,88,13,0.14
54,95,13,0.9
54,98,13,0.39
55,0,0,0.38
55,4,0,0.8
55,15,0,0.89
55,22,0,0.61
55,33,0,0.21
55,35,0,0.48
55,44,0,0.6
55,45,0,0.68
55,55,0,0
55,57,0,0.6
55,62,0,0.75
55,69,0,0.14
55,71,0,0.64
55,72,0,0.91
55,85,0,0.76
55,90,0,0.46
55,17,4,0.64
55,20,4,0.13
55,28,4,0.56
55,29,4,0.22
55,32,4,0.85
55,42,4,0.36
55,46,4,0.04
55,49,4,0.77
55,54,4,0.23
55,55,4,0
55,57,4,0.74
55,73,4,0.02
55,76,4,0.53
55,78,4,0.09
55,89,4,0.14
55,91,4,0.65
55,92,4,0.77
55,97,4,0.6
55,13,3,0.84
55,15,3,0.83
55,27,3,0.97
55,35,3,0.36
55,36,3,0.83
55,39,3,0.44
55,43,3,0.36
55,54,3,0.39
55,55,3,0
55,61,3,0.89
55,63,3,0.99
55,73,3,0.73
55,80,3,0.51
55,92,3,0.84
55,98,3,0.89
56,1,16,0.61
56,3,16,0.69
56,11,16,0.08
56,16,16,0.06
56,20,16,0.11
56,24,16,0.58
56,28,16,0.53
56,33,16,0.04
56,36,16,0.11
56,37,16,0.44
56,38,16,0.43
56,49,16,0.96
56,56,16,0
56,58,16,0.38
56,64,16,0.39
56,75,16,0.74
56,81,16,0.21
56,86,16,0.44
56,91,16,0.16
56,94,16,0.03
56,96,16,0.89
56,6,17,0.13
56,22,17,0.31
56,23,17,0.04
56,37,17,0.77
56,42,17,0.49
56,52,17,0.49
56,56,17,0
56,60,17,0.03
56,62,17,0.37
56,63,17,0.19
56,67,17,0.59
56,68,17,0.15
56,70,17,0.81
56,71,17,0.49
56,74,17,0.76
56,77,17,0.56
56,84,17,0.55
56,7,1,0.17
56,8,1,0.38
56,11,1,0.21
56,14,1,0.8
56,23,1,0.28
56,30,1,0.56
56,32,1,0.48
56,43,1,0.96
56,44,1,0.23
56,52,1,0.42
56,56,1,0
56,58,1,0.89
56,59,1,0.56
56,62,1,0.12
56,67,1,0.34
56,74,1,0.96
56,76,1,0.98
56,79,1,0.9
56,83,1,0.32
56,88,1,0.55
56,98,1,0.97
56,0,15,0.85
56,5,15,0.95
56,12,15,0.65
56,16,15,0.57
56,35,15,0.01
56,38,15,0.92
56,49,15,0.7
56,56,15,0
56,63,15,0.09
56,80,15,0.05
56,94,15,0.59
57,4,10,0.53
57,10,10,0.06
57,21,10,0.4
57,25,10,0.41
57,26,10,0.38
57,27,10,0.51
57,33,10,0.45
57,34,10,0.87
57,45,10,0.08
57,47,10,0.6
57,57,10,0
57,65,10,0.53
57,69,10,0.43
57,72,10,0.25
57,80,10,0.18
57,81,10,0.23
57,82,10,0.86
57,85,10,0.29
57,94,10,0.96
57,99,10,0.74
57,0,0,0.43
57,4,0,0.47
57,15,0,0.84
57,22,0,0.24
57,33,0,0.01
57,35,0,0.92
57,44,0,0.61
57,45,0,0.92
57,55,0,0.8
57,57,0,0
57,62,0,0.98
57,69,0,0.65
57,71,0,0.78
57,72,0,0.86
57,85,0,1.0
57,90,0,0.87
57,17,4,0.19
57,20,4,0.42
57,28,4,0.25
57,29,4,0.71
57,32,4,0.46
57,42,4,0.13
57,46,4,0.66
57,49,4,0.02
57,54,4,0.19
57,55,4,0.15
57,57,4,0
57,73,4,0.44
57,76,4,0.96
57,78,4,0.62
57,89,4,0.82
57,91,4,0.42
57,92,4,0.76
57,97,4,0.7
58,1,16,0.23
58,3,16,0.39
58,11,16,0.75
58,16,16,0.44
58,20,16,0.56
58,24,16,0.61
58,28,16,0.58
58,33,16,0.47
58,36,16,0.12
58,37,16,0.09
58,38,16,0.18
58,49,16,0.78
58,56,16,0.88
58,58,16,0
58,64,16,0.36
58,75,16,0.46
58,81,16,0.2
58,86,16,0.35
58,91,16,0.23
58,94,16,0.36
58,96,16,0.5
58,2,18,0.3
58,6,18,0.89
58,7,18,1.0
58,48,18,0.18
58,53,18,0.29
58,58,18,0
58,65,18,0.27
58,69,18,0.5
58,78,18,0.67
58,84,18,0.86
58,87,18,0.95
58,7,1,0.16
58,8,1,0.13
58,11,1,0.27
58,14,1,0.33
58,23,1,0.74
58,30,1,0.02
58,32,1,0.42
58,43,1,0.05
58,44,1,0.66
58,52,1,0.77
58,56,1,0.02
58,58,1,0
58,59,1,0.96
58,62,1,0.5
58,67,1,0.79
58,74,1,0.01
58,76,1,0.75
58,79,1,0.42
58,83,1,0.49
58,88,1,0.13
58,98,1,0.55
59,1,14,0.98
59,3,14,0.55
59,9,14,0.54
59,15,14,0.67
59,36,14,0.16
59,48,14,0.05
59,59,14,0
59,64,14,0.82
59,66,14,0.37
59,70,14,0.58
59,72,14,0.74
59,81,14,0.44
59,86,14,0.92
59,7,1,0.26
59,8,1,0.92
59,11,1,0.72
59,14,1,0.34
59,23,1,0.19
59,30,1,0.36
59,32,1,0.66
59,43,1,0.87
59,44,1,0.81
59,52,1,0.62
59,56,1,0.56
59,58,1,0.87
59,59,1,0
59,62,1,0.76
59,67,1,0.83
59,74,1,0.27
59,76,1,0.51
59,79,1,0.72
59,83,1,0.83
59,88,1,0.52
59,98,1,0.62
59,0,11,0.87
59,15,11,0.88
59,22,11,0.39
59,41,11,0.04
59,42,11,0.46
59,47,11,0.86
59,51,11,0.3
59,59,11,0
59,66,11,0.08
59,74,11,0.91
59,75,11,0.21
59,77,11,0.79
59,84,11,0.48
59,95,11,0.1
59,96,11,0.25
59,9,8,0.64
59,10,8,0.89
59,14,8,0.61
59,17,8,0.63
59,18,8,0.33
59,31,8,0.17
59,37,8,0.35
59,38,8,0.12
59,47,8,0.34
59,50,8,0.12
59,59,8,0
59,66,8,0.69
59,73,8,0.66
59,82,8,0.42
59,96,8,0.28
60,27,19,0.39
60,32,19,0.86
60,34,19,0.22
60,40,19,0.12
60,46,19,0.61
60,52,19,0.05
60,60,19,0
60,70,19,0.38
60,71,19,0.72
60,73,19,0.7
60,79,19,0.12
60,82,19,0.36
60,88,19,0.35
60,90,19,0.23
60,97,19,0.53
60,6,17,0.64
60,22,17,0.05
60,23,17,0.21
60,37,17,0.17
60,42,17,0.56
60,52,17,0.16
60,56,17,0.6
60,60,17,0
60,62,17,0.14
60,63,17,0.06
60,67,17,0.24
60,68,17,0.21
60,70,17,0.84
60,71,17,0.44
60,74,17,0.65
60,77,17,0.95
60,84,17,0.37
60,2,7,0.66
60,21,7,0.98
60,22,7,0.65
60,25,7,0.59
60,26,7,0.68
60,29,7,0.37
60,30,7,0.68
60,41,7,0.36
60,46,7,0.12
60,51,7,0.9
60,52,7,0.18
60,54,7,0.68
60,60,7,0
60,61,7,0.26
60,62,7,0.12
60,64,7,0.34
60,83,7,0.31
60,85,7,0.55
60,92,7,0.99
61,2,7,0.56
61,21,7,0.46
61,22,7,0.83
61,25,7,0.9
61,26,7,0.15
61,29,7,0.81
61,30,7,0.02
61,41,7,0.7
61,46,7,0.89
61,51,7,0.08
61,52,7,0.21
61,54,7,0.8
61,60,7,0.5
61,61,7,0
61,62,7,0.84
61,64,7,0.19
61,83,7,0.23
61,85,7,0.49
61,92,7,0.89
61,13,3,0.78
61,15,3,0.22
61,27,3,0.54
61,35,3,0.15
61,36,3,0.15
61,39,3,0.88
61,43,3,0.94
61,54,3,0.38
61,55,3,0.67
61,61,3,0
61,63,3,1.0
61,73,3,0.29
61,80,3,0.84
61,92,3,0.06
61,98,3,0.28
62,6,17,0.49
62,22,17,0.02
62,23,17,0.32
62,37,17,0.73
62,42,17,0.0
62,52,17,0.5
62,56,17,0.42
62,60,17,0.29
62,62,17,0
62,63,17,0.14
62,67,17,0.19
62,68,17,0.63
62,70,17,0.27
62,71,17,0.27
62,74,17,0.45
62,77,17,0.23
62,84,17,0.36
62,7,1,0.31
62,8,1,0.03
62,11,1,0.28
62,14,1,0.94
62,23,1,0.24
62,30,1,0.47
62,32,1,0.54
62,43,1,0.44
62,44,1,0.06
62,52,1,0.42
62,56,1,0.68
62,58,1,0.34
62,59,1,0.91
62,62,1,0
62,67,1,0.26
62,74,1,0.65
62,76,1,0.44
62,79,1,0.43
62,83,1,0.3
62,88,1,0.46
62,98,1,0.02
62,2,7,0.52
62,21,7,0.41
62,22,7,0.36
62,25,7,0.94
62,26,7,0.05
62,29,7,0.33
62,30,7,0.83
62,41,7,0.74
62,46,7,0.32
62,51,7,0.36
62,52,7,0.36
62,54,7,0.8
62,60,7,0.64
62,61,7,0.25
62,62,7,0
62,64,7,0.01
62,83,7,0.09
62,85,7,0.45
62,92,7,0.89
62,0,0,0.07
62,4,0,0.57
62,15,0,0.41
62,22,0,0.5
62,33,0,0.37
62,35,0,0.71
62,44,0,0.26
62,45,0,0.33
62,55,0,0.77
62,57,0,0.94
62,62,0,0
62,69,0,0.31
62,71,0,0.65
62,72,0,0.94
62,85,0,0.24
62,90,0,0.93
63,6,17,0.34
63,22,17,0.08
63,23,17,0.78
63,37,17,0.22
63,42,17,0.88
63,52,17,0.61
63,56,17,0.17
63,60,17,0.59
63,62,17,0.15
63,63,17,0
63,67,17,0.21
63,68,17,0.5
63,70,17,0.39
63,71,17,0.06
63,74,17,0.33
63,77,17,0.22
63,84,17,0.07
63,13,3,0.94
63,15,3,0.58
63,27,3,0.74
63,35,3,0.47
63,36,3,0.41
63,39,3,0.53
63,43,3,0.91
63,54,3,0.55
63,55,3,0.77
63,61,3,0.34
63,63,3,0
63,73,3,0.69
63,80,3,0.42
63,92,3,0.2
63,98,3,0.0
63,0,15,0.75
63,5,15,0.18
63,12,15,0.3
63,16,15,0.89
63,35,15,0.16
63,38,15,0.93
63,49,15,0.17
63,56,15,0.08
63,63,15,0
63,80,15,0.51
63,94,15,0.21
64,1,14,0.63
64,3,14,0.36
64,9,14,0.51
64,15,14,0.91
64,36,14,0.81
64,48,14,0.05
64,59,14,0.04
64,64,14,0
64,66,14,0.37
64,70,14,0.38
64,72,14,0.75
64,81,14,0.88
64,86,14,0.84
64,2,7,0.4
64,21,7,0.5
64,22,7,0.33
64,25,7,0.4
64,26,7,0.24
64,29,7,0.19
64,30,7,0.74
64,41,7,0.7
64,46,7,0.8
64,51,7,0.15
64,52,7,0.32
64,54,7,0.27
64,60,7,0.5
64,61,7,0.29
64,62,7,0.87
64,64,7,0
64,83,7,0.77
64,85,7,0.03
64,92,7,0.27
64,1,16,0.66
64,3,16,0.16
64,11,16,0.34
64,16,16,0.09
64,20,16,0.74
64,24,16,0.41
64,28,16,0.54
64,33,16,0.72
64,36,16,0.34
64,37,16,0.41
64,38,16,0.99
64,49,16,0.41
64,56,16,0.88
64,58,16,0.07
64,64,16,0
64,75,16,0.14
64,81,16,0.01
64,86,16,0.89
64,91,16,0.0
64,94,16,0.71
64,96,16,0.37
65,4,10,0.6
65,10,10,0.36
65,21,10,0.31
65,25,10,0.6
65,26,10,0.43
65,27,10,0.63
65,33,10,0.22
65,34,10,0.81
65,45,10,0.05
65,47,10,0.91
65,57,10,0.63
65,65,10,0
65,69,10,0.98
65,72,10,0.65
65,80,10,0.92
65,81,10,0.53
65,82,10,0.15
65,85,10,0.45
65,94,10,0.61
65,99,10,0.29
65,2,18,0.05
65,6,18,0.02
65,7,18,0.78
65,48,18,0.42
65,53,18,0.79
65,58,18,0.67
65,65,18,0
65,69,18,0.68
65,78,18,0.57
65,84,18,0.39
65,87,18,0.01
66,9,8,0.95
66,10,8,0.17
66,14,8,0.89
66,17,8,0.83
66,18,8,0.74
66,31,8,0.46
66,37,8,0.57
66,38,8,0.39
66,47,8,0.21
66,50,8,0.47
66,59,8,0.84
66,66,8,0
66,73,8,0.71
66,82,8,0.29
66,96,8,0.89
66,1,14,0.42
66,3,14,0.41
66,9,14,0.7
66,15,14,0.95
66,36,14,0.49
66,48,14,0.76
66,59,14,0.89
66,64,14,0.92
66,66,14,0
66,70,14,0.16
66,72,14,0.01
66,81,14,0.39
66,86,14,0.58
66,0,11,0.54
66,15,11,0.93
66,22,11,0.13
66,41,11,0.91
66,42,11,0.02
66,47,11,0.4
66,51,11,0.17
66,59,11,0.23
66,66,11,0
66,74,11,0.49
66,75,11,0.03
66,77,11,0.78
66,84,11,0.9
66,95,11,0.33
66,96,11,0.71
66,10,2,0.81
66,19,2,0.74
66,42,2,0.11
66,44,2,0.8
66,46,2,0.49
66,48,2,0.7
66,66,2,0
66,67,2,0.07
66,92,2,0.59
66,93,2,0.49
66,99,2,0.91
67,10,2,0.4
67,19,2,0.42
67,42,2,1.0
67,44,2,0.29
67,46,2,0.09
67,48,2,0.49
67,66,2,0.37
67,67,2,0
67,92,2,0.31
67,93,2,0.45
67,99,2,0.3
67,7,1,0.22
67,8,1,0.54
67,11,1,0.05
67,14,1,0.11
67,23,1,0.09
67,30,1,0.65
67,32,1,0.1
67,43,1,0.74
67,44,1,0.57
67,52,1,0.52
67,56,1,0.44
67,58,1,0.47
67,59,1,0.84
67,62,1,0.48
67,67,1,0
67,74,1,0.34
67,76,1,0.45
67,79,1,0.96
67,83,1,0.04
67,88,1,0.87
67,98,1,0.62
67,12,5,0.48
67,18,5,0.84
67,28,5,0.25
67,30,5,0.54
67,37,5,0.24
67,39,5,0.69
67,51,5,0.29
67,67,5,0
67,74,5,0.43
67,75,5,0.52
67,79,5,0.25
67,87,5,0.63
67,89,5,0.49
67,94,5,0.55
67,6,17,0.79
67,22,17,0.34
67,23,17,0.45
67,37,17,0.67
67,42,17,0.6
67,52,17,0.88
67,56,17,0.58
67,60,17,0.76
67,62,17,0.16
67,63,17,0.48
67,67,17,0
67,68,17,0.3
67,70,17,0.38
67,71,17,0.88
67,74,17,0.83
67,77,17,0.09
67,84,17,0.9
68,6,17,0.85
68,22,17,0.53
68,23,17,0.44
68,37,17,0.2
68,42,17,0.82
68,52,17,0.65
68,56,17,0.81
68,60,17,0.7
68,62,17,0.9
68,63,17,0.48
68,67,17,0.46
68,68,17,0
68,70,17,0.15
68,71,17,0.32
68,74,17,0.1
68,77,17,0.06
68,84,17,0.95
68,1,12,0.27
68,6,12,0.02
68,13,12,0.51
68,18,12,0.13
68,19,12,0.77
68,26,12,0.01
68,40,12,0.26
68,44,12,0.83
68,68,12,0
68,76,12,0.48
68,77,12,0.8
68,79,12,0.65
68,85,12,0.23
68,88,12,0.19
69,0,0,0.57
69,4,0,0.26
69,15,0,0.2
69,22,0,0.34
69,33,0,0.01
69,35,0,0.35
69,44,0,0.79
69,45,0,0.12
69,55,0,0.57
69,57,0,0.55
69,62,0,1.0
69,69,0,0
69,71,0,0.4
69,72,0,0.11
69,85,0,0.01
69,90,0,0.83
69,4,10,0.17
69,10,10,0.29
69,21,10,0.79
69,25,10,0.16
69,26,10,0.2
69,27,10,0.61
69,33,10,0.16
69,34,10,0.37
69,45,10,0.59
69,47,10,0.28
69,57,10,0.2
69,65,10,0.68
69,69,10,0
69,72,10,0.4
69,80,10,0.48
69,81,10,0.65
69,82,10,0.54
69,85,10,0.05
69,94,10,0.63
69,99,10,0.95
69,2,18,0.99
69,6,18,0.43
69,7,18,0.92
69,48,18,0.37
69,53,18,0.64
69,58,18,0.11
69,65,18,0.67
69,69,18,0
69,78,18,0.64
69,84,18,0.0
69,87,18,0.31
70,27,19,0.47
70,32,19,0.39
70,34,19,0.79
70,40,19,0.89
70,46,19,0.89
70,52,19,0.29
70,60,19,0.3
70,70,19,0
70,71,19,0.33
70,73,19,0.83
70,79,19,0.67
70,82,19,0.76
70,88,19,0.35
70,90,19,0.19
70,97,19,0.77
70,6,17,0.8
70,22,17,0.83
70,23,17,0.38
70,37,17,0.54
70,42,17,0.88
70,52,17,0.94
70,56,17,0.9
70,60,17,0.29
70,62,17,0.66
70,63,17,0.45
70,67,17,0.42
70,68,17,0.2
70,70,17,0
70,71,17,0.05
70,74,17,0.5
70,77,17,0.68
70,84,17,0.12
70,1,14,0.3
70,3,14,0.99
70,9,14,0.36
70,15,14,0.4
70,36,14,0.02
70,48,14,0.37
70,59,14,0.96
70,64,14,0.22
70,66,14,0.94
70,70,14,0
70,72,14,0.05
70,81,14,0.8
70,86,14,0.48
70,2,6,0.22
70,3,6,0.3
70,6,6,0.98
70,10,6,0.94
70,16,6,0.68
70,19,6,0.09
70,20,6,0.8
70,24,6,0.26
70,31,6,0.92
70,34,6,0.16
70,36,6,0.82
70,43,6,0.03
70,48,6,0.82
70,50,6,0.02
70,53,6,0.57
70,70,6,0
70,71,6,0.54
70,77,6,0.43
70,78,6,0.05
70,82,6,0.36
70,93,6,0.37
70,95,6,0.28
70,96,6,0.68
70,97,6,0.32
71,0,0,0.36
71,4,0,0.73
71,15,0,0.95
71,22,0,0.23
71,33,0,0.38
71,35,0,0.67
71,44,0,0.79
71,45,0,0.17
71,55,0,0.35
71,57,0,0.32
71,62,0,0.86
71,69,0,0.57
71,71,0,0
71,72,0,0.33
71,85,0,0.43
71,90,0,0.66
71,27,19,0.89
71,32,19,0.76
71,34,19,0.01
71,40,19,0.55
71,46,19,0.27
71,52,19,0.22
71,60,19,0.48
71,70,19,0.22
71,71,19,0
71,73,19,0.31
71,79,19,0.74
71,82,19,0.82
71,88,19,0.73
71,90,19,0.27
71,97,19,0.8
71,2,6,0.6
71,3,6,0.7
71,6,6,0.42
71,10,6,0.15
71,16,6,0.75
71,19,6,0.66
71,20,6,0.02
71,24,6,0.17
71,31,6,0.56
71,34,6,0.96
71,36,6,0.94
71,43,6,0.41
71,48,6,0.16
71,50,6,0.11
71,53,6,0.3
71,70,6,0.84
71,71,6,0
71,77,6,0.65
71,78,6,0.73
71,82,6,0.7
71,93,6,0.13
71,95,6,0.33
71,96,6,0.03
71,97,6,0.78
71,6,17,0.9
71,22,17,0.97
71,23,17,0.34
71,37,17,0.34
71,42,17,0.96
71,52,17,0.98
71,56,17,0.21
71,60,17,0.48
71,62,17,0.0
71,63,17,0.43
71,67,17,0.74
71,68,17,0.66
71,70,17,0.1
71,71,17,0
71,74,17,0.81
71,77,17,0.56
71,84,17,0.83
72,0,0,0.05
72,4,0,0.81
72,15,0,0.67
72,22,0,0.68
72,33,0,0.31
72,35,0,0.37
72,44,0,0.55
72,45,0,0.55
72,55,0,0.11
72,57,0,0.35
72,62,0,0.37
72,69,0,0.31
72,71,0,0.71
72,72,0,0
72,85,0,0.09
72,90,0,0.71
72,4,10,0.39
72,10,10,0.6
72,21,10,0.4
72,25,10,0.42
72,26,10,0.06
72,27,10,0.08
72,33,10,0.57
72,34,10,0.1
72,45,10,0.16
72,47,10,0.04
72,57,10,0.61
72,65,10,0.73
72,69,10,0.79
72,72,10,0
72,80,10,0.26
72,81,10,0.26
72,82,10,0.91
72,85,10,0.02
72,94,10,0.79
72,99,10,0.04
72,1,14,0.62
72,3,14,0.54
72,9,14,0.63
72,15,14,0.58
72,36,14,0.25
72,48,14,0.13
72,59,14,0.2
72,64,14,0.99
72,66,14,0.46
72,70,14,0.3
72,72,14,0
72,81,14,0.82
72,86,14,0.63
73,27,19,0.12
73,32,19,0.41
73,34,19,0.91
73,40,19,0.1
73,46,19,0.04
73,52,19,0.57
73,60,19,0.52
73,70,19,0.92
73,71,19,0.74
73,73,19,0
73,79,19,0.29
73,82,19,0.49
73,88,19,0.12
73,90,19,0.0
73,97,19,0.32
73,17,4,0.58
73,20,4,0.76
73,28,4,0.32
73,29,4,0.65
73,32,4,0.1
73,42,4,0.05
73,46,4,0.33
73,49,4,0.12
73,54,4,0.89
73,55,4,0.6
73,57,4,0.8
73,73,4,0
73,76,4,0.4
73,78,4,0.65
73,89,4,0.36
73,91,4,0.36
73,92,4,0.0
73,97,4,0.64
73,13,3,0.69
73,15,3,0.89
73,27,3,0.39
73,35,3,0.03
73,36,3,0.24
73,39,3,0.66
73,43,3,0.03
73,54,3,0.51
73,55,3,0.79
73,61,3,0.28
73,63,3,0.12
73,73,3,0
73,80,3,0.75
73,92,3,0.64
73,98,3,0.15
73,9,8,0.21
73,10,8,0.11
73,14,8,0.86
73,17,8,0.62
73,18,8,0.93
73,31,8,0.61
73,37,8,0.36
73,38,8,0.46
73,47,8,0.83
73,50,8,0.02
73,59,8,0.43
73,66,8,0.86
73,73,8,0
73,82,8,0.25
73,96,8,0.03
74,6,17,0.13
74,22,17,0.46
74,23,17,0.25
74,37,17,0.89
74,42,17,0.41
74,52,17,0.72
74,56,17,0.68
74,60,17,0.44
74,62,17,0.94
74,63,17,0.33
74,67,17,0.48
74,68,17,0.18
74,70,17,0.94
74,71,17,0.87
74,74,17,0
74,77,17,0.9
74,84,17,0.25
74,7,1,0.36
74,8,1,0.82
74,11,1,0.67
74,14,1,0.66
74,23,1,0.51
74,30,1,0.48
74,32,1,0.36
74,43,1,0.88
74,44,1,0.63
74,52,1,0.04
74,56,1,0.95
74,58,1,0.77
74,59,1,0.27
74,62,1,0.69
74,67,1,0.31
74,74,1,0
74,76,1,0.9
74,79,1,0.0
74,83,1,0.96
74,88,1,0.95
74,98,1,0.85
74,0,11,0.19
74,15,11,0.92
74,22,11,0.29
74,41,11,0.73
74,42,11,0.98
74,47,11,0.0
74,51,11,0.91
74,59,11,0.56
74,66,11,0.23
74,74,11,0
74,75,11,0.07
74,77,11,0.58
74,84,11,0.36
74,95,11,0.34
74,96,11,0.91
74,12,5,0.22
74,18,5,0.2
74,28,5,0.46
74,30,5,0.78
74,37,5,0.42
74,39,5,0.2
74,51,5,0.21
74,67,5,0.53
74,74,5,0
74,75,5,0.07
74,79,5,0.74
74,87,5,0.75
74,89,5,0.09
74,94,5,0.66
75,0,13,0.78
75,7,13,0.16
75,14,13,0.07
75,17,13,0.32
75,19,13,0.37
75,21,13,0.13
75,24,13,0.57
75,25,13,0.26
75,28,13,0.58
75,54,13,0.65
75,75,13,0
75,88,13,0.32
75,95,13,0.14
75,98,13,0.98
75,1,16,0.14
75,3,16,0.06
75,11,16,0.44
75,16,16,0.66
75,20,16,0.16
75,24,16,0.74
75,28,16,0.5
75,33,16,0.68
75,36,16,0.58
75,37,16,0.92
75,38,16,0.86
75,49,16,0.88
75,56,16,0.78
75,58,16,0.31
75,64,16,0.36
75,75,16,0
75,81,16,0.57
75,86,16,0.79
75,91,16,0.62
75,94,16,0.1
75,96,16,0.11
75,0,11,0.67
75,15,11,0.75
75,22,11,0.01
75,41,11,0.19
75,42,11,0.35
75,47,11,0.29
75,51,11,0.29
75,59,11,0.0
75,66,11,0.93
75,74,11,0.27
75,75,11,0
75,77,11,0.19
75,84,11,0.26
75,95,11,0.69
75,96,11,0.51
75,12,5,0.47
75,18,5,0.0
75,28,5,0.77
75,30,5,0.17
75,37,5,0.45
75,39,5,0.89
75,51,5,0.34
75,67,5,0.27
75,74,5,0.92
75,75,5,0
75,79,5,0.48
75,87,5,0.56
75,89,5,0.49
75,94,5,0.3
76,7,1,0.55
76,8,1,0.3
76,11,1,0.84
76,14,1,1.0
76,23,1,0.33
76,30,1,0.31
76,32,1,0.81
76,43,1,0.73
76,44,1,0.18
76,52,1,0.75
76,56,1,0.7
76,58,1,0.7
76,59,1,0.33
76,62,1,0.83
76,67,1,0.13
76,74,1,0.6
76,76,1,0
76,79,1,0.26
76,83,1,0.86
76,88,1,0.3
76,98,1,0.34
76,1,12,0.86
76,6,12,0.58
76,13,12,0.11
76,18,12,0.37
76,19,12,0.29
76,26,12,0.52
76,40,12,0.86
76,44,12,0.12
76,68,12,0.64
76,76,12,0
76,77,12,0.4
76,79,12,0.67
76,85,12,0.18
76,88,12,0.04
76,17,4,0.44
76,20,4,0.72
76,28,4,0.06
76,29,4,0.71
76,32,4,0.22
76,42,4,0.27
76,46,4,0.67
76,49,4,0.48
76,54,4,0.68
76,55,4,0.39
76,57,4,0.26
76,73,4,0.13
76,76,4,0
76,78,4,0.66
76,89,4,0.52
76,91,4,0.2
76,92,4,0.84
76,97,4,0.13
76,1,9,0.16
76,5,9,0.43
76,7,9,0.38
76,8,9,0.65
76,12,9,0.63
76,20,9,0.89
76,26,9,0.9
76,33,9,0.27
76,43,9,0.69
76,76,9,0
76,98,9,0.07
77,0,11,0.63
77,15,11,0.15
77,22,11,0.89
77,41,11,0.22
77,42,11,0.24
77,47,11,0.96
77,51,11,0.44
77,59,11,0.4
77,66,11,0.97
77,74,11,0.14
77,75,11,0.97
77,77,11,0
77,84,11,0.61
77,95,11,0.31
77,96,11,0.84
77,1,12,0.98
77,6,12,0.68
77,13,12,0.77
77,18,12,0.6
77,19,12,0.89
77,26,12,0.58
77,40,12,0.36
77,44,12,0.36
77,68,12,0.61
77,76,12,0.16
77,77,12,0
77,79,12,0.23
77,85,12,0.68
77,88,12,0.79
77,2,6,0.08
77,3,6,0.24
77,6,6,0.45
77,10,6,0.26
77,16,6,0.78
77,19,6,0.92
77,20,6,0.67
77,24,6,0.79
77,31,6,0.78
77,34,6,0.65
77,36,6,0.55
77,43,6,0.2
77,48,6,0.68
77,50,6,0.05
77,53,6,0.57
77,70,6,0.84
77,71,6,0.39
77,77,6,0
77,78,6,0.57
77,82,6,0.07
77,93,6,0.69
77,95,6,0.81
77,96,6,0.07
77,97,6,0.82
77,6,17,0.02
77,22,17,0.74
77,23,17,0.39
77,37,17,0.89
77,42,17,0.39
77,52,17,0.55
77,56,17,0.83
77,60,17,0.14
77,62,17,0.73
77,63,17,0.24
77,67,17,0.77
77,68,17,0.38
77,70,17,0.28
77,71,17,0.7
77,74,17,0.11
77,77,17,0
77,84,17,0.4
78,2,18,0.61
78,6,18,0.56
78,7,18,0.76
78,48,18,0.62
78,53,18,0.15
78,58,18,0.43
78,65,18,0.56
78,69,18,0.76
78,78,18,0
78,84,18,0.13
78,87,18,0.84
78,17,4,0.5
78,20,4,0.47
78,28,4,0.78
78,29,4,0.35
78,32,4,0.93
78,42,4,0.97
78,46,4,0.9
78,49,4,0.76
78,54,4,0.18
78,55,4,0.16
78,57,4,0.83
78,73,4,0.75
78,76,4,0.08
78,78,4,0
78,89,4,0.52
78,91,4,0.53
78,92,4,0.4
78,97,4,0.53
78,2,6,0.27
78,3,6,0.59
78,6,6,0.32
78,10,6,0.91
78,16,6,0.75
78,19,6,0.01
78,20,6,0.08
78,24,6,0.1
78,31,6,0.58
78,34,6,0.33
78,36,6,0.51
78,43,6,0.29
78,48,6,0.68
78,50,6,0.01
78,53,6,0.2
78,70,6,0.44
78,71,6,0.1
78,77,6,0.53
78,78,6,0
78,82,6,0.68
78,93,6,0.24
78,95,6,0.6
78,96,6,0.21
78,97,6,0.86
79,12,5,0.19
79,18,5,0.3
79,28,5,0.6
79,30,5,0.4
79,37,5,0.88
79,39,5,0.97
79,51,5,0.42
79,67,5,0.56
79,74,5,0.94
79,75,5,0.53
79,79,5,0
79,87,5,0.74
79,89,5,0.31
79,94,5,0.14
79,27,19,0.9
79,32,19,0.76
79,34,19,0.36
79,40,19,0.19
79,46,19,0.72
79,52,19,0.68
79,60,19,0.25
79,70,19,0.76
79,71,19,0.35
79,73,19,0.84
79,79,19,0
79,82,19,0.57
79,88,19,0.37
79,90,19,0.97
79,97,19,0.16
79,1,12,0.87
79,6,12,0.96
79,13,12,0.66
79,18,12,0.15
79,19,12,0.23
79,26,12,0.43
79,40,12,0.98
79,44,12,0.25
79,68,12,0.57
79,76,12,0.2
79,77,12,0.21
79,79,12,0
79,85,12,0.74
79,88,12,0.77
79,7,1,0.46
79,8,1,0.92
79,11,1,0.91
79,14,1,0.15
79,23,1,0.32
79,30,1,0.11
79,32,1,0.64
79,43,1,0.69
79,44,1,0.1
79,52,1,0.91
79,56,1,0.57
79,58,1,0.65
79,59,1,0.46
79,62,1,0.83
79,67,1,0.32
79,74,1,0.26
79,76,1,0.91
79,79,1,0
79,83,1,0.27
79,88,1,0.34
79,98,1,0.77
80,4,10,0.89
80,10,10,0.19
80,21,10,0.9
80,25,10,0.27
80,26,10,0.31
80,27,10,0.6
80,33,10,0.22
80,34,10,0.81
80,45,10,0.01
80,47,10,0.1
80,57,10,0.33
80,65,10,0.94
80,69,10,0.24
80,72,10,0.95
80,80,10,0
80,81,10,0.13
80,82,10,0.77
80,85,10,0.05
80,94,10,0.96
80,99,10,0.82
80,0,15,0.86
80,5,15,0.57
80,12,15,0.32
80,16,15,0.01
80,35,15,0.84
80,38,15,0.26
80,49,15,0.33
80,56,15,0.37
80,63,15,0.42
80,80,15,0
80,94,15,0.16
80,13,3,0.14
80,15,3,0.14
80,27,3,0.71
80,35,3,0.45
80,36,3,0.81
80,39,3,0.28
80,43,3,0.43
80,54,3,0.01
80,55,3,0.13
80,61,3,0.88
80,63,3,0.7
80,73,3,0.65
80,80,3,0
80,92,3,0.67
80,98,3,0.76
81,1,14,0.05
81,3,14,0.98
81,9,14,0.96
81,15,14,0.74
81,36,14,0.29
81,48,14,0.35
81,59,14,0.65
81,64,14,0.2
81,66,14,0.37
81,70,14,0.68
81,72,14,0.65
81,81,14,0
81,86,14,0.45
81,1,16,0.7
81,3,16,0.74
81,11,16,0.03
81,16,16,0.71
81,20,16,0.51
81,24,16,1.0
81,28,16,0.29
81,33,16,0.57
81,36,16,0.04
81,37,16,0.73
81,38,16,0.6
81,49,16,0.76
81,56,16,0.03
81,58,16,0.43
81,64,16,0.86
81,75,16,0.54
81,81,16,0
81,86,16,0.17
81,91,16,0.88
81,94,16,0.94
81,96,16,0.61
81,4,10,0.99
81,10,10,0.4
81,21,10,0.58
81,25,10,0.68
81,26,10,0.53
81,27,10,0.84
81,33,10,0.4
81,34,10,0.83
81,45,10,0.02
81,47,10,0.98
81,57,10,0.44
81,65,10,0.12
81,69,10,0.03
81,72,10,0.86
81,80,10,0.37
81,81,10,0
81,82,10,0.84
81,85,10,0.36
81,94,10,0.75
81,99,10,0.68
82,2,6,0.59
82,3,6,0.71
82,6,6,0.4
82,10,6,0.04
82,16,6,0.0
82,19,6,0.52
82,20,6,0.02
82,24,6,0.66
82,31,6,0.58
82,34,6,0.0
82,36,6,0.9
82,43,6,0.67
82,48,6,0.95
82,50,6,0.71
82,53,6,0.21
82,70,6,0.08
82,71,6,0.02
82,77,6,0.84
82,78,6,0.6
82,82,6,0
82,93,6,0.56
82,95,6,0.21
82,96,6,0.9
82,97,6,0.71
82,4,10,0.63
82,10,10,0.67
82,21,10,0.85
82,25,10,0.27
82,26,10,0.23
82,27,10,0.62
82,33,10,0.67
82,34,10,0.41
82,45,10,0.66
82,47,10,0.26
82,57,10,0.42
82,65,10,0.06
82,69,10,0.04
82,72,10,0.74
82,80,10,0.48
82,81,10,0.2
82,82,10,0
82,85,10,0.34
82,94,10,0.8
82,99,10,0.9
82,27,19,0.05
82,32,19,0.32
82,34,19,0.66
82,40,19,0.41
82,46,19,0.74
82,52,19,0.28
82,60,19,0.5
82,70,19,0.49
82,71,19,0.35
82,73,19,0.76
82,79,19,0.85
82,82,19,0
82,88,19,0.83
82,90,19,0.86
82,97,19,0.19
82,9,8,0.02
82,10,8,0.92
82,14,8,0.42
82,17,8,0.0
82,18,8,0.48
82,31,8,0.57
82,37,8,0.27
82,38,8,0.93
82,47,8,0.13
82,50,8,0.11
82,59,8,0.06
82,66,8,0.07
82,73,8,0.24
82,82,8,0
82,96,8,0.55
83,7,1,0.84
83,8,1,0.39
83,11,1,0.19
83,14,1,0.33
83,23,1,0.69
83,30,1,0.23
83,32,1,0.89
83,43,1,0.93
83,44,1,0.98
83,52,1,0.25
83,56,1,0.58
83,58,1,0.48
83,59,1,0.95
83,62,1,0.19
83,67,1,0.35
83,74,1,0.54
83,76,1,0.68
83,79,1,0.68
83,83,1,0
83,88,1,0.49
83,98,1,0.71
83,2,7,0.66
83,21,7,0.39
83,22,7,0.89
83,25,7,0.39
83,26,7,0.08
83,29,7,0.68
83,30,7,0.12
83,41,7,0.66
83,46,7,0.76
83,51,7,0.26
83,52,7,0.2
83,54,7,0.6
83,60,7,0.09
83,61,7,0.91
83,62,7,0.12
83,64,7,0.85
83,83,7,0
83,85,7,0.28
83,92,7,0.9
84,0,11,0.72
84,15,11,0.05
84,22,11,0.17
84,41,11,0.45
84,42,11,0.18
84,47,11,0.54
84,51,11,0.81
84,59,11,0.19
84,66,11,0.35
84,74,11,0.9
84,75,11,0.77
84,77,11,0.66
84,84,11,0
84,95,11,0.68
84,96,11,0.96
84,2,18,0.84
84,6,18,0.81
84,7,18,0.44
84,48,18,0.85
84,53,18,0.46
84,58,18,0.51
84,65,18,0.27
84,69,18,0.28
84,78,18,0.41
84,84,18,0
84,87,18,0.0
84,6,17,0.9
84,22,17,0.55
84,23,17,0.24
84,37,17,0.93
84,42,17,0.09
84,52,17,0.62
84,56,17,0.25
84,60,17,0.61
84,62,17,1.0
84,63,17,0.3
84,67,17,0.44
84,68,17,0.23
84,70,17,0.31
84,71,17,0.75
84,74,17,0.44
84,77,17,0.75
84,84,17,0
85,4,10,0.27
85,10,10,0.86
85,21,10,0.12
85,25,10,0.27
85,26,10,0.02
85,27,10,0.78
85,33,10,0.94
85,34,10,0.64
85,45,10,0.75
85,47,10,0.83
85,57,10,0.92
85,65,10,0.73
85,69,10,0.29
85,72,10,0.83
85,80,10,0.26
85,81,10,0.81
85,82,10,0.96
85,85,10,0
85,94,10,0.89
85,99,10,0.51
85,2,7,0.75
85,21,7,0.65
85,22,7,0.29
85,25,7,0.08
85,26,7,0.58
85,29,7,0.71
85,30,7,0.97
85,41,7,0.37
85,46,7,0.85
85,51,7,0.06
85,52,7,0.57
85,54,7,0.5
85,60,7,0.01
85,61,7,0.05
85,62,7,0.88
85,64,7,0.93
85,83,7,0.88
85,85,7,0
85,92,7,0.49
85,1,12,0.77
85,6,12,0.5
85,13,12,0.84
85,18,12,0.07
85,19,12,0.07
85,26,12,0.31
85,40,12,0.09
85,44,12,0.92
85,68,12,0.25
85,76,12,0.47
85,77,12,0.36
85,79,12,0.19
85,85,12,0
85,88,12,0.79
85,0,0,0.87
85,4,0,0.16
85,15,0,0.96
85,22,0,0.39
85,33,0,0.78
85,35,0,0.48
85,44,0,0.25
85,45,0,0.38
85,55,0,0.38
85,57,0,0.69
85,62,0,0.23
85,69,0,0.51
85,71,0,0.56
85,72,0,0.8
85,85,0,0
85,90,0,0.69
86,1,14,0.17
86,3,14,0.3
86,9,14,0.92
86,15,14,0.05
86,36,14,0.23
86,48,14,0.14
86,59,14,0.68
86,64,14,0.65
86,66,14,0.53
86,70,14,0.47
86,72,14,0.67
86,81,14,0.25
86,86,14,0
86,1,16,0.48
86,3,16,0.48
86,11,16,0.19
86,16,16,0.24
86,20,16,0.29
86,24,16,0.86
86,28,16,0.37
86,33,16,0.12
86,36,16,0.73
86,37,16,0.97
86,38,16,0.51
86,49,16,0.36
86,56,16,0.08
86,58,16,0.05
86,64,16,0.93
86,75,16,0.58
86,81,16,0.29
86,86,16,0
86,91,16,0.41
86,94,16,0.15
86,96,16,0.65
87,12,5,0.16
87,18,5,0.79
87,28,5,0.39
87,30,5,0.56
87,37,5,0.19
87,39,5,0.3
87,51,5,0.16
87,67,5,0.53
87,74,5,0.44
87,75,5,0.53
87,79,5,0.29
87,87,5,0
87,89,5,0.3
87,94,5,0.24
87,2,18,0.01
87,6,18,0.03
87,7,18,0.43
87,48,18,0.95
87,53,18,0.83
87,58,18,0.95
87,65,18,0.99
87,69,18,0.3
87,78,18,0.51
87,84,18,0.95
87,87,18,0
88,27,19,0.41
88,32,19,0.93
88,34,19,0.2
88,40,19,0.3
88,46,19,0.83
88,52,19,0.77
88,60,19,0.09
88,70,19,0.79
88,71,19,0.91
88,73,19,0.35
88,79,19,0.53
88,82,19,0.96
88,88,19,0
88,90,19,0.34
88,97,19,0.14
88,7,1,0.96
88,8,1,0.76
88,11,1,0.69
88,14,1,0.17
88,23,1,0.76
88,30,1,0.47
88,32,1,0.79
88,43,1,0.71
88,44,1,0.19
88,52,1,0.36
88,56,1,0.75
88,58,1,0.93
88,59,1,0.61
88,62,1,0.08
88,67,1,0.71
88,74,1,1.0
88,76,1,0.48
88,79,1,0.61
88,83,1,0.88
88,88,1,0
88,98,1,0.4
88,0,13,0.03
88,7,13,0.95
88,14,13,0.65
88,17,13,0.09
88,19,13,0.32
88,21,13,0.62
88,24,13,0.12
88,25,13,0.86
88,28,13,0.29
88,54,13,0.33
88,75,13,0.9
88,88,13,0
88,95,13,0.97
88,98,13,0.35
88,1,12,0.72
88,6,12,0.12
88,13,12,0.68
88,18,12,0.3
88,19,12,0.51
88,26,12,0.25
88,40,12,0.35
88,44,12,0.67
88,68,12,0.35
88,76,12,0.41
88,77,12,0.22
88,79,12,0.5
88,85,12,0.81
88,88,12,0
89,17,4,0.66
89,20,4,0.53
89,28,4,0.76
89,29,4,0.45
89,32,4,0.95
89,42,4,0.92
89,46,4,0.53
89,49,4,0.29
89,54,4,0.27
89,55,4,0.35
89,57,4,0.24
89,73,4,0.59
89,76,4,0.28
89,78,4,0.27
89,89,4,0
89,91,4,0.54
89,92,4,0.45
89,97,4,0.52
89,12,5,0.99
89,18,5,0.08
89,28,5,0.27
89,30,5,0.92
89,37,5,0.61
89,39,5,0.38
89,51,5,0.75
89,67,5,0.9
89,74,5,0.81
89,75,5,0.42
89,79,5,0.19
89,87,5,0.2
89,89,5,0
89,94,5,0.32
90,0,0,0.67
90,4,0,0.5
90,15,0,0.23
90,22,0,0.2
90,33,0,0.36
90,35,0,0.38
90,44,0,0.68
90,45,0,0.09
90,55,0,0.33
90,57,0,0.14
90,62,0,0.01
90,69,0,0.12
90,71,0,0.38
90,72,0,0.75
90,85,0,0.5
90,90,0,0
90,27,19,0.03
90,32,19,0.04
90,34,19,0.61
90,40,19,0.61
90,46,19,0.51
90,52,19,0.17
90,60,19,0.52
90,70,19,0.97
90,71,19,0.41
90,73,19,0.68
90,79,19,0.39
90,82,19,0.76
90,88,19,0.52
90,90,19,0
90,97,19,0.94
91,17,4,0.22
91,20,4,0.6
91,28,4,0.58
91,29,4,1.0
91,32,4,0.9
91,42,4,0.35
91,46,4,0.07
91,49,4,0.45
91,54,4,0.93
91,55,4,0.31
91,57,4,0.44
91,73,4,0.59
91,76,4,0.45
91,78,4,0.32
91,89,4,0.85
91,91,4,0
91,92,4,0.24
91,97,4,0.25
91,1,16,0.41
91,3,16,0.67
91,11,16,0.54
91,16,16,0.54
91,20,16,0.26
91,24,16,0.12
91,28,16,0.02
91,33,16,0.67
91,36,16,0.56
91,37,16,0.28
91,38,16,0.52
91,49,16,0.65
91,56,16,0.56
91,58,16,0.36
91,64,16,0.64
91,75,16,0.02
91,81,16,0.13
91,86,16,0.02
91,91,16,0
91,94,16,0.9
91,96,16,0.77
92,2,7,0.56
92,21,7,0.38
92,22,7,0.46
92,25,7,0.83
92,26,7,0.85
92,29,7,0.94
92,30,7,0.6
92,41,7,0.57
92,46,7,0.41
92,51,7,0.41
92,52,7,0.84
92,54,7,0.98
92,60,7,0.93
92,61,7,0.56
92,62,7,0.89
92,64,7,0.18
92,83,7,0.73
92,85,7,0.66
92,92,7,0
92,13,3,0.13
92,15,3,0.24
92,27,3,0.49
92,35,3,0.52
92,36,3,0.06
92,39,3,0.6
92,43,3,0.98
92,54,3,0.78
92,55,3,0.81
92,61,3,0.75
92,63,3,0.46
92,73,3,0.63
92,80,3,0.69
92,92,3,0
92,98,3,0.83
92,10,2,0.31
92,19,2,0.02
92,42,2,0.17
92,44,2,0.86
92,46,2,0.86
92,48,2,0.15
92,66,2,0.58
92,67,2,1.0
92,92,2,0
92,93,2,0.15
92,99,2,0.14
92,17,4,0.44
92,20,4,0.79
92,28,4,1.0
92,29,4,0.57
92,32,4,0.46
92,42,4,0.98
92,46,4,0.81
92,49,4,0.4
92,54,4,0.12
92,55,4,0.61
92,57,4,0.0
92,73,4,0.6
92,76,4,0.79
92,78,4,0.71
92,89,4,0.19
92,91,4,0.11
92,92,4,0
92,97,4,0.56
93,10,2,0.95
93,19,2,0.04
93,42,2,0.17
93,44,2,0.88
93,46,2,0.21
93,48,2,0.75
93,66,2,0.17
93,67,2,0.81
93,92,2,0.72
93,93,2,0
93,99,2,0.7
93,2,6,0.64
93,3,6,0.98
93,6,6,0.12
93,10,6,0.4
93,16,6,0.5
93,19,6,0.64
93,20,6,0.9
93,24,6,0.92
93,31,6,0.71
93,34,6,0.39
93,36,6,0.7
93,43,6,0.84
93,48,6,0.97
93,50,6,0.07
93,53,6,0.58
93,70,6,0.97
93,71,6,0.05
93,77,6,0.37
93,78,6,0.36
93,82,6,0.84
93,93,6,0
93,95,6,0.03
93,96,6,0.17
93,97,6,0.14
94,12,5,0.18
94,18,5,0.14
94,28,5,0.17
94,30,5,0.22
94,37,5,0.04
94,39,5,0.66
94,51,5,0.07
94,67,5,0.59
94,74,5,0.51
94,75,5,0.53
94,79,5,0.76
94,87,5,0.59
94,89,5,0.2
94,94,5,0
94,1,16,0.69
94,3,16,0.78
94,11,16,0.9
94,16,16,0.89
94,20,16,0.3
94,24,16,0.87
94,28,16,0.9
94,33,16,0.41
94,36,16,0.24
94,37,16,0.39
94,38,16,0.92
94,49,16,0.54
94,56,16,0.61
94,58,16,0.2
94,64,16,0.0
94,75,16,0.3
94,81,16,0.78
94,86,16,0.64
94,91,16,0.72
94,94,16,0
94,96,16,0.33
94,4,10,0.19
94,10,10,0.33
94,21,10,0.38
94,25,10,0.11
94,26,10,0.4
94,27,10,0.44
94,33,10,0.24
94,34,10,0.69
94,45,10,0.41
94,47,10,0.84
94,57,10,0.09
94,65,10,0.06
94,69,10,0.41
94,72,10,0.32
94,80,10,0.47
94,81,10,0.28
94,82,10,0.64
94,85,10,0.22
94,94,10,0
94,99,10,0.69
94,0,15,0.32
94,5,15,0.43
94,12,15,0.24
94,16,15,0.72
94,35,15,0.22
94,38,15,0.19
94,49,15,0.52
94,56,15,0.01
94,63,15,0.34
94,80,15,0.87
94,94,15,0
95,2,6,0.03
95,3,6,0.85
95,6,6,0.59
95,10,6,0.8
95,16,6,0.4
95,19,6,0.0
95,20,6,0.34
95,24,6,0.35
95,31,6,0.58
95,34,6,0.49
95,36,6,0.87
95,43,6,0.83
95,48,6,0.69
95,50,6,0.12
95,53,6,0.97
95,70,6,0.49
95,71,6,0.55
95,77,6,0.02
95,78,6,0.14
95,82,6,0.08
95,93,6,0.59
95,95,6,0
95,96,6,0.13
95,97,6,0.48
95,0,11,0.35
95,15,11,0.93
95,22,11,0.35
95,41,11,0.71
95,42,11,0.08
95,47,11,0.37
95,51,11,0.72
95,59,11,0.99
95,66,11,0.03
95,74,11,0.3
95,75,11,0.24
95,77,11,0.29
95,84,11,0.26
95,95,11,0
95,96,11,0.02
95,0,13,0.65
95,7,13,0.57
95,14,13,0.69
95,17,13,0.68
95,19,13,0.33
95,21,13,0.92
95,24,13,0.24
95,25,13,0.52
95,28,13,0.05
95,54,13,0.33
95,75,13,0.61
95,88,13,0.78
95,95,13,0
95,98,13,0.75
96,0,11,0.93
96,15,11,0.31
96,22,11,0.01
96,41,11,0.85
96,42,11,0.33
96,47,11,0.01
96,51,11,0.84
96,59,11,0.7
96,66,11,0.14
96,74,11,0.82
96,75,11,0.47
96,77,11,0.85
96,84,11,0.31
96,95,11,0.75
96,96,11,0
96,1,16,0.05
96,3,16,0.95
96,11,16,0.28
96,16,16,0.11
96,20,16,0.59
96,24,16,0.53
96,28,16,0.07
96,33,16,0.06
96,36,16,0.14
96,37,16,0.32
96,38,16,0.91
96,49,16,0.49
96,56,16,0.04
96,58,16,0.29
96,64,16,0.55
96,75,16,0.03
96,81,16,0.76
96,86,16,0.84
96,91,16,0.93
96,94,16,0.16
96,96,16,0
96,2,6,0.51
96,3,6,0.3
96,6,6,0.42
96,10,6,0.6
96,16,6,0.44
96,19,6,0.92
96,20,6,0.24
96,24,6,0.97
96,31,6,0.93
96,34,6,1.0
96,36,6,0.41
96,43,6,0.47
96,48,6,0.7
96,50,6,0.36
96,53,6,0.74
96,70,6,0.16
96,71,6,0.95
96,77,6,0.37
96,78,6,0.61
96,82,6,0.93
96,93,6,0.8
96,95,6,0.5
96,96,6,0
96,97,6,0.69
96,9,8,0.34
96,10,8,0.09
96,14,8,0.99
96,17,8,0.9
96,18,8,0.94
96,31,8,0.89
96,37,8,0.22
96,38,8,0.39
96,47,8,0.47
96,50,8,0.08
96,59,8,0.5
96,66,8,0.25
96,73,8,0.84
96,82,8,0.72
96,96,8,0
97,17,4,0.59
97,20,4,0.44
97,28,4,0.31
97,29,4,0.72
97,32,4,0.54
97,42,4,0.58
97,46,4,0.89
97,49,4,0.43
97,54,4,0.63
97,55,4,0.41
97,57,4,0.29
97,73,4,0.81
97,76,4,0.79
97,78,4,0.84
97,89,4,0.58
97,91,4,0.95
97,92,4,0.26
97,97,4,0
97,2,6,0.86
97,3,6,0.97
97,6,6,0.87
97,10,6,0.91
97,16,6,0.9
97,19,6,0.23
97,20,6,0.02
97,24,6,0.5
97,31,6,0.36
97,34,6,0.98
97,36,6,0.32
97,43,6,0.03
97,48,6,0.99
97,50,6,0.8
97,53,6,0.9
97,70,6,0.01
97,71,6,0.79
97,77,6,0.79
97,78,6,0.41
97,82,6,0.04
97,93,6,0.06
97,95,6,0.8
97,96,6,0.47
97,97,6,0
97,27,19,0.97
97,32,19,0.31
97,34,19,0.93
97,40,19,0.98
97,46,19,0.43
97,52,19,0.59
97,60,19,0.18
97,70,19,0.02
97,71,19,0.34
97,73,19,0.38
97,79,19,0.88
97,82,19,0.29
97,88,19,0.33
97,90,19,0.45
97,97,19,0
98,13,3,0.63
98,15,3,0.73
98,27,3,0.48
98,35,3,0.5
98,36,3,0.79
98,39,3,0.02
98,43,3,0.86
98,54,3,0.65
98,55,3,0.97
98,61,3,0.39
98,63,3,0.66
98,73,3,0.02
98,80,3,0.65
98,92,3,0.68
98,98,3,0
98,7,1,0.41
98,8,1,0.04
98,11,1,0.49
98,14,1,0.97
98,23,1,0.08
98,30,1,0.57
98,32,1,0.81
98,43,1,0.49
98,44,1,0.54
98,52,1,0.93
98,56,1,0.53
98,58,1,0.35
98,59,1,0.53
98,62,1,0.73
98,67,1,0.77
98,74,1,0.86
98,76,1,0.57
98,79,1,0.61
98,83,1,0.3
98,88,1,0.34
98,98,1,0
98,1,9,0.11
98,5,9,0.58
98,7,9,0.48
98,8,9,0.6
98,12,9,0.2
98,20,9,0.97
98,26,9,0.25
98,33,9,0.84
98,43,9,0.07
98,76,9,0.81
98,98,9,0
98,0,13,0.78
98,7,13,0.01
98,14,13,0.71
98,17,13,0.95
98,19,13,0.85
98,21,13,0.81
98,24,13,0.15
98,25,13,0.98
98,28,13,0.27
98,54,13,0.62
98,75,13,0.51
98,88,13,0.48
98,95,13,0.37
98,98,13,0
99,4,10,0.71
99,10,10,0.74
99,21,10,0.11
99,25,10,0.82
99,26,10,0.12
99,27,10,0.12
99,33,10,0.89
99,34,10,0.33
99,45,10,0.64
99,47,10,0.38
99,57,10,0.98
99,65,10,0.46
99,69,10,0.02
99,72,10,0.17
99,80,10,0.37
99,81,10,0.14
99,82,10,0.73
99,85,10,0.25
99,94,10,0.81
99,99,10,0
99,10,2,0.71
99,19,2,0.13
99,42,2,0.43
99,44,2,0.54
99,46,2,0.79
99,48,2,0.35
99,66,2,0.8
99,67,2,0.76
99,92,2,0.4
99,93,2,0.0
99,99,2,0