M,100,P,30,Q,100000,targetS,0.1,targetW,0.1

Resources name, resource id, current workload and max workload
R_0,0,0.55,1
R_1,1,0.48,1
R_2,2,0.24,1
R_3,3,0.77,1
R_4,4,0.38,1
R_5,5,0.67,1
R_6,6,0.36,1
R_7,7,0.49,1
R_8,8,0.37,1
R_9,9,0.6,1
R_10,10,0.52,1
R_11,11,0.3,1
R_12,12,0.6,1
R_13,13,0.62,1
R_14,14,0.21,1
R_15,15,0.76,1
R_16,16,0.48,1
R_17,17,0.47,1
R_18,18,0.77,1
R_19,19,0.62,1
R_20,20,0.51,1
R_21,21,0.57,1
R_22,22,0.23,1
R_23,23,0.53,1
R_24,24,0.45,1
R_25,25,0.36,1
R_26,26,0.48,1
R_27,27,0.46,1
R_28,28,0.43,1
R_29,29,0.26,1
R_30,30,0.36,1
R_31,31,0.37,1
R_32,32,0.76,1
R_33,33,0.22,1
R_34,34,0.32,1
R_35,35,0.52,1
R_36,36,0.31,1
R_37,37,0.31,1
R_38,38,0.36,1
R_39,39,0.37,1
R_40,40,0.76,1
R_41,41,0.44,1
R_42,42,0.39,1
R_43,43,0.3,1
R_44,44,0.78,1
R_45,45,0.2,1
R_46,46,0.63,1
R_47,47,0.44,1
R_48,48,0.39,1
R_49,49,0.25,1
R_50,50,0.67,1
R_51,51,0.78,1
R_52,52,0.2,1
R_53,53,0.58,1
R_54,54,0.5,1
R_55,55,0.45,1
R_56,56,0.23,1
R_57,57,0.43,1
R_58,58,0.67,1
R_59,59,0.52,1
R_60,60,0.51,1
R_61,61,0.43,1
R_62,62,0.35,1
R_63,63,0.23,1
R_64,64,0.5,1
R_65,65,0.37,1
R_66,66,0.44,1
R_67,67,0.25,1
R_68,68,0.45,1
R_69,69,0.68,1
R_70,70,0.37,1
R_71,71,0.23,1
R_72,72,0.32,1
R_73,73,0.59,1
R_74,74,0.25,1
R_75,75,0.58,1
R_76,76,0.54,1
R_77,77,0.61,1
R_78,78,0.57,1
R_79,79,0.38,1
R_80,80,0.46,1
R_81,81,0.39,1
R_82,82,0.75,1
R_83,83,0.22,1
R_84,84,0.21,1
R_85,85,0.74,1
R_86,86,0.52,1
R_87,87,0.36,1
R_88,88,0.39,1
R_89,89,0.3,1
R_90,90,0.32,1
R_91,91,0.53,1
R_92,92,0.23,1
R_93,93,0.6,1
R_94,94,0.41,1
R_95,95,0.3,1
R_96,96,0.32,1
R_97,97,0.41,1
R_98,98,0.28,1
R_99,99,0.55,1

Activities name, activity id, lambda, stress, resource id, priority, rifiutato
act_1,1,0.28,0.38,0,130,0
act_0,0,0.16,0.6,0,225,0
act_18,18,0.09,0.66,1,353,1
act_19,19,0.03,0.17,1,332,0
act_19,19,0.03,0.17,1,2,0
act_18,18,0.09,0.66,1,68,1
act_18,18,0.09,0.66,1,62,1
act_19,19,0.03,0.17,1,154,0
act_19,19,0.03,0.17,1,108,0
act_19,19,0.03,0.17,1,122,0
act_18,18,0.09,0.66,1,166,1
act_11,11,0.16,0.65,2,18,1
act_2,2,0.09,0.43,2,241,0
act_2,2,0.09,0.43,2,106,0
act_11,11,0.16,0.65,2,299,1
act_11,11,0.16,0.65,2,22,1
act_2,2,0.09,0.43,2,86,0
act_3,3,0.12,0.57,3,362,0
act_19,19,0.03,0.17,4,324,0
act_16,16,0.14,0.92,4,64,0
act_19,19,0.03,0.17,4,223,0
act_18,18,0.09,0.66,4,59,0
act_16,16,0.14,0.92,4,121,0
act_16,16,0.14,0.92,4,210,0
act_19,19,0.03,0.17,4,184,0
act_3,3,0.12,0.57,5,284,1
act_3,3,0.12,0.57,5,174,1
act_16,16,0.14,0.92,6,270,1
act_14,14,0.23,0.53,6,399,0
act_11,11,0.16,0.65,6,8,1
act_0,0,0.16,0.6,7,190,1
act_0,0,0.16,0.6,7,146,1
act_18,18,0.09,0.66,7,258,1
act_18,18,0.09,0.66,7,42,1
act_17,17,0.2,0.37,8,268,1
act_19,19,0.03,0.17,8,107,0
act_19,19,0.03,0.17,8,344,0
act_19,19,0.03,0.17,8,6,0
act_17,17,0.2,0.37,8,249,1
act_19,19,0.03,0.17,8,267,0
act_19,19,0.03,0.17,8,67,0
act_19,19,0.03,0.17,8,232,0
act_19,19,0.03,0.17,8,296,0
act_19,19,0.03,0.17,9,233,0
act_8,8,0.23,0.15,9,413,0
act_3,3,0.12,0.57,9,188,0
act_14,14,0.23,0.53,10,186,0
act_17,17,0.2,0.37,10,41,0
act_8,8,0.23,0.15,11,197,0
act_8,8,0.23,0.15,11,243,0
act_8,8,0.23,0.15,11,132,0
act_14,14,0.23,0.53,12,304,0
act_12,12,0.14,0.76,12,242,1
act_3,3,0.12,0.57,13,76,0
act_3,3,0.12,0.57,13,82,0
act_7,7,0.1,0.5,13,302,0
act_0,0,0.16,0.6,14,281,1
act_7,7,0.1,0.5,14,273,1
act_7,7,0.1,0.5,14,386,1
act_7,7,0.1,0.5,14,214,1
act_7,7,0.1,0.5,14,72,1
act_0,0,0.16,0.6,14,279,1
act_5,5,0.03,0.99,15,398,1
act_18,18,0.09,0.66,15,85,0
act_19,19,0.03,0.17,15,224,0
act_4,4,0.08,0.69,15,80,1
act_4,4,0.08,0.69,16,261,0
act_12,12,0.14,0.76,16,152,1
act_4,4,0.08,0.69,16,216,0
act_4,4,0.08,0.69,16,162,0
act_12,12,0.14,0.76,16,375,1
act_2,2,0.09,0.43,17,4,0
act_1,1,0.28,0.38,17,240,0
act_5,5,0.03,0.99,17,320,1
act_2,2,0.09,0.43,17,177,0
act_5,5,0.03,0.99,17,381,1
act_14,14,0.23,0.53,18,112,0
act_5,5,0.03,0.99,19,212,1
act_9,9,0.25,0.22,19,105,0
act_5,5,0.03,0.99,19,401,1
act_5,5,0.03,0.99,19,120,1
act_5,5,0.03,0.99,19,391,1
act_0,0,0.16,0.6,20,215,0
act_11,11,0.16,0.65,20,369,0
act_11,11,0.16,0.65,20,367,0
act_11,11,0.16,0.65,21,140,0
act_16,16,0.14,0.92,21,328,1
act_9,9,0.25,0.22,22,60,0
act_9,9,0.25,0.22,22,209,0
act_9,9,0.25,0.22,22,24,0
act_14,14,0.23,0.53,23,361,0
act_17,17,0.2,0.37,23,149,0
act_11,11,0.16,0.65,24,349,0
act_18,18,0.09,0.66,24,119,0
act_12,12,0.14,0.76,24,337,0
act_12,12,0.14,0.76,24,291,0
act_19,19,0.03,0.17,25,326,0
act_19,19,0.03,0.17,25,348,0
act_18,18,0.09,0.66,25,195,0
act_19,19,0.03,0.17,25,300,0
act_19,19,0.03,0.17,25,393,0
act_16,16,0.14,0.92,25,156,1
act_16,16,0.14,0.92,25,335,1
act_18,18,0.09,0.66,25,389,0
act_19,19,0.03,0.17,25,192,0
act_19,19,0.03,0.17,25,217,0
act_2,2,0.09,0.43,26,276,0
act_3,3,0.12,0.57,26,292,0
act_9,9,0.25,0.22,26,33,0
act_8,8,0.23,0.15,27,141,0
act_4,4,0.08,0.69,27,20,1
act_4,4,0.08,0.69,27,262,1
act_4,4,0.08,0.69,27,269,1
act_18,18,0.09,0.66,28,19,1
act_14,14,0.23,0.53,28,275,1
act_14,14,0.23,0.53,28,346,1
act_1,1,0.28,0.38,29,65,1
act_16,16,0.14,0.92,29,173,1
act_16,16,0.14,0.92,29,297,1
act_16,16,0.14,0.92,29,81,1
act_16,16,0.14,0.92,30,73,1
act_5,5,0.03,0.99,30,345,1
act_5,5,0.03,0.99,30,397,1
act_5,5,0.03,0.99,30,89,1
act_5,5,0.03,0.99,30,69,1
act_5,5,0.03,0.99,30,15,1
act_5,5,0.03,0.99,30,124,1
act_16,16,0.14,0.92,30,347,1
act_5,5,0.03,0.99,30,403,1
act_5,5,0.03,0.99,30,160,1
act_5,5,0.03,0.99,30,368,1
act_5,5,0.03,0.99,30,175,1
act_5,5,0.03,0.99,30,77,1
act_17,17,0.2,0.37,31,221,1
act_17,17,0.2,0.37,31,387,1
act_17,17,0.2,0.37,31,310,1
act_19,19,0.03,0.17,32,230,0
act_0,0,0.16,0.6,32,31,0
act_19,19,0.03,0.17,32,312,0
act_4,4,0.08,0.69,33,282,1
act_2,2,0.09,0.43,33,257,0
act_15,15,0.12,0.21,33,93,0
act_2,2,0.09,0.43,33,317,0
act_10,10,0.22,0.39,33,147,0
act_4,4,0.08,0.69,33,104,1
act_4,4,0.08,0.69,33,327,1
act_7,7,0.1,0.5,34,247,1
act_17,17,0.2,0.37,34,382,0
act_7,7,0.1,0.5,34,396,1
act_3,3,0.12,0.57,34,392,1
act_3,3,0.12,0.57,34,402,1
act_2,2,0.09,0.43,35,378,0
act_10,10,0.22,0.39,35,358,0
act_2,2,0.09,0.43,35,266,0
act_1,1,0.28,0.38,36,376,1
act_13,13,0.2,0.59,36,260,1
act_13,13,0.2,0.59,36,196,1
act_4,4,0.08,0.69,37,325,1
act_4,4,0.08,0.69,37,355,1
act_0,0,0.16,0.6,37,406,1
act_4,4,0.08,0.69,37,102,1
act_13,13,0.2,0.59,37,153,1
act_4,4,0.08,0.69,37,380,1
act_6,6,0.29,0.07,38,352,0
act_7,7,0.1,0.5,38,50,0
act_7,7,0.1,0.5,38,159,0
act_7,7,0.1,0.5,38,55,0
act_6,6,0.29,0.07,39,135,0
act_9,9,0.25,0.22,39,167,0
act_15,15,0.12,0.21,40,17,0
act_11,11,0.16,0.65,41,329,0
act_11,11,0.16,0.65,41,83,0
act_11,11,0.16,0.65,41,25,0
act_18,18,0.09,0.66,42,87,0
act_18,18,0.09,0.66,42,290,0
act_18,18,0.09,0.66,42,53,0
act_1,1,0.28,0.38,42,95,0
act_11,11,0.16,0.65,43,245,1
act_13,13,0.2,0.59,43,330,1
act_7,7,0.1,0.5,43,111,0
act_8,8,0.23,0.15,43,52,0
act_3,3,0.12,0.57,44,125,0
act_5,5,0.03,0.99,45,48,0
act_16,16,0.14,0.92,45,139,0
act_16,16,0.14,0.92,45,115,0
act_6,6,0.29,0.07,45,151,0
act_5,5,0.03,0.99,45,294,0
act_5,5,0.03,0.99,45,409,0
act_5,5,0.03,0.99,45,113,0
act_5,5,0.03,0.99,45,176,0
act_5,5,0.03,0.99,45,316,0
act_5,5,0.03,0.99,45,354,0
act_1,1,0.28,0.38,46,51,0
act_16,16,0.14,0.92,47,118,1
act_15,15,0.12,0.21,47,201,0
act_16,16,0.14,0.92,47,272,1
act_5,5,0.03,0.99,47,71,1
act_5,5,0.03,0.99,47,16,1
act_5,5,0.03,0.99,47,109,1
act_5,5,0.03,0.99,47,370,1
act_5,5,0.03,0.99,47,94,1
act_6,6,0.29,0.07,48,264,0
act_4,4,0.08,0.69,48,187,0
act_4,4,0.08,0.69,48,165,0
act_4,4,0.08,0.69,48,365,0
act_10,10,0.22,0.39,49,303,0
act_4,4,0.08,0.69,49,229,0
act_11,11,0.16,0.65,49,58,0
act_11,11,0.16,0.65,49,168,0
act_4,4,0.08,0.69,49,116,0
act_19,19,0.03,0.17,50,158,0
act_5,5,0.03,0.99,50,189,0
act_10,10,0.22,0.39,50,331,0
act_5,5,0.03,0.99,50,136,0
act_3,3,0.12,0.57,51,340,0
act_5,5,0.03,0.99,51,228,0
act_5,5,0.03,0.99,51,360,0
act_5,5,0.03,0.99,51,194,0
act_18,18,0.09,0.66,52,11,0
act_1,1,0.28,0.38,52,374,0
act_1,1,0.28,0.38,52,142,0
act_18,18,0.09,0.66,52,202,0
act_12,12,0.14,0.76,53,3,0
act_8,8,0.23,0.15,53,34,0
act_5,5,0.03,0.99,53,74,1
act_2,2,0.09,0.43,54,92,0
act_3,3,0.12,0.57,54,179,0
act_2,2,0.09,0.43,54,75,0
act_2,2,0.09,0.43,54,131,0
act_2,2,0.09,0.43,54,394,0
act_13,13,0.2,0.59,55,410,1
act_13,13,0.2,0.59,55,199,1
act_9,9,0.25,0.22,56,155,0
act_12,12,0.14,0.76,56,220,0
act_12,12,0.14,0.76,56,134,0
act_12,12,0.14,0.76,56,301,0
act_1,1,0.28,0.38,57,333,1
act_1,1,0.28,0.38,57,407,1
act_15,15,0.12,0.21,58,100,0
act_15,15,0.12,0.21,58,208,0
act_18,18,0.09,0.66,58,161,0
act_0,0,0.16,0.6,59,191,0
act_0,0,0.16,0.6,59,36,0
act_0,0,0.16,0.6,59,10,0
act_5,5,0.03,0.99,60,181,1
act_2,2,0.09,0.43,60,7,1
act_5,5,0.03,0.99,60,143,1
act_2,2,0.09,0.43,60,351,1
act_5,5,0.03,0.99,60,46,1
act_2,2,0.09,0.43,60,180,1
act_5,5,0.03,0.99,60,213,1
act_5,5,0.03,0.99,60,90,1
act_5,5,0.03,0.99,60,254,1
act_5,5,0.03,0.99,60,234,1
act_13,13,0.2,0.59,61,185,1
act_4,4,0.08,0.69,61,288,1
act_13,13,0.2,0.59,61,103,1
act_4,4,0.08,0.69,61,366,1
act_17,17,0.2,0.37,62,271,0
act_7,7,0.1,0.5,62,88,0
act_17,17,0.2,0.37,62,357,0
act_7,7,0.1,0.5,62,14,0
act_6,6,0.29,0.07,63,383,0
act_17,17,0.2,0.37,63,211,0
act_12,12,0.14,0.76,63,248,0
act_12,12,0.14,0.76,63,251,0
act_6,6,0.29,0.07,64,218,0
act_17,17,0.2,0.37,64,405,0
act_11,11,0.16,0.65,65,172,0
act_11,11,0.16,0.65,65,163,0
act_5,5,0.03,0.99,65,252,1
act_11,11,0.16,0.65,65,66,0
act_5,5,0.03,0.99,65,298,1
act_5,5,0.03,0.99,65,70,1
act_5,5,0.03,0.99,65,123,1
act_10,10,0.22,0.39,66,239,0
act_7,7,0.1,0.5,66,40,0
act_13,13,0.2,0.59,66,129,0
act_12,12,0.14,0.76,67,56,0
act_6,6,0.29,0.07,67,323,0
act_0,0,0.16,0.6,67,39,0
act_12,12,0.14,0.76,67,336,0
act_17,17,0.2,0.37,68,44,0
act_17,17,0.2,0.37,68,26,0
act_7,7,0.1,0.5,68,307,1
act_19,19,0.03,0.17,69,138,0
act_16,16,0.14,0.92,69,128,0
act_19,19,0.03,0.17,69,203,0
act_19,19,0.03,0.17,69,206,0
act_19,19,0.03,0.17,69,219,0
act_19,19,0.03,0.17,69,321,0
act_11,11,0.16,0.65,70,27,0
act_11,11,0.16,0.65,70,385,0
act_5,5,0.03,0.99,70,170,1
act_11,11,0.16,0.65,70,101,0
act_5,5,0.03,0.99,70,54,1
act_2,2,0.09,0.43,70,363,0
act_13,13,0.2,0.59,71,84,0
act_4,4,0.08,0.69,71,338,1
act_4,4,0.08,0.69,71,205,1
act_17,17,0.2,0.37,71,96,0
act_17,17,0.2,0.37,71,227,0
act_7,7,0.1,0.5,72,57,0
act_4,4,0.08,0.69,72,148,1
act_19,19,0.03,0.17,72,236,0
act_8,8,0.23,0.15,72,30,0
act_7,7,0.1,0.5,72,343,0
act_19,19,0.03,0.17,72,21,0
act_19,19,0.03,0.17,72,193,0
act_4,4,0.08,0.69,72,313,1
act_8,8,0.23,0.15,73,207,0
act_2,2,0.09,0.43,73,114,0
act_12,12,0.14,0.76,74,5,0
act_12,12,0.14,0.76,74,314,0
act_16,16,0.14,0.92,74,373,0
act_16,16,0.14,0.92,74,110,0
act_16,16,0.14,0.92,74,289,0
act_8,8,0.23,0.15,75,286,0
act_16,16,0.14,0.92,75,253,0
act_15,15,0.12,0.21,76,231,0
act_16,16,0.14,0.92,76,305,1
act_16,16,0.14,0.92,76,277,1
act_2,2,0.09,0.43,77,285,1
act_2,2,0.09,0.43,77,37,1
act_2,2,0.09,0.43,77,356,1
act_2,2,0.09,0.43,77,280,1
act_7,7,0.1,0.5,78,309,0
act_7,7,0.1,0.5,78,372,0
act_14,14,0.23,0.53,78,318,1
act_19,19,0.03,0.17,79,43,0
act_19,19,0.03,0.17,79,293,0
act_16,16,0.14,0.92,79,274,1
act_19,19,0.03,0.17,79,78,0
act_16,16,0.14,0.92,79,164,1
act_19,19,0.03,0.17,79,371,0
act_16,16,0.14,0.92,79,226,1
act_19,19,0.03,0.17,79,171,0
act_19,19,0.03,0.17,79,32,0
act_9,9,0.25,0.22,80,377,0
act_2,2,0.09,0.43,80,311,1
act_13,13,0.2,0.59,80,144,1
act_15,15,0.12,0.21,81,256,0
act_13,13,0.2,0.59,81,388,0
act_15,15,0.12,0.21,81,334,0
act_15,15,0.12,0.21,81,384,0
act_11,11,0.16,0.65,82,1,0
act_0,0,0.16,0.6,83,222,0
act_0,0,0.16,0.6,83,47,0
act_16,16,0.14,0.92,83,38,0
act_14,14,0.23,0.53,83,250,0
act_9,9,0.25,0.22,84,126,0
act_9,9,0.25,0.22,84,379,0
act_9,9,0.25,0.22,84,61,0
act_4,4,0.08,0.69,85,404,0
act_11,11,0.16,0.65,85,204,0
act_19,19,0.03,0.17,86,411,0
act_13,13,0.2,0.59,86,98,1
act_19,19,0.03,0.17,86,342,0
act_13,13,0.2,0.59,86,99,1
act_7,7,0.1,0.5,87,133,0
act_1,1,0.28,0.38,87,278,0
act_7,7,0.1,0.5,87,183,0
act_7,7,0.1,0.5,87,117,0
act_7,7,0.1,0.5,88,237,0
act_12,12,0.14,0.76,88,319,0
act_12,12,0.14,0.76,88,308,0
act_7,7,0.1,0.5,88,295,0
act_7,7,0.1,0.5,88,169,0
act_11,11,0.16,0.65,89,150,1
act_11,11,0.16,0.65,89,259,1
act_13,13,0.2,0.59,89,341,0
act_11,11,0.16,0.65,89,12,1
act_3,3,0.12,0.57,90,182,1
act_3,3,0.12,0.57,90,9,1
act_4,4,0.08,0.69,90,28,1
act_17,17,0.2,0.37,90,255,0
act_4,4,0.08,0.69,90,390,1
act_0,0,0.16,0.6,91,244,0
act_0,0,0.16,0.6,91,63,0
act_18,18,0.09,0.66,91,395,0
act_1,1,0.28,0.38,92,315,0
act_17,17,0.2,0.37,92,408,0
act_11,11,0.16,0.65,92,0,0
act_19,19,0.03,0.17,92,412,0
act_19,19,0.03,0.17,92,263,0
act_19,19,0.03,0.17,92,79,0
act_19,19,0.03,0.17,92,97,0
act_13,13,0.2,0.59,93,127,1
act_2,2,0.09,0.43,93,287,1
act_2,2,0.09,0.43,93,350,1
act_15,15,0.12,0.21,94,246,0
act_15,15,0.12,0.21,94,400,0
act_15,15,0.12,0.21,94,306,0
act_15,15,0.12,0.21,94,23,0
act_0,0,0.16,0.6,95,198,1
act_0,0,0.16,0.6,95,29,1
act_7,7,0.1,0.5,95,200,1
act_7,7,0.1,0.5,95,339,1
act_0,0,0.16,0.6,95,235,1
act_12,12,0.14,0.76,96,322,1
act_0,0,0.16,0.6,96,13,1
act_13,13,0.2,0.59,96,238,0
act_0,0,0.16,0.6,96,157,1
act_3,3,0.12,0.57,97,178,0
act_3,3,0.12,0.57,97,145,0
act_16,16,0.14,0.92,97,49,0
act_3,3,0.12,0.57,97,265,0
act_17,17,0.2,0.37,98,359,0
act_16,16,0.14,0.92,98,45,0
act_1,1,0.28,0.38,98,137,0
act_16,16,0.14,0.92,99,91,1
act_4,4,0.08,0.69,99,364,1
act_16,16,0.14,0.92,99,283,1
act_4,4,0.08,0.69,99,35,1

Alpha (resource id, list of activity ids)
0:16,12,1,0
1:1,19,18,16
2:11,2
3:17,10,3,8
4:19,18,16
5:11,8,0,3
6:16,11,14
7:0,18
8:19,17
9:19,8,3
10:16,17,14
11:14,0,8,12
12:12,14
13:7,3,13,4
14:0,7
15:18,4,5,19
16:4,12
17:1,5,2
18:8,14
19:11,3,9,5
20:0,11,13
21:11,0,16
22:13,0,9
23:7,2,17,14
24:5,12,18,11
25:18,16,19
26:3,10,9,2
27:8,4
28:15,14,18,1
29:6,16,1
30:5,16
31:3,17
32:19,0
33:15,4,10,2
34:7,3,17
35:2,3,12,10
36:1,4,13
37:4,0,13
38:6,7
39:8,6,9
40:9,1,12,15
41:11,7
42:1,18
43:8,7,11,13
44:13,8,12,3
45:5,16,6
46:12,1,8,3
47:15,16,5,13
48:4,6
49:11,4,10
50:10,15,19,5
51:5,16,3,1
52:18,1
53:12,5,8,14
54:8,2,3
55:6,13
56:12,9
57:1,18
58:15,18,13
59:0,15
60:2,5
61:13,11,0,4
62:10,7,17,4
63:17,12,6
64:5,17,6,1
65:11,5
66:13,14,10,7
67:11,6,0,12
68:17,7
69:14,19,16
70:11,2,5
71:17,4,13
72:19,8,4,7
73:13,2,8
74:12,16
75:8,16,7
76:16,15
77:14,8,2
78:14,7
79:19,16
80:9,2,13,17
81:15,13
82:11,18,16
83:14,0,16
84:9,7
85:4,11,6,12
86:19,16,13
87:1,7
88:8,12,7
89:10,11,13
90:4,3,17
91:18,0
92:17,1,19,11
93:6,9,2,13
94:0,15,8
95:7,0
96:11,12,13,0
97:16,3
98:1,16,17
99:4,16,3

Costs (resource, resource to replace, activity, cost)
0,0,16,0
0,1,16,0.15
0,4,16,0.19
0,6,16,0.07
0,10,16,0.92
0,21,16,0.53
0,25,16,0.75
0,29,16,0.75
0,30,16,0.42
0,45,16,0.07
0,47,16,0.47
0,51,16,0.75
0,69,16,0.18
0,74,16,0.34
0,75,16,0.22
0,76,16,0.98
0,79,16,0.29
0,82,16,0.5
0,83,16,0.69
0,86,16,0.1
0,97,16,1.0
0,98,16,0.26
0,99,16,0.71
0,0,12,0
0,11,12,0.05
0,12,12,0.86
0,16,12,0.82
0,24,12,0.16
0,35,12,0.11
0,40,12,0.43
0,44,12,0.3
0,46,12,0.24
0,53,12,0.7
0,56,12,0.1
0,63,12,0.22
0,67,12,0.54
0,74,12,0.19
0,85,12,0.99
0,88,12,0.35
0,96,12,0.61
0,0,1,0
0,1,1,0.77
0,17,1,0.49
0,28,1,0.4
0,29,1,0.14
0,36,1,0.47
0,40,1,0.79
0,42,1,0.78
0,46,1,0.06
0,51,1,0.11
0,52,1,0.38
0,57,1,0.67
0,64,1,0.89
0,87,1,0.14
0,92,1,0.9
0,98,1,0.7
0,0,0,0
0,5,0,0.48
0,7,0,0.99
0,11,0,0.57
0,14,0,0.9
0,20,0,0.51
0,21,0,0.57
0,22,0,0.43
0,32,0,0.21
0,37,0,0.07
0,59,0,0.23
0,61,0,0.18
0,67,0,0.85
0,83,0,0.87
0,91,0,0.85
0,94,0,0.64
0,95,0,0.08
0,96,0,0.25
1,0,1,0.28
1,1,1,0
1,17,1,0.38
1,28,1,0.67
1,29,1,0.57
1,36,1,0.7
1,40,1,0.58
1,42,1,0.93
1,46,1,0.82
1,51,1,0.32
1,52,1,0.29
1,57,1,0.95
1,64,1,0.64
1,87,1,0.38
1,92,1,0.05
1,98,1,0.08
1,1,19,0
1,4,19,0.09
1,8,19,0.01
1,9,19,0.43
1,15,19,0.38
1,25,19,0.82
1,32,19,0.29
1,50,19,0.83
1,69,19,0.0
1,72,19,0.83
1,79,19,0.37
1,86,19,0.34
1,92,19,0.14
1,1,18,0
1,4,18,0.99
1,7,18,0.68
1,15,18,0.42
1,24,18,0.67
1,25,18,0.99
1,28,18,0.9
1,42,18,0.38
1,52,18,0.14
1,57,18,0.44
1,58,18,0.24
1,82,18,0.98
1,91,18,0.29
1,0,16,0.35
1,1,16,0
1,4,16,0.92
1,6,16,0.91
1,10,16,0.41
1,21,16,0.86
1,25,16,0.38
1,29,16,0.62
1,30,16,0.41
1,45,16,0.91
1,47,16,0.58
1,51,16,0.41
1,69,16,0.92
1,74,16,0.75
1,75,16,0.8
1,76,16,0.69
1,79,16,0.4
1,82,16,0.47
1,83,16,0.92
1,86,16,0.69
1,97,16,0.78
1,98,16,0.06
1,99,16,0.4
2,2,11,0
2,5,11,0.95
2,6,11,0.71
2,19,11,0.59
2,20,11,0.32
2,21,11,0.15
2,24,11,0.67
2,41,11,0.11
2,43,11,0.85
2,49,11,0.96
2,61,11,0.94
2,65,11,0.18
2,67,11,0.07
2,70,11,0.98
2,82,11,0.08
2,85,11,0.59
2,89,11,0.4
2,92,11,0.88
2,96,11,0.11
2,2,2,0
2,17,2,0.32
2,23,2,0.33
2,26,2,0.28
2,33,2,0.79
2,35,2,0.36
2,54,2,0.56
2,60,2,0.03
2,70,2,0.8
2,73,2,0.67
2,77,2,0.63
2,80,2,0.11
2,93,2,0.17
3,3,17,0
3,8,17,0.1
3,10,17,0.5
3,23,17,0.56
3,31,17,0.04
3,34,17,0.48
3,62,17,0.63
3,63,17,0.54
3,64,17,0.36
3,68,17,0.74
3,71,17,0.85
3,80,17,0.91
3,90,17,0.9
3,92,17,0.17
3,98,17,0.47
3,3,10,0
3,26,10,0.61
3,33,10,0.61
3,35,10,0.44
3,49,10,0.06
3,50,10,0.12
3,62,10,0.62
3,66,10,0.31
3,89,10,0.32
3,3,3,0
3,5,3,0.81
3,9,3,0.5
3,13,3,0.95
3,19,3,0.4
3,26,3,0.06
3,31,3,0.75
3,34,3,0.61
3,35,3,0.58
3,44,3,0.81
3,46,3,0.97
3,51,3,0.33
3,54,3,0.83
3,90,3,0.78
3,97,3,0.42
3,99,3,0.62
3,3,8,0
3,5,8,0.22
3,9,8,0.67
3,11,8,0.93
3,18,8,0.53
3,27,8,0.41
3,39,8,0.28
3,43,8,0.73
3,44,8,0.66
3,46,8,0.1
3,53,8,0.78
3,54,8,0.55
3,72,8,0.04
3,73,8,0.41
3,75,8,0.13
3,77,8,0.3
3,88,8,0.13
3,94,8,0.52
4,1,19,0.05
4,4,19,0
4,8,19,0.53
4,9,19,0.63
4,15,19,0.6
4,25,19,0.81
4,32,19,0.3
4,50,19,0.43
4,69,19,0.45
4,72,19,0.45
4,79,19,0.02
4,86,19,0.3
4,92,19,0.44
4,1,18,0.72
4,4,18,0
4,7,18,0.24
4,15,18,0.81
4,24,18,0.9
4,25,18,0.75
4,28,18,0.99
4,42,18,0.74
4,52,18,0.48
4,57,18,0.65
4,58,18,0.51
4,82,18,0.82
4,91,18,0.92
4,0,16,0.77
4,1,16,0.91
4,4,16,0
4,6,16,0.61
4,10,16,0.38
4,21,16,0.2
4,25,16,0.27
4,29,16,0.06
4,30,16,0.92
4,45,16,0.39
4,47,16,0.87
4,51,16,0.73
4,69,16,0.14
4,74,16,0.26
4,75,16,0.17
4,76,16,0.21
4,79,16,0.24
4,82,16,0.64
4,83,16,0.9
4,86,16,0.2
4,97,16,0.63
4,98,16,0.55
4,99,16,0.49
5,2,11,0.66
5,5,11,0
5,6,11,0.26
5,19,11,0.62
5,20,11,0.69
5,21,11,0.39
5,24,11,0.14
5,41,11,0.72
5,43,11,0.32
5,49,11,0.7
5,61,11,0.83
5,65,11,0.77
5,67,11,0.01
5,70,11,0.47
5,82,11,0.45
5,85,11,0.09
5,89,11,0.56
5,92,11,0.5
5,96,11,0.69
5,3,8,0.07
5,5,8,0
5,9,8,0.72
5,11,8,0.48
5,18,8,0.31
5,27,8,0.71
5,39,8,0.35
5,43,8,0.34
5,44,8,0.2
5,46,8,0.47
5,53,8,0.65
5,54,8,0.59
5,72,8,0.3
5,73,8,0.28
5,75,8,0.22
5,77,8,0.79
5,88,8,0.56
5,94,8,0.72
5,0,0,0.37
5,5,0,0
5,7,0,0.36
5,11,0,0.7
5,14,0,0.66
5,20,0,0.12
5,21,0,0.6
5,22,0,0.51
5,32,0,0.09
5,37,0,0.88
5,59,0,0.14
5,61,0,0.28
5,67,0,0.15
5,83,0,0.31
5,91,0,0.88
5,94,0,0.44
5,95,0,0.41
5,96,0,0.84
5,3,3,0.53
5,5,3,0
5,9,3,0.63
5,13,3,0.07
5,19,3,0.3
5,26,3,0.61
5,31,3,0.59
5,34,3,0.24
5,35,3,0.75
5,44,3,0.98
5,46,3,0.48
5,51,3,0.45
5,54,3,0.31
5,90,3,0.21
5,97,3,0.96
5,99,3,0.36
6,0,16,0.6
6,1,16,0.58
6,4,16,0.63
6,6,16,0
6,10,16,0.65
6,21,16,0.03
6,25,16,0.66
6,29,16,0.53
6,30,16,0.1
6,45,16,0.79
6,47,16,0.6
6,51,16,0.86
6,69,16,0.24
6,74,16,0.79
6,75,16,0.86
6,76,16,0.47
6,79,16,0.41
6,82,16,0.95
6,83,16,0.85
6,86,16,0.36
6,97,16,0.72
6,98,16,0.1
6,99,16,0.04
6,2,11,0.01
6,5,11,0.58
6,6,11,0
6,19,11,0.86
6,20,11,0.47
6,21,11,0.83
6,24,11,0.11
6,41,11,0.76
6,43,11,0.98
6,49,11,0.49
6,61,11,0.58
6,65,11,0.03
6,67,11,0.91
6,70,11,0.19
6,82,11,0.97
6,85,11,0.77
6,89,11,0.04
6,92,11,0.14
6,96,11,0.2
6,6,14,0
6,10,14,0.53
6,11,14,0.0
6,12,14,0.12
6,18,14,0.75
6,23,14,0.49
6,28,14,0.75
6,53,14,0.59
6,66,14,0.73
6,69,14,0.62
6,77,14,0.16
6,78,14,0.81
6,83,14,0.5
7,0,0,0.5
7,5,0,0.01
7,7,0,0
7,11,0,0.6
7,14,0,0.41
7,20,0,0.23
7,21,0,0.22
7,22,0,0.55
7,32,0,0.41
7,37,0,0.42
7,59,0,0.78
7,61,0,0.87
7,67,0,0.32
7,83,0,0.68
7,91,0,0.68
7,94,0,0.25
7,95,0,0.5
7,96,0,0.01
7,1,18,0.49
7,4,18,0.38
7,7,18,0
7,15,18,0.9
7,24,18,0.53
7,25,18,0.78
7,28,18,0.82
7,42,18,0.39
7,52,18,0.58
7,57,18,0.37
7,58,18,0.38
7,82,18,0.96
7,91,18,0.08
8,1,19,0.97
8,4,19,0.6
8,8,19,0
8,9,19,0.59
8,15,19,0.16
8,25,19,0.56
8,32,19,0.61
8,50,19,0.44
8,69,19,0.71
8,72,19,0.88
8,79,19,0.41
8,86,19,0.02
8,92,19,0.84
8,3,17,0.25
8,8,17,0
8,10,17,0.91
8,23,17,0.78
8,31,17,0.29
8,34,17,0.6
8,62,17,0.47
8,63,17,0.93
8,64,17,0.36
8,68,17,0.48
8,71,17,0.76
8,80,17,0.83
8,90,17,0.74
8,92,17,0.43
8,98,17,0.54
9,1,19,0.99
9,4,19,0.1
9,8,19,0.82
9,9,19,0
9,15,19,0.29
9,25,19,0.86
9,32,19,0.42
9,50,19,0.5
9,69,19,0.48
9,72,19,0.85
9,79,19,0.49
9,86,19,0.21
9,92,19,0.92
9,3,8,0.34
9,5,8,0.19
9,9,8,0
9,11,8,0.62
9,18,8,0.44
9,27,8,0.79
9,39,8,0.99
9,43,8,0.89
9,44,8,0.34
9,46,8,0.2
9,53,8,0.27
9,54,8,0.1
9,72,8,0.49
9,73,8,0.42
9,75,8,0.56
9,77,8,0.35
9,88,8,0.85
9,94,8,0.29
9,3,3,0.44
9,5,3,0.02
9,9,3,0
9,13,3,0.49
9,19,3,0.49
9,26,3,0.52
9,31,3,0.69
9,34,3,0.99
9,35,3,0.4
9,44,3,0.63
9,46,3,0.98
9,51,3,0.96
9,54,3,0.69
9,90,3,0.66
9,97,3,0.94
9,99,3,0.65
10,0,16,0.48
10,1,16,0.29
10,4,16,0.21
10,6,16,0.51
10,10,16,0
10,21,16,0.67
10,25,16,0.27
10,29,16,0.14
10,30,16,0.09
10,45,16,0.92
10,47,16,0.85
10,51,16,0.86
10,69,16,0.17
10,74,16,0.69
10,75,16,0.02
10,76,16,0.25
10,79,16,0.51
10,82,16,0.12
10,83,16,0.03
10,86,16,0.32
10,97,16,0.01
10,98,16,0.23
10,99,16,0.93
10,3,17,0.97
10,8,17,0.39
10,10,17,0
10,23,17,0.49
10,31,17,0.56
10,34,17,0.85
10,62,17,0.05
10,63,17,0.61
10,64,17,0.77
10,68,17,0.96
10,71,17,0.04
10,80,17,0.65
10,90,17,0.5
10,92,17,0.97
10,98,17,0.4
10,6,14,0.61
10,10,14,0
10,11,14,0.88
10,12,14,0.66
10,18,14,0.29
10,23,14,0.31
10,28,14,0.94
10,53,14,0.5
10,66,14,0.59
10,69,14,0.06
10,77,14,0.1
10,78,14,0.93
10,83,14,0.23
11,6,14,0.02
11,10,14,0.99
11,11,14,0
11,12,14,0.23
11,18,14,0.08
11,23,14,0.78
11,28,14,0.56
11,53,14,0.5
11,66,14,0.34
11,69,14,0.29
11,77,14,0.93
11,78,14,0.03
11,83,14,0.06
11,0,0,0.43
11,5,0,0.2
11,7,0,0.75
11,11,0,0
11,14,0,0.67
11,20,0,0.29
11,21,0,0.13
11,22,0,0.58
11,32,0,0.41
11,37,0,0.58
11,59,0,0.38
11,61,0,0.26
11,67,0,0.58
11,83,0,0.53
11,91,0,0.07
11,94,0,0.55
11,95,0,0.4
11,96,0,0.11
11,3,8,0.76
11,5,8,0.15
11,9,8,0.76
11,11,8,0
11,18,8,0.45
11,27,8,0.99
11,39,8,0.35
11,43,8,0.34
11,44,8,0.14
11,46,8,0.11
11,53,8,0.83
11,54,8,0.6
11,72,8,0.24
11,73,8,0.64
11,75,8,0.14
11,77,8,0.22
11,88,8,0.86
11,94,8,0.51
11,0,12,0.59
11,11,12,0
11,12,12,0.66
11,16,12,0.65
11,24,12,0.93
11,35,12,0.64
11,40,12,0.38
11,44,12,0.49
11,46,12,0.19
11,53,12,0.54
11,56,12,0.03
11,63,12,0.42
11,67,12,0.11
11,74,12,0.89
11,85,12,0.8
11,88,12,0.59
11,96,12,0.69
12,0,12,0.97
12,11,12,0.49
12,12,12,0
12,16,12,0.78
12,24,12,0.09
12,35,12,0.27
12,40,12,0.67
12,44,12,0.79
12,46,12,0.04
12,53,12,0.35
12,56,12,0.7
12,63,12,0.15
12,67,12,0.15
12,74,12,0.11
12,85,12,0.24
12,88,12,0.77
12,96,12,0.83
12,6,14,0.62
12,10,14,0.01
12,11,14,0.79
12,12,14,0
12,18,14,0.43
12,23,14,0.08
12,28,14,0.98
12,53,14,0.06
12,66,14,0.49
12,69,14,0.94
12,77,14,0.67
12,78,14,0.58
12,83,14,0.98
13,13,7,0
13,14,7,0.18
13,23,7,0.09
13,34,7,0.66
13,38,7,0.69
13,41,7,0.99
13,43,7,0.02
13,62,7,0.95
13,66,7,0.05
13,68,7,0.67
13,72,7,0.14
13,75,7,0.04
13,78,7,0.13
13,84,7,0.42
13,87,7,0.52
13,88,7,0.46
13,95,7,0.13
13,3,3,0.43
13,5,3,0.61
13,9,3,0.58
13,13,3,0
13,19,3,0.56
13,26,3,0.91
13,31,3,0.63
13,34,3,0.41
13,35,3,0.06
13,44,3,0.53
13,46,3,0.15
13,51,3,0.58
13,54,3,0.45
13,90,3,0.78
13,97,3,0.34
13,99,3,0.23
13,13,13,0
13,20,13,0.37
13,22,13,0.96
13,36,13,0.83
13,37,13,0.92
13,43,13,0.55
13,44,13,0.12
13,47,13,0.21
13,55,13,0.78
13,58,13,0.81
13,61,13,0.92
13,66,13,0.76
13,71,13,0.95
13,73,13,0.97
13,80,13,0.86
13,81,13,1.0
13,86,13,0.93
13,89,13,0.94
13,93,13,0.33
13,96,13,0.22
13,13,4,0
13,15,4,0.53
13,16,4,0.7
13,27,4,0.6
13,33,4,0.27
13,36,4,0.14
13,37,4,0.36
13,48,4,0.38
13,49,4,0.46
13,61,4,0.52
13,62,4,0.59
13,71,4,0.5
13,72,4,0.71
13,85,4,0.71
13,90,4,0.97
13,99,4,0.36
14,0,0,0.24
14,5,0,0.5
14,7,0,0.02
14,11,0,0.83
14,14,0,0
14,20,0,0.69
14,21,0,0.91
14,22,0,0.12
14,32,0,0.12
14,37,0,0.04
14,59,0,0.34
14,61,0,0.01
14,67,0,0.73
14,83,0,0.16
14,91,0,0.72
14,94,0,0.31
14,95,0,0.92
14,96,0,0.16
14,13,7,0.52
14,14,7,0
14,23,7,0.06
14,34,7,0.45
14,38,7,0.07
14,41,7,0.35
14,43,7,0.89
14,62,7,0.96
14,66,7,0.88
14,68,7,0.36
14,72,7,0.06
14,75,7,0.61
14,78,7,0.43
14,84,7,0.07
14,87,7,0.45
14,88,7,0.16
14,95,7,0.43
15,1,18,0.3
15,4,18,0.38
15,7,18,0.3
15,15,18,0
15,24,18,0.67
15,25,18,0.17
15,28,18,0.45
15,42,18,0.74
15,52,18,0.33
15,57,18,0.2
15,58,18,0.11
15,82,18,0.09
15,91,18,0.68
15,13,4,0.34
15,15,4,0
15,16,4,0.49
15,27,4,0.66
15,33,4,0.59
15,36,4,0.8
15,37,4,0.13
15,48,4,0.5
15,49,4,0.84
15,61,4,0.42
15,62,4,0.76
15,71,4,0.14
15,72,4,0.73
15,85,4,0.59
15,90,4,0.63
15,99,4,0.25
15,15,5,0
15,17,5,0.55
15,19,5,0.48
15,24,5,0.14
15,30,5,0.62
15,45,5,0.72
15,47,5,0.88
15,50,5,0.92
15,51,5,0.57
15,53,5,0.64
15,60,5,0.75
15,64,5,0.35
15,65,5,0.52
15,70,5,0.75
15,1,19,1.0
15,4,19,0.72
15,8,19,0.41
15,9,19,0.75
15,15,19,0
15,25,19,0.41
15,32,19,0.86
15,50,19,0.16
15,69,19,0.86
15,72,19,0.11
15,79,19,0.63
15,86,19,0.65
15,92,19,0.99
16,13,4,0.6
16,15,4,0.6
16,16,4,0
16,27,4,0.6
16,33,4,0.74
16,36,4,0.05
16,37,4,0.05
16,48,4,0.63
16,49,4,0.64
16,61,4,0.72
16,62,4,0.53
16,71,4,0.07
16,72,4,0.34
16,85,4,0.71
16,90,4,0.42
16,99,4,0.4
16,0,12,0.23
16,11,12,0.3
16,12,12,0.22
16,16,12,0
16,24,12,0.11
16,35,12,0.65
16,40,12,0.63
16,44,12,0.14
16,46,12,0.77
16,53,12,0.99
16,56,12,0.19
16,63,12,0.84
16,67,12,0.41
16,74,12,0.31
16,85,12,0.51
16,88,12,0.1
16,96,12,0.65
17,0,1,0.46
17,1,1,0.75
17,17,1,0
17,28,1,0.61
17,29,1,0.73
17,36,1,0.85
17,40,1,0.57
17,42,1,0.75
17,46,1,0.3
17,51,1,0.18
17,52,1,0.87
17,57,1,0.33
17,64,1,0.4
17,87,1,0.52
17,92,1,0.63
17,98,1,0.28
17,15,5,0.03
17,17,5,0
17,19,5,0.69
17,24,5,0.92
17,30,5,0.85
17,45,5,0.58
17,47,5,0.66
17,50,5,0.81
17,51,5,0.53
17,53,5,0.38
17,60,5,0.57
17,64,5,0.46
17,65,5,0.5
17,70,5,0.44
17,2,2,0.52
17,17,2,0
17,23,2,0.98
17,26,2,0.46
17,33,2,0.16
17,35,2,0.16
17,54,2,0.33
17,60,2,0.98
17,70,2,0.53
17,73,2,0.55
17,77,2,0.89
17,80,2,0.55
17,93,2,0.79
18,3,8,0.43
18,5,8,0.33
18,9,8,0.41
18,11,8,0.72
18,18,8,0
18,27,8,0.15
18,39,8,0.64
18,43,8,0.58
18,44,8,0.56
18,46,8,0.82
18,53,8,0.37
18,54,8,0.55
18,72,8,0.06
18,73,8,0.35
18,75,8,0.07
18,77,8,0.52
18,88,8,0.44
18,94,8,0.15
18,6,14,0.75
18,10,14,0.42
18,11,14,0.41
18,12,14,0.7
18,18,14,0
18,23,14,0.78
18,28,14,0.42
18,53,14,0.44
18,66,14,0.71
18,69,14,0.41
18,77,14,0.81
18,78,14,0.91
18,83,14,0.53
19,2,11,0.49
19,5,11,0.03
19,6,11,0.88
19,19,11,0
19,20,11,0.5
19,21,11,0.91
19,24,11,0.03
19,41,11,0.36
19,43,11,0.17
19,49,11,0.44
19,61,11,0.81
19,65,11,0.12
19,67,11,0.87
19,70,11,0.23
19,82,11,0.24
19,85,11,0.47
19,89,11,0.3
19,92,11,0.99
19,96,11,0.92
19,3,3,0.08
19,5,3,0.92
19,9,3,0.73
19,13,3,0.47
19,19,3,0
19,26,3,0.76
19,31,3,0.88
19,34,3,0.07
19,35,3,0.89
19,44,3,0.23
19,46,3,0.19
19,51,3,0.0
19,54,3,0.75
19,90,3,0.72
19,97,3,0.57
19,99,3,0.8
19,19,9,0
19,22,9,0.77
19,26,9,0.95
19,39,9,0.6
19,40,9,0.03
19,56,9,0.06
19,80,9,0.15
19,84,9,0.02
19,93,9,0.54
19,15,5,0.62
19,17,5,0.33
19,19,5,0
19,24,5,0.86
19,30,5,0.85
19,45,5,0.84
19,47,5,0.56
19,50,5,0.07
19,51,5,0.25
19,53,5,0.34
19,60,5,0.82
19,64,5,0.62
19,65,5,0.5
19,70,5,0.52
20,0,0,0.17
20,5,0,0.85
20,7,0,0.2
20,11,0,0.57
20,14,0,0.4
20,20,0,0
20,21,0,0.29
20,22,0,0.2
20,32,0,0.93
20,37,0,0.82
20,59,0,0.62
20,61,0,0.49
20,67,0,0.2
20,83,0,0.2
20,91,0,0.14
20,94,0,0.58
20,95,0,0.18
20,96,0,0.9
20,2,11,0.0
20,5,11,0.68
20,6,11,0.76
20,19,11,0.65
20,20,11,0
20,21,11,0.74
20,24,11,0.07
20,41,11,0.82
20,43,11,0.76
20,49,11,0.74
20,61,11,0.41
20,65,11,0.58
20,67,11,0.63
20,70,11,0.48
20,82,11,0.33
20,85,11,0.67
20,89,11,0.87
20,92,11,0.11
20,96,11,0.85
20,13,13,0.22
20,20,13,0
20,22,13,0.25
20,36,13,0.95
20,37,13,0.43
20,43,13,0.33
20,44,13,0.48
20,47,13,0.58
20,55,13,0.73
20,58,13,0.49
20,61,13,0.82
20,66,13,0.17
20,71,13,0.78
20,73,13,0.31
20,80,13,0.29
20,81,13,0.02
20,86,13,0.21
20,89,13,0.19
20,93,13,0.98
20,96,13,0.87
21,2,11,0.75
21,5,11,0.13
21,6,11,0.97
21,19,11,0.7
21,20,11,0.31
21,21,11,0
21,24,11,0.59
21,41,11,0.14
21,43,11,0.81
21,49,11,0.38
21,61,11,0.05
21,65,11,0.05
21,67,11,0.42
21,70,11,0.54
21,82,11,0.69
21,85,11,0.14
21,89,11,0.34
21,92,11,0.32
21,96,11,0.31
21,0,0,0.71
21,5,0,0.69
21,7,0,0.44
21,11,0,0.83
21,14,0,0.31
21,20,0,0.77
21,21,0,0
21,22,0,0.32
21,32,0,0.04
21,37,0,0.96
21,59,0,0.38
21,61,0,0.36
21,67,0,0.69
21,83,0,0.56
21,91,0,0.24
21,94,0,0.86
21,95,0,0.57
21,96,0,0.5
21,0,16,0.69
21,1,16,0.07
21,4,16,0.6
21,6,16,0.79
21,10,16,0.11
21,21,16,0
21,25,16,0.36
21,29,16,0.91
21,30,16,0.93
21,45,16,0.88
21,47,16,0.84
21,51,16,0.36
21,69,16,0.77
21,74,16,0.13
21,75,16,0.31
21,76,16,0.79
21,79,16,0.94
21,82,16,0.93
21,83,16,0.86
21,86,16,0.59
21,97,16,0.49
21,98,16,0.98
21,99,16,0.56
22,13,13,0.27
22,20,13,0.66
22,22,13,0
22,36,13,0.06
22,37,13,0.97
22,43,13,0.65
22,44,13,0.25
22,47,13,0.55
22,55,13,0.54
22,58,13,0.26
22,61,13,0.22
22,66,13,0.69
22,71,13,0.5
22,73,13,0.51
22,80,13,0.9
22,81,13,0.49
22,86,13,0.75
22,89,13,0.92
22,93,13,0.64
22,96,13,0.34
22,0,0,0.29
22,5,0,0.65
22,7,0,0.94
22,11,0,0.86
22,14,0,0.38
22,20,0,0.9
22,21,0,0.97
22,22,0,0
22,32,0,0.1
22,37,0,0.3
22,59,0,0.9
22,61,0,0.04
22,67,0,0.74
22,83,0,0.47
22,91,0,0.51
22,94,0,0.96
22,95,0,0.83
22,96,0,0.25
22,19,9,0.49
22,22,9,0
22,26,9,0.8
22,39,9,0.8
22,40,9,0.52
22,56,9,0.01
22,80,9,0.28
22,84,9,0.27
22,93,9,1.0
23,13,7,0.93
23,14,7,0.77
23,23,7,0
23,34,7,0.48
23,38,7,0.48
23,41,7,0.36
23,43,7,0.67
23,62,7,0.51
23,66,7,0.49
23,68,7,0.38
23,72,7,0.29
23,75,7,0.9
23,78,7,0.92
23,84,7,0.91
23,87,7,0.79
23,88,7,0.49
23,95,7,0.01
23,2,2,0.05
23,17,2,0.95
23,23,2,0
23,26,2,0.36
23,33,2,0.3
23,35,2,0.47
23,54,2,0.29
23,60,2,0.4
23,70,2,0.43
23,73,2,0.29
23,77,2,0.8
23,80,2,0.94
23,93,2,0.34
23,3,17,0.6
23,8,17,0.65
23,10,17,0.54
23,23,17,0
23,31,17,0.73
23,34,17,0.58
23,62,17,0.02
23,63,17,0.62
23,64,17,0.08
23,68,17,0.76
23,71,17,0.58
23,80,17,0.84
23,90,17,0.08
23,92,17,0.75
23,98,17,0.49
23,6,14,0.79
23,10,14,0.16
23,11,14,0.77
23,12,14,0.4
23,18,14,0.58
23,23,14,0
23,28,14,0.12
23,53,14,0.48
23,66,14,0.66
23,69,14,0.74
23,77,14,0.22
23,78,14,0.05
23,83,14,0.86
24,15,5,0.56
24,17,5,0.39
24,19,5,1.0
24,24,5,0
24,30,5,0.61
24,45,5,0.21
24,47,5,0.17
24,50,5,0.46
24,51,5,0.38
24,53,5,0.81
24,60,5,0.81
24,64,5,0.66
24,65,5,0.62
24,70,5,0.53
24,0,12,0.15
24,11,12,0.33
24,12,12,0.99
24,16,12,0.48
24,24,12,0
24,35,12,0.45
24,40,12,0.3
24,44,12,0.57
24,46,12,0.64
24,53,12,0.81
24,56,12,0.35
24,63,12,0.64
24,67,12,0.71
24,74,12,0.8
24,85,12,0.26
24,88,12,0.89
24,96,12,0.26
24,1,18,0.68
24,4,18,0.18
24,7,18,0.83
24,15,18,0.87
24,24,18,0
24,25,18,0.83
24,28,18,0.52
24,42,18,0.43
24,52,18,0.25
24,57,18,0.87
24,58,18,0.84
24,82,18,0.96
24,91,18,0.97
24,2,11,0.15
24,5,11,0.22
24,6,11,0.49
24,19,11,0.05
24,20,11,0.78
24,21,11,0.41
24,24,11,0
24,41,11,0.64
24,43,11,0.11
24,49,11,0.6
24,61,11,0.97
24,65,11,0.77
24,67,11,0.2
24,70,11,0.83
24,82,11,0.13
24,85,11,0.18
24,89,11,0.07
24,92,11,0.21
24,96,11,0.9
25,1,18,0.67
25,4,18,0.41
25,7,18,0.59
25,15,18,0.96
25,24,18,0.72
25,25,18,0
25,28,18,0.91
25,42,18,0.84
25,52,18,0.2
25,57,18,0.96
25,58,18,0.23
25,82,18,0.99
25,91,18,0.95
25,0,16,0.06
25,1,16,0.72
25,4,16,0.37
25,6,16,0.14
25,10,16,0.04
25,21,16,0.29
25,25,16,0
25,29,16,0.78
25,30,16,0.22
25,45,16,0.49
25,47,16,0.35
25,51,16,0.1
25,69,16,0.71
25,74,16,0.65
25,75,16,0.81
25,76,16,0.86
25,79,16,0.48
25,82,16,0.3
25,83,16,0.73
25,86,16,0.87
25,97,16,0.88
25,98,16,0.98
25,99,16,0.01
25,1,19,0.96
25,4,19,0.03
25,8,19,0.29
25,9,19,0.51
25,15,19,0.86
25,25,19,0
25,32,19,0.41
25,50,19,0.7
25,69,19,0.9
25,72,19,0.45
25,79,19,0.69
25,86,19,0.78
25,92,19,0.8
26,3,3,0.7
26,5,3,0.79
26,9,3,0.02
26,13,3,0.74
26,19,3,0.79
26,26,3,0
26,31,3,0.63
26,34,3,0.98
26,35,3,0.78
26,44,3,0.23
26,46,3,0.65
26,51,3,0.66
26,54,3,0.55
26,90,3,0.55
26,97,3,0.74
26,99,3,0.85
26,3,10,0.38
26,26,10,0
26,33,10,0.84
26,35,10,0.52
26,49,10,0.46
26,50,10,0.7
26,62,10,0.0
26,66,10,0.02
26,89,10,0.15
26,19,9,0.58
26,22,9,0.78
26,26,9,0
26,39,9,0.04
26,40,9,0.1
26,56,9,0.18
26,80,9,0.31
26,84,9,0.69
26,93,9,0.66
26,2,2,0.95
26,17,2,0.72
26,23,2,0.95
26,26,2,0
26,33,2,0.25
26,35,2,0.27
26,54,2,0.76
26,60,2,0.44
26,70,2,0.75
26,73,2,0.08
26,77,2,0.94
26,80,2,0.97
26,93,2,0.92
27,3,8,0.67
27,5,8,0.59
27,9,8,0.23
27,11,8,0.68
27,18,8,0.73
27,27,8,0
27,39,8,0.0
27,43,8,0.64
27,44,8,0.44
27,46,8,0.58
27,53,8,0.14
27,54,8,0.71
27,72,8,0.5
27,73,8,0.97
27,75,8,0.36
27,77,8,0.5
27,88,8,0.13
27,94,8,0.65
27,13,4,0.59
27,15,4,0.86
27,16,4,0.05
27,27,4,0
27,33,4,0.77
27,36,4,0.25
27,37,4,0.23
27,48,4,0.22
27,49,4,0.68
27,61,4,0.19
27,62,4,0.83
27,71,4,0.96
27,72,4,0.96
27,85,4,0.23
27,90,4,0.22
27,99,4,0.06
28,28,15,0
28,33,15,0.98
28,40,15,0.46
28,47,15,0.29
28,50,15,0.67
28,58,15,0.46
28,59,15,0.61
28,76,15,0.75
28,81,15,0.53
28,94,15,0.4
28,6,14,0.94
28,10,14,0.49
28,11,14,0.78
28,12,14,0.36
28,18,14,0.44
28,23,14,0.27
28,28,14,0
28,53,14,0.75
28,66,14,0.18
28,69,14,0.97
28,77,14,0.09
28,78,14,0.56
28,83,14,0.02
28,1,18,0.89
28,4,18,0.55
28,7,18,0.42
28,15,18,0.1
28,24,18,0.18
28,25,18,0.47
28,28,18,0
28,42,18,0.43
28,52,18,0.12
28,57,18,0.89
28,58,18,0.43
28,82,18,0.43
28,91,18,0.02
28,0,1,0.59
28,1,1,0.86
28,17,1,0.19
28,28,1,0
28,29,1,0.79
28,36,1,0.23
28,40,1,0.77
28,42,1,0.61
28,46,1,0.58
28,51,1,0.68
28,52,1,0.24
28,57,1,0.3
28,64,1,0.84
28,87,1,0.69
28,92,1,0.47
28,98,1,0.8
29,29,6,0
29,38,6,0.89
29,39,6,0.38
29,45,6,0.74
29,48,6,0.03
29,55,6,0.55
29,63,6,0.43
29,64,6,0.62
29,67,6,0.47
29,85,6,0.86
29,93,6,0.09
29,0,16,0.13
29,1,16,0.14
29,4,16,0.72
29,6,16,0.74
29,10,16,0.29
29,21,16,0.84
29,25,16,0.17
29,29,16,0
29,30,16,0.94
29,45,16,0.52
29,47,16,0.87
29,51,16,0.96
29,69,16,0.52
29,74,16,0.82
29,75,16,0.75
29,76,16,0.51
29,79,16,0.87
29,82,16,0.2
29,83,16,0.92
29,86,16,0.31
29,97,16,0.08
29,98,16,0.4
29,99,16,0.15
29,0,1,0.16
29,1,1,0.72
29,17,1,0.47
29,28,1,0.9
29,29,1,0
29,36,1,0.8
29,40,1,0.8
29,42,1,0.56
29,46,1,0.42
29,51,1,0.74
29,52,1,0.91
29,57,1,0.88
29,64,1,0.76
29,87,1,0.24
29,92,1,0.5
29,98,1,0.49
30,15,5,0.79
30,17,5,0.43
30,19,5,0.83
30,24,5,0.8
30,30,5,0
30,45,5,0.5
30,47,5,0.95
30,50,5,0.02
30,51,5,0.73
30,53,5,0.75
30,60,5,0.72
30,64,5,0.06
30,65,5,0.06
30,70,5,0.68
30,0,16,0.6
30,1,16,0.71
30,4,16,0.46
30,6,16,0.23
30,10,16,0.97
30,21,16,0.64
30,25,16,0.05
30,29,16,0.21
30,30,16,0
30,45,16,0.95
30,47,16,0.23
30,51,16,0.43
30,69,16,0.46
30,74,16,0.64
30,75,16,0.31
30,76,16,0.43
30,79,16,0.45
30,82,16,0.96
30,83,16,0.22
30,86,16,0.79
30,97,16,0.78
30,98,16,0.49
30,99,16,0.0
31,3,3,0.42
31,5,3,0.06
31,9,3,0.85
31,13,3,0.94
31,19,3,0.5
31,26,3,0.43
31,31,3,0
31,34,3,0.95
31,35,3,0.21
31,44,3,0.15
31,46,3,0.74
31,51,3,0.34
31,54,3,0.03
31,90,3,0.1
31,97,3,0.21
31,99,3,0.25
31,3,17,0.6
31,8,17,0.79
31,10,17,0.23
31,23,17,0.13
31,31,17,0
31,34,17,0.93
31,62,17,0.56
31,63,17,0.06
31,64,17,1.0
31,68,17,0.08
31,71,17,0.91
31,80,17,0.41
31,90,17,0.54
31,92,17,0.81
31,98,17,0.26
32,1,19,0.44
32,4,19,0.29
32,8,19,0.98
32,9,19,0.69
32,15,19,0.96
32,25,19,0.15
32,32,19,0
32,50,19,0.27
32,69,19,0.12
32,72,19,0.44
32,79,19,0.25
32,86,19,0.19
32,92,19,0.5
32,0,0,0.65
32,5,0,0.0
32,7,0,0.01
32,11,0,0.07
32,14,0,0.56
32,20,0,0.04
32,21,0,0.65
32,22,0,0.3
32,32,0,0
32,37,0,0.66
32,59,0,0.34
32,61,0,0.41
32,67,0,0.71
32,83,0,0.14
32,91,0,0.04
32,94,0,0.4
32,95,0,0.79
32,96,0,0.43
33,28,15,0.86
33,33,15,0
33,40,15,0.25
33,47,15,0.8
33,50,15,0.03
33,58,15,0.59
33,59,15,0.25
33,76,15,0.09
33,81,15,0.31
33,94,15,0.11
33,13,4,1.0
33,15,4,0.43
33,16,4,0.18
33,27,4,0.8
33,33,4,0
33,36,4,0.65
33,37,4,0.48
33,48,4,0.21
33,49,4,0.65
33,61,4,0.81
33,62,4,0.49
33,71,4,0.37
33,72,4,0.89
33,85,4,0.18
33,90,4,0.18
33,99,4,0.0
33,3,10,0.54
33,26,10,0.83
33,33,10,0
33,35,10,0.18
33,49,10,0.92
33,50,10,0.07
33,62,10,0.72
33,66,10,0.32
33,89,10,0.05
33,2,2,0.41
33,17,2,0.84
33,23,2,0.45
33,26,2,0.08
33,33,2,0
33,35,2,0.54
33,54,2,0.03
33,60,2,0.8
33,70,2,0.47
33,73,2,0.6
33,77,2,0.37
33,80,2,0.91
33,93,2,0.09
34,13,7,0.28
34,14,7,0.74
34,23,7,0.28
34,34,7,0
34,38,7,0.39
34,41,7,0.52
34,43,7,0.67
34,62,7,0.5
34,66,7,0.77
34,68,7,0.37
34,72,7,0.63
34,75,7,0.99
34,78,7,0.94
34,84,7,0.68
34,87,7,0.56
34,88,7,0.35
34,95,7,0.62
34,3,3,0.82
34,5,3,0.13
34,9,3,0.47
34,13,3,0.02
34,19,3,0.17
34,26,3,0.58
34,31,3,0.11
34,34,3,0
34,35,3,0.16
34,44,3,0.05
34,46,3,0.07
34,51,3,0.55
34,54,3,0.8
34,90,3,0.01
34,97,3,0.4
34,99,3,0.54
34,3,17,0.78
34,8,17,0.34
34,10,17,0.02
34,23,17,0.16
34,31,17,0.13
34,34,17,0
34,62,17,0.93
34,63,17,0.91
34,64,17,0.35
34,68,17,0.16
34,71,17,0.96
34,80,17,0.38
34,90,17,0.06
34,92,17,0.82
34,98,17,0.27
35,2,2,0.58
35,17,2,0.67
35,23,2,0.52
35,26,2,0.24
35,33,2,0.32
35,35,2,0
35,54,2,0.17
35,60,2,0.26
35,70,2,0.65
35,73,2,0.66
35,77,2,0.27
35,80,2,0.64
35,93,2,0.58
35,3,3,0.92
35,5,3,0.49
35,9,3,0.27
35,13,3,0.45
35,19,3,0.37
35,26,3,0.31
35,31,3,0.96
35,34,3,0.85
35,35,3,0
35,44,3,0.31
35,46,3,0.06
35,51,3,0.28
35,54,3,0.1
35,90,3,0.87
35,97,3,0.62
35,99,3,0.77
35,0,12,0.35
35,11,12,0.96
35,12,12,0.3
35,16,12,0.41
35,24,12,0.99
35,35,12,0
35,40,12,0.87
35,44,12,0.77
35,46,12,0.74
35,53,12,0.15
35,56,12,0.31
35,63,12,0.75
35,67,12,0.42
35,74,12,0.41
35,85,12,0.56
35,88,12,0.98
35,96,12,0.32
35,3,10,0.8
35,26,10,0.77
35,33,10,0.52
35,35,10,0
35,49,10,0.95
35,50,10,0.91
35,62,10,0.38
35,66,10,0.57
35,89,10,0.27
36,0,1,0.05
36,1,1,0.17
36,17,1,0.19
36,28,1,0.75
36,29,1,0.1
36,36,1,0
36,40,1,0.19
36,42,1,0.86
36,46,1,0.15
36,51,1,0.32
36,52,1,0.68
36,57,1,0.69
36,64,1,0.19
36,87,1,0.5
36,92,1,0.76
36,98,1,0.88
36,13,4,0.18
36,15,4,0.65
36,16,4,0.58
36,27,4,0.44
36,33,4,0.47
36,36,4,0
36,37,4,0.4
36,48,4,0.04
36,49,4,0.04
36,61,4,0.12
36,62,4,0.1
36,71,4,0.09
36,72,4,0.36
36,85,4,0.48
36,90,4,0.02
36,99,4,0.39
36,13,13,0.42
36,20,13,0.05
36,22,13,0.37
36,36,13,0
36,37,13,0.88
36,43,13,0.93
36,44,13,0.37
36,47,13,0.03
36,55,13,0.32
36,58,13,0.88
36,61,13,0.34
36,66,13,0.02
36,71,13,0.84
36,73,13,0.11
36,80,13,0.71
36,81,13,0.28
36,86,13,0.27
36,89,13,0.51
36,93,13,0.97
36,96,13,0.37
37,13,4,0.1
37,15,4,0.39
37,16,4,0.77
37,27,4,0.8
37,33,4,0.44
37,36,4,0.06
37,37,4,0
37,48,4,0.98
37,49,4,0.61
37,61,4,0.16
37,62,4,0.15
37,71,4,0.21
37,72,4,0.96
37,85,4,0.06
37,90,4,0.8
37,99,4,0.26
37,0,0,0.31
37,5,0,0.24
37,7,0,0.48
37,11,0,0.86
37,14,0,0.47
37,20,0,0.57
37,21,0,0.59
37,22,0,0.99
37,32,0,0.92
37,37,0,0
37,59,0,0.69
37,61,0,0.42
37,67,0,0.66
37,83,0,0.39
37,91,0,0.34
37,94,0,0.59
37,95,0,0.09
37,96,0,0.53
37,13,13,0.47
37,20,13,0.44
37,22,13,0.99
37,36,13,0.54
37,37,13,0
37,43,13,0.56
37,44,13,0.65
37,47,13,0.61
37,55,13,0.34
37,58,13,0.06
37,61,13,0.94
37,66,13,0.6
37,71,13,0.84
37,73,13,0.1
37,80,13,0.32
37,81,13,0.08
37,86,13,0.01
37,89,13,0.26
37,93,13,0.72
37,96,13,0.42
38,29,6,0.58
38,38,6,0
38,39,6,0.9
38,45,6,0.82
38,48,6,0.18
38,55,6,0.86
38,63,6,0.45
38,64,6,1.0
38,67,6,0.55
38,85,6,0.49
38,93,6,0.47
38,13,7,0.93
38,14,7,0.63
38,23,7,1.0
38,34,7,0.63
38,38,7,0
38,41,7,0.06
38,43,7,0.94
38,62,7,0.93
38,66,7,0.85
38,68,7,0.34
38,72,7,0.94
38,75,7,0.48
38,78,7,0.01
38,84,7,0.09
38,87,7,0.59
38,88,7,0.85
38,95,7,0.62
39,3,8,0.92
39,5,8,0.47
39,9,8,0.51
39,11,8,0.2
39,18,8,0.24
39,27,8,0.56
39,39,8,0
39,43,8,0.21
39,44,8,0.24
39,46,8,0.13
39,53,8,0.95
39,54,8,0.56
39,72,8,0.86
39,73,8,0.04
39,75,8,0.48
39,77,8,0.87
39,88,8,0.47
39,94,8,0.49
39,29,6,0.95
39,38,6,0.87
39,39,6,0
39,45,6,0.79
39,48,6,0.36
39,55,6,0.15
39,63,6,0.03
39,64,6,0.98
39,67,6,0.56
39,85,6,0.41
39,93,6,0.73
39,19,9,0.27
39,22,9,0.48
39,26,9,0.59
39,39,9,0
39,40,9,0.19
39,56,9,0.08
39,80,9,0.95
39,84,9,1.0
39,93,9,0.86
40,19,9,0.12
40,22,9,0.87
40,26,9,0.87
40,39,9,0.24
40,40,9,0
40,56,9,0.46
40,80,9,0.4
40,84,9,0.91
40,93,9,0.92
40,0,1,0.12
40,1,1,0.74
40,17,1,0.99
40,28,1,0.44
40,29,1,0.51
40,36,1,0.5
40,40,1,0
40,42,1,0.06
40,46,1,0.76
40,51,1,0.67
40,52,1,0.65
40,57,1,0.47
40,64,1,0.07
40,87,1,0.54
40,92,1,0.24
40,98,1,0.06
40,0,12,0.66
40,11,12,0.59
40,12,12,0.81
40,16,12,0.54
40,24,12,0.82
40,35,12,0.26
40,40,12,0
40,44,12,0.17
40,46,12,0.25
40,53,12,0.78
40,56,12,0.2
40,63,12,0.45
40,67,12,0.4
40,74,12,0.85
40,85,12,0.3
40,88,12,0.85
40,96,12,0.64
40,28,15,0.44
40,33,15,0.5
40,40,15,0
40,47,15,0.33
40,50,15,0.36
40,58,15,0.19
40,59,15,0.04
40,76,15,0.69
40,81,15,0.91
40,94,15,0.67
41,2,11,0.22
41,5,11,0.57
41,6,11,0.24
41,19,11,0.58
41,20,11,0.76
41,21,11,0.38
41,24,11,0.24
41,41,11,0
41,43,11,0.59
41,49,11,0.04
41,61,11,0.33
41,65,11,0.43
41,67,11,0.73
41,70,11,0.83
41,82,11,0.04
41,85,11,0.15
41,89,11,0.07
41,92,11,0.05
41,96,11,0.3
41,13,7,0.57
41,14,7,0.61
41,23,7,0.93
41,34,7,0.08
41,38,7,0.73
41,41,7,0
41,43,7,0.81
41,62,7,0.53
41,66,7,0.15
41,68,7,0.48
41,72,7,0.46
41,75,7,0.97
41,78,7,0.62
41,84,7,0.89
41,87,7,0.38
41,88,7,0.61
41,95,7,0.73
42,0,1,0.68
42,1,1,0.05
42,17,1,0.2
42,28,1,0.41
42,29,1,0.68
42,36,1,0.53
42,40,1,0.36
42,42,1,0
42,46,1,0.54
42,51,1,0.1
42,52,1,0.26
42,57,1,0.07
42,64,1,0.14
42,87,1,0.77
42,92,1,0.28
42,98,1,0.03
42,1,18,0.27
42,4,18,0.46
42,7,18,0.23
42,15,18,0.72
42,24,18,0.06
42,25,18,0.58
42,28,18,0.99
42,42,18,0
42,52,18,0.92
42,57,18,0.59
42,58,18,0.81
42,82,18,0.63
42,91,18,0.3
43,3,8,0.05
43,5,8,0.62
43,9,8,1.0
43,11,8,0.27
43,18,8,0.63
43,27,8,0.4
43,39,8,0.44
43,43,8,0
43,44,8,0.35
43,46,8,0.79
43,53,8,0.21
43,54,8,0.5
43,72,8,0.26
43,73,8,0.25
43,75,8,0.41
43,77,8,0.8
43,88,8,0.07
43,94,8,0.95
43,13,7,0.05
43,14,7,0.71
43,23,7,0.65
43,34,7,0.86
43,38,7,0.31
43,41,7,0.65
43,43,7,0
43,62,7,0.26
43,66,7,0.57
43,68,7,0.78
43,72,7,0.72
43,75,7,0.67
43,78,7,0.9
43,84,7,0.68
43,87,7,0.2
43,88,7,1.0
43,95,7,0.61
43,2,11,0.88
43,5,11,0.03
43,6,11,0.95
43,19,11,0.12
43,20,11,0.82
43,21,11,0.04
43,24,11,0.77
43,41,11,0.03
43,43,11,0
43,49,11,0.88
43,61,11,0.16
43,65,11,0.89
43,67,11,0.39
43,70,11,0.75
43,82,11,0.89
43,85,11,0.58
43,89,11,0.6
43,92,11,0.09
43,96,11,0.18
43,13,13,0.81
43,20,13,0.18
43,22,13,0.49
43,36,13,0.88
43,37,13,0.95
43,43,13,0
43,44,13,0.08
43,47,13,0.19
43,55,13,0.27
43,58,13,0.42
43,61,13,0.51
43,66,13,0.52
43,71,13,0.41
43,73,13,0.08
43,80,13,0.31
43,81,13,0.95
43,86,13,0.25
43,89,13,0.42
43,93,13,0.07
43,96,13,0.12
44,13,13,0.12
44,20,13,0.45
44,22,13,0.03
44,36,13,0.46
44,37,13,0.43
44,43,13,0.57
44,44,13,0
44,47,13,0.49
44,55,13,0.58
44,58,13,0.29
44,61,13,0.12
44,66,13,0.09
44,71,13,0.47
44,73,13,0.51
44,80,13,0.69
44,81,13,0.31
44,86,13,0.92
44,89,13,0.51
44,93,13,0.79
44,96,13,0.49
44,3,8,0.22
44,5,8,0.66
44,9,8,0.15
44,11,8,0.99
44,18,8,0.04
44,27,8,0.6
44,39,8,0.55
44,43,8,0.65
44,44,8,0
44,46,8,0.13
44,53,8,0.25
44,54,8,0.49
44,72,8,0.63
44,73,8,0.63
44,75,8,0.74
44,77,8,0.97
44,88,8,0.34
44,94,8,0.59
44,0,12,0.96
44,11,12,0.81
44,12,12,0.17
44,16,12,0.89
44,24,12,0.75
44,35,12,0.88
44,40,12,0.61
44,44,12,0
44,46,12,0.29
44,53,12,0.68
44,56,12,0.58
44,63,12,0.41
44,67,12,0.85
44,74,12,0.31
44,85,12,0.66
44,88,12,0.09
44,96,12,0.11
44,3,3,0.37
44,5,3,0.64
44,9,3,0.64
44,13,3,0.15
44,19,3,0.61
44,26,3,0.86
44,31,3,0.74
44,34,3,0.44
44,35,3,0.94
44,44,3,0
44,46,3,0.95
44,51,3,0.15
44,54,3,0.83
44,90,3,0.57
44,97,3,0.35
44,99,3,0.63
45,15,5,0.18
45,17,5,0.72
45,19,5,0.53
45,24,5,0.87
45,30,5,0.68
45,45,5,0
45,47,5,0.12
45,50,5,0.9
45,51,5,0.28
45,53,5,0.69
45,60,5,0.14
45,64,5,0.79
45,65,5,0.35
45,70,5,0.2
45,0,16,0.35
45,1,16,0.43
45,4,16,0.58
45,6,16,0.74
45,10,16,0.65
45,21,16,0.23
45,25,16,0.66
45,29,16,0.52
45,30,16,0.25
45,45,16,0
45,47,16,0.42
45,51,16,0.62
45,69,16,0.71
45,74,16,0.08
45,75,16,0.25
45,76,16,0.5
45,79,16,0.25
45,82,16,0.99
45,83,16,0.7
45,86,16,0.73
45,97,16,0.49
45,98,16,0.51
45,99,16,0.18
45,29,6,0.2
45,38,6,0.4
45,39,6,0.12
45,45,6,0
45,48,6,0.21
45,55,6,0.85
45,63,6,0.99
45,64,6,0.42
45,67,6,0.99
45,85,6,0.74
45,93,6,0.83
46,0,12,0.09
46,11,12,0.43
46,12,12,0.62
46,16,12,0.88
46,24,12,0.15
46,35,12,0.8
46,40,12,0.95
46,44,12,0.74
46,46,12,0
46,53,12,0.87
46,56,12,0.98
46,63,12,0.23
46,67,12,0.02
46,74,12,0.27
46,85,12,0.45
46,88,12,0.47
46,96,12,0.09
46,0,1,0.17
46,1,1,0.48
46,17,1,0.89
46,28,1,0.7
46,29,1,0.36
46,36,1,0.02
46,40,1,0.42
46,42,1,0.94
46,46,1,0
46,51,1,0.45
46,52,1,0.89
46,57,1,0.38
46,64,1,0.15
46,87,1,0.57
46,92,1,0.75
46,98,1,0.97
46,3,8,0.38
46,5,8,0.59
46,9,8,0.42
46,11,8,0.06
46,18,8,0.73
46,27,8,0.21
46,39,8,0.99
46,43,8,0.11
46,44,8,0.95
46,46,8,0
46,53,8,0.15
46,54,8,0.88
46,72,8,0.6
46,73,8,0.06
46,75,8,0.2
46,77,8,0.51
46,88,8,0.39
46,94,8,0.85
46,3,3,0.1
46,5,3,0.44
46,9,3,0.15
46,13,3,0.96
46,19,3,0.07
46,26,3,0.25
46,31,3,0.12
46,34,3,0.67
46,35,3,0.31
46,44,3,0.74
46,46,3,0
46,51,3,0.33
46,54,3,0.27
46,90,3,0.07
46,97,3,0.27
46,99,3,0.59
47,28,15,0.94
47,33,15,0.41
47,40,15,0.67
47,47,15,0
47,50,15,0.64
47,58,15,0.04
47,59,15,0.6
47,76,15,0.06
47,81,15,0.38
47,94,15,0.45
47,0,16,0.17
47,1,16,0.99
47,4,16,0.17
47,6,16,0.33
47,10,16,0.48
47,21,16,0.43
47,25,16,0.64
47,29,16,0.91
47,30,16,0.64
47,45,16,0.77
47,47,16,0
47,51,16,0.05
47,69,16,0.7
47,74,16,0.42
47,75,16,0.2
47,76,16,0.4
47,79,16,0.3
47,82,16,0.77
47,83,16,0.66
47,86,16,0.64
47,97,16,0.99
47,98,16,0.91
47,99,16,0.03
47,15,5,0.11
47,17,5,0.93
47,19,5,0.56
47,24,5,0.18
47,30,5,0.1
47,45,5,0.21
47,47,5,0
47,50,5,0.42
47,51,5,0.64
47,53,5,0.27
47,60,5,0.03
47,64,5,0.29
47,65,5,0.61
47,70,5,0.46
47,13,13,0.57
47,20,13,0.37
47,22,13,0.19
47,36,13,0.68
47,37,13,0.49
47,43,13,0.49
47,44,13,0.36
47,47,13,0
47,55,13,0.64
47,58,13,0.88
47,61,13,0.34
47,66,13,0.33
47,71,13,0.27
47,73,13,0.83
47,80,13,0.84
47,81,13,0.89
47,86,13,0.65
47,89,13,0.31
47,93,13,0.38
47,96,13,0.9
48,13,4,0.03
48,15,4,0.26
48,16,4,0.27
48,27,4,0.43
48,33,4,0.96
48,36,4,0.79
48,37,4,0.97
48,48,4,0
48,49,4,0.8
48,61,4,0.64
48,62,4,0.06
48,71,4,0.48
48,72,4,0.83
48,85,4,0.42
48,90,4,0.93
48,99,4,0.09
48,29,6,0.48
48,38,6,0.71
48,39,6,0.49
48,45,6,0.82
48,48,6,0
48,55,6,0.83
48,63,6,0.95
48,64,6,0.67
48,67,6,0.1
48,85,6,0.24
48,93,6,0.69
49,2,11,0.57
49,5,11,0.9
49,6,11,0.09
49,19,11,0.75
49,20,11,0.57
49,21,11,0.86
49,24,11,0.33
49,41,11,0.59
49,43,11,0.74
49,49,11,0
49,61,11,0.84
49,65,11,0.42
49,67,11,0.81
49,70,11,0.48
49,82,11,0.31
49,85,11,0.05
49,89,11,0.89
49,92,11,0.12
49,96,11,0.62
49,13,4,0.77
49,15,4,0.09
49,16,4,0.11
49,27,4,0.57
49,33,4,0.2
49,36,4,0.42
49,37,4,0.6
49,48,4,0.94
49,49,4,0
49,61,4,0.07
49,62,4,0.97
49,71,4,0.86
49,72,4,0.71
49,85,4,0.08
49,90,4,0.18
49,99,4,0.35
49,3,10,0.75
49,26,10,0.71
49,33,10,0.88
49,35,10,0.49
49,49,10,0
49,50,10,0.71
49,62,10,0.37
49,66,10,0.01
49,89,10,0.28
50,3,10,0.2
50,26,10,0.62
50,33,10,0.76
50,35,10,0.72
50,49,10,0.93
50,50,10,0
50,62,10,0.59
50,66,10,0.54
50,89,10,0.19
50,28,15,0.16
50,33,15,0.8
50,40,15,0.3
50,47,15,0.31
50,50,15,0
50,58,15,0.87
50,59,15,0.79
50,76,15,0.56
50,81,15,0.54
50,94,15,0.17
50,1,19,0.53
50,4,19,0.26
50,8,19,0.68
50,9,19,0.06
50,15,19,0.99
50,25,19,0.6
50,32,19,0.63
50,50,19,0
50,69,19,0.22
50,72,19,0.52
50,79,19,0.72
50,86,19,0.78
50,92,19,0.39
50,15,5,0.29
50,17,5,0.22
50,19,5,0.2
50,24,5,0.59
50,30,5,0.75
50,45,5,0.69
50,47,5,0.05
50,50,5,0
50,51,5,0.22
50,53,5,0.3
50,60,5,0.88
50,64,5,0.88
50,65,5,0.97
50,70,5,0.54
51,15,5,0.06
51,17,5,0.11
51,19,5,0.93
51,24,5,0.08
51,30,5,0.49
51,45,5,0.31
51,47,5,0.79
51,50,5,0.69
51,51,5,0
51,53,5,0.63
51,60,5,0.75
51,64,5,0.93
51,65,5,0.73
51,70,5,0.78
51,0,16,0.16
51,1,16,0.58
51,4,16,0.3
51,6,16,0.83
51,10,16,0.8
51,21,16,0.03
51,25,16,0.26
51,29,16,0.94
51,30,16,0.14
51,45,16,0.18
51,47,16,0.81
51,51,16,0
51,69,16,0.33
51,74,16,0.45
51,75,16,0.7
51,76,16,0.35
51,79,16,0.02
51,82,16,0.0
51,83,16,0.76
51,86,16,0.17
51,97,16,0.4
51,98,16,0.92
51,99,16,0.78
51,3,3,0.5
51,5,3,0.43
51,9,3,0.61
51,13,3,0.72
51,19,3,0.27
51,26,3,0.99
51,31,3,0.87
51,34,3,0.81
51,35,3,0.71
51,44,3,0.61
51,46,3,0.17
51,51,3,0
51,54,3,0.44
51,90,3,0.25
51,97,3,0.66
51,99,3,0.35
51,0,1,0.06
51,1,1,0.79
51,17,1,0.12
51,28,1,0.28
51,29,1,0.68
51,36,1,0.8
51,40,1,0.05
51,42,1,0.23
51,46,1,0.79
51,51,1,0
51,52,1,0.85
51,57,1,0.55
51,64,1,0.92
51,87,1,0.16
51,92,1,0.49
51,98,1,0.71
52,1,18,0.58
52,4,18,0.03
52,7,18,0.0
52,15,18,0.73
52,24,18,0.56
52,25,18,0.63
52,28,18,0.48
52,42,18,0.59
52,52,18,0
52,57,18,0.92
52,58,18,0.85
52,82,18,0.76
52,91,18,0.06
52,0,1,0.81
52,1,1,0.17
52,17,1,0.39
52,28,1,0.2
52,29,1,0.95
52,36,1,0.96
52,40,1,0.12
52,42,1,0.72
52,46,1,0.17
52,51,1,0.4
52,52,1,0
52,57,1,0.25
52,64,1,0.58
52,87,1,0.01
52,92,1,0.4
52,98,1,0.9
53,0,12,0.53
53,11,12,0.74
53,12,12,0.87
53,16,12,0.87
53,24,12,0.74
53,35,12,0.63
53,40,12,0.56
53,44,12,0.9
53,46,12,0.22
53,53,12,0
53,56,12,0.97
53,63,12,0.24
53,67,12,0.48
53,74,12,0.3
53,85,12,0.69
53,88,12,0.65
53,96,12,0.22
53,15,5,0.82
53,17,5,0.63
53,19,5,0.12
53,24,5,0.03
53,30,5,0.02
53,45,5,0.21
53,47,5,0.66
53,50,5,0.25
53,51,5,0.81
53,53,5,0
53,60,5,0.57
53,64,5,0.16
53,65,5,0.95
53,70,5,0.64
53,3,8,0.44
53,5,8,0.98
53,9,8,0.7
53,11,8,0.68
53,18,8,0.38
53,27,8,0.05
53,39,8,0.78
53,43,8,0.3
53,44,8,0.99
53,46,8,0.83
53,53,8,0
53,54,8,0.78
53,72,8,0.02
53,73,8,0.7
53,75,8,0.14
53,77,8,0.42
53,88,8,0.84
53,94,8,0.33
53,6,14,0.16
53,10,14,0.94
53,11,14,0.98
53,12,14,0.4
53,18,14,0.28
53,23,14,0.72
53,28,14,0.54
53,53,14,0
53,66,14,0.93
53,69,14,0.78
53,77,14,0.56
53,78,14,0.03
53,83,14,0.54
54,3,8,0.45
54,5,8,0.11
54,9,8,0.79
54,11,8,0.47
54,18,8,0.79
54,27,8,0.88
54,39,8,0.28
54,43,8,0.3
54,44,8,0.86
54,46,8,0.8
54,53,8,0.41
54,54,8,0
54,72,8,0.04
54,73,8,0.27
54,75,8,0.46
54,77,8,0.48
54,88,8,0.4
54,94,8,0.2
54,2,2,0.7
54,17,2,0.52
54,23,2,0.08
54,26,2,0.61
54,33,2,0.79
54,35,2,0.34
54,54,2,0
54,60,2,0.39
54,70,2,0.44
54,73,2,0.53
54,77,2,0.7
54,80,2,0.39
54,93,2,0.51
54,3,3,0.7
54,5,3,0.78
54,9,3,0.95
54,13,3,0.7
54,19,3,0.92
54,26,3,0.39
54,31,3,0.73
54,34,3,0.75
54,35,3,0.51
54,44,3,0.44
54,46,3,0.78
54,51,3,0.22
54,54,3,0
54,90,3,0.72
54,97,3,0.21
54,99,3,0.75
55,29,6,0.67
55,38,6,0.61
55,39,6,0.96
55,45,6,0.67
55,48,6,0.08
55,55,6,0
55,63,6,0.0
55,64,6,0.36
55,67,6,0.96
55,85,6,0.66
55,93,6,0.69
55,13,13,0.45
55,20,13,0.2
55,22,13,0.05
55,36,13,0.61
55,37,13,0.58
55,43,13,0.96
55,44,13,0.76
55,47,13,0.06
55,55,13,0
55,58,13,0.53
55,61,13,0.28
55,66,13,0.59
55,71,13,0.14
55,73,13,0.01
55,80,13,0.27
55,81,13,0.99
55,86,13,0.55
55,89,13,0.28
55,93,13,0.95
55,96,13,0.27
56,0,12,0.3
56,11,12,0.09
56,12,12,0.2
56,16,12,0.97
56,24,12,0.39
56,35,12,0.76
56,40,12,0.99
56,44,12,0.73
56,46,12,0.8
56,53,12,0.04
56,56,12,0
56,63,12,0.28
56,67,12,0.75
56,74,12,0.68
56,85,12,0.36
56,88,12,0.18
56,96,12,0.7
56,19,9,0.72
56,22,9,0.63
56,26,9,0.59
56,39,9,0.64
56,40,9,0.58
56,56,9,0
56,80,9,0.61
56,84,9,0.77
56,93,9,0.1
57,0,1,0.3
57,1,1,0.47
57,17,1,0.48
57,28,1,0.75
57,29,1,0.26
57,36,1,0.56
57,40,1,0.92
57,42,1,0.79
57,46,1,0.59
57,51,1,0.59
57,52,1,0.03
57,57,1,0
57,64,1,0.67
57,87,1,0.24
57,92,1,0.27
57,98,1,0.5
57,1,18,0.35
57,4,18,0.84
57,7,18,0.47
57,15,18,0.78
57,24,18,0.56
57,25,18,0.11
57,28,18,0.71
57,42,18,0.79
57,52,18,0.32
57,57,18,0
57,58,18,0.91
57,82,18,0.77
57,91,18,0.97
58,28,15,0.37
58,33,15,0.29
58,40,15,0.63
58,47,15,0.2
58,50,15,0.37
58,58,15,0
58,59,15,0.59
58,76,15,0.29
58,81,15,0.6
58,94,15,0.28
58,1,18,0.88
58,4,18,0.39
58,7,18,0.21
58,15,18,0.18
58,24,18,0.07
58,25,18,0.84
58,28,18,0.17
58,42,18,0.9
58,52,18,0.08
58,57,18,0.99
58,58,18,0
58,82,18,0.22
58,91,18,0.31
58,13,13,0.74
58,20,13,0.72
58,22,13,1.0
58,36,13,0.92
58,37,13,0.75
58,43,13,0.97
58,44,13,0.47
58,47,13,0.91
58,55,13,0.1
58,58,13,0
58,61,13,0.52
58,66,13,0.84
58,71,13,0.38
58,73,13,0.76
58,80,13,0.59
58,81,13,0.3
58,86,13,0.98
58,89,13,0.04
58,93,13,0.41
58,96,13,0.17
59,0,0,0.61
59,5,0,0.58
59,7,0,0.84
59,11,0,0.79
59,14,0,0.69
59,20,0,0.39
59,21,0,0.25
59,22,0,0.32
59,32,0,0.65
59,37,0,0.76
59,59,0,0
59,61,0,0.1
59,67,0,0.12
59,83,0,0.95
59,91,0,0.3
59,94,0,0.33
59,95,0,0.32
59,96,0,0.91
59,28,15,0.39
59,33,15,0.57
59,40,15,0.34
59,47,15,0.61
59,50,15,0.31
59,58,15,0.26
59,59,15,0
59,76,15,0.59
59,81,15,0.75
59,94,15,0.86
60,2,2,0.31
60,17,2,0.85
60,23,2,0.3
60,26,2,0.43
60,33,2,0.01
60,35,2,0.45
60,54,2,0.07
60,60,2,0
60,70,2,0.78
60,73,2,0.24
60,77,2,0.75
60,80,2,0.35
60,93,2,0.18
60,15,5,0.21
60,17,5,0.38
60,19,5,0.05
60,24,5,0.86
60,30,5,0.1
60,45,5,0.37
60,47,5,0.07
60,50,5,0.31
60,51,5,0.08
60,53,5,0.81
60,60,5,0
60,64,5,0.52
60,65,5,0.54
60,70,5,0.79
61,13,13,0.51
61,20,13,0.75
61,22,13,0.76
61,36,13,0.63
61,37,13,0.46
61,43,13,0.95
61,44,13,0.4
61,47,13,0.44
61,55,13,0.86
61,58,13,0.62
61,61,13,0
61,66,13,0.38
61,71,13,0.48
61,73,13,0.1
61,80,13,0.16
61,81,13,0.42
61,86,13,0.74
61,89,13,0.41
61,93,13,0.28
61,96,13,0.91
61,2,11,0.63
61,5,11,0.46
61,6,11,0.47
61,19,11,0.43
61,20,11,0.13
61,21,11,0.53
61,24,11,0.73
61,41,11,0.74
61,43,11,0.24
61,49,11,0.02
61,61,11,0
61,65,11,0.85
61,67,11,0.25
61,70,11,0.09
61,82,11,0.3
61,85,11,0.47
61,89,11,0.42
61,92,11,0.63
61,96,11,0.93
61,0,0,0.06
61,5,0,0.97
61,7,0,0.3
61,11,0,0.87
61,14,0,0.96
61,20,0,0.65
61,21,0,0.2
61,22,0,0.1
61,32,0,0.01
61,37,0,0.58
61,59,0,0.63
61,61,0,0
61,67,0,0.57
61,83,0,0.28
61,91,0,0.9
61,94,0,0.53
61,95,0,0.19
61,96,0,0.68
61,13,4,0.97
61,15,4,0.14
61,16,4,0.71
61,27,4,0.11
61,33,4,0.45
61,36,4,0.75
61,37,4,0.06
61,48,4,0.25
61,49,4,0.52
61,61,4,0
61,62,4,0.66
61,71,4,0.34
61,72,4,0.47
61,85,4,0.97
61,90,4,0.85
61,99,4,0.55
62,3,10,0.46
62,26,10,0.51
62,33,10,0.7
62,35,10,0.88
62,49,10,0.83
62,50,10,0.27
62,62,10,0
62,66,10,0.0
62,89,10,0.22
62,13,7,0.3
62,14,7,0.5
62,23,7,0.71
62,34,7,0.38
62,38,7,0.9
62,41,7,0.78
62,43,7,0.15
62,62,7,0
62,66,7,0.0
62,68,7,0.41
62,72,7,0.64
62,75,7,0.47
62,78,7,0.83
62,84,7,0.52
62,87,7,0.71
62,88,7,0.23
62,95,7,0.34
62,3,17,0.14
62,8,17,0.38
62,10,17,0.89
62,23,17,0.74
62,31,17,0.41
62,34,17,0.03
62,62,17,0
62,63,17,0.88
62,64,17,0.87
62,68,17,0.01
62,71,17,0.78
62,80,17,0.94
62,90,17,0.93
62,92,17,0.98
62,98,17,0.39
62,13,4,0.3
62,15,4,0.16
62,16,4,0.55
62,27,4,0.71
62,33,4,0.5
62,36,4,0.46
62,37,4,0.4
62,48,4,0.06
62,49,4,0.36
62,61,4,0.96
62,62,4,0
62,71,4,0.03
62,72,4,0.32
62,85,4,0.42
62,90,4,0.48
62,99,4,0.69
63,3,17,0.12
63,8,17,0.23
63,10,17,0.98
63,23,17,0.41
63,31,17,0.65
63,34,17,0.21
63,62,17,0.66
63,63,17,0
63,64,17,0.55
63,68,17,0.36
63,71,17,0.31
63,80,17,0.83
63,90,17,0.9
63,92,17,0.29
63,98,17,1.0
63,0,12,0.72
63,11,12,0.22
63,12,12,0.78
63,16,12,0.43
63,24,12,0.22
63,35,12,0.55
63,40,12,0.6
63,44,12,0.76
63,46,12,0.65
63,53,12,0.45
63,56,12,0.45
63,63,12,0
63,67,12,0.21
63,74,12,0.21
63,85,12,0.05
63,88,12,0.87
63,96,12,0.76
63,29,6,0.29
63,38,6,0.61
63,39,6,0.01
63,45,6,0.69
63,48,6,0.4
63,55,6,0.37
63,63,6,0
63,64,6,0.21
63,67,6,0.35
63,85,6,0.14
63,93,6,0.78
64,15,5,0.68
64,17,5,0.33
64,19,5,0.31
64,24,5,0.99
64,30,5,0.09
64,45,5,0.88
64,47,5,0.8
64,50,5,0.67
64,51,5,0.98
64,53,5,0.21
64,60,5,0.45
64,64,5,0
64,65,5,0.03
64,70,5,0.81
64,3,17,0.41
64,8,17,0.3
64,10,17,0.77
64,23,17,0.12
64,31,17,0.8
64,34,17,1.0
64,62,17,0.34
64,63,17,0.81
64,64,17,0
64,68,17,0.96
64,71,17,0.08
64,80,17,0.49
64,90,17,0.25
64,92,17,0.0
64,98,17,0.55
64,29,6,0.22
64,38,6,0.76
64,39,6,0.79
64,45,6,0.25
64,48,6,0.76
64,55,6,0.14
64,63,6,0.16
64,64,6,0
64,67,6,0.74
64,85,6,0.19
64,93,6,0.73
64,0,1,1.0
64,1,1,0.14
64,17,1,0.95
64,28,1,0.65
64,29,1,0.53
64,36,1,0.63
64,40,1,0.93
64,42,1,0.41
64,46,1,0.01
64,51,1,0.33
64,52,1,0.13
64,57,1,0.07
64,64,1,0
64,87,1,0.66
64,92,1,0.48
64,98,1,0.32
65,2,11,0.11
65,5,11,0.75
65,6,11,0.38
65,19,11,0.21
65,20,11,0.61
65,21,11,0.68
65,24,11,0.32
65,41,11,0.5
65,43,11,0.29
65,49,11,0.41
65,61,11,0.21
65,65,11,0
65,67,11,0.51
65,70,11,1.0
65,82,11,0.64
65,85,11,0.02
65,89,11,0.62
65,92,11,0.89
65,96,11,0.34
65,15,5,0.88
65,17,5,0.53
65,19,5,0.37
65,24,5,0.62
65,30,5,0.53
65,45,5,0.86
65,47,5,0.08
65,50,5,0.99
65,51,5,0.35
65,53,5,0.93
65,60,5,0.94
65,64,5,0.04
65,65,5,0
65,70,5,0.05
66,13,13,0.77
66,20,13,0.48
66,22,13,0.01
66,36,13,0.99
66,37,13,0.49
66,43,13,0.1
66,44,13,0.7
66,47,13,0.95
66,55,13,0.51
66,58,13,0.03
66,61,13,0.25
66,66,13,0
66,71,13,0.28
66,73,13,0.17
66,80,13,0.12
66,81,13,0.24
66,86,13,0.79
66,89,13,0.25
66,93,13,0.28
66,96,13,0.09
66,6,14,0.73
66,10,14,0.52
66,11,14,0.23
66,12,14,0.36
66,18,14,0.15
66,23,14,0.33
66,28,14,0.76
66,53,14,0.54
66,66,14,0
66,69,14,0.89
66,77,14,0.09
66,78,14,0.75
66,83,14,0.96
66,3,10,0.2
66,26,10,0.51
66,33,10,0.9
66,35,10,0.08
66,49,10,0.04
66,50,10,0.28
66,62,10,0.18
66,66,10,0
66,89,10,0.78
66,13,7,0.9
66,14,7,0.53
66,23,7,0.52
66,34,7,0.36
66,38,7,0.17
66,41,7,0.28
66,43,7,0.28
66,62,7,0.58
66,66,7,0
66,68,7,0.48
66,72,7,0.55
66,75,7,0.4
66,78,7,0.06
66,84,7,0.34
66,87,7,0.86
66,88,7,0.52
66,95,7,0.07
67,2,11,0.64
67,5,11,0.25
67,6,11,0.13
67,19,11,0.75
67,20,11,0.51
67,21,11,0.89
67,24,11,0.93
67,41,11,0.87
67,43,11,0.28
67,49,11,0.49
67,61,11,0.33
67,65,11,0.57
67,67,11,0
67,70,11,0.65
67,82,11,0.93
67,85,11,0.26
67,89,11,0.6
67,92,11,0.07
67,96,11,0.15
67,29,6,0.79
67,38,6,0.97
67,39,6,0.24
67,45,6,0.62
67,48,6,0.05
67,55,6,0.97
67,63,6,0.49
67,64,6,0.58
67,67,6,0
67,85,6,0.42
67,93,6,0.3
67,0,0,0.59
67,5,0,0.11
67,7,0,0.34
67,11,0,0.88
67,14,0,0.74
67,20,0,0.74
67,21,0,0.41
67,22,0,0.7
67,32,0,0.26
67,37,0,0.61
67,59,0,0.67
67,61,0,0.58
67,67,0,0
67,83,0,0.33
67,91,0,0.17
67,94,0,0.44
67,95,0,0.51
67,96,0,0.8
67,0,12,0.2
67,11,12,0.75
67,12,12,0.97
67,16,12,0.84
67,24,12,0.62
67,35,12,0.24
67,40,12,0.06
67,44,12,0.04
67,46,12,0.75
67,53,12,0.56
67,56,12,0.64
67,63,12,0.18
67,67,12,0
67,74,12,0.44
67,85,12,0.39
67,88,12,0.93
67,96,12,0.88
68,3,17,0.51
68,8,17,0.67
68,10,17,0.21
68,23,17,0.83
68,31,17,0.93
68,34,17,0.66
68,62,17,0.95
68,63,17,0.76
68,64,17,0.24
68,68,17,0
68,71,17,0.83
68,80,17,0.04
68,90,17,0.22
68,92,17,0.62
68,98,17,0.47
68,13,7,0.14
68,14,7,0.12
68,23,7,0.59
68,34,7,0.73
68,38,7,0.09
68,41,7,0.67
68,43,7,0.31
68,62,7,0.41
68,66,7,0.56
68,68,7,0
68,72,7,0.05
68,75,7,0.9
68,78,7,0.31
68,84,7,0.16
68,87,7,0.43
68,88,7,0.57
68,95,7,0.87
69,6,14,0.69
69,10,14,0.26
69,11,14,0.51
69,12,14,0.9
69,18,14,0.15
69,23,14,0.94
69,28,14,0.74
69,53,14,0.93
69,66,14,0.06
69,69,14,0
69,77,14,0.75
69,78,14,0.73
69,83,14,0.14
69,1,19,0.18
69,4,19,0.38
69,8,19,0.04
69,9,19,0.27
69,15,19,0.7
69,25,19,0.93
69,32,19,0.69
69,50,19,0.8
69,69,19,0
69,72,19,0.5
69,79,19,0.67
69,86,19,0.01
69,92,19,0.61
69,0,16,0.92
69,1,16,0.96
69,4,16,0.57
69,6,16,0.12
69,10,16,0.04
69,21,16,0.19
69,25,16,0.11
69,29,16,0.82
69,30,16,0.09
69,45,16,0.8
69,47,16,0.72
69,51,16,0.47
69,69,16,0
69,74,16,0.81
69,75,16,0.19
69,76,16,0.09
69,79,16,0.88
69,82,16,0.02
69,83,16,0.64
69,86,16,0.55
69,97,16,0.6
69,98,16,0.28
69,99,16,0.46
70,2,11,0.64
70,5,11,0.26
70,6,11,0.6
70,19,11,0.69
70,20,11,0.32
70,21,11,0.91
70,24,11,0.42
70,41,11,0.04
70,43,11,0.18
70,49,11,0.4
70,61,11,0.38
70,65,11,0.05
70,67,11,0.34
70,70,11,0
70,82,11,0.98
70,85,11,0.95
70,89,11,0.45
70,92,11,0.92
70,96,11,0.59
70,2,2,0.5
70,17,2,0.3
70,23,2,0.48
70,26,2,0.65
70,33,2,0.95
70,35,2,0.56
70,54,2,0.76
70,60,2,0.57
70,70,2,0
70,73,2,0.2
70,77,2,0.54
70,80,2,0.7
70,93,2,0.01
70,15,5,0.2
70,17,5,0.42
70,19,5,0.41
70,24,5,0.65
70,30,5,0.47
70,45,5,0.17
70,47,5,0.62
70,50,5,0.9
70,51,5,0.25
70,53,5,0.03
70,60,5,0.6
70,64,5,0.49
70,65,5,0.32
70,70,5,0
71,3,17,0.25
71,8,17,0.06
71,10,17,0.18
71,23,17,0.75
71,31,17,0.97
71,34,17,0.01
71,62,17,0.28
71,63,17,0.11
71,64,17,0.11
71,68,17,0.1
71,71,17,0
71,80,17,0.01
71,90,17,0.45
71,92,17,0.46
71,98,17,0.43
71,13,4,0.66
71,15,4,0.49
71,16,4,1.0
71,27,4,0.58
71,33,4,0.4
71,36,4,0.9
71,37,4,0.53
71,48,4,0.56
71,49,4,0.4
71,61,4,0.66
71,62,4,0.18
71,71,4,0
71,72,4,0.92
71,85,4,0.56
71,90,4,0.2
71,99,4,0.76
71,13,13,0.06
71,20,13,0.73
71,22,13,0.36
71,36,13,0.47
71,37,13,0.54
71,43,13,0.99
71,44,13,0.37
71,47,13,0.17
71,55,13,0.58
71,58,13,0.24
71,61,13,0.61
71,66,13,0.14
71,71,13,0
71,73,13,0.31
71,80,13,0.87
71,81,13,0.33
71,86,13,0.13
71,89,13,0.93
71,93,13,0.17
71,96,13,0.21
72,1,19,0.58
72,4,19,0.81
72,8,19,0.3
72,9,19,0.41
72,15,19,0.04
72,25,19,0.05
72,32,19,0.46
72,50,19,0.16
72,69,19,0.76
72,72,19,0
72,79,19,0.51
72,86,19,0.23
72,92,19,0.23
72,3,8,0.37
72,5,8,0.85
72,9,8,0.46
72,11,8,0.93
72,18,8,0.53
72,27,8,0.15
72,39,8,0.46
72,43,8,0.71
72,44,8,0.68
72,46,8,0.13
72,53,8,0.37
72,54,8,0.02
72,72,8,0
72,73,8,0.91
72,75,8,0.37
72,77,8,0.63
72,88,8,0.44
72,94,8,0.97
72,13,4,0.32
72,15,4,0.0
72,16,4,0.29
72,27,4,0.86
72,33,4,0.22
72,36,4,0.77
72,37,4,0.72
72,48,4,0.68
72,49,4,0.12
72,61,4,0.8
72,62,4,0.77
72,71,4,0.74
72,72,4,0
72,85,4,0.32
72,90,4,0.89
72,99,4,0.77
72,13,7,0.72
72,14,7,0.07
72,23,7,0.26
72,34,7,0.61
72,38,7,0.42
72,41,7,0.9
72,43,7,0.48
72,62,7,0.51
72,66,7,0.03
72,68,7,0.96
72,72,7,0
72,75,7,0.1
72,78,7,0.62
72,84,7,0.77
72,87,7,0.21
72,88,7,0.59
72,95,7,0.46
73,13,13,0.07
73,20,13,0.7
73,22,13,0.3
73,36,13,0.57
73,37,13,0.27
73,43,13,0.59
73,44,13,0.27
73,47,13,0.85
73,55,13,0.49
73,58,13,0.17
73,61,13,0.56
73,66,13,0.1
73,71,13,0.75
73,73,13,0
73,80,13,0.65
73,81,13,0.04
73,86,13,0.15
73,89,13,0.59
73,93,13,0.97
73,96,13,0.94
73,2,2,0.36
73,17,2,0.67
73,23,2,0.24
73,26,2,0.3
73,33,2,0.28
73,35,2,0.6
73,54,2,0.31
73,60,2,0.67
73,70,2,0.6
73,73,2,0
73,77,2,0.5
73,80,2,0.24
73,93,2,0.4
73,3,8,0.42
73,5,8,0.58
73,9,8,0.61
73,11,8,0.31
73,18,8,0.9
73,27,8,0.69
73,39,8,0.05
73,43,8,0.6
73,44,8,0.43
73,46,8,0.7
73,53,8,0.77
73,54,8,0.73
73,72,8,0.62
73,73,8,0
73,75,8,0.31
73,77,8,0.47
73,88,8,0.39
73,94,8,0.04
74,0,12,0.79
74,11,12,0.62
74,12,12,0.86
74,16,12,0.32
74,24,12,0.09
74,35,12,0.26
74,40,12,0.7
74,44,12,0.69
74,46,12,0.08
74,53,12,0.76
74,56,12,0.89
74,63,12,0.34
74,67,12,0.41
74,74,12,0
74,85,12,0.02
74,88,12,0.61
74,96,12,0.93
74,0,16,0.75
74,1,16,0.28
74,4,16,0.93
74,6,16,0.16
74,10,16,0.58
74,21,16,0.83
74,25,16,0.91
74,29,16,0.5
74,30,16,0.81
74,45,16,0.94
74,47,16,0.52
74,51,16,0.96
74,69,16,0.58
74,74,16,0
74,75,16,0.24
74,76,16,0.59
74,79,16,0.67
74,82,16,0.66
74,83,16,0.77
74,86,16,0.83
74,97,16,0.49
74,98,16,0.84
74,99,16,0.72
75,3,8,0.92
75,5,8,0.69
75,9,8,0.86
75,11,8,0.52
75,18,8,0.75
75,27,8,0.77
75,39,8,0.47
75,43,8,0.83
75,44,8,0.22
75,46,8,0.64
75,53,8,0.25
75,54,8,0.36
75,72,8,0.36
75,73,8,0.13
75,75,8,0
75,77,8,0.24
75,88,8,0.56
75,94,8,0.97
75,0,16,0.93
75,1,16,0.88
75,4,16,0.45
75,6,16,0.23
75,10,16,0.4
75,21,16,0.35
75,25,16,0.62
75,29,16,0.83
75,30,16,0.32
75,45,16,0.8
75,47,16,0.45
75,51,16,0.06
75,69,16,0.09
75,74,16,0.35
75,75,16,0
75,76,16,0.56
75,79,16,0.34
75,82,16,0.24
75,83,16,0.74
75,86,16,0.53
75,97,16,0.61
75,98,16,0.94
75,99,16,0.93
75,13,7,0.36
75,14,7,0.7
75,23,7,0.32
75,34,7,0.09
75,38,7,0.01
75,41,7,0.49
75,43,7,0.98
75,62,7,0.71
75,66,7,0.35
75,68,7,0.42
75,72,7,0.55
75,75,7,0
75,78,7,0.21
75,84,7,0.03
75,87,7,0.26
75,88,7,0.11
75,95,7,0.91
76,0,16,0.23
76,1,16,0.15
76,4,16,0.59
76,6,16,0.22
76,10,16,0.79
76,21,16,0.3
76,25,16,0.25
76,29,16,0.21
76,30,16,0.58
76,45,16,0.28
76,47,16,0.95
76,51,16,0.69
76,69,16,1.0
76,74,16,0.04
76,75,16,0.23
76,76,16,0
76,79,16,0.25
76,82,16,0.99
76,83,16,0.48
76,86,16,0.02
76,97,16,0.78
76,98,16,0.77
76,99,16,0.38
76,28,15,0.23
76,33,15,0.78
76,40,15,0.38
76,47,15,0.05
76,50,15,0.19
76,58,15,0.68
76,59,15,0.57
76,76,15,0
76,81,15,0.95
76,94,15,0.55
77,6,14,0.2
77,10,14,0.99
77,11,14,0.52
77,12,14,0.21
77,18,14,0.06
77,23,14,0.5
77,28,14,0.97
77,53,14,0.86
77,66,14,0.16
77,69,14,0.42
77,77,14,0
77,78,14,0.66
77,83,14,0.5
77,3,8,0.63
77,5,8,0.38
77,9,8,0.75
77,11,8,0.67
77,18,8,0.12
77,27,8,0.08
77,39,8,0.21
77,43,8,0.81
77,44,8,0.82
77,46,8,0.41
77,53,8,0.87
77,54,8,0.77
77,72,8,0.48
77,73,8,0.12
77,75,8,0.86
77,77,8,0
77,88,8,0.22
77,94,8,0.2
77,2,2,0.63
77,17,2,0.23
77,23,2,0.23
77,26,2,0.24
77,33,2,0.47
77,35,2,0.44
77,54,2,0.14
77,60,2,0.21
77,70,2,0.52
77,73,2,0.35
77,77,2,0
77,80,2,0.69
77,93,2,0.73
78,6,14,0.68
78,10,14,0.4
78,11,14,0.28
78,12,14,0.46
78,18,14,0.72
78,23,14,0.96
78,28,14,0.94
78,53,14,0.05
78,66,14,0.25
78,69,14,0.99
78,77,14,0.58
78,78,14,0
78,83,14,0.96
78,13,7,0.09
78,14,7,0.75
78,23,7,0.81
78,34,7,0.34
78,38,7,0.82
78,41,7,0.68
78,43,7,0.17
78,62,7,0.66
78,66,7,0.91
78,68,7,0.3
78,72,7,0.6
78,75,7,0.99
78,78,7,0
78,84,7,0.5
78,87,7,0.66
78,88,7,0.15
78,95,7,0.65
79,1,19,0.65
79,4,19,0.94
79,8,19,0.75
79,9,19,0.35
79,15,19,0.46
79,25,19,0.66
79,32,19,0.33
79,50,19,0.36
79,69,19,0.95
79,72,19,0.81
79,79,19,0
79,86,19,0.63
79,92,19,0.85
79,0,16,0.07
79,1,16,0.4
79,4,16,0.69
79,6,16,0.59
79,10,16,0.02
79,21,16,0.27
79,25,16,0.89
79,29,16,0.65
79,30,16,0.37
79,45,16,0.24
79,47,16,0.53
79,51,16,0.58
79,69,16,0.72
79,74,16,0.79
79,75,16,0.91
79,76,16,0.47
79,79,16,0
79,82,16,0.92
79,83,16,0.97
79,86,16,0.2
79,97,16,0.87
79,98,16,0.5
79,99,16,0.92
80,19,9,0.82
80,22,9,0.77
80,26,9,0.16
80,39,9,0.26
80,40,9,0.92
80,56,9,0.2
80,80,9,0
80,84,9,0.18
80,93,9,0.94
80,2,2,0.05
80,17,2,0.36
80,23,2,0.57
80,26,2,0.47
80,33,2,0.43
80,35,2,0.8
80,54,2,0.25
80,60,2,0.48
80,70,2,0.98
80,73,2,0.09
80,77,2,0.77
80,80,2,0
80,93,2,0.92
80,13,13,0.68
80,20,13,0.92
80,22,13,0.37
80,36,13,0.69
80,37,13,0.01
80,43,13,0.41
80,44,13,0.52
80,47,13,0.18
80,55,13,0.24
80,58,13,0.68
80,61,13,0.64
80,66,13,0.19
80,71,13,0.96
80,73,13,0.15
80,80,13,0
80,81,13,0.15
80,86,13,0.73
80,89,13,0.81
80,93,13,0.46
80,96,13,0.62
80,3,17,0.92
80,8,17,0.33
80,10,17,0.15
80,23,17,0.82
80,31,17,0.11
80,34,17,0.57
80,62,17,0.0
80,63,17,0.71
80,64,17,0.48
80,68,17,0.13
80,71,17,0.6
80,80,17,0
80,90,17,0.45
80,92,17,0.07
80,98,17,0.92
81,28,15,0.34
81,33,15,0.04
81,40,15,0.46
81,47,15,1.0
81,50,15,0.55
81,58,15,0.74
81,59,15,0.13
81,76,15,0.79
81,81,15,0
81,94,15,0.38
81,13,13,0.65
81,20,13,0.25
81,22,13,0.5
81,36,13,0.17
81,37,13,0.35
81,43,13,0.65
81,44,13,0.47
81,47,13,0.69
81,55,13,0.72
81,58,13,0.45
81,61,13,0.82
81,66,13,0.46
81,71,13,0.64
81,73,13,0.86
81,80,13,0.46
81,81,13,0
81,86,13,0.1
81,89,13,0.24
81,93,13,0.43
81,96,13,0.68
82,2,11,0.39
82,5,11,0.39
82,6,11,0.27
82,19,11,0.5
82,20,11,0.17
82,21,11,0.79
82,24,11,0.91
82,41,11,0.14
82,43,11,0.3
82,49,11,0.8
82,61,11,0.72
82,65,11,0.09
82,67,11,0.82
82,70,11,0.9
82,82,11,0
82,85,11,0.72
82,89,11,0.02
82,92,11,0.56
82,96,11,0.87
82,1,18,0.91
82,4,18,0.65
82,7,18,0.11
82,15,18,0.15
82,24,18,0.84
82,25,18,0.9
82,28,18,0.95
82,42,18,0.94
82,52,18,0.27
82,57,18,0.18
82,58,18,0.59
82,82,18,0
82,91,18,0.62
82,0,16,0.98
82,1,16,0.7
82,4,16,0.3
82,6,16,0.45
82,10,16,0.28
82,21,16,0.07
82,25,16,0.84
82,29,16,0.63
82,30,16,0.06
82,45,16,0.47
82,47,16,0.72
82,51,16,0.88
82,69,16,0.85
82,74,16,0.36
82,75,16,0.13
82,76,16,0.69
82,79,16,0.3
82,82,16,0
82,83,16,0.54
82,86,16,1.0
82,97,16,0.31
82,98,16,0.87
82,99,16,0.15
83,6,14,0.21
83,10,14,0.98
83,11,14,0.96
83,12,14,0.15
83,18,14,0.44
83,23,14,0.67
83,28,14,0.22
83,53,14,0.77
83,66,14,0.17
83,69,14,0.97
83,77,14,0.99
83,78,14,0.75
83,83,14,0
83,0,0,0.71
83,5,0,0.86
83,7,0,0.62
83,11,0,0.62
83,14,0,0.38
83,20,0,0.25
83,21,0,0.8
83,22,0,0.56
83,32,0,0.27
83,37,0,0.34
83,59,0,0.23
83,61,0,0.76
83,67,0,0.31
83,83,0,0
83,91,0,0.38
83,94,0,0.82
83,95,0,0.37
83,96,0,0.81
83,0,16,0.59
83,1,16,0.2
83,4,16,0.77
83,6,16,0.68
83,10,16,0.15
83,21,16,0.02
83,25,16,0.93
83,29,16,0.13
83,30,16,0.09
83,45,16,0.84
83,47,16,0.34
83,51,16,0.36
83,69,16,0.53
83,74,16,0.93
83,75,16,0.31
83,76,16,0.87
83,79,16,0.21
83,82,16,0.15
83,83,16,0
83,86,16,0.23
83,97,16,0.4
83,98,16,0.51
83,99,16,0.32
84,19,9,0.28
84,22,9,0.94
84,26,9,0.6
84,39,9,0.22
84,40,9,0.63
84,56,9,0.33
84,80,9,0.2
84,84,9,0
84,93,9,0.49
84,13,7,0.0
84,14,7,0.42
84,23,7,0.94
84,34,7,0.22
84,38,7,0.6
84,41,7,0.72
84,43,7,0.11
84,62,7,0.93
84,66,7,0.86
84,68,7,0.47
84,72,7,0.67
84,75,7,0.09
84,78,7,0.97
84,84,7,0
84,87,7,0.2
84,88,7,0.09
84,95,7,0.75
85,13,4,0.86
85,15,4,0.99
85,16,4,0.7
85,27,4,0.21
85,33,4,0.6
85,36,4,0.92
85,37,4,0.58
85,48,4,0.29
85,49,4,0.78
85,61,4,0.43
85,62,4,0.1
85,71,4,0.65
85,72,4,0.8
85,85,4,0
85,90,4,0.14
85,99,4,0.84
85,2,11,0.35
85,5,11,0.08
85,6,11,0.76
85,19,11,0.2
85,20,11,0.97
85,21,11,0.17
85,24,11,0.74
85,41,11,0.16
85,43,11,0.01
85,49,11,0.94
85,61,11,0.89
85,65,11,0.37
85,67,11,0.58
85,70,11,0.37
85,82,11,0.87
85,85,11,0
85,89,11,0.06
85,92,11,0.56
85,96,11,0.86
85,29,6,0.14
85,38,6,0.05
85,39,6,0.64
85,45,6,0.36
85,48,6,0.46
85,55,6,0.93
85,63,6,0.92
85,64,6,0.05
85,67,6,0.08
85,85,6,0
85,93,6,0.94
85,0,12,0.29
85,11,12,0.55
85,12,12,0.99
85,16,12,0.01
85,24,12,0.49
85,35,12,0.8
85,40,12,0.22
85,44,12,0.86
85,46,12,0.07
85,53,12,0.56
85,56,12,0.06
85,63,12,0.17
85,67,12,0.9
85,74,12,0.73
85,85,12,0
85,88,12,0.61
85,96,12,0.5
86,1,19,0.57
86,4,19,0.81
86,8,19,0.46
86,9,19,0.15
86,15,19,0.89
86,25,19,0.53
86,32,19,0.52
86,50,19,0.75
86,69,19,0.19
86,72,19,0.88
86,79,19,0.23
86,86,19,0
86,92,19,0.88
86,0,16,0.92
86,1,16,0.6
86,4,16,0.2
86,6,16,0.96
86,10,16,0.48
86,21,16,0.97
86,25,16,0.19
86,29,16,0.21
86,30,16,0.3
86,45,16,0.19
86,47,16,0.93
86,51,16,0.4
86,69,16,0.47
86,74,16,0.45
86,75,16,0.13
86,76,16,0.04
86,79,16,0.96
86,82,16,0.5
86,83,16,0.05
86,86,16,0
86,97,16,0.29
86,98,16,0.23
86,99,16,0.26
86,13,13,0.24
86,20,13,0.02
86,22,13,0.47
86,36,13,0.24
86,37,13,0.83
86,43,13,0.93
86,44,13,0.1
86,47,13,0.0
86,55,13,0.64
86,58,13,0.17
86,61,13,0.19
86,66,13,0.85
86,71,13,0.5
86,73,13,0.25
86,80,13,0.83
86,81,13,0.39
86,86,13,0
86,89,13,0.6
86,93,13,0.5
86,96,13,0.19
87,0,1,0.85
87,1,1,0.01
87,17,1,0.72
87,28,1,0.2
87,29,1,0.73
87,36,1,0.86
87,40,1,0.51
87,42,1,0.36
87,46,1,0.01
87,51,1,0.79
87,52,1,0.65
87,57,1,0.68
87,64,1,0.83
87,87,1,0
87,92,1,0.75
87,98,1,0.53
87,13,7,0.89
87,14,7,0.29
87,23,7,0.75
87,34,7,0.13
87,38,7,0.57
87,41,7,0.25
87,43,7,0.1
87,62,7,0.25
87,66,7,0.15
87,68,7,0.31
87,72,7,0.89
87,75,7,0.08
87,78,7,0.34
87,84,7,0.76
87,87,7,0
87,88,7,0.04
87,95,7,0.61
88,3,8,0.8
88,5,8,0.19
88,9,8,0.89
88,11,8,0.71
88,18,8,0.32
88,27,8,0.28
88,39,8,0.86
88,43,8,0.36
88,44,8,0.31
88,46,8,0.92
88,53,8,0.19
88,54,8,0.6
88,72,8,0.02
88,73,8,0.06
88,75,8,0.33
88,77,8,0.05
88,88,8,0
88,94,8,0.01
88,0,12,0.84
88,11,12,0.33
88,12,12,0.69
88,16,12,0.77
88,24,12,0.21
88,35,12,0.38
88,40,12,0.8
88,44,12,0.65
88,46,12,0.88
88,53,12,0.51
88,56,12,0.59
88,63,12,0.08
88,67,12,0.27
88,74,12,0.79
88,85,12,0.95
88,88,12,0
88,96,12,0.3
88,13,7,0.17
88,14,7,0.88
88,23,7,0.57
88,34,7,0.68
88,38,7,0.95
88,41,7,0.34
88,43,7,0.53
88,62,7,0.95
88,66,7,0.04
88,68,7,0.24
88,72,7,0.67
88,75,7,0.28
88,78,7,0.03
88,84,7,0.09
88,87,7,0.33
88,88,7,0
88,95,7,0.24
89,3,10,0.51
89,26,10,0.68
89,33,10,0.86
89,35,10,0.18
89,49,10,0.95
89,50,10,0.27
89,62,10,0.81
89,66,10,0.87
89,89,10,0
89,2,11,0.99
89,5,11,1.0
89,6,11,0.09
89,19,11,0.32
89,20,11,0.69
89,21,11,0.49
89,24,11,0.52
89,41,11,0.82
89,43,11,0.67
89,49,11,0.96
89,61,11,0.23
89,65,11,0.08
89,67,11,0.32
89,70,11,0.93
89,82,11,0.87
89,85,11,0.54
89,89,11,0
89,92,11,0.78
89,96,11,0.34
89,13,13,0.46
89,20,13,0.9
89,22,13,1.0
89,36,13,0.2
89,37,13,0.91
89,43,13,0.27
89,44,13,0.3
89,47,13,0.54
89,55,13,0.65
89,58,13,0.03
89,61,13,0.25
89,66,13,0.15
89,71,13,0.82
89,73,13,0.53
89,80,13,0.25
89,81,13,0.4
89,86,13,0.85
89,89,13,0
89,93,13,1.0
89,96,13,0.15
90,13,4,0.57
90,15,4,0.72
90,16,4,0.64
90,27,4,0.92
90,33,4,0.6
90,36,4,0.66
90,37,4,0.93
90,48,4,0.8
90,49,4,0.52
90,61,4,0.28
90,62,4,0.28
90,71,4,0.71
90,72,4,0.78
90,85,4,0.43
90,90,4,0
90,99,4,0.46
90,3,3,0.25
90,5,3,0.32
90,9,3,0.53
90,13,3,0.51
90,19,3,0.1
90,26,3,0.86
90,31,3,0.52
90,34,3,0.46
90,35,3,0.01
90,44,3,0.15
90,46,3,0.43
90,51,3,0.42
90,54,3,0.6
90,90,3,0
90,97,3,0.9
90,99,3,0.97
90,3,17,0.07
90,8,17,0.42
90,10,17,0.77
90,23,17,0.51
90,31,17,0.55
90,34,17,0.24
90,62,17,0.46
90,63,17,0.74
90,64,17,0.19
90,68,17,0.33
90,71,17,0.4
90,80,17,0.25
90,90,17,0
90,92,17,0.26
90,98,17,0.97
91,1,18,0.09
91,4,18,0.11
91,7,18,0.07
91,15,18,0.22
91,24,18,0.72
91,25,18,0.88
91,28,18,0.06
91,42,18,0.53
91,52,18,0.06
91,57,18,0.26
91,58,18,0.05
91,82,18,0.62
91,91,18,0
91,0,0,0.5
91,5,0,0.29
91,7,0,0.59
91,11,0,0.81
91,14,0,0.49
91,20,0,0.51
91,21,0,0.59
91,22,0,0.79
91,32,0,0.63
91,37,0,0.47
91,59,0,0.06
91,61,0,0.47
91,67,0,0.92
91,83,0,0.09
91,91,0,0
91,94,0,0.05
91,95,0,0.36
91,96,0,0.14
92,3,17,0.57
92,8,17,0.07
92,10,17,0.98
92,23,17,0.14
92,31,17,0.9
92,34,17,0.25
92,62,17,0.59
92,63,17,0.27
92,64,17,0.79
92,68,17,0.04
92,71,17,0.24
92,80,17,0.44
92,90,17,0.28
92,92,17,0
92,98,17,0.98
92,0,1,0.35
92,1,1,0.93
92,17,1,0.38
92,28,1,0.14
92,29,1,0.56
92,36,1,0.59
92,40,1,0.34
92,42,1,0.36
92,46,1,0.81
92,51,1,0.02
92,52,1,0.78
92,57,1,0.89
92,64,1,0.53
92,87,1,0.42
92,92,1,0
92,98,1,0.98
92,1,19,0.7
92,4,19,0.07
92,8,19,0.6
92,9,19,0.4
92,15,19,0.47
92,25,19,0.46
92,32,19,0.09
92,50,19,0.27
92,69,19,0.83
92,72,19,0.31
92,79,19,0.83
92,86,19,0.69
92,92,19,0
92,2,11,0.94
92,5,11,0.84
92,6,11,0.22
92,19,11,0.55
92,20,11,0.83
92,21,11,0.42
92,24,11,0.04
92,41,11,0.87
92,43,11,0.74
92,49,11,0.09
92,61,11,0.46
92,65,11,0.2
92,67,11,0.02
92,70,11,0.92
92,82,11,0.65
92,85,11,0.08
92,89,11,0.25
92,92,11,0
92,96,11,0.78
93,29,6,0.31
93,38,6,0.05
93,39,6,0.57
93,45,6,0.55
93,48,6,0.63
93,55,6,0.56
93,63,6,0.83
93,64,6,0.62
93,67,6,0.25
93,85,6,0.8
93,93,6,0
93,19,9,0.64
93,22,9,0.01
93,26,9,0.1
93,39,9,0.91
93,40,9,0.67
93,56,9,0.57
93,80,9,0.33
93,84,9,0.92
93,93,9,0
93,2,2,0.06
93,17,2,0.78
93,23,2,0.94
93,26,2,0.0
93,33,2,0.55
93,35,2,0.29
93,54,2,0.5
93,60,2,0.49
93,70,2,0.68
93,73,2,0.86
93,77,2,0.79
93,80,2,0.9
93,93,2,0
93,13,13,0.88
93,20,13,0.39
93,22,13,0.32
93,36,13,0.79
93,37,13,0.95
93,43,13,0.76
93,44,13,0.58
93,47,13,0.42
93,55,13,0.15
93,58,13,0.56
93,61,13,0.74
93,66,13,0.41
93,71,13,0.42
93,73,13,0.94
93,80,13,0.97
93,81,13,0.54
93,86,13,0.44
93,89,13,0.46
93,93,13,0
93,96,13,0.0
94,0,0,0.93
94,5,0,0.15
94,7,0,0.27
94,11,0,0.58
94,14,0,0.36
94,20,0,0.13
94,21,0,0.66
94,22,0,0.42
94,32,0,0.98
94,37,0,0.76
94,59,0,0.02
94,61,0,0.55
94,67,0,0.8
94,83,0,0.5
94,91,0,0.07
94,94,0,0
94,95,0,0.05
94,96,0,0.38
94,28,15,0.51
94,33,15,0.53
94,40,15,0.25
94,47,15,0.9
94,50,15,0.26
94,58,15,0.22
94,59,15,0.61
94,76,15,0.69
94,81,15,0.43
94,94,15,0
94,3,8,0.48
94,5,8,0.58
94,9,8,0.28
94,11,8,0.18
94,18,8,0.01
94,27,8,0.01
94,39,8,0.34
94,43,8,0.35
94,44,8,0.35
94,46,8,0.77
94,53,8,0.32
94,54,8,0.17
94,72,8,0.7
94,73,8,0.35
94,75,8,0.47
94,77,8,0.78
94,88,8,0.61
94,94,8,0
95,13,7,0.15
95,14,7,0.81
95,23,7,0.29
95,34,7,0.76
95,38,7,0.79
95,41,7,0.78
95,43,7,0.01
95,62,7,0.97
95,66,7,0.05
95,68,7,0.36
95,72,7,0.84
95,75,7,0.25
95,78,7,0.95
95,84,7,0.71
95,87,7,0.3
95,88,7,0.54
95,95,7,0
95,0,0,0.48
95,5,0,0.02
95,7,0,0.99
95,11,0,0.08
95,14,0,0.22
95,20,0,0.82
95,21,0,0.67
95,22,0,0.98
95,32,0,0.32
95,37,0,0.08
95,59,0,0.94
95,61,0,0.62
95,67,0,0.53
95,83,0,0.01
95,91,0,0.17
95,94,0,0.15
95,95,0,0
95,96,0,0.6
96,2,11,0.39
96,5,11,0.19
96,6,11,0.68
96,19,11,0.36
96,20,11,0.68
96,21,11,0.35
96,24,11,0.66
96,41,11,0.18
96,43,11,0.3
96,49,11,0.85
96,61,11,0.37
96,65,11,0.62
96,67,11,0.96
96,70,11,0.14
96,82,11,0.01
96,85,11,0.28
96,89,11,0.55
96,92,11,0.13
96,96,11,0
96,0,12,0.76
96,11,12,0.65
96,12,12,0.18
96,16,12,0.13
96,24,12,0.12
96,35,12,0.8
96,40,12,0.21
96,44,12,0.01
96,46,12,0.59
96,53,12,0.42
96,56,12,0.23
96,63,12,0.96
96,67,12,0.39
96,74,12,0.83
96,85,12,0.72
96,88,12,0.21
96,96,12,0
96,13,13,0.94
96,20,13,0.33
96,22,13,0.37
96,36,13,0.37
96,37,13,0.97
96,43,13,0.94
96,44,13,0.75
96,47,13,0.37
96,55,13,0.94
96,58,13,0.97
96,61,13,0.67
96,66,13,0.23
96,71,13,0.63
96,73,13,0.13
96,80,13,0.7
96,81,13,0.22
96,86,13,0.14
96,89,13,0.2
96,93,13,0.24
96,96,13,0
96,0,0,0.94
96,5,0,0.19
96,7,0,0.15
96,11,0,0.82
96,14,0,0.38
96,20,0,0.92
96,21,0,0.72
96,22,0,0.68
96,32,0,0.67
96,37,0,0.04
96,59,0,0.76
96,61,0,0.66
96,67,0,0.93
96,83,0,0.2
96,91,0,0.21
96,94,0,0.75
96,95,0,0.89
96,96,0,0
97,0,16,0.74
97,1,16,0.25
97,4,16,0.84
97,6,16,0.16
97,10,16,0.05
97,21,16,0.38
97,25,16,0.66
97,29,16,0.75
97,30,16,0.0
97,45,16,0.14
97,47,16,0.47
97,51,16,0.99
97,69,16,0.9
97,74,16,0.65
97,75,16,0.16
97,76,16,0.33
97,79,16,0.17
97,82,16,0.04
97,83,16,0.62
97,86,16,0.76
97,97,16,0
97,98,16,0.42
97,99,16,0.81
97,3,3,0.02
97,5,3,0.81
97,9,3,0.67
97,13,3,0.66
97,19,3,0.54
97,26,3,0.61
97,31,3,0.13
97,34,3,0.59
97,35,3,0.4
97,44,3,0.6
97,46,3,0.64
97,51,3,0.57
97,54,3,0.09
97,90,3,0.54
97,97,3,0
97,99,3,0.85
98,0,1,0.72
98,1,1,0.98
98,17,1,0.72
98,28,1,0.51
98,29,1,0.01
98,36,1,0.17
98,40,1,0.2
98,42,1,0.73
98,46,1,0.69
98,51,1,0.47
98,52,1,0.43
98,57,1,0.21
98,64,1,0.31
98,87,1,0.82
98,92,1,0.03
98,98,1,0
98,0,16,0.1
98,1,16,0.15
98,4,16,0.12
98,6,16,0.72
98,10,16,0.21
98,21,16,0.9
98,25,16,0.22
98,29,16,0.7
98,30,16,0.51
98,45,16,0.71
98,47,16,0.51
98,51,16,0.07
98,69,16,0.82
98,74,16,0.22
98,75,16,0.28
98,76,16,0.09
98,79,16,0.48
98,82,16,0.8
98,83,16,0.04
98,86,16,0.94
98,97,16,0.05
98,98,16,0
98,99,16,0.94
98,3,17,0.06
98,8,17,0.12
98,10,17,0.42
98,23,17,0.49
98,31,17,0.16
98,34,17,0.13
98,62,17,0.47
98,63,17,0.04
98,64,17,0.5
98,68,17,0.34
98,71,17,0.79
98,80,17,0.17
98,90,17,0.87
98,92,17,0.07
98,98,17,0
99,13,4,0.65
99,15,4,0.99
99,16,4,0.2
99,27,4,0.25
99,33,4,0.33
99,36,4,0.12
99,37,4,0.42
99,48,4,0.9
99,49,4,0.45
99,61,4,0.09
99,62,4,0.45
99,71,4,0.37
99,72,4,0.03
99,85,4,0.62
99,90,4,0.98
99,99,4,0
99,0,16,0.39
99,1,16,0.84
99,4,16,0.95
99,6,16,0.94
99,10,16,0.44
99,21,16,0.49
99,25,16,0.71
99,29,16,0.17
99,30,16,0.21
99,45,16,0.89
99,47,16,0.19
99,51,16,0.69
99,69,16,0.86
99,74,16,0.49
99,75,16,0.52
99,76,16,0.18
99,79,16,0.33
99,82,16,1.0
99,83,16,0.98
99,86,16,0.37
99,97,16,0.17
99,98,16,0.29
99,99,16,0
99,3,3,0.84
99,5,3,0.62
99,9,3,0.73
99,13,3,0.32
99,19,3,0.1
99,26,3,0.56
99,31,3,0.75
99,34,3,0.89
99,35,3,0.29
99,44,3,0.14
99,46,3,0.58
99,51,3,0.18
99,54,3,0.41
99,90,3,0.38
99,97,3,0.47
99,99,3,0