M,100,P,30,Q,100000,targetS,0.1,targetW,0.1

Resources name, resource id, current workload and max workload
R_0,0,0.54,1
R_1,1,0.61,1
R_2,2,0.62,1
R_3,3,0.72,1
R_4,4,0.72,1
R_5,5,0.74,1
R_6,6,0.24,1
R_7,7,0.48,1
R_8,8,0.61,1
R_9,9,0.28,1
R_10,10,0.6,1
R_11,11,0.5,1
R_12,12,0.51,1
R_13,13,0.6,1
R_14,14,0.72,1
R_15,15,0.74,1
R_16,16,0.55,1
R_17,17,0.25,1
R_18,18,0.77,1
R_19,19,0.35,1
R_20,20,0.41,1
R_21,21,0.27,1
R_22,22,0.28,1
R_23,23,0.29,1
R_24,24,0.72,1
R_25,25,0.6,1
R_26,26,0.54,1
R_27,27,0.78,1
R_28,28,0.28,1
R_29,29,0.28,1
R_30,30,0.23,1
R_31,31,0.48,1
R_32,32,0.54,1
R_33,33,0.28,1
R_34,34,0.42,1
R_35,35,0.52,1
R_36,36,0.57,1
R_37,37,0.7,1
R_38,38,0.32,1
R_39,39,0.6,1
R_40,40,0.2,1
R_41,41,0.73,1
R_42,42,0.38,1
R_43,43,0.7,1
R_44,44,0.29,1
R_45,45,0.39,1
R_46,46,0.6,1
R_47,47,0.45,1
R_48,48,0.73,1
R_49,49,0.5,1
R_50,50,0.78,1
R_51,51,0.48,1
R_52,52,0.52,1
R_53,53,0.31,1
R_54,54,0.68,1
R_55,55,0.38,1
R_56,56,0.77,1
R_57,57,0.39,1
R_58,58,0.53,1
R_59,59,0.64,1
R_60,60,0.77,1
R_61,61,0.79,1
R_62,62,0.2,1
R_63,63,0.5,1
R_64,64,0.29,1
R_65,65,0.35,1
R_66,66,0.2,1
R_67,67,0.45,1
R_68,68,0.52,1
R_69,69,0.29,1
R_70,70,0.29,1
R_71,71,0.76,1
R_72,72,0.48,1
R_73,73,0.57,1
R_74,74,0.62,1
R_75,75,0.6,1
R_76,76,0.63,1
R_77,77,0.58,1
R_78,78,0.72,1
R_79,79,0.32,1
R_80,80,0.47,1
R_81,81,0.62,1
R_82,82,0.3,1
R_83,83,0.6,1
R_84,84,0.24,1
R_85,85,0.53,1
R_86,86,0.62,1
R_87,87,0.75,1
R_88,88,0.35,1
R_89,89,0.47,1
R_90,90,0.66,1
R_91,91,0.3,1
R_92,92,0.76,1
R_93,93,0.56,1
R_94,94,0.35,1
R_95,95,0.41,1
R_96,96,0.6,1
R_97,97,0.38,1
R_98,98,0.66,1
R_99,99,0.45,1

Activities name, activity id, lambda, stress, resource id, priority, rifiutato
act_15,15,0.23,0.75,0,262,1
act_15,15,0.23,0.75,0,127,1
act_0,0,0.13,0.52,1,384,1
act_0,0,0.13,0.52,1,8,1
act_0,0,0.13,0.52,1,249,1
act_4,4,0.25,0.88,2,550,0
act_4,4,0.25,0.88,3,542,0
act_16,16,0.22,0.31,4,470,0
act_1,1,0.02,0.1,5,24,0
act_11,11,0.19,0.77,5,355,0
act_1,1,0.02,0.1,5,72,0
act_1,1,0.02,0.1,5,198,0
act_18,18,0.21,0.61,6,241,1
act_18,18,0.21,0.61,6,412,1
act_18,18,0.21,0.61,6,199,1
act_7,7,0.08,0.44,6,60,0
act_19,19,0.02,0.75,7,178,1
act_19,19,0.02,0.75,7,167,1
act_8,8,0.14,0.42,7,506,0
act_19,19,0.02,0.75,7,364,1
act_18,18,0.21,0.61,7,491,1
act_19,19,0.02,0.75,7,308,1
act_19,19,0.02,0.75,7,53,1
act_19,19,0.02,0.75,7,359,1
act_19,19,0.02,0.75,7,144,1
act_19,19,0.02,0.75,7,349,1
act_7,7,0.08,0.44,8,458,1
act_4,4,0.25,0.88,8,294,1
act_9,9,0.1,0.82,9,415,1
act_1,1,0.02,0.1,9,489,0
act_9,9,0.1,0.82,9,295,1
act_8,8,0.14,0.42,9,189,0
act_8,8,0.14,0.42,9,309,0
act_9,9,0.1,0.82,9,119,1
act_9,9,0.1,0.82,9,11,1
act_1,1,0.02,0.1,9,320,0
act_2,2,0.26,0.24,10,156,0
act_19,19,0.02,0.75,10,193,1
act_19,19,0.02,0.75,10,362,1
act_19,19,0.02,0.75,10,345,1
act_19,19,0.02,0.75,10,461,1
act_19,19,0.02,0.75,10,118,1
act_19,19,0.02,0.75,10,37,1
act_0,0,0.13,0.52,11,234,0
act_19,19,0.02,0.75,11,73,0
act_0,0,0.13,0.52,11,125,0
act_19,19,0.02,0.75,11,81,0
act_19,19,0.02,0.75,11,353,0
act_0,0,0.13,0.52,11,400,0
act_19,19,0.02,0.75,11,195,0
act_19,19,0.02,0.75,11,533,0
act_7,7,0.08,0.44,12,126,1
act_2,2,0.26,0.24,12,151,0
act_7,7,0.08,0.44,12,404,1
act_6,6,0.07,0.76,13,49,1
act_6,6,0.07,0.76,13,140,1
act_10,10,0.03,0.69,13,62,1
act_18,18,0.21,0.61,13,219,1
act_9,9,0.1,0.82,14,23,0
act_9,9,0.1,0.82,14,181,0
act_10,10,0.03,0.69,14,324,0
act_10,10,0.03,0.69,14,135,0
act_18,18,0.21,0.61,15,467,0
act_3,3,0.06,0.2,16,229,0
act_10,10,0.03,0.69,16,224,1
act_3,3,0.06,0.2,16,248,0
act_3,3,0.06,0.2,16,553,0
act_10,10,0.03,0.69,16,176,1
act_6,6,0.07,0.76,16,266,1
act_10,10,0.03,0.69,16,92,1
act_10,10,0.03,0.69,16,147,1
act_10,10,0.03,0.69,16,100,1
act_10,10,0.03,0.69,16,405,1
act_13,13,0.14,0.96,17,447,1
act_2,2,0.26,0.24,17,532,0
act_2,2,0.26,0.24,17,6,0
act_6,6,0.07,0.76,17,433,0
act_9,9,0.1,0.82,18,48,1
act_9,9,0.1,0.82,18,253,1
act_16,16,0.22,0.31,19,306,0
act_7,7,0.08,0.44,19,197,0
act_7,7,0.08,0.44,19,422,0
act_10,10,0.03,0.69,19,528,1
act_16,16,0.22,0.31,19,511,0
act_3,3,0.06,0.2,20,505,0
act_1,1,0.02,0.1,20,474,0
act_3,3,0.06,0.2,20,304,0
act_1,1,0.02,0.1,20,305,0
act_7,7,0.08,0.44,20,7,0
act_3,3,0.06,0.2,20,476,0
act_7,7,0.08,0.44,20,200,0
act_7,7,0.08,0.44,20,338,0
act_3,3,0.06,0.2,20,300,0
act_3,3,0.06,0.2,20,419,0
act_12,12,0.24,0.33,21,290,1
act_12,12,0.24,0.33,21,169,1
act_15,15,0.23,0.75,21,1,1
act_8,8,0.14,0.42,22,497,1
act_5,5,0.09,0.94,22,265,1
act_10,10,0.03,0.69,22,503,1
act_8,8,0.14,0.42,22,215,1
act_0,0,0.13,0.52,22,315,1
act_5,5,0.09,0.94,22,180,1
act_5,5,0.09,0.94,22,452,1
act_13,13,0.14,0.96,23,58,1
act_16,16,0.22,0.31,23,376,1
act_12,12,0.24,0.33,23,519,1
act_19,19,0.02,0.75,24,448,1
act_19,19,0.02,0.75,24,397,1
act_19,19,0.02,0.75,24,551,1
act_19,19,0.02,0.75,24,299,1
act_8,8,0.14,0.42,24,411,0
act_19,19,0.02,0.75,24,407,1
act_19,19,0.02,0.75,24,332,1
act_19,19,0.02,0.75,24,108,1
act_15,15,0.23,0.75,25,298,1
act_17,17,0.16,0.89,25,556,1
act_8,8,0.14,0.42,26,77,0
act_17,17,0.16,0.89,26,131,0
act_7,7,0.08,0.44,26,493,0
act_7,7,0.08,0.44,26,292,0
act_3,3,0.06,0.2,27,45,0
act_0,0,0.13,0.52,27,321,0
act_6,6,0.07,0.76,28,392,1
act_2,2,0.26,0.24,28,42,0
act_2,2,0.26,0.24,28,427,0
act_6,6,0.07,0.76,28,104,1
act_7,7,0.08,0.44,29,75,0
act_7,7,0.08,0.44,29,449,0
act_6,6,0.07,0.76,29,417,1
act_7,7,0.08,0.44,29,257,0
act_4,4,0.25,0.88,29,546,1
act_6,6,0.07,0.76,29,170,1
act_6,6,0.07,0.76,29,548,1
act_17,17,0.16,0.89,30,236,1
act_9,9,0.1,0.82,30,50,0
act_9,9,0.1,0.82,30,410,0
act_9,9,0.1,0.82,30,339,0
act_17,17,0.16,0.89,30,429,1
act_9,9,0.1,0.82,30,168,0
act_15,15,0.23,0.75,31,216,0
act_2,2,0.26,0.24,31,137,0
act_19,19,0.02,0.75,32,84,1
act_12,12,0.24,0.33,32,495,0
act_19,19,0.02,0.75,32,267,1
act_19,19,0.02,0.75,32,357,1
act_19,19,0.02,0.75,32,420,1
act_19,19,0.02,0.75,32,61,1
act_19,19,0.02,0.75,32,97,1
act_19,19,0.02,0.75,32,310,1
act_19,19,0.02,0.75,32,547,1
act_19,19,0.02,0.75,32,337,1
act_19,19,0.02,0.75,32,311,1
act_19,19,0.02,0.75,32,394,1
act_1,1,0.02,0.1,33,402,0
act_1,1,0.02,0.1,33,113,0
act_10,10,0.03,0.69,33,396,0
act_10,10,0.03,0.69,33,55,0
act_10,10,0.03,0.69,33,330,0
act_4,4,0.25,0.88,33,38,0
act_10,10,0.03,0.69,33,17,0
act_10,10,0.03,0.69,33,383,0
act_1,1,0.02,0.1,33,82,0
act_10,10,0.03,0.69,33,70,0
act_1,1,0.02,0.1,33,110,0
act_10,10,0.03,0.69,33,172,0
act_10,10,0.03,0.69,33,312,0
act_1,1,0.02,0.1,33,316,0
act_10,10,0.03,0.69,33,250,0
act_10,10,0.03,0.69,33,544,0
act_1,1,0.02,0.1,33,256,0
act_10,10,0.03,0.69,33,217,0
act_16,16,0.22,0.31,34,160,0
act_17,17,0.16,0.89,34,139,1
act_17,17,0.16,0.89,34,444,1
act_17,17,0.16,0.89,35,513,1
act_13,13,0.14,0.96,35,260,1
act_17,17,0.16,0.89,35,89,1
act_13,13,0.14,0.96,36,541,1
act_15,15,0.23,0.75,36,534,1
act_3,3,0.06,0.2,36,377,0
act_16,16,0.22,0.31,37,327,0
act_1,1,0.02,0.1,37,174,0
act_1,1,0.02,0.1,37,403,0
act_1,1,0.02,0.1,37,159,0
act_1,1,0.02,0.1,37,529,0
act_6,6,0.07,0.76,38,426,0
act_6,6,0.07,0.76,38,341,0
act_13,13,0.14,0.96,38,273,1
act_11,11,0.19,0.77,38,303,1
act_13,13,0.14,0.96,38,184,1
act_6,6,0.07,0.76,38,245,0
act_17,17,0.16,0.89,39,238,1
act_17,17,0.16,0.89,39,153,1
act_19,19,0.02,0.75,40,297,1
act_3,3,0.06,0.2,40,291,0
act_3,3,0.06,0.2,40,271,0
act_0,0,0.13,0.52,40,530,0
act_0,0,0.13,0.52,40,29,0
act_1,1,0.02,0.1,40,27,0
act_1,1,0.02,0.1,40,371,0
act_3,3,0.06,0.2,40,336,0
act_0,0,0.13,0.52,40,356,0
act_19,19,0.02,0.75,40,165,1
act_1,1,0.02,0.1,40,453,0
act_19,19,0.02,0.75,40,259,1
act_3,3,0.06,0.2,40,343,0
act_1,1,0.02,0.1,40,186,0
act_1,1,0.02,0.1,40,95,0
act_4,4,0.25,0.88,41,475,0
act_18,18,0.21,0.61,42,182,1
act_18,18,0.21,0.61,42,112,1
act_14,14,0.02,0.37,42,286,1
act_14,14,0.02,0.37,42,537,1
act_14,14,0.02,0.37,42,408,1
act_14,14,0.02,0.37,42,442,1
act_14,14,0.02,0.37,42,527,1
act_14,14,0.02,0.37,42,367,1
act_14,14,0.02,0.37,42,276,1
act_14,14,0.02,0.37,42,451,1
act_14,14,0.02,0.37,42,157,1
act_13,13,0.14,0.96,43,344,1
act_13,13,0.14,0.96,43,252,1
act_16,16,0.22,0.31,44,177,0
act_5,5,0.09,0.94,44,280,1
act_16,16,0.22,0.31,44,152,0
act_5,5,0.09,0.94,44,393,1
act_6,6,0.07,0.76,44,401,0
act_16,16,0.22,0.31,45,363,1
act_1,1,0.02,0.1,45,473,0
act_3,3,0.06,0.2,45,373,0
act_3,3,0.06,0.2,45,3,0
act_16,16,0.22,0.31,45,228,1
act_1,1,0.02,0.1,45,365,0
act_18,18,0.21,0.61,46,274,1
act_3,3,0.06,0.2,46,428,0
act_3,3,0.06,0.2,46,206,0
act_14,14,0.02,0.37,46,122,0
act_14,14,0.02,0.37,46,358,0
act_14,14,0.02,0.37,46,246,0
act_0,0,0.13,0.52,47,68,1
act_6,6,0.07,0.76,47,507,1
act_0,0,0.13,0.52,47,47,1
act_19,19,0.02,0.75,47,549,1
act_0,0,0.13,0.52,47,107,1
act_19,19,0.02,0.75,47,446,1
act_19,19,0.02,0.75,47,83,1
act_19,19,0.02,0.75,47,418,1
act_18,18,0.21,0.61,48,391,0
act_6,6,0.07,0.76,49,40,1
act_0,0,0.13,0.52,49,86,1
act_0,0,0.13,0.52,49,480,1
act_6,6,0.07,0.76,49,307,1
act_6,6,0.07,0.76,49,99,1
act_6,6,0.07,0.76,50,318,1
act_6,6,0.07,0.76,50,192,1
act_6,6,0.07,0.76,50,326,1
act_7,7,0.08,0.44,51,281,1
act_7,7,0.08,0.44,51,374,1
act_7,7,0.08,0.44,51,141,1
act_6,6,0.07,0.76,51,509,1
act_7,7,0.08,0.44,51,179,1
act_7,7,0.08,0.44,51,9,1
act_7,7,0.08,0.44,52,277,1
act_7,7,0.08,0.44,52,67,1
act_4,4,0.25,0.88,52,258,1
act_4,4,0.25,0.88,53,431,1
act_4,4,0.25,0.88,53,333,1
act_6,6,0.07,0.76,53,272,1
act_6,6,0.07,0.76,53,523,1
act_6,6,0.07,0.76,54,44,1
act_0,0,0.13,0.52,54,424,0
act_6,6,0.07,0.76,54,26,1
act_19,19,0.02,0.75,54,395,1
act_19,19,0.02,0.75,54,457,1
act_14,14,0.02,0.37,55,175,0
act_1,1,0.02,0.1,55,379,0
act_11,11,0.19,0.77,55,361,0
act_11,11,0.19,0.77,55,490,0
act_1,1,0.02,0.1,55,521,0
act_14,14,0.02,0.37,55,130,0
act_14,14,0.02,0.37,55,285,0
act_1,1,0.02,0.1,55,334,0
act_1,1,0.02,0.1,55,235,0
act_1,1,0.02,0.1,55,317,0
act_14,14,0.02,0.37,55,435,0
act_14,14,0.02,0.37,55,380,0
act_1,1,0.02,0.1,55,360,0
act_14,14,0.02,0.37,56,539,1
act_6,6,0.07,0.76,56,346,1
act_6,6,0.07,0.76,56,78,1
act_14,14,0.02,0.37,56,213,1
act_14,14,0.02,0.37,56,459,1
act_14,14,0.02,0.37,56,416,1
act_7,7,0.08,0.44,57,483,1
act_8,8,0.14,0.42,57,164,1
act_7,7,0.08,0.44,57,279,1
act_8,8,0.14,0.42,57,64,1
act_1,1,0.02,0.1,57,220,0
act_7,7,0.08,0.44,57,240,1
act_1,1,0.02,0.1,57,368,0
act_1,1,0.02,0.1,57,494,0
act_1,1,0.02,0.1,57,121,0
act_14,14,0.02,0.37,58,149,1
act_4,4,0.25,0.88,58,221,1
act_14,14,0.02,0.37,58,264,1
act_14,14,0.02,0.37,58,79,1
act_14,14,0.02,0.37,58,190,1
act_14,14,0.02,0.37,58,438,1
act_14,14,0.02,0.37,58,325,1
act_14,14,0.02,0.37,58,469,1
act_14,14,0.02,0.37,58,251,1
act_14,14,0.02,0.37,58,347,1
act_14,14,0.02,0.37,58,319,1
act_9,9,0.1,0.82,59,201,0
act_4,4,0.25,0.88,59,4,1
act_6,6,0.07,0.76,60,492,0
act_6,6,0.07,0.76,60,479,0
act_6,6,0.07,0.76,60,162,0
act_13,13,0.14,0.96,61,128,0
act_1,1,0.02,0.1,61,378,0
act_1,1,0.02,0.1,61,218,0
act_1,1,0.02,0.1,61,552,0
act_16,16,0.22,0.31,62,57,0
act_2,2,0.26,0.24,62,205,0
act_7,7,0.08,0.44,62,372,1
act_16,16,0.22,0.31,62,510,0
act_13,13,0.14,0.96,63,138,1
act_14,14,0.02,0.37,63,66,1
act_14,14,0.02,0.37,63,436,1
act_13,13,0.14,0.96,63,214,1
act_14,14,0.02,0.37,63,504,1
act_13,13,0.14,0.96,63,389,1
act_15,15,0.23,0.75,64,323,0
act_15,15,0.23,0.75,64,163,0
act_17,17,0.16,0.89,64,148,1
act_13,13,0.14,0.96,65,59,1
act_5,5,0.09,0.94,65,478,0
act_5,5,0.09,0.94,65,52,0
act_5,5,0.09,0.94,65,288,0
act_5,5,0.09,0.94,65,500,0
act_13,13,0.14,0.96,65,87,1
act_14,14,0.02,0.37,66,524,0
act_6,6,0.07,0.76,66,222,1
act_14,14,0.02,0.37,66,25,0
act_6,6,0.07,0.76,66,183,1
act_14,14,0.02,0.37,66,69,0
act_14,14,0.02,0.37,66,462,0
act_14,14,0.02,0.37,66,155,0
act_14,14,0.02,0.37,66,441,0
act_6,6,0.07,0.76,66,350,1
act_6,6,0.07,0.76,66,275,1
act_14,14,0.02,0.37,66,91,0
act_14,14,0.02,0.37,66,314,0
act_14,14,0.02,0.37,66,293,0
act_14,14,0.02,0.37,66,204,0
act_6,6,0.07,0.76,66,456,1
act_14,14,0.02,0.37,66,484,0
act_6,6,0.07,0.76,66,35,1
act_6,6,0.07,0.76,66,468,1
act_14,14,0.02,0.37,66,440,0
act_14,14,0.02,0.37,66,443,0
act_14,14,0.02,0.37,66,124,0
act_14,14,0.02,0.37,66,101,0
act_10,10,0.03,0.69,67,143,1
act_10,10,0.03,0.69,67,535,1
act_10,10,0.03,0.69,67,335,1
act_4,4,0.25,0.88,67,14,1
act_10,10,0.03,0.69,67,499,1
act_10,10,0.03,0.69,67,10,1
act_10,10,0.03,0.69,67,284,1
act_10,10,0.03,0.69,67,331,1
act_10,10,0.03,0.69,67,207,1
act_10,10,0.03,0.69,67,437,1
act_10,10,0.03,0.69,67,387,1
act_6,6,0.07,0.76,68,352,1
act_0,0,0.13,0.52,68,255,0
act_19,19,0.02,0.75,68,227,1
act_19,19,0.02,0.75,68,399,1
act_6,6,0.07,0.76,68,559,1
act_0,0,0.13,0.52,68,502,0
act_19,19,0.02,0.75,68,545,1
act_12,12,0.24,0.33,69,232,0
act_12,12,0.24,0.33,69,460,0
act_0,0,0.13,0.52,69,161,0
act_7,7,0.08,0.44,70,508,0
act_9,9,0.1,0.82,70,439,0
act_9,9,0.1,0.82,70,560,0
act_15,15,0.23,0.75,70,18,0
act_5,5,0.09,0.94,70,31,0
act_7,7,0.08,0.44,70,278,0
act_11,11,0.19,0.77,71,301,0
act_10,10,0.03,0.69,72,487,1
act_10,10,0.03,0.69,72,375,1
act_5,5,0.09,0.94,72,85,1
act_5,5,0.09,0.94,72,466,1
act_8,8,0.14,0.42,72,526,0
act_10,10,0.03,0.69,72,296,1
act_5,5,0.09,0.94,72,133,1
act_19,19,0.02,0.75,73,450,1
act_19,19,0.02,0.75,73,191,1
act_1,1,0.02,0.1,73,34,0
act_1,1,0.02,0.1,73,202,0
act_0,0,0.13,0.52,73,471,1
act_9,9,0.1,0.82,73,39,1
act_9,9,0.1,0.82,73,187,1
act_12,12,0.24,0.33,74,243,0
act_8,8,0.14,0.42,75,434,0
act_19,19,0.02,0.75,75,210,1
act_8,8,0.14,0.42,75,63,0
act_19,19,0.02,0.75,75,432,1
act_19,19,0.02,0.75,75,223,1
act_19,19,0.02,0.75,75,103,1
act_19,19,0.02,0.75,75,145,1
act_19,19,0.02,0.75,75,518,1
act_18,18,0.21,0.61,76,543,1
act_8,8,0.14,0.42,76,340,1
act_15,15,0.23,0.75,77,102,1
act_8,8,0.14,0.42,77,522,0
act_4,4,0.25,0.88,78,354,0
act_1,1,0.02,0.1,78,496,0
act_0,0,0.13,0.52,79,16,0
act_0,0,0.13,0.52,79,382,0
act_19,19,0.02,0.75,79,19,0
act_8,8,0.14,0.42,79,90,0
act_8,8,0.14,0.42,79,421,0
act_19,19,0.02,0.75,79,185,0
act_19,19,0.02,0.75,79,54,0
act_19,19,0.02,0.75,79,512,0
act_19,19,0.02,0.75,79,488,0
act_19,19,0.02,0.75,79,93,0
act_19,19,0.02,0.75,79,486,0
act_13,13,0.14,0.96,80,555,1
act_14,14,0.02,0.37,80,150,1
act_14,14,0.02,0.37,80,538,1
act_13,13,0.14,0.96,80,454,1
act_13,13,0.14,0.96,80,115,1
act_14,14,0.02,0.37,80,390,1
act_14,14,0.02,0.37,80,41,1
act_14,14,0.02,0.37,80,211,1
act_19,19,0.02,0.75,81,463,1
act_19,19,0.02,0.75,81,501,1
act_13,13,0.14,0.96,81,116,1
act_13,13,0.14,0.96,81,351,1
act_19,19,0.02,0.75,81,366,1
act_19,19,0.02,0.75,81,132,1
act_19,19,0.02,0.75,81,80,1
act_17,17,0.16,0.89,82,142,0
act_18,18,0.21,0.61,82,328,0
act_18,18,0.21,0.61,82,254,0
act_13,13,0.14,0.96,83,233,1
act_13,13,0.14,0.96,83,5,1
act_13,13,0.14,0.96,84,15,1
act_13,13,0.14,0.96,84,237,1
act_12,12,0.24,0.33,84,322,0
act_12,12,0.24,0.33,84,173,0
act_8,8,0.14,0.42,85,129,0
act_8,8,0.14,0.42,85,481,0
act_8,8,0.14,0.42,85,385,0
act_19,19,0.02,0.75,85,171,0
act_19,19,0.02,0.75,85,445,0
act_7,7,0.08,0.44,86,283,0
act_6,6,0.07,0.76,86,105,0
act_10,10,0.03,0.69,86,554,0
act_10,10,0.03,0.69,86,423,0
act_10,10,0.03,0.69,86,203,0
act_6,6,0.07,0.76,86,209,0
act_10,10,0.03,0.69,86,536,0
act_10,10,0.03,0.69,86,516,0
act_19,19,0.02,0.75,87,398,1
act_8,8,0.14,0.42,87,270,0
act_3,3,0.06,0.2,87,388,0
act_19,19,0.02,0.75,87,230,1
act_5,5,0.09,0.94,88,76,1
act_6,6,0.07,0.76,88,386,1
act_6,6,0.07,0.76,88,465,1
act_1,1,0.02,0.1,88,455,0
act_6,6,0.07,0.76,88,261,1
act_0,0,0.13,0.52,88,196,0
act_0,0,0.13,0.52,88,32,0
act_1,1,0.02,0.1,88,36,0
act_1,1,0.02,0.1,88,247,0
act_1,1,0.02,0.1,88,111,0
act_9,9,0.1,0.82,89,244,1
act_9,9,0.1,0.82,89,414,1
act_11,11,0.19,0.77,89,409,1
act_9,9,0.1,0.82,89,406,1
act_11,11,0.19,0.77,90,0,0
act_5,5,0.09,0.94,90,134,1
act_10,10,0.03,0.69,91,472,1
act_0,0,0.13,0.52,91,33,1
act_10,10,0.03,0.69,91,20,1
act_10,10,0.03,0.69,91,51,1
act_0,0,0.13,0.52,91,231,1
act_0,0,0.13,0.52,91,225,1
act_10,10,0.03,0.69,91,13,1
act_0,0,0.13,0.52,91,30,1
act_10,10,0.03,0.69,91,242,1
act_18,18,0.21,0.61,92,109,0
act_19,19,0.02,0.75,93,226,1
act_14,14,0.02,0.37,93,302,0
act_19,19,0.02,0.75,93,154,1
act_14,14,0.02,0.37,93,46,0
act_14,14,0.02,0.37,93,381,0
act_19,19,0.02,0.75,93,2,1
act_19,19,0.02,0.75,93,329,1
act_19,19,0.02,0.75,93,464,1
act_19,19,0.02,0.75,93,158,1
act_14,14,0.02,0.37,93,313,0
act_14,14,0.02,0.37,93,65,0
act_14,14,0.02,0.37,93,369,0
act_19,19,0.02,0.75,93,71,1
act_19,19,0.02,0.75,93,482,1
act_14,14,0.02,0.37,93,94,0
act_19,19,0.02,0.75,93,517,1
act_19,19,0.02,0.75,93,268,1
act_14,14,0.02,0.37,93,96,0
act_14,14,0.02,0.37,93,22,0
act_19,19,0.02,0.75,93,430,1
act_19,19,0.02,0.75,93,43,1
act_8,8,0.14,0.42,94,12,0
act_17,17,0.16,0.89,94,123,1
act_17,17,0.16,0.89,94,282,1
act_17,17,0.16,0.89,94,557,1
act_3,3,0.06,0.2,95,514,0
act_19,19,0.02,0.75,95,56,1
act_3,3,0.06,0.2,95,348,0
act_19,19,0.02,0.75,95,74,1
act_19,19,0.02,0.75,95,146,1
act_3,3,0.06,0.2,95,342,0
act_19,19,0.02,0.75,95,88,1
act_19,19,0.02,0.75,95,477,1
act_3,3,0.06,0.2,95,117,0
act_19,19,0.02,0.75,95,531,1
act_3,3,0.06,0.2,95,425,0
act_3,3,0.06,0.2,95,166,0
act_19,19,0.02,0.75,95,98,1
act_19,19,0.02,0.75,95,520,1
act_19,19,0.02,0.75,95,289,1
act_19,19,0.02,0.75,95,212,1
act_19,19,0.02,0.75,95,540,1
act_3,3,0.06,0.2,96,120,0
act_3,3,0.06,0.2,96,136,0
act_3,3,0.06,0.2,96,485,0
act_9,9,0.1,0.82,96,413,1
act_9,9,0.1,0.82,96,370,1
act_3,3,0.06,0.2,97,106,0
act_3,3,0.06,0.2,97,208,0
act_2,2,0.26,0.24,97,515,0
act_3,3,0.06,0.2,97,21,0
act_6,6,0.07,0.76,97,188,0
act_14,14,0.02,0.37,97,525,0
act_3,3,0.06,0.2,97,194,0
act_14,14,0.02,0.37,97,239,0
act_12,12,0.24,0.33,98,287,0
act_5,5,0.09,0.94,98,498,0
act_6,6,0.07,0.76,99,558,1
act_6,6,0.07,0.76,99,263,1
act_7,7,0.08,0.44,99,269,0
act_7,7,0.08,0.44,99,114,0
act_16,16,0.22,0.31,99,28,0

Alpha (resource id, list of activity ids)
0:15,14,9
1:0,5,8
2:4,13
3:12,11,4,16
4:16,3,4
5:11,1,7
6:9,7,18
7:8,18,19
8:4,7,15
9:1,8,9
10:19,2,18
11:0,19
12:2,7
13:10,6,18
14:13,5,9,10
15:15,18
16:15,10,6,3
17:6,2,13
18:7,9
19:16,7,10,4
20:1,3,7
21:17,13,15,12
22:8,5,10,0
23:0,12,16,13
24:4,19,8
25:17,15,16,12
26:17,8,18,7
27:0,15,3
28:12,2,6
29:7,4,6
30:9,17
31:17,15,10,2
32:18,2,12,19
33:4,10,1
34:4,12,16,17
35:17,0,13
36:15,3,13
37:1,15,16
38:11,6,13
39:4,17
40:19,1,0,3
41:4,6
42:18,14
43:13,7
44:6,5,16
45:16,1,3
46:18,3,14,2
47:0,6,18,19
48:18,12,4,0
49:0,6,15,11
50:12,6
51:7,6
52:7,8,4,16
53:0,4,6
54:19,6,0
55:16,11,1,14
56:6,16,14
57:8,1,7,6
58:4,14,17
59:19,9,4,1
60:5,6
61:13,1
62:4,16,2,7
63:14,13,3
64:4,17,15
65:13,5,6
66:6,14
67:10,4
68:19,7,6,0
69:12,4,15,0
70:7,5,9,15
71:4,11,2
72:8,16,5,10
73:19,1,9,0
74:12,11,2
75:16,19,8
76:8,2,18,16
77:8,15,4
78:1,4
79:19,8,0,12
80:14,13
81:13,19
82:17,18
83:13,15
84:13,12
85:8,19
86:7,3,10,6
87:8,5,3,19
88:6,0,1,5
89:9,11,7,4
90:6,11,5
91:10,0
92:2,7,18,4
93:19,14
94:8,17
95:3,19
96:3,9
97:3,6,14,2
98:5,12,18,14
99:6,7,16

Costs (resource, resource to replace, activity, cost)
0,0,15,0
0,8,15,0.54
0,15,15,0.55
0,16,15,0.52
0,21,15,0.18
0,25,15,0.69
0,27,15,0.51
0,31,15,0.96
0,36,15,0.65
0,37,15,0.07
0,49,15,0.93
0,64,15,0.58
0,69,15,0.34
0,70,15,0.64
0,77,15,0.92
0,83,15,0.58
0,0,14,0
0,42,14,0.83
0,46,14,0.01
0,55,14,0.19
0,56,14,0.91
0,58,14,0.39
0,63,14,0.16
0,66,14,0.68
0,80,14,0.1
0,93,14,0.04
0,97,14,0.51
0,98,14,0.66
0,0,9,0
0,6,9,0.47
0,9,9,0.59
0,14,9,0.51
0,18,9,0.51
0,30,9,0.13
0,59,9,0.66
0,70,9,0.42
0,73,9,0.79
0,89,9,0.12
0,96,9,0.1
1,1,0,0
1,11,0,0.56
1,22,0,0.02
1,23,0,0.5
1,27,0,0.21
1,35,0,0.01
1,40,0,0.7
1,47,0,0.51
1,48,0,0.66
1,49,0,0.55
1,53,0,0.71
1,54,0,0.3
1,68,0,0.68
1,69,0,0.04
1,73,0,0.62
1,79,0,0.92
1,88,0,0.39
1,91,0,0.0
1,1,5,0
1,14,5,0.17
1,22,5,0.74
1,44,5,0.03
1,60,5,0.33
1,65,5,0.02
1,70,5,0.99
1,72,5,0.75
1,87,5,0.08
1,88,5,0.07
1,90,5,0.7
1,98,5,0.58
1,1,8,0
1,7,8,0.45
1,9,8,0.2
1,22,8,0.16
1,24,8,0.28
1,26,8,0.78
1,52,8,0.33
1,57,8,0.95
1,72,8,0.55
1,75,8,0.98
1,76,8,0.55
1,77,8,0.15
1,79,8,0.05
1,85,8,0.42
1,87,8,0.43
1,94,8,0.03
2,2,4,0
2,3,4,0.56
2,4,4,0.39
2,8,4,0.28
2,19,4,0.0
2,24,4,0.25
2,29,4,0.01
2,33,4,0.48
2,34,4,0.44
2,39,4,0.86
2,41,4,0.26
2,48,4,0.77
2,52,4,0.96
2,53,4,0.14
2,58,4,0.77
2,59,4,0.47
2,62,4,0.98
2,64,4,0.27
2,67,4,0.06
2,69,4,0.95
2,71,4,0.49
2,77,4,0.74
2,78,4,0.43
2,89,4,0.85
2,92,4,0.44
2,2,13,0
2,14,13,0.72
2,17,13,0.73
2,21,13,0.47
2,23,13,0.37
2,35,13,0.64
2,36,13,0.5
2,38,13,0.04
2,43,13,0.36
2,61,13,0.29
2,63,13,0.17
2,65,13,0.79
2,80,13,0.72
2,81,13,0.75
2,83,13,0.85
2,84,13,0.19
3,3,12,0
3,21,12,0.01
3,23,12,0.95
3,25,12,0.24
3,28,12,0.76
3,32,12,0.19
3,34,12,0.85
3,48,12,0.93
3,50,12,0.17
3,69,12,0.79
3,74,12,0.69
3,79,12,0.41
3,84,12,0.14
3,98,12,0.11
3,3,11,0
3,5,11,0.33
3,38,11,0.28
3,49,11,0.13
3,55,11,0.57
3,71,11,0.54
3,74,11,0.06
3,89,11,1.0
3,90,11,0.98
3,2,4,0.88
3,3,4,0
3,4,4,0.94
3,8,4,0.16
3,19,4,1.0
3,24,4,0.49
3,29,4,0.14
3,33,4,0.06
3,34,4,0.84
3,39,4,0.86
3,41,4,0.42
3,48,4,0.38
3,52,4,0.06
3,53,4,0.26
3,58,4,0.38
3,59,4,0.47
3,62,4,0.29
3,64,4,0.19
3,67,4,0.71
3,69,4,0.51
3,71,4,0.91
3,77,4,0.88
3,78,4,0.54
3,89,4,0.9
3,92,4,0.25
3,3,16,0
3,4,16,0.17
3,19,16,0.81
3,23,16,0.68
3,25,16,0.55
3,34,16,0.91
3,37,16,0.41
3,44,16,0.53
3,45,16,0.29
3,52,16,0.91
3,55,16,0.85
3,56,16,0.25
3,62,16,0.47
3,72,16,0.87
3,75,16,0.7
3,76,16,0.37
3,99,16,0.92
4,3,16,0.65
4,4,16,0
4,19,16,0.69
4,23,16,0.6
4,25,16,0.29
4,34,16,0.04
4,37,16,0.33
4,44,16,0.29
4,45,16,0.07
4,52,16,0.25
4,55,16,0.09
4,56,16,0.85
4,62,16,0.81
4,72,16,0.48
4,75,16,0.35
4,76,16,0.62
4,99,16,0.58
4,4,3,0
4,16,3,0.06
4,20,3,0.77
4,27,3,0.4
4,36,3,0.72
4,40,3,0.3
4,45,3,0.45
4,46,3,0.58
4,63,3,0.21
4,86,3,0.88
4,87,3,0.65
4,95,3,0.1
4,96,3,0.0
4,97,3,0.49
4,2,4,0.25
4,3,4,0.66
4,4,4,0
4,8,4,0.96
4,19,4,0.88
4,24,4,0.27
4,29,4,0.48
4,33,4,0.25
4,34,4,0.24
4,39,4,0.89
4,41,4,0.3
4,48,4,0.23
4,52,4,0.85
4,53,4,0.11
4,58,4,0.7
4,59,4,0.03
4,62,4,0.47
4,64,4,0.94
4,67,4,0.2
4,69,4,0.92
4,71,4,0.85
4,77,4,0.57
4,78,4,0.85
4,89,4,0.52
4,92,4,0.53
5,3,11,0.92
5,5,11,0
5,38,11,0.07
5,49,11,0.15
5,55,11,0.47
5,71,11,0.28
5,74,11,0.32
5,89,11,0.62
5,90,11,0.7
5,5,1,0
5,9,1,0.85
5,20,1,0.44
5,33,1,0.08
5,37,1,0.49
5,40,1,0.2
5,45,1,0.24
5,55,1,0.85
5,57,1,0.08
5,59,1,0.18
5,61,1,0.85
5,73,1,0.82
5,78,1,0.26
5,88,1,0.92
5,5,7,0
5,6,7,0.72
5,8,7,0.66
5,12,7,0.52
5,18,7,0.94
5,19,7,0.69
5,20,7,0.5
5,26,7,0.66
5,29,7,0.59
5,43,7,0.23
5,51,7,0.71
5,52,7,0.26
5,57,7,0.52
5,62,7,0.18
5,68,7,0.91
5,70,7,0.91
5,86,7,0.55
5,89,7,0.22
5,92,7,0.05
5,99,7,0.34
6,0,9,0.84
6,6,9,0
6,9,9,0.13
6,14,9,0.49
6,18,9,0.34
6,30,9,0.49
6,59,9,0.47
6,70,9,0.39
6,73,9,0.11
6,89,9,0.04
6,96,9,0.96
6,5,7,0.78
6,6,7,0
6,8,7,0.96
6,12,7,0.3
6,18,7,0.12
6,19,7,0.98
6,20,7,0.67
6,26,7,0.28
6,29,7,0.96
6,43,7,0.31
6,51,7,0.3
6,52,7,0.25
6,57,7,0.81
6,62,7,0.64
6,68,7,0.86
6,70,7,0.74
6,86,7,0.62
6,89,7,0.46
6,92,7,0.35
6,99,7,0.49
6,6,18,0
6,7,18,0.84
6,10,18,0.47
6,13,18,0.05
6,15,18,0.37
6,26,18,0.05
6,32,18,0.49
6,42,18,0.98
6,46,18,0.82
6,47,18,0.45
6,48,18,0.25
6,76,18,0.61
6,82,18,0.97
6,92,18,0.2
6,98,18,0.5
7,1,8,0.39
7,7,8,0
7,9,8,0.74
7,22,8,0.9
7,24,8,0.84
7,26,8,0.88
7,52,8,0.06
7,57,8,0.16
7,72,8,0.21
7,75,8,0.81
7,76,8,0.15
7,77,8,0.22
7,79,8,0.38
7,85,8,0.86
7,87,8,0.74
7,94,8,0.56
7,6,18,0.04
7,7,18,0
7,10,18,0.06
7,13,18,0.16
7,15,18,0.1
7,26,18,0.68
7,32,18,0.12
7,42,18,0.51
7,46,18,0.47
7,47,18,0.47
7,48,18,0.9
7,76,18,0.39
7,82,18,0.38
7,92,18,0.78
7,98,18,0.45
7,7,19,0
7,10,19,0.97
7,11,19,0.77
7,24,19,0.93
7,32,19,0.87
7,40,19,0.48
7,47,19,0.22
7,54,19,0.16
7,59,19,0.13
7,68,19,0.18
7,73,19,0.29
7,75,19,0.72
7,79,19,0.52
7,81,19,0.65
7,85,19,0.8
7,87,19,0.68
7,93,19,0.44
7,95,19,0.37
8,2,4,0.99
8,3,4,0.42
8,4,4,0.86
8,8,4,0
8,19,4,0.18
8,24,4,0.14
8,29,4,0.58
8,33,4,0.86
8,34,4,0.73
8,39,4,0.14
8,41,4,0.5
8,48,4,0.04
8,52,4,0.88
8,53,4,0.68
8,58,4,0.19
8,59,4,0.82
8,62,4,0.42
8,64,4,0.56
8,67,4,0.33
8,69,4,0.5
8,71,4,0.56
8,77,4,0.55
8,78,4,0.01
8,89,4,0.51
8,92,4,0.35
8,5,7,0.68
8,6,7,0.49
8,8,7,0
8,12,7,0.27
8,18,7,0.51
8,19,7,0.83
8,20,7,0.92
8,26,7,0.43
8,29,7,0.22
8,43,7,0.53
8,51,7,0.91
8,52,7,0.64
8,57,7,0.21
8,62,7,0.81
8,68,7,0.34
8,70,7,0.3
8,86,7,0.11
8,89,7,0.5
8,92,7,0.09
8,99,7,0.94
8,0,15,0.89
8,8,15,0
8,15,15,0.91
8,16,15,0.12
8,21,15,0.33
8,25,15,0.53
8,27,15,0.26
8,31,15,0.57
8,36,15,0.84
8,37,15,0.19
8,49,15,0.98
8,64,15,0.83
8,69,15,0.5
8,70,15,0.6
8,77,15,0.82
8,83,15,0.27
9,5,1,0.18
9,9,1,0
9,20,1,0.97
9,33,1,0.2
9,37,1,0.07
9,40,1,0.53
9,45,1,0.28
9,55,1,0.24
9,57,1,0.82
9,59,1,0.06
9,61,1,0.16
9,73,1,0.68
9,78,1,0.33
9,88,1,0.55
9,1,8,0.61
9,7,8,0.92
9,9,8,0
9,22,8,0.5
9,24,8,0.48
9,26,8,0.35
9,52,8,0.58
9,57,8,0.8
9,72,8,0.89
9,75,8,0.35
9,76,8,0.42
9,77,8,0.58
9,79,8,1.0
9,85,8,0.1
9,87,8,0.76
9,94,8,0.74
9,0,9,0.72
9,6,9,0.87
9,9,9,0
9,14,9,0.21
9,18,9,0.94
9,30,9,0.94
9,59,9,0.43
9,70,9,0.58
9,73,9,0.49
9,89,9,0.58
9,96,9,0.19
10,7,19,0.72
10,10,19,0
10,11,19,0.53
10,24,19,0.36
10,32,19,0.16
10,40,19,0.07
10,47,19,0.79
10,54,19,0.23
10,59,19,0.84
10,68,19,0.32
10,73,19,0.09
10,75,19,0.36
10,79,19,0.38
10,81,19,0.94
10,85,19,0.52
10,87,19,0.13
10,93,19,0.23
10,95,19,0.5
10,10,2,0
10,12,2,0.03
10,17,2,0.75
10,28,2,0.06
10,31,2,0.29
10,32,2,0.31
10,46,2,0.22
10,62,2,0.94
10,71,2,0.24
10,74,2,0.75
10,76,2,0.08
10,92,2,0.87
10,97,2,0.4
10,6,18,0.63
10,7,18,0.94
10,10,18,0
10,13,18,0.25
10,15,18,0.51
10,26,18,0.41
10,32,18,0.66
10,42,18,0.29
10,46,18,0.33
10,47,18,0.09
10,48,18,0.83
10,76,18,0.14
10,82,18,0.1
10,92,18,0.61
10,98,18,0.62
11,1,0,0.93
11,11,0,0
11,22,0,0.18
11,23,0,0.99
11,27,0,0.41
11,35,0,0.57
11,40,0,0.34
11,47,0,0.79
11,48,0,0.07
11,49,0,0.28
11,53,0,0.73
11,54,0,0.05
11,68,0,0.73
11,69,0,0.38
11,73,0,0.09
11,79,0,0.13
11,88,0,0.38
11,91,0,0.6
11,7,19,0.2
11,10,19,0.65
11,11,19,0
11,24,19,0.12
11,32,19,0.7
11,40,19,0.0
11,47,19,0.2
11,54,19,0.38
11,59,19,0.91
11,68,19,0.7
11,73,19,0.91
11,75,19,0.19
11,79,19,0.84
11,81,19,0.31
11,85,19,0.74
11,87,19,0.17
11,93,19,0.39
11,95,19,0.73
12,10,2,0.08
12,12,2,0
12,17,2,0.37
12,28,2,0.97
12,31,2,0.08
12,32,2,0.7
12,46,2,0.57
12,62,2,0.67
12,71,2,0.74
12,74,2,0.1
12,76,2,0.61
12,92,2,0.76
12,97,2,0.74
12,5,7,0.16
12,6,7,0.72
12,8,7,0.37
12,12,7,0
12,18,7,0.57
12,19,7,0.08
12,20,7,0.65
12,26,7,0.89
12,29,7,0.45
12,43,7,0.17
12,51,7,0.85
12,52,7,0.0
12,57,7,0.35
12,62,7,0.92
12,68,7,0.03
12,70,7,0.38
12,86,7,0.04
12,89,7,0.86
12,92,7,0.31
12,99,7,0.21
13,13,10,0
13,14,10,0.42
13,16,10,0.31
13,19,10,0.18
13,22,10,0.93
13,31,10,0.27
13,33,10,0.34
13,67,10,0.14
13,72,10,0.67
13,86,10,0.98
13,91,10,0.83
13,13,6,0
13,16,6,0.57
13,17,6,0.73
13,28,6,0.44
13,29,6,0.89
13,38,6,0.01
13,41,6,0.56
13,44,6,0.81
13,47,6,0.82
13,49,6,0.67
13,50,6,0.17
13,51,6,0.41
13,53,6,0.55
13,54,6,0.99
13,56,6,0.85
13,57,6,0.04
13,60,6,0.63
13,65,6,0.26
13,66,6,0.74
13,68,6,0.51
13,86,6,0.17
13,88,6,0.83
13,90,6,0.61
13,97,6,0.7
13,99,6,0.87
13,6,18,0.46
13,7,18,0.83
13,10,18,0.44
13,13,18,0
13,15,18,0.02
13,26,18,0.25
13,32,18,0.07
13,42,18,0.54
13,46,18,0.4
13,47,18,0.87
13,48,18,0.47
13,76,18,0.96
13,82,18,0.62
13,92,18,0.76
13,98,18,0.21
14,2,13,0.93
14,14,13,0
14,17,13,0.36
14,21,13,0.28
14,23,13,0.47
14,35,13,0.05
14,36,13,0.92
14,38,13,0.53
14,43,13,0.34
14,61,13,0.74
14,63,13,0.3
14,65,13,0.71
14,80,13,0.51
14,81,13,0.35
14,83,13,0.43
14,84,13,0.65
14,1,5,0.98
14,14,5,0
14,22,5,0.07
14,44,5,0.87
14,60,5,0.7
14,65,5,0.02
14,70,5,0.02
14,72,5,0.96
14,87,5,0.4
14,88,5,0.6
14,90,5,0.16
14,98,5,0.72
14,0,9,0.59
14,6,9,0.64
14,9,9,0.48
14,14,9,0
14,18,9,0.35
14,30,9,0.9
14,59,9,0.85
14,70,9,0.01
14,73,9,0.37
14,89,9,0.63
14,96,9,0.54
14,13,10,0.91
14,14,10,0
14,16,10,0.23
14,19,10,0.45
14,22,10,0.56
14,31,10,0.41
14,33,10,0.1
14,67,10,0.13
14,72,10,0.28
14,86,10,0.42
14,91,10,0.05
15,0,15,0.61
15,8,15,0.72
15,15,15,0
15,16,15,0.11
15,21,15,0.04
15,25,15,0.6
15,27,15,0.22
15,31,15,0.83
15,36,15,0.17
15,37,15,0.7
15,49,15,0.37
15,64,15,0.05
15,69,15,0.9
15,70,15,0.97
15,77,15,0.44
15,83,15,0.41
15,6,18,0.79
15,7,18,0.17
15,10,18,0.06
15,13,18,0.6
15,15,18,0
15,26,18,0.34
15,32,18,0.31
15,42,18,0.1
15,46,18,0.72
15,47,18,0.53
15,48,18,0.53
15,76,18,0.46
15,82,18,0.96
15,92,18,0.42
15,98,18,0.38
16,0,15,0.08
16,8,15,0.2
16,15,15,0.93
16,16,15,0
16,21,15,0.03
16,25,15,0.16
16,27,15,0.67
16,31,15,0.53
16,36,15,0.36
16,37,15,0.91
16,49,15,0.43
16,64,15,0.21
16,69,15,0.62
16,70,15,0.43
16,77,15,0.29
16,83,15,0.86
16,13,10,0.25
16,14,10,0.48
16,16,10,0
16,19,10,0.21
16,22,10,0.91
16,31,10,0.23
16,33,10,0.18
16,67,10,0.47
16,72,10,0.88
16,86,10,0.05
16,91,10,0.87
16,13,6,0.79
16,16,6,0
16,17,6,0.92
16,28,6,0.8
16,29,6,0.3
16,38,6,0.34
16,41,6,0.75
16,44,6,0.66
16,47,6,0.32
16,49,6,0.05
16,50,6,0.68
16,51,6,0.9
16,53,6,0.8
16,54,6,0.69
16,56,6,0.83
16,57,6,0.44
16,60,6,0.47
16,65,6,0.49
16,66,6,0.71
16,68,6,0.8
16,86,6,0.84
16,88,6,0.64
16,90,6,0.21
16,97,6,0.11
16,99,6,0.87
16,4,3,0.68
16,16,3,0
16,20,3,0.99
16,27,3,0.32
16,36,3,0.08
16,40,3,0.69
16,45,3,0.84
16,46,3,0.16
16,63,3,0.89
16,86,3,0.71
16,87,3,0.21
16,95,3,0.1
16,96,3,0.25
16,97,3,0.0
17,13,6,0.47
17,16,6,0.96
17,17,6,0
17,28,6,0.75
17,29,6,0.15
17,38,6,0.35
17,41,6,0.58
17,44,6,0.36
17,47,6,0.83
17,49,6,0.34
17,50,6,0.32
17,51,6,0.98
17,53,6,0.94
17,54,6,0.42
17,56,6,0.35
17,57,6,0.37
17,60,6,0.2
17,65,6,0.38
17,66,6,0.84
17,68,6,0.53
17,86,6,0.92
17,88,6,0.52
17,90,6,0.14
17,97,6,0.95
17,99,6,0.25
17,10,2,0.84
17,12,2,0.34
17,17,2,0
17,28,2,0.34
17,31,2,0.56
17,32,2,0.48
17,46,2,0.03
17,62,2,0.7
17,71,2,0.11
17,74,2,0.85
17,76,2,0.72
17,92,2,0.95
17,97,2,0.69
17,2,13,0.53
17,14,13,0.6
17,17,13,0
17,21,13,0.83
17,23,13,0.72
17,35,13,0.6
17,36,13,0.98
17,38,13,0.77
17,43,13,0.58
17,61,13,0.12
17,63,13,0.87
17,65,13,0.01
17,80,13,0.99
17,81,13,0.61
17,83,13,0.65
17,84,13,0.8
18,5,7,0.02
18,6,7,0.27
18,8,7,0.92
18,12,7,0.54
18,18,7,0
18,19,7,0.25
18,20,7,0.9
18,26,7,0.74
18,29,7,0.57
18,43,7,0.32
18,51,7,0.18
18,52,7,0.17
18,57,7,0.04
18,62,7,0.63
18,68,7,0.62
18,70,7,0.35
18,86,7,0.69
18,89,7,0.94
18,92,7,0.15
18,99,7,0.41
18,0,9,0.27
18,6,9,0.36
18,9,9,0.58
18,14,9,0.91
18,18,9,0
18,30,9,0.53
18,59,9,0.2
18,70,9,0.43
18,73,9,0.36
18,89,9,0.63
18,96,9,0.99
19,3,16,0.69
19,4,16,0.47
19,19,16,0
19,23,16,0.17
19,25,16,0.36
19,34,16,0.17
19,37,16,0.8
19,44,16,0.49
19,45,16,0.0
19,52,16,0.7
19,55,16,0.5
19,56,16,0.87
19,62,16,0.85
19,72,16,0.81
19,75,16,0.41
19,76,16,0.34
19,99,16,0.48
19,5,7,0.8
19,6,7,0.79
19,8,7,0.61
19,12,7,0.03
19,18,7,0.01
19,19,7,0
19,20,7,0.67
19,26,7,0.66
19,29,7,0.12
19,43,7,0.01
19,51,7,0.62
19,52,7,0.25
19,57,7,0.41
19,62,7,0.78
19,68,7,0.04
19,70,7,0.05
19,86,7,0.99
19,89,7,0.18
19,92,7,0.85
19,99,7,0.99
19,13,10,0.67
19,14,10,0.25
19,16,10,0.77
19,19,10,0
19,22,10,0.62
19,31,10,0.97
19,33,10,0.11
19,67,10,0.68
19,72,10,0.35
19,86,10,0.7
19,91,10,0.71
19,2,4,0.24
19,3,4,0.82
19,4,4,0.27
19,8,4,0.05
19,19,4,0
19,24,4,0.51
19,29,4,0.08
19,33,4,0.59
19,34,4,0.54
19,39,4,0.5
19,41,4,0.71
19,48,4,0.17
19,52,4,0.38
19,53,4,0.53
19,58,4,0.09
19,59,4,0.34
19,62,4,0.5
19,64,4,0.4
19,67,4,0.04
19,69,4,0.04
19,71,4,0.95
19,77,4,0.87
19,78,4,0.27
19,89,4,0.33
19,92,4,0.48
20,5,1,0.41
20,9,1,0.44
20,20,1,0
20,33,1,0.22
20,37,1,0.15
20,40,1,0.21
20,45,1,0.16
20,55,1,0.54
20,57,1,0.15
20,59,1,0.74
20,61,1,0.23
20,73,1,0.88
20,78,1,0.37
20,88,1,0.23
20,4,3,0.79
20,16,3,0.5
20,20,3,0
20,27,3,0.25
20,36,3,0.93
20,40,3,0.17
20,45,3,0.04
20,46,3,0.36
20,63,3,0.99
20,86,3,0.22
20,87,3,0.24
20,95,3,0.06
20,96,3,0.28
20,97,3,0.78
20,5,7,0.03
20,6,7,0.53
20,8,7,0.2
20,12,7,0.76
20,18,7,0.51
20,19,7,0.66
20,20,7,0
20,26,7,0.87
20,29,7,0.97
20,43,7,0.24
20,51,7,0.65
20,52,7,1.0
20,57,7,0.26
20,62,7,0.02
20,68,7,0.98
20,70,7,0.93
20,86,7,0.82
20,89,7,0.4
20,92,7,0.17
20,99,7,0.89
21,21,17,0
21,25,17,0.29
21,26,17,0.06
21,30,17,0.3
21,31,17,0.31
21,34,17,0.11
21,35,17,0.9
21,39,17,0.96
21,58,17,0.68
21,64,17,0.45
21,82,17,0.73
21,94,17,0.6
21,2,13,0.21
21,14,13,0.25
21,17,13,0.7
21,21,13,0
21,23,13,0.17
21,35,13,0.79
21,36,13,0.55
21,38,13,0.21
21,43,13,0.66
21,61,13,0.57
21,63,13,0.86
21,65,13,0.64
21,80,13,0.05
21,81,13,0.48
21,83,13,0.33
21,84,13,0.41
21,0,15,0.63
21,8,15,0.37
21,15,15,0.92
21,16,15,0.24
21,21,15,0
21,25,15,0.53
21,27,15,0.77
21,31,15,0.81
21,36,15,0.11
21,37,15,0.67
21,49,15,0.63
21,64,15,0.59
21,69,15,0.75
21,70,15,0.26
21,77,15,0.58
21,83,15,0.7
21,3,12,0.68
21,21,12,0
21,23,12,0.63
21,25,12,0.92
21,28,12,0.99
21,32,12,0.07
21,34,12,0.15
21,48,12,0.23
21,50,12,0.81
21,69,12,0.08
21,74,12,0.2
21,79,12,0.59
21,84,12,0.52
21,98,12,0.34
22,1,8,0.46
22,7,8,0.8
22,9,8,0.72
22,22,8,0
22,24,8,0.19
22,26,8,0.77
22,52,8,0.95
22,57,8,0.82
22,72,8,0.66
22,75,8,0.02
22,76,8,0.35
22,77,8,0.61
22,79,8,0.66
22,85,8,0.33
22,87,8,0.69
22,94,8,0.67
22,1,5,0.85
22,14,5,0.88
22,22,5,0
22,44,5,0.81
22,60,5,0.15
22,65,5,0.05
22,70,5,0.16
22,72,5,0.78
22,87,5,0.8
22,88,5,0.72
22,90,5,0.34
22,98,5,0.91
22,13,10,0.37
22,14,10,0.57
22,16,10,0.6
22,19,10,0.84
22,22,10,0
22,31,10,0.04
22,33,10,0.19
22,67,10,0.77
22,72,10,0.12
22,86,10,0.24
22,91,10,0.09
22,1,0,0.67
22,11,0,0.39
22,22,0,0
22,23,0,0.27
22,27,0,0.94
22,35,0,0.23
22,40,0,0.32
22,47,0,0.9
22,48,0,0.82
22,49,0,0.46
22,53,0,0.21
22,54,0,0.3
22,68,0,0.91
22,69,0,0.81
22,73,0,0.87
22,79,0,0.77
22,88,0,0.61
22,91,0,0.95
23,1,0,0.42
23,11,0,0.35
23,22,0,0.01
23,23,0,0
23,27,0,0.4
23,35,0,0.05
23,40,0,0.8
23,47,0,0.51
23,48,0,0.91
23,49,0,0.47
23,53,0,0.94
23,54,0,0.53
23,68,0,0.55
23,69,0,0.28
23,73,0,0.42
23,79,0,0.11
23,88,0,0.12
23,91,0,0.55
23,3,12,0.55
23,21,12,0.84
23,23,12,0
23,25,12,0.09
23,28,12,0.16
23,32,12,1.0
23,34,12,0.42
23,48,12,0.79
23,50,12,0.31
23,69,12,0.58
23,74,12,0.34
23,79,12,0.26
23,84,12,0.32
23,98,12,0.81
23,3,16,0.93
23,4,16,0.24
23,19,16,0.51
23,23,16,0
23,25,16,0.51
23,34,16,0.49
23,37,16,0.36
23,44,16,0.89
23,45,16,0.85
23,52,16,0.81
23,55,16,0.09
23,56,16,0.48
23,62,16,0.87
23,72,16,0.35
23,75,16,0.74
23,76,16,0.26
23,99,16,0.3
23,2,13,0.42
23,14,13,0.97
23,17,13,0.75
23,21,13,0.8
23,23,13,0
23,35,13,1.0
23,36,13,0.01
23,38,13,0.72
23,43,13,0.31
23,61,13,0.51
23,63,13,0.73
23,65,13,0.42
23,80,13,0.23
23,81,13,0.52
23,83,13,0.87
23,84,13,0.55
24,2,4,0.57
24,3,4,0.83
24,4,4,0.57
24,8,4,0.14
24,19,4,0.69
24,24,4,0
24,29,4,0.54
24,33,4,0.79
24,34,4,0.59
24,39,4,0.74
24,41,4,0.44
24,48,4,0.29
24,52,4,0.57
24,53,4,0.11
24,58,4,0.17
24,59,4,0.5
24,62,4,0.8
24,64,4,0.99
24,67,4,0.22
24,69,4,0.62
24,71,4,0.56
24,77,4,0.25
24,78,4,0.92
24,89,4,0.74
24,92,4,0.59
24,7,19,0.26
24,10,19,0.73
24,11,19,0.51
24,24,19,0
24,32,19,0.25
24,40,19,0.55
24,47,19,0.42
24,54,19,0.65
24,59,19,0.2
24,68,19,0.36
24,73,19,0.39
24,75,19,0.85
24,79,19,0.48
24,81,19,1.0
24,85,19,0.25
24,87,19,0.27
24,93,19,0.04
24,95,19,0.18
24,1,8,0.21
24,7,8,0.1
24,9,8,0.5
24,22,8,0.35
24,24,8,0
24,26,8,0.38
24,52,8,0.28
24,57,8,0.79
24,72,8,0.14
24,75,8,0.16
24,76,8,0.13
24,77,8,0.6
24,79,8,0.64
24,85,8,0.69
24,87,8,0.31
24,94,8,1.0
25,21,17,0.47
25,25,17,0
25,26,17,0.72
25,30,17,0.95
25,31,17,0.52
25,34,17,0.43
25,35,17,0.46
25,39,17,0.29
25,58,17,0.5
25,64,17,0.2
25,82,17,0.74
25,94,17,0.95
25,0,15,0.09
25,8,15,0.51
25,15,15,0.61
25,16,15,0.67
25,21,15,0.45
25,25,15,0
25,27,15,0.47
25,31,15,0.1
25,36,15,0.54
25,37,15,0.2
25,49,15,0.61
25,64,15,0.47
25,69,15,0.57
25,70,15,0.77
25,77,15,0.36
25,83,15,0.23
25,3,16,0.44
25,4,16,0.5
25,19,16,0.62
25,23,16,0.61
25,25,16,0
25,34,16,0.08
25,37,16,0.98
25,44,16,0.61
25,45,16,0.14
25,52,16,0.36
25,55,16,0.1
25,56,16,0.86
25,62,16,0.74
25,72,16,0.9
25,75,16,0.19
25,76,16,0.16
25,99,16,0.08
25,3,12,0.43
25,21,12,0.24
25,23,12,0.34
25,25,12,0
25,28,12,0.47
25,32,12,0.26
25,34,12,0.54
25,48,12,0.36
25,50,12,0.47
25,69,12,0.16
25,74,12,0.46
25,79,12,0.2
25,84,12,0.25
25,98,12,0.27
26,21,17,0.57
26,25,17,0.77
26,26,17,0
26,30,17,0.36
26,31,17,0.27
26,34,17,0.94
26,35,17,0.91
26,39,17,0.87
26,58,17,0.43
26,64,17,0.48
26,82,17,0.13
26,94,17,0.52
26,1,8,0.05
26,7,8,0.88
26,9,8,0.26
26,22,8,0.94
26,24,8,0.63
26,26,8,0
26,52,8,0.45
26,57,8,0.31
26,72,8,0.44
26,75,8,0.13
26,76,8,0.94
26,77,8,0.35
26,79,8,0.18
26,85,8,0.4
26,87,8,0.96
26,94,8,0.1
26,6,18,0.62
26,7,18,0.42
26,10,18,0.21
26,13,18,0.95
26,15,18,0.66
26,26,18,0
26,32,18,0.4
26,42,18,0.48
26,46,18,0.24
26,47,18,0.74
26,48,18,0.62
26,76,18,0.99
26,82,18,0.51
26,92,18,0.78
26,98,18,0.17
26,5,7,0.06
26,6,7,0.56
26,8,7,0.75
26,12,7,0.1
26,18,7,0.23
26,19,7,0.84
26,20,7,0.89
26,26,7,0
26,29,7,0.18
26,43,7,0.52
26,51,7,0.06
26,52,7,0.23
26,57,7,0.22
26,62,7,0.96
26,68,7,0.17
26,70,7,0.59
26,86,7,0.93
26,89,7,0.7
26,92,7,0.56
26,99,7,0.16
27,1,0,0.74
27,11,0,0.97
27,22,0,0.27
27,23,0,0.12
27,27,0,0
27,35,0,0.4
27,40,0,0.76
27,47,0,0.57
27,48,0,0.79
27,49,0,0.99
27,53,0,0.75
27,54,0,0.74
27,68,0,0.92
27,69,0,0.48
27,73,0,0.6
27,79,0,0.35
27,88,0,0.41
27,91,0,0.04
27,0,15,0.46
27,8,15,0.18
27,15,15,0.74
27,16,15,0.22
27,21,15,0.67
27,25,15,0.5
27,27,15,0
27,31,15,0.68
27,36,15,0.4
27,37,15,0.25
27,49,15,0.71
27,64,15,0.2
27,69,15,0.58
27,70,15,0.62
27,77,15,0.87
27,83,15,0.16
27,4,3,0.93
27,16,3,0.43
27,20,3,0.59
27,27,3,0
27,36,3,0.64
27,40,3,0.94
27,45,3,0.34
27,46,3,0.16
27,63,3,0.58
27,86,3,0.95
27,87,3,0.78
27,95,3,0.13
27,96,3,0.76
27,97,3,0.92
28,3,12,0.7
28,21,12,0.65
28,23,12,0.41
28,25,12,0.25
28,28,12,0
28,32,12,0.39
28,34,12,0.86
28,48,12,0.79
28,50,12,0.06
28,69,12,0.86
28,74,12,0.96
28,79,12,0.61
28,84,12,0.56
28,98,12,0.58
28,10,2,0.1
28,12,2,0.15
28,17,2,0.7
28,28,2,0
28,31,2,0.87
28,32,2,0.07
28,46,2,0.18
28,62,2,0.66
28,71,2,0.41
28,74,2,0.01
28,76,2,0.67
28,92,2,0.02
28,97,2,0.83
28,13,6,0.24
28,16,6,0.28
28,17,6,0.3
28,28,6,0
28,29,6,0.94
28,38,6,0.71
28,41,6,0.07
28,44,6,0.39
28,47,6,0.01
28,49,6,0.87
28,50,6,0.81
28,51,6,0.53
28,53,6,0.45
28,54,6,0.86
28,56,6,0.55
28,57,6,0.54
28,60,6,0.47
28,65,6,0.22
28,66,6,0.25
28,68,6,0.04
28,86,6,0.51
28,88,6,0.18
28,90,6,0.4
28,97,6,0.57
28,99,6,0.81
29,5,7,0.84
29,6,7,0.52
29,8,7,0.36
29,12,7,0.59
29,18,7,0.23
29,19,7,0.8
29,20,7,0.11
29,26,7,0.52
29,29,7,0
29,43,7,0.46
29,51,7,0.46
29,52,7,0.06
29,57,7,0.98
29,62,7,0.3
29,68,7,0.98
29,70,7,0.07
29,86,7,0.7
29,89,7,0.71
29,92,7,0.25
29,99,7,0.7
29,2,4,0.45
29,3,4,0.95
29,4,4,0.96
29,8,4,0.34
29,19,4,0.77
29,24,4,0.06
29,29,4,0
29,33,4,0.36
29,34,4,0.46
29,39,4,0.95
29,41,4,0.04
29,48,4,0.16
29,52,4,0.14
29,53,4,0.55
29,58,4,0.43
29,59,4,0.59
29,62,4,0.65
29,64,4,0.65
29,67,4,0.28
29,69,4,0.35
29,71,4,0.47
29,77,4,0.72
29,78,4,0.38
29,89,4,0.33
29,92,4,0.79
29,13,6,0.75
29,16,6,0.21
29,17,6,0.62
29,28,6,0.18
29,29,6,0
29,38,6,0.87
29,41,6,0.7
29,44,6,0.65
29,47,6,0.77
29,49,6,0.64
29,50,6,0.63
29,51,6,0.38
29,53,6,0.09
29,54,6,0.37
29,56,6,0.48
29,57,6,0.89
29,60,6,0.91
29,65,6,0.17
29,66,6,0.74
29,68,6,0.06
29,86,6,0.99
29,88,6,0.15
29,90,6,0.95
29,97,6,0.81
29,99,6,0.08
30,0,9,0.95
30,6,9,0.56
30,9,9,0.63
30,14,9,0.69
30,18,9,0.53
30,30,9,0
30,59,9,0.88
30,70,9,0.42
30,73,9,0.96
30,89,9,0.38
30,96,9,0.17
30,21,17,0.3
30,25,17,0.6
30,26,17,0.92
30,30,17,0
30,31,17,0.73
30,34,17,0.77
30,35,17,0.67
30,39,17,0.24
30,58,17,0.29
30,64,17,0.5
30,82,17,0.83
30,94,17,0.76
31,21,17,0.94
31,25,17,0.9
31,26,17,0.85
31,30,17,0.34
31,31,17,0
31,34,17,0.57
31,35,17,0.13
31,39,17,0.81
31,58,17,0.56
31,64,17,0.45
31,82,17,0.59
31,94,17,0.09
31,0,15,0.66
31,8,15,0.49
31,15,15,0.4
31,16,15,0.46
31,21,15,0.21
31,25,15,0.07
31,27,15,0.89
31,31,15,0
31,36,15,0.79
31,37,15,0.05
31,49,15,0.11
31,64,15,0.29
31,69,15,0.17
31,70,15,0.22
31,77,15,0.84
31,83,15,0.36
31,13,10,0.16
31,14,10,0.76
31,16,10,0.47
31,19,10,0.63
31,22,10,0.13
31,31,10,0
31,33,10,0.41
31,67,10,0.2
31,72,10,0.32
31,86,10,0.73
31,91,10,0.86
31,10,2,0.85
31,12,2,0.75
31,17,2,0.96
31,28,2,0.85
31,31,2,0
31,32,2,0.89
31,46,2,0.7
31,62,2,0.04
31,71,2,0.23
31,74,2,0.87
31,76,2,0.93
31,92,2,0.74
31,97,2,0.31
32,6,18,0.48
32,7,18,0.59
32,10,18,0.27
32,13,18,0.61
32,15,18,0.69
32,26,18,0.23
32,32,18,0
32,42,18,0.89
32,46,18,0.26
32,47,18,0.8
32,48,18,0.91
32,76,18,0.71
32,82,18,0.81
32,92,18,0.63
32,98,18,0.53
32,10,2,0.46
32,12,2,0.12
32,17,2,0.53
32,28,2,0.43
32,31,2,0.04
32,32,2,0
32,46,2,0.22
32,62,2,0.04
32,71,2,0.75
32,74,2,0.87
32,76,2,0.17
32,92,2,0.55
32,97,2,0.22
32,3,12,0.47
32,21,12,0.2
32,23,12,0.26
32,25,12,0.12
32,28,12,0.76
32,32,12,0
32,34,12,0.09
32,48,12,0.53
32,50,12,0.06
32,69,12,0.09
32,74,12,0.73
32,79,12,0.9
32,84,12,0.76
32,98,12,0.7
32,7,19,0.92
32,10,19,0.08
32,11,19,0.56
32,24,19,0.1
32,32,19,0
32,40,19,0.15
32,47,19,0.6
32,54,19,0.57
32,59,19,0.39
32,68,19,0.91
32,73,19,0.87
32,75,19,0.3
32,79,19,0.21
32,81,19,0.76
32,85,19,0.18
32,87,19,0.08
32,93,19,0.3
32,95,19,0.58
33,2,4,0.99
33,3,4,0.65
33,4,4,0.88
33,8,4,0.41
33,19,4,0.25
33,24,4,0.47
33,29,4,0.65
33,33,4,0
33,34,4,0.64
33,39,4,0.98
33,41,4,0.72
33,48,4,0.01
33,52,4,0.32
33,53,4,0.58
33,58,4,0.74
33,59,4,0.91
33,62,4,0.14
33,64,4,0.62
33,67,4,0.38
33,69,4,0.31
33,71,4,0.44
33,77,4,0.17
33,78,4,0.73
33,89,4,0.18
33,92,4,0.59
33,13,10,0.36
33,14,10,0.77
33,16,10,0.05
33,19,10,0.25
33,22,10,0.73
33,31,10,0.65
33,33,10,0
33,67,10,0.04
33,72,10,0.13
33,86,10,0.98
33,91,10,0.27
33,5,1,0.94
33,9,1,0.78
33,20,1,0.78
33,33,1,0
33,37,1,0.58
33,40,1,0.07
33,45,1,0.26
33,55,1,0.21
33,57,1,0.19
33,59,1,0.93
33,61,1,0.57
33,73,1,0.03
33,78,1,0.99
33,88,1,0.84
34,2,4,0.29
34,3,4,0.13
34,4,4,0.56
34,8,4,0.78
34,19,4,0.79
34,24,4,0.08
34,29,4,0.3
34,33,4,0.65
34,34,4,0
34,39,4,0.74
34,41,4,0.6
34,48,4,0.69
34,52,4,0.1
34,53,4,0.31
34,58,4,0.66
34,59,4,0.39
34,62,4,0.66
34,64,4,0.88
34,67,4,0.17
34,69,4,0.05
34,71,4,0.69
34,77,4,0.1
34,78,4,0.75
34,89,4,0.72
34,92,4,0.67
34,3,12,0.45
34,21,12,0.24
34,23,12,0.17
34,25,12,0.07
34,28,12,0.05
34,32,12,0.55
34,34,12,0
34,48,12,0.46
34,50,12,0.66
34,69,12,0.62
34,74,12,0.32
34,79,12,0.13
34,84,12,0.51
34,98,12,0.82
34,3,16,0.23
34,4,16,0.61
34,19,16,0.65
34,23,16,0.18
34,25,16,0.71
34,34,16,0
34,37,16,0.92
34,44,16,0.39
34,45,16,0.95
34,52,16,0.21
34,55,16,0.68
34,56,16,0.43
34,62,16,0.26
34,72,16,0.21
34,75,16,0.83
34,76,16,0.28
34,99,16,0.02
34,21,17,0.4
34,25,17,0.18
34,26,17,0.62
34,30,17,0.4
34,31,17,0.8
34,34,17,0
34,35,17,0.77
34,39,17,0.6
34,58,17,0.71
34,64,17,0.9
34,82,17,0.4
34,94,17,0.71
35,21,17,0.32
35,25,17,0.48
35,26,17,0.39
35,30,17,0.11
35,31,17,0.27
35,34,17,0.63
35,35,17,0
35,39,17,0.06
35,58,17,0.81
35,64,17,0.76
35,82,17,0.61
35,94,17,0.58
35,1,0,0.84
35,11,0,1.0
35,22,0,0.71
35,23,0,0.03
35,27,0,0.51
35,35,0,0
35,40,0,0.58
35,47,0,0.33
35,48,0,0.59
35,49,0,0.61
35,53,0,0.32
35,54,0,0.41
35,68,0,0.78
35,69,0,0.99
35,73,0,0.41
35,79,0,0.03
35,88,0,0.04
35,91,0,0.15
35,2,13,0.13
35,14,13,0.96
35,17,13,0.04
35,21,13,0.76
35,23,13,0.95
35,35,13,0
35,36,13,0.02
35,38,13,0.88
35,43,13,0.75
35,61,13,0.86
35,63,13,0.58
35,65,13,0.88
35,80,13,0.04
35,81,13,0.18
35,83,13,0.92
35,84,13,0.17
36,0,15,0.11
36,8,15,0.19
36,15,15,0.63
36,16,15,0.59
36,21,15,0.95
36,25,15,0.14
36,27,15,0.41
36,31,15,0.84
36,36,15,0
36,37,15,0.92
36,49,15,0.46
36,64,15,0.92
36,69,15,0.91
36,70,15,0.15
36,77,15,0.82
36,83,15,0.96
36,4,3,0.93
36,16,3,0.95
36,20,3,0.71
36,27,3,0.17
36,36,3,0
36,40,3,0.69
36,45,3,0.95
36,46,3,0.06
36,63,3,0.77
36,86,3,0.52
36,87,3,0.44
36,95,3,0.53
36,96,3,0.65
36,97,3,0.18
36,2,13,0.2
36,14,13,0.23
36,17,13,0.84
36,21,13,0.46
36,23,13,0.16
36,35,13,0.64
36,36,13,0
36,38,13,0.63
36,43,13,0.15
36,61,13,0.35
36,63,13,0.03
36,65,13,0.97
36,80,13,0.27
36,81,13,0.82
36,83,13,0.92
36,84,13,0.46
37,5,1,0.62
37,9,1,0.71
37,20,1,0.69
37,33,1,0.89
37,37,1,0
37,40,1,0.17
37,45,1,0.72
37,55,1,0.43
37,57,1,0.76
37,59,1,0.55
37,61,1,0.37
37,73,1,0.38
37,78,1,0.14
37,88,1,0.35
37,0,15,0.8
37,8,15,0.59
37,15,15,0.35
37,16,15,0.51
37,21,15,0.41
37,25,15,0.37
37,27,15,0.7
37,31,15,0.87
37,36,15,0.51
37,37,15,0
37,49,15,0.06
37,64,15,0.73
37,69,15,0.1
37,70,15,0.63
37,77,15,0.45
37,83,15,0.38
37,3,16,0.79
37,4,16,0.05
37,19,16,0.68
37,23,16,0.46
37,25,16,0.4
37,34,16,0.74
37,37,16,0
37,44,16,0.15
37,45,16,0.87
37,52,16,0.02
37,55,16,0.06
37,56,16,0.7
37,62,16,0.09
37,72,16,0.53
37,75,16,0.37
37,76,16,0.38
37,99,16,0.35
38,3,11,1.0
38,5,11,0.18
38,38,11,0
38,49,11,0.02
38,55,11,0.04
38,71,11,0.22
38,74,11,0.85
38,89,11,0.35
38,90,11,0.03
38,13,6,0.97
38,16,6,0.01
38,17,6,0.57
38,28,6,0.24
38,29,6,0.29
38,38,6,0
38,41,6,0.04
38,44,6,0.53
38,47,6,0.56
38,49,6,0.51
38,50,6,0.69
38,51,6,0.02
38,53,6,0.05
38,54,6,0.22
38,56,6,0.7
38,57,6,0.48
38,60,6,0.24
38,65,6,0.58
38,66,6,0.1
38,68,6,0.33
38,86,6,0.17
38,88,6,0.93
38,90,6,0.46
38,97,6,0.68
38,99,6,0.57
38,2,13,0.21
38,14,13,0.58
38,17,13,0.14
38,21,13,0.69
38,23,13,0.68
38,35,13,0.06
38,36,13,0.27
38,38,13,0
38,43,13,0.74
38,61,13,0.72
38,63,13,0.57
38,65,13,0.24
38,80,13,0.27
38,81,13,0.99
38,83,13,0.03
38,84,13,0.76
39,2,4,0.02
39,3,4,0.83
39,4,4,0.73
39,8,4,0.63
39,19,4,0.82
39,24,4,0.63
39,29,4,0.65
39,33,4,0.36
39,34,4,0.6
39,39,4,0
39,41,4,0.79
39,48,4,0.9
39,52,4,0.74
39,53,4,0.76
39,58,4,0.48
39,59,4,0.47
39,62,4,0.77
39,64,4,0.26
39,67,4,0.37
39,69,4,0.78
39,71,4,0.07
39,77,4,0.35
39,78,4,0.82
39,89,4,0.58
39,92,4,0.11
39,21,17,0.68
39,25,17,0.96
39,26,17,0.85
39,30,17,0.65
39,31,17,0.15
39,34,17,0.74
39,35,17,0.05
39,39,17,0
39,58,17,0.12
39,64,17,0.35
39,82,17,0.79
39,94,17,0.9
40,7,19,0.98
40,10,19,0.58
40,11,19,0.71
40,24,19,0.11
40,32,19,0.85
40,40,19,0
40,47,19,0.07
40,54,19,0.83
40,59,19,0.28
40,68,19,0.87
40,73,19,0.08
40,75,19,0.19
40,79,19,0.89
40,81,19,0.3
40,85,19,0.46
40,87,19,0.94
40,93,19,0.23
40,95,19,0.15
40,5,1,0.95
40,9,1,0.94
40,20,1,0.38
40,33,1,0.48
40,37,1,0.37
40,40,1,0
40,45,1,0.21
40,55,1,0.3
40,57,1,0.23
40,59,1,1.0
40,61,1,0.4
40,73,1,0.34
40,78,1,0.16
40,88,1,0.71
40,1,0,0.13
40,11,0,1.0
40,22,0,0.67
40,23,0,0.63
40,27,0,0.66
40,35,0,0.25
40,40,0,0
40,47,0,0.7
40,48,0,0.95
40,49,0,0.66
40,53,0,0.72
40,54,0,0.09
40,68,0,0.05
40,69,0,0.52
40,73,0,0.45
40,79,0,0.92
40,88,0,0.4
40,91,0,0.65
40,4,3,0.25
40,16,3,0.57
40,20,3,0.07
40,27,3,0.47
40,36,3,0.93
40,40,3,0
40,45,3,0.8
40,46,3,0.34
40,63,3,0.84
40,86,3,0.32
40,87,3,0.2
40,95,3,0.25
40,96,3,0.07
40,97,3,0.15
41,2,4,0.49
41,3,4,0.41
41,4,4,0.15
41,8,4,0.96
41,19,4,0.3
41,24,4,0.56
41,29,4,0.99
41,33,4,0.63
41,34,4,0.32
41,39,4,0.74
41,41,4,0
41,48,4,0.53
41,52,4,0.47
41,53,4,0.92
41,58,4,0.23
41,59,4,0.74
41,62,4,0.11
41,64,4,0.14
41,67,4,0.47
41,69,4,0.95
41,71,4,0.57
41,77,4,0.76
41,78,4,0.9
41,89,4,0.34
41,92,4,0.36
41,13,6,0.6
41,16,6,0.19
41,17,6,0.03
41,28,6,0.86
41,29,6,0.93
41,38,6,0.62
41,41,6,0
41,44,6,0.99
41,47,6,0.07
41,49,6,0.93
41,50,6,0.23
41,51,6,0.32
41,53,6,0.49
41,54,6,0.15
41,56,6,0.35
41,57,6,0.0
41,60,6,0.54
41,65,6,0.7
41,66,6,0.93
41,68,6,0.22
41,86,6,0.42
41,88,6,0.36
41,90,6,0.37
41,97,6,0.05
41,99,6,0.58
42,6,18,0.57
42,7,18,0.66
42,10,18,0.21
42,13,18,0.5
42,15,18,0.49
42,26,18,0.79
42,32,18,0.57
42,42,18,0
42,46,18,0.26
42,47,18,0.01
42,48,18,0.45
42,76,18,0.72
42,82,18,0.07
42,92,18,0.67
42,98,18,0.58
42,0,14,0.28
42,42,14,0
42,46,14,0.17
42,55,14,0.78
42,56,14,0.43
42,58,14,0.47
42,63,14,0.64
42,66,14,0.68
42,80,14,0.65
42,93,14,0.62
42,97,14,0.73
42,98,14,0.6
43,2,13,0.26
43,14,13,0.38
43,17,13,0.04
43,21,13,0.47
43,23,13,0.43
43,35,13,0.86
43,36,13,0.85
43,38,13,0.4
43,43,13,0
43,61,13,0.82
43,63,13,0.41
43,65,13,0.62
43,80,13,0.5
43,81,13,0.29
43,83,13,0.23
43,84,13,0.93
43,5,7,0.59
43,6,7,0.6
43,8,7,0.99
43,12,7,0.71
43,18,7,0.96
43,19,7,0.92
43,20,7,0.95
43,26,7,0.28
43,29,7,0.84
43,43,7,0
43,51,7,0.32
43,52,7,0.9
43,57,7,0.29
43,62,7,0.57
43,68,7,0.51
43,70,7,0.9
43,86,7,0.0
43,89,7,0.82
43,92,7,1.0
43,99,7,0.26
44,13,6,0.0
44,16,6,0.0
44,17,6,0.9
44,28,6,0.93
44,29,6,0.74
44,38,6,0.48
44,41,6,0.47
44,44,6,0
44,47,6,0.89
44,49,6,0.15
44,50,6,0.3
44,51,6,0.2
44,53,6,0.81
44,54,6,0.28
44,56,6,0.06
44,57,6,0.33
44,60,6,0.77
44,65,6,0.82
44,66,6,0.94
44,68,6,0.38
44,86,6,0.07
44,88,6,0.88
44,90,6,0.59
44,97,6,0.95
44,99,6,0.13
44,1,5,0.71
44,14,5,0.97
44,22,5,0.3
44,44,5,0
44,60,5,0.05
44,65,5,0.14
44,70,5,0.04
44,72,5,0.16
44,87,5,0.03
44,88,5,0.08
44,90,5,0.02
44,98,5,0.44
44,3,16,0.5
44,4,16,0.65
44,19,16,0.96
44,23,16,0.36
44,25,16,0.62
44,34,16,0.31
44,37,16,0.68
44,44,16,0
44,45,16,0.77
44,52,16,0.14
44,55,16,0.99
44,56,16,0.6
44,62,16,0.71
44,72,16,0.45
44,75,16,0.69
44,76,16,0.37
44,99,16,1.0
45,3,16,0.1
45,4,16,0.92
45,19,16,0.36
45,23,16,0.87
45,25,16,0.35
45,34,16,0.53
45,37,16,0.33
45,44,16,0.46
45,45,16,0
45,52,16,0.98
45,55,16,0.37
45,56,16,0.13
45,62,16,0.47
45,72,16,0.64
45,75,16,0.49
45,76,16,0.89
45,99,16,0.75
45,5,1,0.18
45,9,1,0.53
45,20,1,0.53
45,33,1,0.82
45,37,1,0.22
45,40,1,0.67
45,45,1,0
45,55,1,0.21
45,57,1,0.06
45,59,1,0.08
45,61,1,0.31
45,73,1,0.05
45,78,1,0.27
45,88,1,0.49
45,4,3,0.28
45,16,3,0.35
45,20,3,0.01
45,27,3,0.66
45,36,3,0.44
45,40,3,0.89
45,45,3,0
45,46,3,0.35
45,63,3,0.87
45,86,3,0.07
45,87,3,0.77
45,95,3,0.89
45,96,3,0.87
45,97,3,0.28
46,6,18,0.31
46,7,18,0.39
46,10,18,0.06
46,13,18,0.9
46,15,18,0.66
46,26,18,0.76
46,32,18,0.19
46,42,18,0.14
46,46,18,0
46,47,18,0.02
46,48,18,0.46
46,76,18,0.91
46,82,18,0.92
46,92,18,0.42
46,98,18,0.4
46,4,3,0.14
46,16,3,0.25
46,20,3,1.0
46,27,3,0.06
46,36,3,0.04
46,40,3,0.01
46,45,3,0.95
46,46,3,0
46,63,3,0.02
46,86,3,0.69
46,87,3,0.69
46,95,3,0.57
46,96,3,0.38
46,97,3,0.54
46,0,14,0.23
46,42,14,0.22
46,46,14,0
46,55,14,0.23
46,56,14,0.94
46,58,14,0.37
46,63,14,0.22
46,66,14,0.32
46,80,14,0.44
46,93,14,0.54
46,97,14,0.51
46,98,14,0.91
46,10,2,0.43
46,12,2,0.62
46,17,2,0.08
46,28,2,0.42
46,31,2,0.04
46,32,2,0.73
46,46,2,0
46,62,2,0.38
46,71,2,0.99
46,74,2,0.9
46,76,2,0.49
46,92,2,0.61
46,97,2,0.43
47,1,0,0.84
47,11,0,0.76
47,22,0,0.53
47,23,0,0.84
47,27,0,0.79
47,35,0,0.91
47,40,0,0.08
47,47,0,0
47,48,0,0.18
47,49,0,0.35
47,53,0,0.53
47,54,0,0.95
47,68,0,0.24
47,69,0,0.94
47,73,0,0.9
47,79,0,0.74
47,88,0,0.2
47,91,0,0.71
47,13,6,0.74
47,16,6,0.99
47,17,6,0.51
47,28,6,0.2
47,29,6,0.02
47,38,6,0.18
47,41,6,0.17
47,44,6,0.72
47,47,6,0
47,49,6,0.65
47,50,6,0.62
47,51,6,0.06
47,53,6,0.29
47,54,6,0.93
47,56,6,0.81
47,57,6,0.69
47,60,6,0.71
47,65,6,0.02
47,66,6,0.96
47,68,6,0.83
47,86,6,0.79
47,88,6,0.48
47,90,6,0.01
47,97,6,0.76
47,99,6,0.79
47,6,18,0.98
47,7,18,0.93
47,10,18,0.99
47,13,18,0.43
47,15,18,0.54
47,26,18,0.98
47,32,18,0.85
47,42,18,0.22
47,46,18,0.17
47,47,18,0
47,48,18,0.99
47,76,18,0.85
47,82,18,0.44
47,92,18,0.43
47,98,18,0.57
47,7,19,0.57
47,10,19,0.69
47,11,19,0.84
47,24,19,0.9
47,32,19,0.21
47,40,19,0.11
47,47,19,0
47,54,19,0.76
47,59,19,0.72
47,68,19,0.15
47,73,19,0.95
47,75,19,0.77
47,79,19,0.81
47,81,19,0.25
47,85,19,0.95
47,87,19,0.77
47,93,19,0.17
47,95,19,0.93
48,6,18,0.14
48,7,18,0.97
48,10,18,0.8
48,13,18,0.5
48,15,18,0.37
48,26,18,0.64
48,32,18,0.89
48,42,18,0.88
48,46,18,0.19
48,47,18,0.38
48,48,18,0
48,76,18,0.48
48,82,18,0.97
48,92,18,0.28
48,98,18,0.35
48,3,12,0.18
48,21,12,0.03
48,23,12,0.42
48,25,12,0.92
48,28,12,0.07
48,32,12,0.85
48,34,12,0.98
48,48,12,0
48,50,12,0.46
48,69,12,0.19
48,74,12,0.03
48,79,12,0.37
48,84,12,0.98
48,98,12,0.93
48,2,4,0.98
48,3,4,0.62
48,4,4,0.23
48,8,4,0.23
48,19,4,0.55
48,24,4,0.94
48,29,4,0.2
48,33,4,0.71
48,34,4,0.89
48,39,4,0.72
48,41,4,0.73
48,48,4,0
48,52,4,0.8
48,53,4,0.62
48,58,4,0.19
48,59,4,0.71
48,62,4,0.79
48,64,4,0.54
48,67,4,0.96
48,69,4,0.49
48,71,4,0.62
48,77,4,0.03
48,78,4,0.85
48,89,4,0.21
48,92,4,0.14
48,1,0,0.1
48,11,0,0.66
48,22,0,0.24
48,23,0,0.71
48,27,0,0.22
48,35,0,0.28
48,40,0,0.08
48,47,0,0.72
48,48,0,0
48,49,0,0.9
48,53,0,0.19
48,54,0,0.43
48,68,0,0.18
48,69,0,0.37
48,73,0,0.04
48,79,0,0.76
48,88,0,0.1
48,91,0,0.49
49,1,0,0.42
49,11,0,0.17
49,22,0,0.7
49,23,0,0.28
49,27,0,0.22
49,35,0,0.48
49,40,0,0.14
49,47,0,0.97
49,48,0,0.48
49,49,0,0
49,53,0,0.7
49,54,0,0.24
49,68,0,0.91
49,69,0,0.83
49,73,0,0.35
49,79,0,0.75
49,88,0,0.81
49,91,0,0.62
49,13,6,0.84
49,16,6,0.18
49,17,6,0.75
49,28,6,0.32
49,29,6,0.99
49,38,6,0.8
49,41,6,0.72
49,44,6,0.89
49,47,6,0.89
49,49,6,0
49,50,6,0.16
49,51,6,0.05
49,53,6,0.87
49,54,6,0.6
49,56,6,0.2
49,57,6,0.52
49,60,6,0.8
49,65,6,0.32
49,66,6,0.38
49,68,6,0.91
49,86,6,0.44
49,88,6,0.33
49,90,6,0.1
49,97,6,0.06
49,99,6,0.98
49,0,15,0.56
49,8,15,0.33
49,15,15,0.24
49,16,15,0.16
49,21,15,0.56
49,25,15,0.54
49,27,15,0.07
49,31,15,0.64
49,36,15,0.83
49,37,15,0.96
49,49,15,0
49,64,15,0.5
49,69,15,0.24
49,70,15,0.63
49,77,15,0.61
49,83,15,0.36
49,3,11,0.96
49,5,11,0.02
49,38,11,0.13
49,49,11,0
49,55,11,0.15
49,71,11,0.84
49,74,11,0.52
49,89,11,0.2
49,90,11,0.72
50,3,12,0.09
50,21,12,0.72
50,23,12,0.62
50,25,12,0.64
50,28,12,0.95
50,32,12,0.85
50,34,12,0.44
50,48,12,0.14
50,50,12,0
50,69,12,0.43
50,74,12,0.94
50,79,12,0.02
50,84,12,0.94
50,98,12,0.89
50,13,6,0.83
50,16,6,0.36
50,17,6,0.23
50,28,6,0.1
50,29,6,0.76
50,38,6,0.4
50,41,6,0.3
50,44,6,0.86
50,47,6,0.03
50,49,6,0.34
50,50,6,0
50,51,6,0.08
50,53,6,0.92
50,54,6,0.93
50,56,6,0.06
50,57,6,0.96
50,60,6,0.9
50,65,6,0.92
50,66,6,0.02
50,68,6,0.62
50,86,6,0.75
50,88,6,0.77
50,90,6,0.22
50,97,6,0.87
50,99,6,0.86
51,5,7,0.38
51,6,7,0.27
51,8,7,1.0
51,12,7,0.03
51,18,7,0.75
51,19,7,0.57
51,20,7,0.52
51,26,7,0.22
51,29,7,0.27
51,43,7,0.18
51,51,7,0
51,52,7,0.17
51,57,7,0.73
51,62,7,0.79
51,68,7,0.47
51,70,7,0.24
51,86,7,0.67
51,89,7,0.03
51,92,7,0.07
51,99,7,0.11
51,13,6,0.37
51,16,6,0.3
51,17,6,0.9
51,28,6,0.55
51,29,6,0.12
51,38,6,0.98
51,41,6,0.55
51,44,6,0.49
51,47,6,0.37
51,49,6,0.5
51,50,6,0.84
51,51,6,0
51,53,6,0.21
51,54,6,0.12
51,56,6,0.65
51,57,6,0.49
51,60,6,0.49
51,65,6,0.33
51,66,6,0.58
51,68,6,0.86
51,86,6,0.28
51,88,6,0.91
51,90,6,0.76
51,97,6,0.14
51,99,6,0.34
52,5,7,0.69
52,6,7,0.35
52,8,7,0.42
52,12,7,0.74
52,18,7,0.24
52,19,7,0.33
52,20,7,0.73
52,26,7,0.79
52,29,7,0.73
52,43,7,0.43
52,51,7,0.66
52,52,7,0
52,57,7,0.72
52,62,7,0.47
52,68,7,0.54
52,70,7,0.95
52,86,7,0.51
52,89,7,0.7
52,92,7,0.61
52,99,7,0.37
52,1,8,0.61
52,7,8,0.97
52,9,8,0.78
52,22,8,0.34
52,24,8,0.53
52,26,8,0.24
52,52,8,0
52,57,8,0.81
52,72,8,0.11
52,75,8,0.03
52,76,8,0.96
52,77,8,0.91
52,79,8,0.64
52,85,8,0.04
52,87,8,0.85
52,94,8,0.58
52,2,4,0.35
52,3,4,0.22
52,4,4,0.28
52,8,4,0.77
52,19,4,0.92
52,24,4,0.8
52,29,4,0.64
52,33,4,0.77
52,34,4,0.72
52,39,4,0.53
52,41,4,0.56
52,48,4,0.2
52,52,4,0
52,53,4,0.81
52,58,4,0.27
52,59,4,0.22
52,62,4,0.53
52,64,4,0.31
52,67,4,0.21
52,69,4,0.83
52,71,4,0.82
52,77,4,0.56
52,78,4,0.51
52,89,4,0.4
52,92,4,0.37
52,3,16,0.17
52,4,16,0.97
52,19,16,0.99
52,23,16,0.9
52,25,16,0.82
52,34,16,0.06
52,37,16,0.78
52,44,16,0.01
52,45,16,0.75
52,52,16,0
52,55,16,0.96
52,56,16,0.05
52,62,16,0.88
52,72,16,0.3
52,75,16,1.0
52,76,16,0.13
52,99,16,0.71
53,1,0,0.69
53,11,0,0.73
53,22,0,0.76
53,23,0,0.34
53,27,0,0.58
53,35,0,0.06
53,40,0,0.65
53,47,0,0.63
53,48,0,0.91
53,49,0,0.98
53,53,0,0
53,54,0,0.6
53,68,0,0.06
53,69,0,0.33
53,73,0,0.62
53,79,0,0.76
53,88,0,0.03
53,91,0,0.3
53,2,4,0.01
53,3,4,0.16
53,4,4,0.69
53,8,4,0.26
53,19,4,0.37
53,24,4,0.43
53,29,4,0.08
53,33,4,0.84
53,34,4,0.76
53,39,4,0.71
53,41,4,0.25
53,48,4,0.14
53,52,4,0.58
53,53,4,0
53,58,4,0.52
53,59,4,0.85
53,62,4,0.08
53,64,4,0.38
53,67,4,0.22
53,69,4,0.39
53,71,4,0.54
53,77,4,0.54
53,78,4,0.55
53,89,4,0.35
53,92,4,0.74
53,13,6,0.45
53,16,6,0.02
53,17,6,0.23
53,28,6,0.36
53,29,6,0.17
53,38,6,0.35
53,41,6,0.35
53,44,6,0.83
53,47,6,0.43
53,49,6,0.31
53,50,6,0.71
53,51,6,0.91
53,53,6,0
53,54,6,0.93
53,56,6,0.62
53,57,6,0.82
53,60,6,0.24
53,65,6,0.52
53,66,6,0.02
53,68,6,0.14
53,86,6,0.64
53,88,6,0.8
53,90,6,0.68
53,97,6,1.0
53,99,6,0.2
54,7,19,0.99
54,10,19,0.14
54,11,19,0.63
54,24,19,0.44
54,32,19,0.66
54,40,19,0.15
54,47,19,0.31
54,54,19,0
54,59,19,0.97
54,68,19,0.18
54,73,19,0.5
54,75,19,0.81
54,79,19,0.42
54,81,19,0.48
54,85,19,0.71
54,87,19,0.94
54,93,19,0.52
54,95,19,0.07
54,13,6,0.88
54,16,6,0.84
54,17,6,0.42
54,28,6,0.92
54,29,6,0.07
54,38,6,0.63
54,41,6,0.22
54,44,6,0.13
54,47,6,0.16
54,49,6,0.98
54,50,6,0.83
54,51,6,0.52
54,53,6,0.4
54,54,6,0
54,56,6,0.14
54,57,6,0.17
54,60,6,0.8
54,65,6,0.53
54,66,6,0.27
54,68,6,0.81
54,86,6,0.16
54,88,6,0.37
54,90,6,0.66
54,97,6,0.06
54,99,6,0.47
54,1,0,0.44
54,11,0,0.68
54,22,0,0.12
54,23,0,0.84
54,27,0,0.24
54,35,0,0.18
54,40,0,0.91
54,47,0,0.54
54,48,0,0.52
54,49,0,0.64
54,53,0,0.83
54,54,0,0
54,68,0,0.02
54,69,0,0.87
54,73,0,0.63
54,79,0,0.76
54,88,0,0.26
54,91,0,0.51
55,3,16,0.32
55,4,16,0.18
55,19,16,0.75
55,23,16,0.49
55,25,16,0.92
55,34,16,0.83
55,37,16,0.84
55,44,16,0.07
55,45,16,0.0
55,52,16,0.61
55,55,16,0
55,56,16,0.77
55,62,16,0.04
55,72,16,0.2
55,75,16,0.95
55,76,16,0.96
55,99,16,0.36
55,3,11,0.8
55,5,11,0.7
55,38,11,0.59
55,49,11,0.87
55,55,11,0
55,71,11,0.86
55,74,11,0.4
55,89,11,0.55
55,90,11,0.63
55,5,1,0.14
55,9,1,0.11
55,20,1,0.66
55,33,1,0.31
55,37,1,0.4
55,40,1,0.23
55,45,1,0.06
55,55,1,0
55,57,1,0.63
55,59,1,0.03
55,61,1,0.99
55,73,1,0.82
55,78,1,0.92
55,88,1,0.87
55,0,14,0.4
55,42,14,0.0
55,46,14,0.48
55,55,14,0
55,56,14,0.45
55,58,14,0.78
55,63,14,0.64
55,66,14,0.77
55,80,14,0.8
55,93,14,0.8
55,97,14,0.59
55,98,14,0.6
56,13,6,0.42
56,16,6,0.44
56,17,6,0.34
56,28,6,0.71
56,29,6,0.34
56,38,6,0.15
56,41,6,0.88
56,44,6,0.64
56,47,6,0.37
56,49,6,0.07
56,50,6,0.15
56,51,6,0.49
56,53,6,0.44
56,54,6,0.78
56,56,6,0
56,57,6,0.83
56,60,6,0.9
56,65,6,0.79
56,66,6,0.3
56,68,6,0.99
56,86,6,0.51
56,88,6,0.43
56,90,6,0.21
56,97,6,0.89
56,99,6,0.03
56,3,16,0.92
56,4,16,0.45
56,19,16,0.98
56,23,16,0.43
56,25,16,0.18
56,34,16,0.17
56,37,16,0.7
56,44,16,0.87
56,45,16,0.6
56,52,16,0.69
56,55,16,0.03
56,56,16,0
56,62,16,0.22
56,72,16,0.89
56,75,16,0.85
56,76,16,0.11
56,99,16,0.53
56,0,14,0.84
56,42,14,0.33
56,46,14,0.62
56,55,14,0.9
56,56,14,0
56,58,14,0.35
56,63,14,0.68
56,66,14,0.38
56,80,14,0.78
56,93,14,0.37
56,97,14,0.6
56,98,14,0.04
57,1,8,0.11
57,7,8,0.09
57,9,8,0.91
57,22,8,0.45
57,24,8,0.1
57,26,8,0.97
57,52,8,0.42
57,57,8,0
57,72,8,0.26
57,75,8,0.78
57,76,8,0.31
57,77,8,0.64
57,79,8,0.3
57,85,8,0.63
57,87,8,0.17
57,94,8,0.51
57,5,1,0.37
57,9,1,0.89
57,20,1,0.28
57,33,1,0.56
57,37,1,0.05
57,40,1,0.97
57,45,1,0.6
57,55,1,0.18
57,57,1,0
57,59,1,0.47
57,61,1,0.03
57,73,1,0.03
57,78,1,0.7
57,88,1,0.04
57,5,7,0.19
57,6,7,0.06
57,8,7,0.12
57,12,7,0.59
57,18,7,0.1
57,19,7,0.62
57,20,7,0.31
57,26,7,0.34
57,29,7,0.17
57,43,7,0.4
57,51,7,0.1
57,52,7,0.61
57,57,7,0
57,62,7,0.99
57,68,7,0.12
57,70,7,0.71
57,86,7,0.63
57,89,7,0.28
57,92,7,0.03
57,99,7,0.47
57,13,6,0.83
57,16,6,0.14
57,17,6,0.39
57,28,6,0.22
57,29,6,0.02
57,38,6,0.99
57,41,6,0.09
57,44,6,0.5
57,47,6,0.29
57,49,6,0.42
57,50,6,0.84
57,51,6,0.36
57,53,6,0.3
57,54,6,0.32
57,56,6,0.17
57,57,6,0
57,60,6,0.79
57,65,6,0.18
57,66,6,0.38
57,68,6,0.82
57,86,6,0.3
57,88,6,0.5
57,90,6,0.69
57,97,6,0.73
57,99,6,0.72
58,2,4,0.1
58,3,4,0.28
58,4,4,0.63
58,8,4,0.14
58,19,4,0.04
58,24,4,0.37
58,29,4,0.6
58,33,4,0.38
58,34,4,0.12
58,39,4,0.35
58,41,4,0.71
58,48,4,0.22
58,52,4,0.43
58,53,4,0.31
58,58,4,0
58,59,4,0.64
58,62,4,0.98
58,64,4,1.0
58,67,4,0.97
58,69,4,0.28
58,71,4,0.2
58,77,4,0.38
58,78,4,0.54
58,89,4,0.75
58,92,4,0.9
58,0,14,0.58
58,42,14,0.28
58,46,14,0.84
58,55,14,0.14
58,56,14,0.91
58,58,14,0
58,63,14,0.25
58,66,14,0.71
58,80,14,0.72
58,93,14,0.44
58,97,14,0.58
58,98,14,0.87
58,21,17,0.02
58,25,17,0.92
58,26,17,0.53
58,30,17,0.21
58,31,17,0.12
58,34,17,0.31
58,35,17,0.99
58,39,17,0.08
58,58,17,0
58,64,17,0.79
58,82,17,0.44
58,94,17,0.64
59,7,19,0.64
59,10,19,0.79
59,11,19,0.13
59,24,19,0.71
59,32,19,0.3
59,40,19,0.11
59,47,19,0.38
59,54,19,0.76
59,59,19,0
59,68,19,0.07
59,73,19,0.39
59,75,19,0.52
59,79,19,0.16
59,81,19,0.92
59,85,19,0.02
59,87,19,0.96
59,93,19,0.36
59,95,19,0.38
59,0,9,0.34
59,6,9,0.01
59,9,9,0.16
59,14,9,0.32
59,18,9,0.47
59,30,9,0.33
59,59,9,0
59,70,9,0.09
59,73,9,0.25
59,89,9,0.89
59,96,9,0.46
59,2,4,0.7
59,3,4,0.94
59,4,4,0.95
59,8,4,0.81
59,19,4,0.39
59,24,4,0.05
59,29,4,0.61
59,33,4,0.59
59,34,4,0.28
59,39,4,0.08
59,41,4,0.53
59,48,4,0.56
59,52,4,0.51
59,53,4,0.41
59,58,4,0.8
59,59,4,0
59,62,4,0.62
59,64,4,0.64
59,67,4,0.94
59,69,4,0.96
59,71,4,0.87
59,77,4,0.44
59,78,4,0.63
59,89,4,0.09
59,92,4,0.41
59,5,1,0.52
59,9,1,0.69
59,20,1,0.89
59,33,1,0.11
59,37,1,0.58
59,40,1,0.94
59,45,1,0.51
59,55,1,0.48
59,57,1,0.13
59,59,1,0
59,61,1,0.79
59,73,1,1.0
59,78,1,0.38
59,88,1,0.02
60,1,5,0.95
60,14,5,0.26
60,22,5,0.03
60,44,5,0.25
60,60,5,0
60,65,5,0.67
60,70,5,0.31
60,72,5,0.5
60,87,5,0.87
60,88,5,0.15
60,90,5,0.38
60,98,5,0.2
60,13,6,0.09
60,16,6,0.22
60,17,6,0.84
60,28,6,0.19
60,29,6,0.56
60,38,6,0.83
60,41,6,0.79
60,44,6,0.12
60,47,6,0.23
60,49,6,0.08
60,50,6,0.27
60,51,6,0.96
60,53,6,0.51
60,54,6,0.35
60,56,6,0.38
60,57,6,0.69
60,60,6,0
60,65,6,0.12
60,66,6,0.38
60,68,6,0.33
60,86,6,0.96
60,88,6,0.82
60,90,6,0.43
60,97,6,0.38
60,99,6,0.6
61,2,13,0.62
61,14,13,0.33
61,17,13,0.51
61,21,13,0.8
61,23,13,0.51
61,35,13,0.08
61,36,13,0.42
61,38,13,0.7
61,43,13,0.51
61,61,13,0
61,63,13,0.78
61,65,13,0.54
61,80,13,0.96
61,81,13,0.93
61,83,13,0.49
61,84,13,0.89
61,5,1,0.67
61,9,1,0.95
61,20,1,0.91
61,33,1,0.74
61,37,1,0.44
61,40,1,0.06
61,45,1,0.54
61,55,1,0.88
61,57,1,0.72
61,59,1,0.44
61,61,1,0
61,73,1,0.91
61,78,1,0.21
61,88,1,0.58
62,2,4,0.42
62,3,4,0.87
62,4,4,0.45
62,8,4,0.47
62,19,4,0.1
62,24,4,0.07
62,29,4,0.61
62,33,4,0.46
62,34,4,0.05
62,39,4,0.18
62,41,4,0.8
62,48,4,0.96
62,52,4,0.2
62,53,4,0.03
62,58,4,0.95
62,59,4,0.36
62,62,4,0
62,64,4,0.64
62,67,4,0.99
62,69,4,0.64
62,71,4,0.04
62,77,4,0.07
62,78,4,0.37
62,89,4,0.71
62,92,4,0.72
62,3,16,0.34
62,4,16,0.42
62,19,16,0.2
62,23,16,0.59
62,25,16,0.09
62,34,16,0.53
62,37,16,0.18
62,44,16,0.33
62,45,16,0.48
62,52,16,0.8
62,55,16,0.3
62,56,16,0.36
62,62,16,0
62,72,16,0.81
62,75,16,0.49
62,76,16,0.53
62,99,16,0.45
62,10,2,0.75
62,12,2,0.42
62,17,2,0.85
62,28,2,0.17
62,31,2,0.38
62,32,2,0.07
62,46,2,0.85
62,62,2,0
62,71,2,0.29
62,74,2,0.39
62,76,2,0.73
62,92,2,0.19
62,97,2,0.41
62,5,7,0.96
62,6,7,0.03
62,8,7,0.45
62,12,7,0.32
62,18,7,0.17
62,19,7,0.14
62,20,7,0.64
62,26,7,0.6
62,29,7,0.54
62,43,7,0.08
62,51,7,0.11
62,52,7,0.77
62,57,7,0.44
62,62,7,0
62,68,7,0.36
62,70,7,0.51
62,86,7,0.36
62,89,7,0.11
62,92,7,0.5
62,99,7,0.7
63,0,14,0.4
63,42,14,0.37
63,46,14,0.66
63,55,14,0.75
63,56,14,0.45
63,58,14,0.94
63,63,14,0
63,66,14,0.26
63,80,14,0.36
63,93,14,0.48
63,97,14,0.34
63,98,14,0.57
63,2,13,0.26
63,14,13,0.3
63,17,13,0.58
63,21,13,0.47
63,23,13,0.3
63,35,13,0.23
63,36,13,0.16
63,38,13,0.5
63,43,13,0.59
63,61,13,0.61
63,63,13,0
63,65,13,0.28
63,80,13,0.1
63,81,13,0.93
63,83,13,0.44
63,84,13,0.49
63,4,3,0.02
63,16,3,0.98
63,20,3,0.71
63,27,3,0.94
63,36,3,0.87
63,40,3,0.06
63,45,3,0.35
63,46,3,0.56
63,63,3,0
63,86,3,0.56
63,87,3,0.36
63,95,3,0.66
63,96,3,0.43
63,97,3,0.14
64,2,4,0.62
64,3,4,0.71
64,4,4,0.28
64,8,4,0.48
64,19,4,0.26
64,24,4,0.26
64,29,4,0.53
64,33,4,0.98
64,34,4,0.83
64,39,4,0.99
64,41,4,0.64
64,48,4,0.7
64,52,4,0.11
64,53,4,0.15
64,58,4,0.18
64,59,4,0.25
64,62,4,0.73
64,64,4,0
64,67,4,0.57
64,69,4,0.89
64,71,4,0.41
64,77,4,0.73
64,78,4,0.67
64,89,4,0.75
64,92,4,0.92
64,21,17,0.31
64,25,17,0.56
64,26,17,0.38
64,30,17,0.91
64,31,17,0.23
64,34,17,0.56
64,35,17,0.24
64,39,17,0.62
64,58,17,0.72
64,64,17,0
64,82,17,0.58
64,94,17,0.2
64,0,15,0.03
64,8,15,0.09
64,15,15,0.5
64,16,15,0.37
64,21,15,0.91
64,25,15,0.14
64,27,15,0.96
64,31,15,0.26
64,36,15,0.08
64,37,15,0.31
64,49,15,0.12
64,64,15,0
64,69,15,0.29
64,70,15,0.61
64,77,15,0.87
64,83,15,0.08
65,2,13,0.39
65,14,13,0.18
65,17,13,0.34
65,21,13,0.2
65,23,13,0.18
65,35,13,0.05
65,36,13,0.55
65,38,13,0.35
65,43,13,0.76
65,61,13,0.8
65,63,13,0.4
65,65,13,0
65,80,13,0.69
65,81,13,0.22
65,83,13,0.21
65,84,13,0.73
65,1,5,0.44
65,14,5,0.98
65,22,5,0.82
65,44,5,0.25
65,60,5,0.8
65,65,5,0
65,70,5,0.95
65,72,5,0.62
65,87,5,0.5
65,88,5,0.34
65,90,5,0.17
65,98,5,0.99
65,13,6,0.41
65,16,6,0.64
65,17,6,0.05
65,28,6,0.79
65,29,6,0.52
65,38,6,0.1
65,41,6,0.36
65,44,6,0.06
65,47,6,0.78
65,49,6,0.59
65,50,6,0.48
65,51,6,0.21
65,53,6,0.44
65,54,6,0.39
65,56,6,0.91
65,57,6,0.64
65,60,6,0.69
65,65,6,0
65,66,6,0.34
65,68,6,0.73
65,86,6,0.74
65,88,6,0.53
65,90,6,0.67
65,97,6,0.62
65,99,6,0.01
66,13,6,0.31
66,16,6,0.43
66,17,6,0.2
66,28,6,0.24
66,29,6,0.29
66,38,6,0.75
66,41,6,0.58
66,44,6,0.67
66,47,6,0.51
66,49,6,0.57
66,50,6,0.78
66,51,6,0.15
66,53,6,0.05
66,54,6,0.36
66,56,6,0.5
66,57,6,0.87
66,60,6,0.66
66,65,6,0.97
66,66,6,0
66,68,6,0.23
66,86,6,0.37
66,88,6,0.48
66,90,6,0.59
66,97,6,0.64
66,99,6,0.45
66,0,14,0.59
66,42,14,0.63
66,46,14,0.15
66,55,14,0.51
66,56,14,0.36
66,58,14,0.49
66,63,14,0.97
66,66,14,0
66,80,14,0.5
66,93,14,0.7
66,97,14,0.99
66,98,14,0.2
67,13,10,0.84
67,14,10,0.28
67,16,10,0.86
67,19,10,0.45
67,22,10,0.41
67,31,10,0.61
67,33,10,0.34
67,67,10,0
67,72,10,0.76
67,86,10,0.2
67,91,10,0.08
67,2,4,0.2
67,3,4,0.72
67,4,4,0.74
67,8,4,0.56
67,19,4,0.66
67,24,4,0.41
67,29,4,0.49
67,33,4,0.53
67,34,4,0.23
67,39,4,0.46
67,41,4,0.75
67,48,4,0.08
67,52,4,0.28
67,53,4,0.83
67,58,4,0.81
67,59,4,0.94
67,62,4,0.45
67,64,4,0.22
67,67,4,0
67,69,4,0.67
67,71,4,0.67
67,77,4,0.63
67,78,4,0.35
67,89,4,0.39
67,92,4,0.85
68,7,19,0.95
68,10,19,0.86
68,11,19,0.43
68,24,19,0.52
68,32,19,0.56
68,40,19,0.73
68,47,19,0.26
68,54,19,0.65
68,59,19,0.26
68,68,19,0
68,73,19,0.34
68,75,19,0.19
68,79,19,0.39
68,81,19,0.11
68,85,19,0.43
68,87,19,0.65
68,93,19,0.39
68,95,19,0.57
68,5,7,0.82
68,6,7,0.16
68,8,7,0.64
68,12,7,0.24
68,18,7,0.68
68,19,7,0.95
68,20,7,0.49
68,26,7,0.68
68,29,7,0.32
68,43,7,0.69
68,51,7,0.59
68,52,7,0.21
68,57,7,0.3
68,62,7,0.71
68,68,7,0
68,70,7,0.83
68,86,7,0.83
68,89,7,0.89
68,92,7,0.57
68,99,7,0.56
68,13,6,0.58
68,16,6,0.4
68,17,6,0.52
68,28,6,0.72
68,29,6,0.61
68,38,6,0.45
68,41,6,0.94
68,44,6,0.21
68,47,6,0.04
68,49,6,0.01
68,50,6,0.43
68,51,6,0.42
68,53,6,0.77
68,54,6,0.02
68,56,6,0.44
68,57,6,0.3
68,60,6,0.71
68,65,6,0.51
68,66,6,0.22
68,68,6,0
68,86,6,0.95
68,88,6,0.09
68,90,6,0.24
68,97,6,0.1
68,99,6,0.83
68,1,0,0.89
68,11,0,0.77
68,22,0,0.93
68,23,0,0.3
68,27,0,0.05
68,35,0,0.18
68,40,0,0.85
68,47,0,0.73
68,48,0,0.83
68,49,0,0.69
68,53,0,0.19
68,54,0,0.14
68,68,0,0
68,69,0,0.26
68,73,0,0.09
68,79,0,0.08
68,88,0,0.95
68,91,0,0.63
69,3,12,0.96
69,21,12,0.39
69,23,12,0.71
69,25,12,0.88
69,28,12,0.78
69,32,12,0.46
69,34,12,0.13
69,48,12,0.79
69,50,12,0.52
69,69,12,0
69,74,12,0.01
69,79,12,0.72
69,84,12,0.38
69,98,12,0.95
69,2,4,0.69
69,3,4,0.55
69,4,4,0.74
69,8,4,0.75
69,19,4,0.43
69,24,4,0.93
69,29,4,0.53
69,33,4,0.44
69,34,4,0.06
69,39,4,0.3
69,41,4,0.97
69,48,4,0.57
69,52,4,0.38
69,53,4,0.2
69,58,4,0.02
69,59,4,0.38
69,62,4,0.23
69,64,4,0.15
69,67,4,0.12
69,69,4,0
69,71,4,0.68
69,77,4,0.74
69,78,4,0.23
69,89,4,0.98
69,92,4,0.15
69,0,15,0.78
69,8,15,0.06
69,15,15,0.42
69,16,15,0.59
69,21,15,0.96
69,25,15,0.97
69,27,15,0.99
69,31,15,0.14
69,36,15,0.86
69,37,15,0.19
69,49,15,0.7
69,64,15,0.37
69,69,15,0
69,70,15,0.25
69,77,15,0.41
69,83,15,0.93
69,1,0,0.2
69,11,0,0.5
69,22,0,0.31
69,23,0,0.9
69,27,0,0.06
69,35,0,0.12
69,40,0,0.82
69,47,0,0.38
69,48,0,0.56
69,49,0,0.21
69,53,0,0.19
69,54,0,0.09
69,68,0,0.45
69,69,0,0
69,73,0,0.18
69,79,0,0.6
69,88,0,0.14
69,91,0,0.78
70,5,7,0.49
70,6,7,0.6
70,8,7,0.07
70,12,7,0.89
70,18,7,0.24
70,19,7,0.84
70,20,7,0.72
70,26,7,0.08
70,29,7,0.23
70,43,7,0.03
70,51,7,0.81
70,52,7,0.69
70,57,7,1.0
70,62,7,0.2
70,68,7,0.15
70,70,7,0
70,86,7,0.38
70,89,7,0.68
70,92,7,0.54
70,99,7,0.82
70,1,5,0.9
70,14,5,0.82
70,22,5,0.46
70,44,5,0.12
70,60,5,0.51
70,65,5,0.89
70,70,5,0
70,72,5,0.94
70,87,5,0.49
70,88,5,0.08
70,90,5,0.66
70,98,5,0.32
70,0,9,0.92
70,6,9,0.67
70,9,9,0.11
70,14,9,0.93
70,18,9,0.42
70,30,9,0.47
70,59,9,0.05
70,70,9,0
70,73,9,0.22
70,89,9,0.07
70,96,9,0.92
70,0,15,0.71
70,8,15,0.4
70,15,15,0.44
70,16,15,0.62
70,21,15,0.93
70,25,15,0.66
70,27,15,0.6
70,31,15,0.54
70,36,15,0.88
70,37,15,0.8
70,49,15,0.14
70,64,15,0.11
70,69,15,0.46
70,70,15,0
70,77,15,0.83
70,83,15,0.14
71,2,4,0.07
71,3,4,0.73
71,4,4,0.73
71,8,4,0.53
71,19,4,0.75
71,24,4,0.74
71,29,4,0.92
71,33,4,0.16
71,34,4,0.73
71,39,4,0.85
71,41,4,0.02
71,48,4,0.09
71,52,4,0.8
71,53,4,0.06
71,58,4,0.15
71,59,4,0.17
71,62,4,0.06
71,64,4,0.72
71,67,4,0.42
71,69,4,0.81
71,71,4,0
71,77,4,0.29
71,78,4,0.8
71,89,4,0.97
71,92,4,0.42
71,3,11,0.37
71,5,11,0.85
71,38,11,0.61
71,49,11,0.58
71,55,11,0.23
71,71,11,0
71,74,11,0.57
71,89,11,0.39
71,90,11,0.48
71,10,2,0.27
71,12,2,0.07
71,17,2,0.41
71,28,2,0.49
71,31,2,0.37
71,32,2,0.12
71,46,2,0.64
71,62,2,0.16
71,71,2,0
71,74,2,0.57
71,76,2,0.38
71,92,2,0.38
71,97,2,0.39
72,1,8,0.18
72,7,8,0.81
72,9,8,0.65
72,22,8,0.45
72,24,8,0.87
72,26,8,0.38
72,52,8,0.58
72,57,8,0.99
72,72,8,0
72,75,8,0.25
72,76,8,0.06
72,77,8,0.26
72,79,8,0.53
72,85,8,0.1
72,87,8,0.19
72,94,8,0.47
72,3,16,0.89
72,4,16,0.59
72,19,16,0.74
72,23,16,0.98
72,25,16,0.54
72,34,16,0.36
72,37,16,0.78
72,44,16,0.69
72,45,16,0.64
72,52,16,0.89
72,55,16,0.63
72,56,16,0.58
72,62,16,0.36
72,72,16,0
72,75,16,0.67
72,76,16,0.89
72,99,16,0.75
72,1,5,0.7
72,14,5,0.58
72,22,5,0.37
72,44,5,0.08
72,60,5,0.13
72,65,5,0.2
72,70,5,0.35
72,72,5,0
72,87,5,0.71
72,88,5,0.48
72,90,5,0.88
72,98,5,0.83
72,13,10,0.64
72,14,10,0.74
72,16,10,0.4
72,19,10,0.69
72,22,10,0.15
72,31,10,0.37
72,33,10,0.53
72,67,10,0.94
72,72,10,0
72,86,10,0.62
72,91,10,0.12
73,7,19,0.59
73,10,19,0.08
73,11,19,0.74
73,24,19,0.63
73,32,19,0.86
73,40,19,0.78
73,47,19,0.73
73,54,19,0.89
73,59,19,0.78
73,68,19,0.72
73,73,19,0
73,75,19,0.71
73,79,19,0.15
73,81,19,0.82
73,85,19,0.27
73,87,19,0.75
73,93,19,0.76
73,95,19,0.42
73,5,1,0.59
73,9,1,0.11
73,20,1,0.19
73,33,1,0.01
73,37,1,0.34
73,40,1,0.55
73,45,1,0.51
73,55,1,0.68
73,57,1,0.42
73,59,1,0.98
73,61,1,0.81
73,73,1,0
73,78,1,0.98
73,88,1,0.27
73,0,9,0.35
73,6,9,0.73
73,9,9,0.62
73,14,9,0.19
73,18,9,0.08
73,30,9,0.51
73,59,9,0.97
73,70,9,0.14
73,73,9,0
73,89,9,0.91
73,96,9,0.99
73,1,0,0.76
73,11,0,0.05
73,22,0,0.21
73,23,0,0.47
73,27,0,0.56
73,35,0,0.8
73,40,0,0.69
73,47,0,0.9
73,48,0,0.76
73,49,0,0.39
73,53,0,0.44
73,54,0,0.28
73,68,0,0.03
73,69,0,0.88
73,73,0,0
73,79,0,0.65
73,88,0,0.66
73,91,0,0.96
74,3,12,0.32
74,21,12,0.86
74,23,12,1.0
74,25,12,0.36
74,28,12,0.65
74,32,12,0.67
74,34,12,0.44
74,48,12,0.68
74,50,12,0.67
74,69,12,0.35
74,74,12,0
74,79,12,0.79
74,84,12,0.41
74,98,12,0.72
74,3,11,0.52
74,5,11,0.41
74,38,11,0.7
74,49,11,0.43
74,55,11,0.59
74,71,11,0.38
74,74,11,0
74,89,11,0.77
74,90,11,0.81
74,10,2,0.46
74,12,2,1.0
74,17,2,0.46
74,28,2,0.91
74,31,2,0.55
74,32,2,0.03
74,46,2,0.23
74,62,2,0.92
74,71,2,0.14
74,74,2,0
74,76,2,0.91
74,92,2,0.76
74,97,2,0.22
75,3,16,0.66
75,4,16,0.13
75,19,16,0.61
75,23,16,0.27
75,25,16,0.72
75,34,16,0.74
75,37,16,0.76
75,44,16,0.02
75,45,16,0.84
75,52,16,0.44
75,55,16,0.2
75,56,16,0.97
75,62,16,0.59
75,72,16,0.21
75,75,16,0
75,76,16,0.03
75,99,16,0.57
75,7,19,0.81
75,10,19,0.33
75,11,19,0.0
75,24,19,0.09
75,32,19,0.44
75,40,19,0.41
75,47,19,0.36
75,54,19,0.69
75,59,19,0.95
75,68,19,0.36
75,73,19,0.34
75,75,19,0
75,79,19,0.07
75,81,19,0.31
75,85,19,0.73
75,87,19,0.59
75,93,19,0.61
75,95,19,0.11
75,1,8,0.06
75,7,8,0.64
75,9,8,0.19
75,22,8,0.44
75,24,8,0.36
75,26,8,0.03
75,52,8,0.72
75,57,8,0.95
75,72,8,0.4
75,75,8,0
75,76,8,0.83
75,77,8,0.65
75,79,8,0.05
75,85,8,0.08
75,87,8,0.93
75,94,8,0.91
76,1,8,0.91
76,7,8,0.6
76,9,8,0.06
76,22,8,0.86
76,24,8,0.83
76,26,8,0.89
76,52,8,0.73
76,57,8,0.03
76,72,8,0.94
76,75,8,0.93
76,76,8,0
76,77,8,0.62
76,79,8,0.12
76,85,8,0.19
76,87,8,0.35
76,94,8,0.62
76,10,2,0.96
76,12,2,0.65
76,17,2,0.52
76,28,2,0.27
76,31,2,0.92
76,32,2,0.22
76,46,2,0.36
76,62,2,0.85
76,71,2,0.04
76,74,2,0.78
76,76,2,0
76,92,2,0.87
76,97,2,0.16
76,6,18,0.14
76,7,18,0.51
76,10,18,0.32
76,13,18,1.0
76,15,18,0.87
76,26,18,0.97
76,32,18,0.38
76,42,18,0.69
76,46,18,0.5
76,47,18,0.69
76,48,18,0.38
76,76,18,0
76,82,18,0.98
76,92,18,0.48
76,98,18,0.25
76,3,16,0.75
76,4,16,0.25
76,19,16,0.91
76,23,16,0.83
76,25,16,0.12
76,34,16,0.48
76,37,16,0.07
76,44,16,0.8
76,45,16,0.55
76,52,16,0.69
76,55,16,0.74
76,56,16,0.48
76,62,16,0.63
76,72,16,0.47
76,75,16,0.48
76,76,16,0
76,99,16,0.49
77,1,8,0.49
77,7,8,0.47
77,9,8,0.08
77,22,8,0.69
77,24,8,0.16
77,26,8,0.16
77,52,8,0.99
77,57,8,0.01
77,72,8,0.71
77,75,8,0.4
77,76,8,0.02
77,77,8,0
77,79,8,0.34
77,85,8,0.71
77,87,8,0.93
77,94,8,0.92
77,0,15,0.79
77,8,15,0.63
77,15,15,0.7
77,16,15,0.37
77,21,15,0.69
77,25,15,0.55
77,27,15,0.22
77,31,15,0.62
77,36,15,0.13
77,37,15,0.17
77,49,15,0.98
77,64,15,0.04
77,69,15,0.61
77,70,15,0.21
77,77,15,0
77,83,15,0.81
77,2,4,0.5
77,3,4,0.73
77,4,4,0.6
77,8,4,0.85
77,19,4,0.81
77,24,4,0.08
77,29,4,0.46
77,33,4,0.58
77,34,4,0.26
77,39,4,0.5
77,41,4,0.38
77,48,4,0.52
77,52,4,0.66
77,53,4,0.51
77,58,4,0.43
77,59,4,0.93
77,62,4,0.93
77,64,4,0.12
77,67,4,0.12
77,69,4,0.59
77,71,4,0.74
77,77,4,0
77,78,4,0.25
77,89,4,0.42
77,92,4,0.76
78,5,1,0.64
78,9,1,0.43
78,20,1,0.03
78,33,1,0.07
78,37,1,0.97
78,40,1,0.32
78,45,1,0.39
78,55,1,0.02
78,57,1,0.33
78,59,1,0.39
78,61,1,0.41
78,73,1,0.39
78,78,1,0
78,88,1,0.69
78,2,4,0.41
78,3,4,0.9
78,4,4,0.19
78,8,4,0.42
78,19,4,0.17
78,24,4,0.89
78,29,4,0.7
78,33,4,0.49
78,34,4,0.87
78,39,4,0.45
78,41,4,0.39
78,48,4,0.34
78,52,4,0.26
78,53,4,0.54
78,58,4,0.63
78,59,4,0.52
78,62,4,0.49
78,64,4,0.96
78,67,4,0.53
78,69,4,0.49
78,71,4,0.15
78,77,4,0.41
78,78,4,0
78,89,4,0.66
78,92,4,0.0
79,7,19,0.8
79,10,19,0.65
79,11,19,0.17
79,24,19,0.83
79,32,19,0.37
79,40,19,0.24
79,47,19,0.11
79,54,19,0.8
79,59,19,0.59
79,68,19,0.32
79,73,19,0.16
79,75,19,0.09
79,79,19,0
79,81,19,0.86
79,85,19,0.2
79,87,19,0.8
79,93,19,0.14
79,95,19,0.59
79,1,8,0.41
79,7,8,0.29
79,9,8,0.47
79,22,8,0.15
79,24,8,0.13
79,26,8,0.74
79,52,8,0.38
79,57,8,0.91
79,72,8,0.48
79,75,8,0.04
79,76,8,0.48
79,77,8,0.09
79,79,8,0
79,85,8,0.55
79,87,8,0.16
79,94,8,0.51
79,1,0,0.2
79,11,0,0.84
79,22,0,0.69
79,23,0,0.21
79,27,0,0.68
79,35,0,0.88
79,40,0,0.51
79,47,0,0.32
79,48,0,0.1
79,49,0,0.34
79,53,0,0.93
79,54,0,0.73
79,68,0,0.49
79,69,0,0.71
79,73,0,0.37
79,79,0,0
79,88,0,0.85
79,91,0,0.77
79,3,12,0.55
79,21,12,0.88
79,23,12,1.0
79,25,12,0.7
79,28,12,0.34
79,32,12,0.84
79,34,12,0.8
79,48,12,0.62
79,50,12,0.59
79,69,12,0.27
79,74,12,1.0
79,79,12,0
79,84,12,0.79
79,98,12,0.16
80,0,14,0.94
80,42,14,0.38
80,46,14,0.02
80,55,14,0.85
80,56,14,0.6
80,58,14,0.21
80,63,14,0.4
80,66,14,0.76
80,80,14,0
80,93,14,0.94
80,97,14,0.48
80,98,14,0.71
80,2,13,0.22
80,14,13,0.96
80,17,13,0.65
80,21,13,0.45
80,23,13,0.89
80,35,13,0.29
80,36,13,0.88
80,38,13,0.1
80,43,13,0.19
80,61,13,0.12
80,63,13,0.0
80,65,13,0.34
80,80,13,0
80,81,13,0.72
80,83,13,0.12
80,84,13,0.95
81,2,13,0.29
81,14,13,0.32
81,17,13,0.23
81,21,13,0.48
81,23,13,0.38
81,35,13,0.97
81,36,13,0.23
81,38,13,0.36
81,43,13,0.19
81,61,13,0.77
81,63,13,0.85
81,65,13,0.3
81,80,13,0.11
81,81,13,0
81,83,13,0.75
81,84,13,0.68
81,7,19,0.79
81,10,19,0.03
81,11,19,0.66
81,24,19,0.02
81,32,19,0.01
81,40,19,0.09
81,47,19,0.59
81,54,19,0.19
81,59,19,0.57
81,68,19,0.04
81,73,19,0.95
81,75,19,0.89
81,79,19,0.03
81,81,19,0
81,85,19,0.85
81,87,19,0.04
81,93,19,0.83
81,95,19,0.12
82,21,17,0.76
82,25,17,0.43
82,26,17,0.52
82,30,17,0.07
82,31,17,0.66
82,34,17,0.78
82,35,17,0.67
82,39,17,0.13
82,58,17,0.52
82,64,17,0.01
82,82,17,0
82,94,17,0.48
82,6,18,0.79
82,7,18,0.51
82,10,18,0.96
82,13,18,0.84
82,15,18,0.9
82,26,18,0.91
82,32,18,0.68
82,42,18,0.32
82,46,18,0.22
82,47,18,0.15
82,48,18,0.42
82,76,18,0.91
82,82,18,0
82,92,18,0.0
82,98,18,0.23
83,2,13,0.56
83,14,13,0.65
83,17,13,0.18
83,21,13,0.55
83,23,13,0.79
83,35,13,0.72
83,36,13,0.04
83,38,13,0.24
83,43,13,0.66
83,61,13,0.9
83,63,13,0.83
83,65,13,0.22
83,80,13,0.99
83,81,13,0.55
83,83,13,0
83,84,13,0.85
83,0,15,0.93
83,8,15,0.15
83,15,15,0.95
83,16,15,0.69
83,21,15,0.49
83,25,15,0.14
83,27,15,0.82
83,31,15,0.71
83,36,15,0.25
83,37,15,0.42
83,49,15,0.98
83,64,15,0.36
83,69,15,0.31
83,70,15,0.56
83,77,15,0.49
83,83,15,0
84,2,13,0.37
84,14,13,0.29
84,17,13,0.39
84,21,13,0.4
84,23,13,0.41
84,35,13,0.08
84,36,13,0.12
84,38,13,0.81
84,43,13,0.47
84,61,13,0.55
84,63,13,0.81
84,65,13,0.27
84,80,13,0.84
84,81,13,0.3
84,83,13,0.8
84,84,13,0
84,3,12,0.28
84,21,12,0.13
84,23,12,0.81
84,25,12,0.97
84,28,12,0.62
84,32,12,0.78
84,34,12,0.5
84,48,12,0.02
84,50,12,0.71
84,69,12,0.92
84,74,12,0.67
84,79,12,0.18
84,84,12,0
84,98,12,0.67
85,1,8,0.15
85,7,8,0.29
85,9,8,0.9
85,22,8,0.53
85,24,8,0.35
85,26,8,0.57
85,52,8,0.72
85,57,8,0.25
85,72,8,0.39
85,75,8,0.59
85,76,8,0.9
85,77,8,0.9
85,79,8,0.84
85,85,8,0
85,87,8,0.27
85,94,8,0.66
85,7,19,0.69
85,10,19,0.06
85,11,19,0.3
85,24,19,0.67
85,32,19,0.22
85,40,19,0.03
85,47,19,0.05
85,54,19,0.32
85,59,19,0.25
85,68,19,0.67
85,73,19,0.93
85,75,19,0.42
85,79,19,0.34
85,81,19,0.9
85,85,19,0
85,87,19,0.4
85,93,19,0.13
85,95,19,0.8
86,5,7,0.88
86,6,7,0.9
86,8,7,0.12
86,12,7,0.5
86,18,7,0.98
86,19,7,0.94
86,20,7,0.17
86,26,7,0.38
86,29,7,0.27
86,43,7,0.9
86,51,7,0.87
86,52,7,0.85
86,57,7,0.47
86,62,7,0.63
86,68,7,0.35
86,70,7,0.87
86,86,7,0
86,89,7,0.56
86,92,7,0.68
86,99,7,0.71
86,4,3,0.78
86,16,3,0.52
86,20,3,0.13
86,27,3,0.62
86,36,3,0.81
86,40,3,0.78
86,45,3,0.73
86,46,3,0.45
86,63,3,0.22
86,86,3,0
86,87,3,0.87
86,95,3,0.84
86,96,3,0.42
86,97,3,0.56
86,13,10,0.97
86,14,10,0.98
86,16,10,0.97
86,19,10,0.27
86,22,10,0.15
86,31,10,0.18
86,33,10,0.12
86,67,10,0.1
86,72,10,0.36
86,86,10,0
86,91,10,0.41
86,13,6,0.12
86,16,6,0.93
86,17,6,0.96
86,28,6,0.57
86,29,6,0.69
86,38,6,0.44
86,41,6,0.62
86,44,6,0.41
86,47,6,0.02
86,49,6,0.13
86,50,6,0.18
86,51,6,0.84
86,53,6,0.39
86,54,6,0.33
86,56,6,0.78
86,57,6,0.68
86,60,6,0.3
86,65,6,0.22
86,66,6,0.13
86,68,6,0.44
86,86,6,0
86,88,6,0.46
86,90,6,0.7
86,97,6,0.43
86,99,6,0.65
87,1,8,0.61
87,7,8,0.08
87,9,8,0.1
87,22,8,0.06
87,24,8,0.61
87,26,8,0.47
87,52,8,0.36
87,57,8,0.73
87,72,8,0.53
87,75,8,0.98
87,76,8,0.05
87,77,8,0.46
87,79,8,0.94
87,85,8,0.85
87,87,8,0
87,94,8,0.05
87,1,5,0.76
87,14,5,0.97
87,22,5,0.58
87,44,5,0.52
87,60,5,0.93
87,65,5,0.93
87,70,5,0.93
87,72,5,0.38
87,87,5,0
87,88,5,0.68
87,90,5,0.26
87,98,5,0.29
87,4,3,0.2
87,16,3,0.18
87,20,3,0.12
87,27,3,0.65
87,36,3,0.54
87,40,3,0.25
87,45,3,0.22
87,46,3,1.0
87,63,3,0.81
87,86,3,0.55
87,87,3,0
87,95,3,0.98
87,96,3,0.19
87,97,3,0.48
87,7,19,0.12
87,10,19,0.76
87,11,19,0.82
87,24,19,0.31
87,32,19,0.9
87,40,19,0.86
87,47,19,0.26
87,54,19,0.44
87,59,19,0.05
87,68,19,0.27
87,73,19,0.29
87,75,19,0.39
87,79,19,0.74
87,81,19,0.88
87,85,19,0.18
87,87,19,0
87,93,19,0.99
87,95,19,0.9
88,13,6,0.81
88,16,6,0.28
88,17,6,0.22
88,28,6,0.96
88,29,6,0.92
88,38,6,0.13
88,41,6,0.82
88,44,6,0.73
88,47,6,0.27
88,49,6,0.94
88,50,6,0.37
88,51,6,0.28
88,53,6,0.34
88,54,6,0.92
88,56,6,0.02
88,57,6,0.38
88,60,6,0.35
88,65,6,0.79
88,66,6,0.27
88,68,6,0.69
88,86,6,0.36
88,88,6,0
88,90,6,0.5
88,97,6,0.2
88,99,6,0.71
88,1,0,0.73
88,11,0,0.03
88,22,0,0.08
88,23,0,0.28
88,27,0,0.76
88,35,0,0.24
88,40,0,0.23
88,47,0,0.79
88,48,0,0.16
88,49,0,0.83
88,53,0,0.7
88,54,0,0.32
88,68,0,0.08
88,69,0,0.95
88,73,0,0.67
88,79,0,0.03
88,88,0,0
88,91,0,0.22
88,5,1,0.17
88,9,1,0.69
88,20,1,0.48
88,33,1,0.76
88,37,1,0.28
88,40,1,0.17
88,45,1,0.18
88,55,1,0.39
88,57,1,0.18
88,59,1,0.31
88,61,1,0.56
88,73,1,0.89
88,78,1,0.34
88,88,1,0
88,1,5,0.48
88,14,5,0.07
88,22,5,0.46
88,44,5,0.82
88,60,5,0.99
88,65,5,0.78
88,70,5,0.15
88,72,5,0.23
88,87,5,0.02
88,88,5,0
88,90,5,0.74
88,98,5,0.56
89,0,9,0.61
89,6,9,0.14
89,9,9,0.47
89,14,9,0.8
89,18,9,0.36
89,30,9,0.18
89,59,9,0.93
89,70,9,0.1
89,73,9,0.4
89,89,9,0
89,96,9,0.25
89,3,11,0.04
89,5,11,0.22
89,38,11,0.17
89,49,11,0.22
89,55,11,0.25
89,71,11,0.16
89,74,11,0.46
89,89,11,0
89,90,11,0.37
89,5,7,0.36
89,6,7,0.31
89,8,7,0.96
89,12,7,0.84
89,18,7,0.46
89,19,7,0.93
89,20,7,0.39
89,26,7,0.97
89,29,7,0.94
89,43,7,0.02
89,51,7,0.34
89,52,7,0.67
89,57,7,0.9
89,62,7,0.41
89,68,7,0.44
89,70,7,0.14
89,86,7,0.52
89,89,7,0
89,92,7,0.84
89,99,7,0.65
89,2,4,0.72
89,3,4,0.65
89,4,4,0.08
89,8,4,0.56
89,19,4,0.14
89,24,4,0.04
89,29,4,0.48
89,33,4,0.02
89,34,4,0.27
89,39,4,0.03
89,41,4,0.83
89,48,4,0.17
89,52,4,0.54
89,53,4,0.59
89,58,4,0.07
89,59,4,0.99
89,62,4,0.46
89,64,4,0.21
89,67,4,0.3
89,69,4,0.22
89,71,4,0.21
89,77,4,0.88
89,78,4,0.56
89,89,4,0
89,92,4,0.41
90,13,6,0.3
90,16,6,0.27
90,17,6,0.26
90,28,6,0.53
90,29,6,0.54
90,38,6,0.51
90,41,6,0.17
90,44,6,0.58
90,47,6,0.32
90,49,6,0.68
90,50,6,0.31
90,51,6,0.18
90,53,6,0.21
90,54,6,0.13
90,56,6,0.39
90,57,6,0.23
90,60,6,0.32
90,65,6,0.68
90,66,6,0.03
90,68,6,0.13
90,86,6,0.04
90,88,6,0.58
90,90,6,0
90,97,6,0.84
90,99,6,0.78
90,3,11,0.75
90,5,11,0.6
90,38,11,0.56
90,49,11,0.72
90,55,11,0.18
90,71,11,0.97
90,74,11,0.96
90,89,11,0.01
90,90,11,0
90,1,5,0.04
90,14,5,0.67
90,22,5,0.85
90,44,5,0.17
90,60,5,0.92
90,65,5,0.57
90,70,5,0.41
90,72,5,0.48
90,87,5,0.12
90,88,5,0.43
90,90,5,0
90,98,5,0.32
91,13,10,1.0
91,14,10,0.85
91,16,10,0.07
91,19,10,0.54
91,22,10,0.1
91,31,10,0.04
91,33,10,0.49
91,67,10,0.56
91,72,10,0.97
91,86,10,0.35
91,91,10,0
91,1,0,0.24
91,11,0,0.32
91,22,0,0.43
91,23,0,0.83
91,27,0,0.82
91,35,0,0.2
91,40,0,0.02
91,47,0,0.16
91,48,0,0.51
91,49,0,0.63
91,53,0,0.18
91,54,0,0.29
91,68,0,0.25
91,69,0,0.96
91,73,0,0.36
91,79,0,0.26
91,88,0,0.8
91,91,0,0
92,10,2,0.23
92,12,2,0.57
92,17,2,0.69
92,28,2,0.5
92,31,2,0.31
92,32,2,0.43
92,46,2,0.16
92,62,2,0.5
92,71,2,0.28
92,74,2,0.85
92,76,2,0.42
92,92,2,0
92,97,2,0.56
92,5,7,0.42
92,6,7,0.25
92,8,7,0.66
92,12,7,0.39
92,18,7,0.98
92,19,7,0.07
92,20,7,0.5
92,26,7,0.17
92,29,7,0.56
92,43,7,0.29
92,51,7,0.03
92,52,7,0.12
92,57,7,0.16
92,62,7,0.16
92,68,7,0.93
92,70,7,0.64
92,86,7,0.15
92,89,7,0.74
92,92,7,0
92,99,7,0.04
92,6,18,0.6
92,7,18,0.67
92,10,18,0.03
92,13,18,0.16
92,15,18,0.11
92,26,18,0.38
92,32,18,0.6
92,42,18,0.42
92,46,18,0.98
92,47,18,0.06
92,48,18,0.06
92,76,18,0.23
92,82,18,0.61
92,92,18,0
92,98,18,0.92
92,2,4,0.19
92,3,4,0.39
92,4,4,0.51
92,8,4,0.7
92,19,4,0.28
92,24,4,0.91
92,29,4,0.06
92,33,4,0.19
92,34,4,0.94
92,39,4,0.96
92,41,4,0.23
92,48,4,0.97
92,52,4,0.68
92,53,4,0.21
92,58,4,0.58
92,59,4,0.6
92,62,4,0.96
92,64,4,0.94
92,67,4,0.24
92,69,4,0.28
92,71,4,0.43
92,77,4,0.64
92,78,4,0.99
92,89,4,0.03
92,92,4,0
93,7,19,0.67
93,10,19,0.81
93,11,19,0.39
93,24,19,0.57
93,32,19,0.91
93,40,19,0.08
93,47,19,0.08
93,54,19,0.47
93,59,19,0.68
93,68,19,0.96
93,73,19,0.63
93,75,19,0.67
93,79,19,0.67
93,81,19,0.42
93,85,19,0.0
93,87,19,0.7
93,93,19,0
93,95,19,0.12
93,0,14,0.77
93,42,14,0.57
93,46,14,0.91
93,55,14,0.71
93,56,14,0.29
93,58,14,0.31
93,63,14,0.24
93,66,14,0.84
93,80,14,0.46
93,93,14,0
93,97,14,0.26
93,98,14,0.16
94,1,8,0.98
94,7,8,0.97
94,9,8,0.73
94,22,8,0.62
94,24,8,0.36
94,26,8,0.55
94,52,8,0.65
94,57,8,0.01
94,72,8,0.37
94,75,8,0.29
94,76,8,0.1
94,77,8,0.02
94,79,8,0.66
94,85,8,0.18
94,87,8,1.0
94,94,8,0
94,21,17,0.05
94,25,17,0.87
94,26,17,0.64
94,30,17,0.97
94,31,17,0.92
94,34,17,0.31
94,35,17,0.42
94,39,17,0.31
94,58,17,0.82
94,64,17,0.27
94,82,17,0.5
94,94,17,0
95,4,3,0.13
95,16,3,0.22
95,20,3,0.81
95,27,3,0.71
95,36,3,0.0
95,40,3,0.14
95,45,3,0.75
95,46,3,0.57
95,63,3,0.76
95,86,3,0.31
95,87,3,0.79
95,95,3,0
95,96,3,0.08
95,97,3,0.45
95,7,19,0.33
95,10,19,0.57
95,11,19,0.85
95,24,19,0.59
95,32,19,0.85
95,40,19,0.83
95,47,19,0.78
95,54,19,0.72
95,59,19,0.16
95,68,19,0.66
95,73,19,0.6
95,75,19,0.79
95,79,19,0.89
95,81,19,0.3
95,85,19,0.36
95,87,19,0.4
95,93,19,0.25
95,95,19,0
96,4,3,0.87
96,16,3,0.85
96,20,3,0.92
96,27,3,0.39
96,36,3,0.49
96,40,3,0.62
96,45,3,0.64
96,46,3,0.3
96,63,3,0.27
96,86,3,0.6
96,87,3,0.09
96,95,3,0.23
96,96,3,0
96,97,3,0.16
96,0,9,0.98
96,6,9,0.1
96,9,9,0.65
96,14,9,0.41
96,18,9,0.0
96,30,9,0.69
96,59,9,0.29
96,70,9,0.3
96,73,9,0.83
96,89,9,0.21
96,96,9,0
97,4,3,0.39
97,16,3,0.52
97,20,3,0.46
97,27,3,0.5
97,36,3,0.83
97,40,3,0.5
97,45,3,0.5
97,46,3,0.41
97,63,3,0.49
97,86,3,0.26
97,87,3,0.71
97,95,3,0.89
97,96,3,0.39
97,97,3,0
97,13,6,0.46
97,16,6,0.52
97,17,6,0.65
97,28,6,0.84
97,29,6,0.23
97,38,6,0.46
97,41,6,0.18
97,44,6,0.82
97,47,6,0.38
97,49,6,0.21
97,50,6,0.36
97,51,6,0.71
97,53,6,0.02
97,54,6,0.62
97,56,6,0.87
97,57,6,0.3
97,60,6,0.62
97,65,6,0.68
97,66,6,0.68
97,68,6,0.57
97,86,6,0.83
97,88,6,0.71
97,90,6,0.72
97,97,6,0
97,99,6,0.23
97,0,14,0.77
97,42,14,0.83
97,46,14,0.83
97,55,14,0.38
97,56,14,0.28
97,58,14,0.89
97,63,14,0.49
97,66,14,0.12
97,80,14,0.85
97,93,14,0.21
97,97,14,0
97,98,14,0.03
97,10,2,0.92
97,12,2,0.94
97,17,2,0.31
97,28,2,0.73
97,31,2,0.63
97,32,2,0.5
97,46,2,0.23
97,62,2,0.49
97,71,2,0.89
97,74,2,0.07
97,76,2,0.87
97,92,2,0.69
97,97,2,0
98,1,5,0.58
98,14,5,0.89
98,22,5,0.45
98,44,5,0.6
98,60,5,0.36
98,65,5,0.54
98,70,5,0.05
98,72,5,0.97
98,87,5,0.72
98,88,5,0.89
98,90,5,0.8
98,98,5,0
98,3,12,0.38
98,21,12,0.18
98,23,12,0.52
98,25,12,0.9
98,28,12,0.75
98,32,12,0.29
98,34,12,0.11
98,48,12,0.74
98,50,12,0.89
98,69,12,0.21
98,74,12,0.5
98,79,12,0.73
98,84,12,0.41
98,98,12,0
98,6,18,0.85
98,7,18,0.98
98,10,18,0.04
98,13,18,0.4
98,15,18,0.06
98,26,18,0.27
98,32,18,0.37
98,42,18,0.57
98,46,18,0.94
98,47,18,0.32
98,48,18,0.25
98,76,18,0.48
98,82,18,0.57
98,92,18,0.26
98,98,18,0
98,0,14,0.51
98,42,14,0.33
98,46,14,0.91
98,55,14,0.95
98,56,14,0.02
98,58,14,0.11
98,63,14,0.92
98,66,14,0.35
98,80,14,0.44
98,93,14,0.16
98,97,14,0.27
98,98,14,0
99,13,6,0.49
99,16,6,0.56
99,17,6,0.46
99,28,6,0.38
99,29,6,0.24
99,38,6,0.11
99,41,6,0.86
99,44,6,0.46
99,47,6,0.42
99,49,6,0.52
99,50,6,0.19
99,51,6,0.8
99,53,6,0.55
99,54,6,0.29
99,56,6,0.55
99,57,6,0.39
99,60,6,0.56
99,65,6,0.81
99,66,6,0.03
99,68,6,0.84
99,86,6,0.29
99,88,6,0.06
99,90,6,0.24
99,97,6,0.26
99,99,6,0
99,5,7,0.49
99,6,7,0.37
99,8,7,0.43
99,12,7,0.37
99,18,7,0.48
99,19,7,0.9
99,20,7,0.51
99,26,7,0.39
99,29,7,0.26
99,43,7,0.95
99,51,7,0.12
99,52,7,0.85
99,57,7,0.74
99,62,7,0.36
99,68,7,0.12
99,70,7,0.75
99,86,7,0.83
99,89,7,0.73
99,92,7,0.74
99,99,7,0
99,3,16,0.58
99,4,16,0.32
99,19,16,0.79
99,23,16,0.51
99,25,16,0.05
99,34,16,0.89
99,37,16,0.23
99,44,16,1.0
99,45,16,0.29
99,52,16,0.54
99,55,16,0.57
99,56,16,0.54
99,62,16,0.58
99,72,16,0.58
99,75,16,0.86
99,76,16,0.15
99,99,16,0