M,100,P,30,Q,100000,targetS,0.1,targetW,0.1

Resources name, resource id, current workload and max workload
R_0,0,0.63,1
R_1,1,0.53,1
R_2,2,0.44,1
R_3,3,0.49,1
R_4,4,0.75,1
R_5,5,0.78,1
R_6,6,0.44,1
R_7,7,0.73,1
R_8,8,0.52,1
R_9,9,0.47,1
R_10,10,0.59,1
R_11,11,0.79,1
R_12,12,0.7,1
R_13,13,0.64,1
R_14,14,0.77,1
R_15,15,0.59,1
R_16,16,0.62,1
R_17,17,0.57,1
R_18,18,0.41,1
R_19,19,0.72,1
R_20,20,0.6,1
R_21,21,0.78,1
R_22,22,0.44,1
R_23,23,0.43,1
R_24,24,0.43,1
R_25,25,0.56,1
R_26,26,0.63,1
R_27,27,0.54,1
R_28,28,0.56,1
R_29,29,0.54,1
R_30,30,0.59,1
R_31,31,0.43,1
R_32,32,0.46,1
R_33,33,0.78,1
R_34,34,0.42,1
R_35,35,0.49,1
R_36,36,0.43,1
R_37,37,0.47,1
R_38,38,0.4,1
R_39,39,0.66,1
R_40,40,0.5,1
R_41,41,0.79,1
R_42,42,0.67,1
R_43,43,0.63,1
R_44,44,0.4,1
R_45,45,0.54,1
R_46,46,0.44,1
R_47,47,0.66,1
R_48,48,0.65,1
R_49,49,0.57,1
R_50,50,0.62,1
R_51,51,0.48,1
R_52,52,0.65,1
R_53,53,0.44,1
R_54,54,0.48,1
R_55,55,0.44,1
R_56,56,0.6,1
R_57,57,0.6,1
R_58,58,0.76,1
R_59,59,0.45,1
R_60,60,0.67,1
R_61,61,0.61,1
R_62,62,0.46,1
R_63,63,0.69,1
R_64,64,0.64,1
R_65,65,0.63,1
R_66,66,0.57,1
R_67,67,0.56,1
R_68,68,0.57,1
R_69,69,0.44,1
R_70,70,0.53,1
R_71,71,0.56,1
R_72,72,0.75,1
R_73,73,0.61,1
R_74,74,0.5,1
R_75,75,0.41,1
R_76,76,0.67,1
R_77,77,0.47,1
R_78,78,0.74,1
R_79,79,0.67,1
R_80,80,0.59,1
R_81,81,0.6,1
R_82,82,0.69,1
R_83,83,0.54,1
R_84,84,0.57,1
R_85,85,0.61,1
R_86,86,0.77,1
R_87,87,0.67,1
R_88,88,0.6,1
R_89,89,0.42,1
R_90,90,0.51,1
R_91,91,0.47,1
R_92,92,0.6,1
R_93,93,0.67,1
R_94,94,0.42,1
R_95,95,0.78,1
R_96,96,0.75,1
R_97,97,0.79,1
R_98,98,0.62,1
R_99,99,0.79,1

Activities name, activity id, lambda, stress, resource id, priority, rifiutato
act_12,12,0.23,0.21,0,194,0
act_5,5,0.23,0.38,1,109,1
act_5,5,0.23,0.38,1,199,1
act_19,19,0.15,0.82,2,92,1
act_19,19,0.15,0.82,2,24,1
act_19,19,0.15,0.82,2,126,1
act_4,4,0.16,0.61,3,196,1
act_19,19,0.15,0.82,3,116,1
act_4,4,0.16,0.61,3,40,1
act_8,8,0.14,0.36,4,202,0
act_1,1,0.05,0.44,4,244,1
act_1,1,0.05,0.44,4,238,1
act_18,18,0.06,0.47,5,50,0
act_19,19,0.15,0.82,5,115,1
act_0,0,0.17,0.26,6,120,0
act_0,0,0.17,0.26,6,280,0
act_0,0,0.17,0.26,6,113,0
act_7,7,0.01,0.42,7,186,1
act_12,12,0.23,0.21,7,149,0
act_7,7,0.01,0.42,7,33,1
act_7,7,0.01,0.42,7,31,1
act_7,7,0.01,0.42,7,30,1
act_2,2,0.24,0.95,8,77,0
act_11,11,0.04,0.15,8,143,0
act_11,11,0.04,0.15,8,155,0
act_11,11,0.04,0.15,8,241,0
act_11,11,0.04,0.15,8,172,0
act_11,11,0.04,0.15,8,78,0
act_2,2,0.24,0.95,9,22,1
act_10,10,0.24,0.92,9,90,0
act_11,11,0.04,0.15,9,89,0
act_5,5,0.23,0.38,10,222,0
act_3,3,0.2,0.08,11,251,0
act_15,15,0.24,0.17,12,215,0
act_12,12,0.23,0.21,13,97,0
act_1,1,0.05,0.44,13,124,0
act_18,18,0.06,0.47,13,260,1
act_13,13,0.19,0.73,14,49,0
act_11,11,0.04,0.15,15,69,0
act_10,10,0.24,0.92,15,248,0
act_11,11,0.04,0.15,15,207,0
act_11,11,0.04,0.15,15,275,0
act_11,11,0.04,0.15,15,154,0
act_11,11,0.04,0.15,16,25,0
act_10,10,0.24,0.92,16,285,0
act_11,11,0.04,0.15,16,102,0
act_11,11,0.04,0.15,16,18,0
act_10,10,0.24,0.92,17,239,0
act_11,11,0.04,0.15,17,304,0
act_11,11,0.04,0.15,17,7,0
act_11,11,0.04,0.15,17,236,0
act_11,11,0.04,0.15,17,14,0
act_18,18,0.06,0.47,18,264,1
act_0,0,0.17,0.26,18,189,0
act_5,5,0.23,0.38,18,180,1
act_18,18,0.06,0.47,18,192,1
act_18,18,0.06,0.47,18,175,1
act_5,5,0.23,0.38,19,131,0
act_16,16,0.28,0.75,20,0,0
act_19,19,0.15,0.82,21,121,1
act_7,7,0.01,0.42,21,47,1
act_7,7,0.01,0.42,21,209,1
act_7,7,0.01,0.42,21,44,1
act_7,7,0.01,0.42,21,213,1
act_7,7,0.01,0.42,21,148,1
act_7,7,0.01,0.42,21,9,1
act_7,7,0.01,0.42,21,270,1
act_19,19,0.15,0.82,22,166,0
act_19,19,0.15,0.82,22,91,0
act_3,3,0.2,0.08,22,41,0
act_6,6,0.3,0.34,23,95,0
act_0,0,0.17,0.26,23,38,0
act_18,18,0.06,0.47,24,159,0
act_2,2,0.24,0.95,24,134,1
act_18,18,0.06,0.47,24,123,0
act_1,1,0.05,0.44,24,11,0
act_18,18,0.06,0.47,24,35,0
act_18,18,0.06,0.47,24,106,0
act_4,4,0.16,0.61,25,85,1
act_13,13,0.19,0.73,25,188,1
act_16,16,0.28,0.75,26,147,0
act_0,0,0.17,0.26,27,98,0
act_0,0,0.17,0.26,27,246,0
act_6,6,0.3,0.34,28,66,0
act_14,14,0.14,0.15,29,281,0
act_8,8,0.14,0.36,29,26,1
act_8,8,0.14,0.36,29,224,1
act_2,2,0.24,0.95,30,228,0
act_7,7,0.01,0.42,31,122,1
act_5,5,0.23,0.38,31,190,1
act_5,5,0.23,0.38,31,103,1
act_7,7,0.01,0.42,31,34,1
act_7,7,0.01,0.42,31,105,1
act_7,7,0.01,0.42,31,81,1
act_7,7,0.01,0.42,31,183,1
act_7,7,0.01,0.42,31,71,1
act_7,7,0.01,0.42,31,133,1
act_7,7,0.01,0.42,31,290,1
act_7,7,0.01,0.42,31,138,1
act_7,7,0.01,0.42,31,19,1
act_7,7,0.01,0.42,31,297,1
act_3,3,0.2,0.08,32,80,0
act_9,9,0.24,0.52,32,152,0
act_13,13,0.19,0.73,33,177,0
act_16,16,0.28,0.75,34,158,1
act_16,16,0.28,0.75,34,112,1
act_15,15,0.24,0.17,35,43,0
act_15,15,0.24,0.17,35,150,0
act_12,12,0.23,0.21,36,283,0
act_4,4,0.16,0.61,36,176,1
act_4,4,0.16,0.61,36,205,1
act_0,0,0.17,0.26,37,23,0
act_0,0,0.17,0.26,37,67,0
act_0,0,0.17,0.26,37,144,0
act_5,5,0.23,0.38,38,54,1
act_9,9,0.24,0.52,38,83,1
act_6,6,0.3,0.34,39,234,0
act_16,16,0.28,0.75,40,146,0
act_19,19,0.15,0.82,40,184,1
act_1,1,0.05,0.44,41,286,1
act_1,1,0.05,0.44,41,253,1
act_1,1,0.05,0.44,41,249,1
act_1,1,0.05,0.44,41,302,1
act_3,3,0.2,0.08,42,163,0
act_2,2,0.24,0.95,43,93,0
act_10,10,0.24,0.92,44,27,1
act_17,17,0.27,0.33,44,181,0
act_10,10,0.24,0.92,45,111,0
act_11,11,0.04,0.15,45,214,0
act_11,11,0.04,0.15,45,185,0
act_11,11,0.04,0.15,45,28,0
act_11,11,0.04,0.15,45,170,0
act_11,11,0.04,0.15,45,289,0
act_11,11,0.04,0.15,46,161,0
act_15,15,0.24,0.17,46,76,0
act_15,15,0.24,0.17,46,79,0
act_12,12,0.23,0.21,47,39,0
act_16,16,0.28,0.75,48,218,0
act_10,10,0.24,0.92,49,51,1
act_4,4,0.16,0.61,49,65,1
act_5,5,0.23,0.38,50,267,0
act_15,15,0.24,0.17,51,8,0
act_15,15,0.24,0.17,51,220,0
act_14,14,0.14,0.15,52,221,0
act_14,14,0.14,0.15,52,13,0
act_1,1,0.05,0.44,52,182,0
act_15,15,0.24,0.17,53,88,0
act_5,5,0.23,0.38,53,291,0
act_1,1,0.05,0.44,53,179,1
act_18,18,0.06,0.47,54,164,1
act_11,11,0.04,0.15,54,168,0
act_18,18,0.06,0.47,54,108,1
act_18,18,0.06,0.47,54,53,1
act_11,11,0.04,0.15,54,274,0
act_10,10,0.24,0.92,54,136,1
act_17,17,0.27,0.33,55,255,0
act_14,14,0.14,0.15,55,217,0
act_14,14,0.14,0.15,55,227,0
act_18,18,0.06,0.47,56,295,0
act_6,6,0.3,0.34,56,169,0
act_0,0,0.17,0.26,57,100,0
act_5,5,0.23,0.38,57,225,0
act_5,5,0.23,0.38,58,55,0
act_14,14,0.14,0.15,59,94,0
act_14,14,0.14,0.15,59,296,0
act_14,14,0.14,0.15,59,15,0
act_10,10,0.24,0.92,60,10,0
act_11,11,0.04,0.15,60,17,0
act_11,11,0.04,0.15,60,119,0
act_16,16,0.28,0.75,61,70,0
act_18,18,0.06,0.47,61,193,0
act_1,1,0.05,0.44,62,135,1
act_6,6,0.3,0.34,62,208,0
act_1,1,0.05,0.44,62,232,1
act_1,1,0.05,0.44,62,204,1
act_1,1,0.05,0.44,62,301,1
act_16,16,0.28,0.75,63,57,0
act_4,4,0.16,0.61,64,293,1
act_4,4,0.16,0.61,64,6,1
act_14,14,0.14,0.15,65,5,0
act_14,14,0.14,0.15,65,268,0
act_1,1,0.05,0.44,65,245,0
act_7,7,0.01,0.42,66,300,1
act_0,0,0.17,0.26,66,73,0
act_3,3,0.2,0.08,66,262,0
act_7,7,0.01,0.42,66,243,1
act_7,7,0.01,0.42,66,272,1
act_7,7,0.01,0.42,66,250,1
act_7,7,0.01,0.42,66,261,1
act_3,3,0.2,0.08,67,87,0
act_1,1,0.05,0.44,67,278,1
act_1,1,0.05,0.44,67,58,1
act_1,1,0.05,0.44,67,104,1
act_1,1,0.05,0.44,67,216,1
act_3,3,0.2,0.08,68,200,0
act_3,3,0.2,0.08,68,174,0
act_17,17,0.27,0.33,69,259,1
act_17,17,0.27,0.33,69,288,1
act_9,9,0.24,0.52,70,153,0
act_4,4,0.16,0.61,70,72,0
act_1,1,0.05,0.44,71,75,1
act_1,1,0.05,0.44,71,252,1
act_12,12,0.23,0.21,71,130,0
act_1,1,0.05,0.44,71,151,1
act_1,1,0.05,0.44,71,212,1
act_10,10,0.24,0.92,72,201,0
act_18,18,0.06,0.47,73,229,1
act_18,18,0.06,0.47,73,52,1
act_18,18,0.06,0.47,73,276,1
act_3,3,0.2,0.08,73,59,0
act_0,0,0.17,0.26,74,256,0
act_12,12,0.23,0.21,74,142,0
act_10,10,0.24,0.92,75,247,1
act_10,10,0.24,0.92,75,48,1
act_12,12,0.23,0.21,76,303,0
act_15,15,0.24,0.17,77,231,0
act_11,11,0.04,0.15,77,82,0
act_11,11,0.04,0.15,77,292,0
act_11,11,0.04,0.15,77,68,0
act_11,11,0.04,0.15,77,145,0
act_11,11,0.04,0.15,77,156,0
act_11,11,0.04,0.15,77,42,0
act_11,11,0.04,0.15,77,206,0
act_13,13,0.19,0.73,78,287,1
act_7,7,0.01,0.42,78,299,1
act_7,7,0.01,0.42,78,118,1
act_7,7,0.01,0.42,78,230,1
act_7,7,0.01,0.42,78,282,1
act_7,7,0.01,0.42,78,128,1
act_7,7,0.01,0.42,78,4,1
act_7,7,0.01,0.42,78,258,1
act_4,4,0.16,0.61,79,167,0
act_11,11,0.04,0.15,79,266,0
act_11,11,0.04,0.15,79,129,0
act_11,11,0.04,0.15,79,273,0
act_11,11,0.04,0.15,79,191,0
act_19,19,0.15,0.82,80,210,1
act_19,19,0.15,0.82,80,20,1
act_15,15,0.24,0.17,81,60,0
act_18,18,0.06,0.47,82,171,1
act_14,14,0.14,0.15,82,162,0
act_18,18,0.06,0.47,82,233,1
act_9,9,0.24,0.52,83,298,0
act_8,8,0.14,0.36,84,96,1
act_8,8,0.14,0.36,84,132,1
act_8,8,0.14,0.36,84,226,1
act_0,0,0.17,0.26,85,99,0
act_0,0,0.17,0.26,85,110,0
act_11,11,0.04,0.15,85,140,0
act_4,4,0.16,0.61,86,86,0
act_14,14,0.14,0.15,87,279,0
act_0,0,0.17,0.26,87,173,0
act_1,1,0.05,0.44,88,160,1
act_1,1,0.05,0.44,88,211,1
act_1,1,0.05,0.44,88,141,1
act_12,12,0.23,0.21,88,61,0
act_1,1,0.05,0.44,89,56,1
act_13,13,0.19,0.73,89,63,1
act_13,13,0.19,0.73,89,29,1
act_1,1,0.05,0.44,89,101,1
act_1,1,0.05,0.44,89,242,1
act_1,1,0.05,0.44,89,198,1
act_10,10,0.24,0.92,90,269,1
act_8,8,0.14,0.36,90,21,0
act_18,18,0.06,0.47,91,197,0
act_18,18,0.06,0.47,91,45,0
act_10,10,0.24,0.92,91,271,1
act_18,18,0.06,0.47,91,2,0
act_18,18,0.06,0.47,91,157,0
act_3,3,0.2,0.08,92,32,0
act_8,8,0.14,0.36,92,235,0
act_10,10,0.24,0.92,93,37,0
act_11,11,0.04,0.15,93,125,0
act_11,11,0.04,0.15,93,165,0
act_0,0,0.17,0.26,94,203,0
act_10,10,0.24,0.92,94,277,1
act_18,18,0.06,0.47,94,237,0
act_18,18,0.06,0.47,94,187,0
act_3,3,0.2,0.08,95,84,0
act_9,9,0.24,0.52,96,240,0
act_7,7,0.01,0.42,97,137,1
act_7,7,0.01,0.42,97,62,1
act_7,7,0.01,0.42,97,219,1
act_7,7,0.01,0.42,97,117,1
act_7,7,0.01,0.42,97,263,1
act_7,7,0.01,0.42,97,114,1
act_7,7,0.01,0.42,97,64,1
act_7,7,0.01,0.42,97,74,1
act_7,7,0.01,0.42,97,139,1
act_7,7,0.01,0.42,97,257,1
act_7,7,0.01,0.42,97,36,1
act_7,7,0.01,0.42,97,1,1
act_7,7,0.01,0.42,97,265,1
act_7,7,0.01,0.42,97,284,1
act_7,7,0.01,0.42,97,294,1
act_7,7,0.01,0.42,97,3,1
act_7,7,0.01,0.42,97,254,1
act_7,7,0.01,0.42,97,178,1
act_7,7,0.01,0.42,97,223,1
act_7,7,0.01,0.42,97,127,1
act_19,19,0.15,0.82,98,12,0
act_1,1,0.05,0.44,98,16,0
act_19,19,0.15,0.82,98,195,0
act_8,8,0.14,0.36,99,107,0
act_18,18,0.06,0.47,99,46,1

Alpha (resource id, list of activity ids)
0:6,12,4,17
1:5,2,11,1
2:19,2
3:2,4,19
4:16,1,8,5
5:2,19,18
6:0,8
7:14,12,2,7
8:11,2
9:10,2,11
10:5,9
11:6,3,16
12:3,15,8
13:19,18,1,12
14:13,12,6
15:11,10
16:11,15,10
17:17,11,10
18:18,5,0
19:18,5,14
20:3,16
21:7,19
22:3,4,19
23:15,6,0
24:2,9,1,18
25:4,13
26:16,0,5
27:5,9,0
28:6,15
29:14,8
30:2,5
31:13,5,7
32:6,3,9
33:17,13,11
34:16,4
35:15,8,11,12
36:4,9,12
37:0,15,1
38:5,8,9
39:6,13,9,11
40:5,19,15,16
41:6,1,13
42:3,19
43:15,2
44:17,19,10
45:6,11,10,2
46:11,15,0
47:12,10,16
48:2,16
49:10,4
50:5,10
51:1,15
52:14,1,15
53:5,15,8,1
54:18,10,11
55:17,16,14,4
56:15,12,6,18
57:0,5,13,1
58:5,18,0,3
59:16,14
60:11,10,8,2
61:16,18,14
62:1,6
63:12,16
64:4,16
65:16,1,6,14
66:0,3,7
67:1,15,3,9
68:6,13,3,5
69:11,17
70:9,2,4
71:1,12
72:10,6
73:3,18
74:4,12,0
75:15,10,13
76:12,0,5,10
77:15,11
78:7,13
79:9,11,4,2
80:8,19,14,16
81:17,15
82:18,17,14
83:9,5,16
84:6,12,8
85:8,0,11
86:4,2
87:14,0,10
88:1,12
89:13,1,12,18
90:10,8
91:10,18
92:8,3
93:16,11,10,14
94:19,18,0,10
95:3,16
96:3,9,14
97:9,7,10
98:16,19,1
99:10,18,5,8

Costs (resource, resource to replace, activity, cost)
0,0,6,0
0,11,6,0.28
0,14,6,0.88
0,23,6,0.85
0,28,6,0.44
0,32,6,0.61
0,39,6,0.77
0,41,6,0.23
0,45,6,0.07
0,56,6,0.09
0,62,6,0.56
0,65,6,0.26
0,68,6,0.58
0,72,6,0.28
0,84,6,0.18
0,0,12,0
0,7,12,0.07
0,13,12,0.78
0,14,12,0.96
0,35,12,0.32
0,36,12,0.0
0,47,12,0.97
0,56,12,0.18
0,63,12,0.64
0,71,12,0.23
0,74,12,0.92
0,76,12,0.35
0,84,12,0.78
0,88,12,0.9
0,89,12,0.3
0,0,4,0
0,3,4,0.02
0,22,4,0.9
0,25,4,0.83
0,34,4,0.55
0,36,4,0.69
0,49,4,0.56
0,55,4,0.29
0,64,4,0.8
0,70,4,0.5
0,74,4,0.21
0,79,4,0.25
0,86,4,0.35
0,0,17,0
0,17,17,0.45
0,33,17,0.74
0,44,17,0.07
0,55,17,0.24
0,69,17,0.41
0,81,17,0.01
0,82,17,0.3
1,1,5,0
1,4,5,0.07
1,10,5,0.16
1,18,5,0.34
1,19,5,0.16
1,26,5,0.26
1,27,5,0.86
1,30,5,0.88
1,31,5,0.83
1,38,5,0.37
1,40,5,0.65
1,50,5,0.22
1,53,5,0.84
1,57,5,0.33
1,58,5,0.65
1,68,5,0.79
1,76,5,0.32
1,83,5,0.89
1,99,5,0.12
1,1,2,0
1,2,2,0.04
1,3,2,0.89
1,5,2,0.76
1,7,2,0.4
1,8,2,0.39
1,9,2,0.1
1,24,2,0.67
1,30,2,0.67
1,43,2,0.02
1,45,2,0.38
1,48,2,0.96
1,60,2,0.77
1,70,2,0.07
1,79,2,0.24
1,86,2,0.62
1,1,11,0
1,8,11,0.32
1,9,11,0.27
1,15,11,0.41
1,16,11,0.01
1,17,11,0.84
1,33,11,0.91
1,35,11,0.97
1,39,11,0.32
1,45,11,0.38
1,46,11,0.88
1,54,11,0.26
1,60,11,0.34
1,69,11,0.91
1,77,11,0.96
1,79,11,0.11
1,85,11,0.24
1,93,11,0.55
1,1,1,0
1,4,1,0.81
1,13,1,0.75
1,24,1,0.48
1,37,1,0.39
1,41,1,0.62
1,51,1,0.24
1,52,1,0.95
1,53,1,0.14
1,57,1,0.66
1,62,1,0.03
1,65,1,0.92
1,67,1,0.59
1,71,1,0.09
1,88,1,0.17
1,89,1,0.83
1,98,1,0.05
2,2,19,0
2,3,19,0.56
2,5,19,0.37
2,13,19,0.34
2,21,19,0.91
2,22,19,0.8
2,40,19,0.54
2,42,19,0.74
2,44,19,0.93
2,80,19,0.21
2,94,19,0.92
2,98,19,0.05
2,1,2,0.6
2,2,2,0
2,3,2,0.24
2,5,2,0.94
2,7,2,0.45
2,8,2,0.38
2,9,2,0.41
2,24,2,0.43
2,30,2,0.21
2,43,2,0.98
2,45,2,0.8
2,48,2,0.27
2,60,2,0.52
2,70,2,0.99
2,79,2,0.28
2,86,2,0.87
3,1,2,0.69
3,2,2,0.83
3,3,2,0
3,5,2,0.86
3,7,2,0.36
3,8,2,0.47
3,9,2,0.62
3,24,2,0.64
3,30,2,0.85
3,43,2,0.84
3,45,2,0.22
3,48,2,0.38
3,60,2,0.41
3,70,2,0.28
3,79,2,0.89
3,86,2,0.92
3,0,4,0.92
3,3,4,0
3,22,4,0.66
3,25,4,0.5
3,34,4,0.46
3,36,4,0.89
3,49,4,0.08
3,55,4,0.48
3,64,4,0.74
3,70,4,0.81
3,74,4,0.95
3,79,4,0.94
3,86,4,0.34
3,2,19,0.94
3,3,19,0
3,5,19,0.79
3,13,19,0.93
3,21,19,0.14
3,22,19,0.71
3,40,19,0.31
3,42,19,0.21
3,44,19,0.02
3,80,19,0.88
3,94,19,0.31
3,98,19,0.8
4,4,16,0
4,11,16,0.36
4,20,16,0.51
4,26,16,0.86
4,34,16,0.48
4,40,16,0.89
4,47,16,0.73
4,48,16,0.45
4,55,16,0.78
4,59,16,0.34
4,61,16,0.7
4,63,16,0.24
4,64,16,0.59
4,65,16,0.77
4,80,16,0.26
4,83,16,0.11
4,93,16,0.79
4,95,16,0.2
4,98,16,0.7
4,1,1,0.61
4,4,1,0
4,13,1,0.33
4,24,1,0.94
4,37,1,0.69
4,41,1,0.62
4,51,1,0.92
4,52,1,0.68
4,53,1,0.81
4,57,1,0.24
4,62,1,0.25
4,65,1,0.94
4,67,1,0.94
4,71,1,0.96
4,88,1,0.18
4,89,1,0.09
4,98,1,0.46
4,4,8,0
4,6,8,0.64
4,12,8,0.4
4,29,8,0.36
4,35,8,0.03
4,38,8,0.86
4,53,8,0.58
4,60,8,0.94
4,80,8,0.74
4,84,8,0.42
4,85,8,0.82
4,90,8,0.38
4,92,8,0.87
4,99,8,0.27
4,1,5,0.25
4,4,5,0
4,10,5,0.84
4,18,5,0.97
4,19,5,0.35
4,26,5,0.33
4,27,5,0.64
4,30,5,0.48
4,31,5,0.94
4,38,5,0.95
4,40,5,0.8
4,50,5,0.61
4,53,5,0.0
4,57,5,0.72
4,58,5,0.12
4,68,5,0.33
4,76,5,0.28
4,83,5,0.36
4,99,5,0.21
5,1,2,0.71
5,2,2,0.02
5,3,2,0.06
5,5,2,0
5,7,2,0.38
5,8,2,0.24
5,9,2,0.45
5,24,2,0.35
5,30,2,0.14
5,43,2,0.75
5,45,2,0.38
5,48,2,0.83
5,60,2,0.48
5,70,2,0.04
5,79,2,0.31
5,86,2,0.74
5,2,19,0.87
5,3,19,0.11
5,5,19,0
5,13,19,0.79
5,21,19,0.47
5,22,19,0.8
5,40,19,0.53
5,42,19,0.37
5,44,19,0.37
5,80,19,0.25
5,94,19,0.24
5,98,19,0.83
5,5,18,0
5,13,18,0.99
5,18,18,0.58
5,19,18,0.58
5,24,18,0.88
5,54,18,0.15
5,56,18,0.68
5,58,18,0.52
5,61,18,0.14
5,73,18,0.62
5,82,18,0.35
5,89,18,0.32
5,91,18,0.67
5,94,18,0.9
5,99,18,0.99
6,6,0,0
6,18,0,0.53
6,23,0,0.3
6,26,0,0.82
6,27,0,0.65
6,37,0,0.82
6,46,0,0.4
6,57,0,0.62
6,58,0,0.91
6,66,0,0.35
6,74,0,0.21
6,76,0,0.45
6,85,0,0.39
6,87,0,0.63
6,94,0,0.36
6,4,8,0.12
6,6,8,0
6,12,8,0.84
6,29,8,0.48
6,35,8,0.9
6,38,8,0.22
6,53,8,0.47
6,60,8,0.69
6,80,8,0.67
6,84,8,0.86
6,85,8,0.43
6,90,8,0.03
6,92,8,0.34
6,99,8,0.65
7,7,14,0
7,19,14,0.73
7,29,14,0.57
7,52,14,0.01
7,55,14,0.02
7,59,14,0.14
7,61,14,0.43
7,65,14,0.1
7,80,14,0.76
7,82,14,0.82
7,87,14,0.25
7,93,14,0.96
7,96,14,0.7
7,0,12,0.16
7,7,12,0
7,13,12,0.94
7,14,12,0.74
7,35,12,0.41
7,36,12,0.42
7,47,12,0.48
7,56,12,0.16
7,63,12,0.25
7,71,12,0.35
7,74,12,0.39
7,76,12,0.88
7,84,12,0.27
7,88,12,0.54
7,89,12,0.46
7,1,2,0.96
7,2,2,0.49
7,3,2,0.97
7,5,2,0.87
7,7,2,0
7,8,2,0.19
7,9,2,0.87
7,24,2,0.97
7,30,2,0.28
7,43,2,0.22
7,45,2,0.37
7,48,2,0.06
7,60,2,0.43
7,70,2,0.48
7,79,2,0.67
7,86,2,0.48
7,7,7,0
7,21,7,0.91
7,31,7,0.46
7,66,7,0.38
7,78,7,0.48
7,97,7,0.24
8,1,11,0.38
8,8,11,0
8,9,11,0.82
8,15,11,0.32
8,16,11,0.2
8,17,11,0.02
8,33,11,0.56
8,35,11,0.15
8,39,11,0.36
8,45,11,0.54
8,46,11,0.33
8,54,11,0.34
8,60,11,0.12
8,69,11,0.04
8,77,11,0.72
8,79,11,0.6
8,85,11,0.13
8,93,11,0.82
8,1,2,0.4
8,2,2,0.11
8,3,2,0.61
8,5,2,0.56
8,7,2,0.58
8,8,2,0
8,9,2,0.02
8,24,2,0.65
8,30,2,0.87
8,43,2,0.55
8,45,2,0.3
8,48,2,0.13
8,60,2,0.3
8,70,2,0.17
8,79,2,0.16
8,86,2,0.29
9,9,10,0
9,15,10,0.77
9,16,10,0.34
9,17,10,0.05
9,44,10,0.02
9,45,10,0.29
9,47,10,0.89
9,49,10,0.86
9,50,10,0.96
9,54,10,0.57
9,60,10,0.53
9,72,10,0.41
9,75,10,0.73
9,76,10,0.04
9,87,10,0.58
9,90,10,0.87
9,91,10,0.61
9,93,10,0.62
9,94,10,0.78
9,97,10,0.5
9,99,10,0.04
9,1,2,0.85
9,2,2,0.53
9,3,2,0.38
9,5,2,0.97
9,7,2,0.37
9,8,2,0.38
9,9,2,0
9,24,2,0.83
9,30,2,0.55
9,43,2,0.98
9,45,2,0.36
9,48,2,0.55
9,60,2,0.11
9,70,2,0.54
9,79,2,0.23
9,86,2,0.38
9,1,11,0.0
9,8,11,0.87
9,9,11,0
9,15,11,0.12
9,16,11,0.17
9,17,11,0.19
9,33,11,0.22
9,35,11,0.17
9,39,11,0.73
9,45,11,0.37
9,46,11,0.5
9,54,11,0.75
9,60,11,0.22
9,69,11,0.94
9,77,11,0.73
9,79,11,0.81
9,85,11,0.18
9,93,11,0.76
10,1,5,0.71
10,4,5,0.08
10,10,5,0
10,18,5,0.52
10,19,5,0.58
10,26,5,0.9
10,27,5,0.74
10,30,5,0.57
10,31,5,0.15
10,38,5,0.35
10,40,5,0.58
10,50,5,0.02
10,53,5,0.62
10,57,5,0.15
10,58,5,0.45
10,68,5,0.92
10,76,5,0.91
10,83,5,0.29
10,99,5,0.08
10,10,9,0
10,24,9,0.82
10,27,9,0.47
10,32,9,0.82
10,36,9,0.17
10,38,9,0.86
10,39,9,0.83
10,67,9,0.27
10,70,9,0.02
10,79,9,0.82
10,83,9,0.09
10,96,9,0.57
10,97,9,0.36
11,0,6,0.53
11,11,6,0
11,14,6,0.03
11,23,6,0.41
11,28,6,0.81
11,32,6,0.59
11,39,6,0.33
11,41,6,0.92
11,45,6,0.44
11,56,6,0.47
11,62,6,0.92
11,65,6,0.32
11,68,6,0.47
11,72,6,0.02
11,84,6,0.07
11,11,3,0
11,12,3,0.88
11,20,3,0.75
11,22,3,0.98
11,32,3,0.99
11,42,3,0.68
11,58,3,0.03
11,66,3,0.71
11,67,3,0.52
11,68,3,0.97
11,73,3,0.99
11,92,3,0.64
11,95,3,0.83
11,96,3,0.21
11,4,16,0.61
11,11,16,0
11,20,16,0.59
11,26,16,0.14
11,34,16,0.27
11,40,16,0.09
11,47,16,0.26
11,48,16,0.45
11,55,16,0.05
11,59,16,0.9
11,61,16,0.11
11,63,16,0.97
11,64,16,0.83
11,65,16,0.73
11,80,16,0.05
11,83,16,0.51
11,93,16,0.15
11,95,16,0.52
11,98,16,0.77
12,11,3,0.43
12,12,3,0
12,20,3,0.93
12,22,3,0.1
12,32,3,0.48
12,42,3,0.08
12,58,3,0.42
12,66,3,0.45
12,67,3,0.11
12,68,3,0.83
12,73,3,0.63
12,92,3,0.32
12,95,3,0.16
12,96,3,0.69
12,12,15,0
12,16,15,0.89
12,23,15,0.37
12,28,15,0.36
12,35,15,0.99
12,37,15,0.36
12,40,15,0.29
12,43,15,0.35
12,46,15,0.82
12,51,15,0.48
12,52,15,0.62
12,53,15,0.29
12,56,15,0.75
12,67,15,0.42
12,75,15,0.36
12,77,15,0.2
12,81,15,0.3
12,4,8,0.01
12,6,8,0.61
12,12,8,0
12,29,8,0.5
12,35,8,0.99
12,38,8,0.69
12,53,8,0.88
12,60,8,0.6
12,80,8,0.29
12,84,8,0.54
12,85,8,0.56
12,90,8,0.17
12,92,8,0.82
12,99,8,0.39
13,2,19,0.62
13,3,19,0.3
13,5,19,0.6
13,13,19,0
13,21,19,0.18
13,22,19,0.24
13,40,19,0.54
13,42,19,0.78
13,44,19,0.67
13,80,19,0.34
13,94,19,0.45
13,98,19,0.86
13,5,18,0.74
13,13,18,0
13,18,18,0.87
13,19,18,0.19
13,24,18,0.14
13,54,18,0.01
13,56,18,0.13
13,58,18,0.29
13,61,18,0.91
13,73,18,0.8
13,82,18,0.75
13,89,18,0.48
13,91,18,0.42
13,94,18,0.81
13,99,18,0.17
13,1,1,0.23
13,4,1,0.85
13,13,1,0
13,24,1,0.19
13,37,1,0.57
13,41,1,0.12
13,51,1,0.69
13,52,1,0.41
13,53,1,0.89
13,57,1,0.89
13,62,1,0.62
13,65,1,0.69
13,67,1,0.25
13,71,1,0.77
13,88,1,0.31
13,89,1,0.56
13,98,1,0.89
13,0,12,0.66
13,7,12,0.17
13,13,12,0
13,14,12,0.71
13,35,12,0.64
13,36,12,0.05
13,47,12,0.8
13,56,12,0.35
13,63,12,0.02
13,71,12,0.5
13,74,12,0.18
13,76,12,0.59
13,84,12,0.97
13,88,12,0.17
13,89,12,0.94
14,14,13,0
14,25,13,0.38
14,31,13,0.19
14,33,13,0.51
14,39,13,0.47
14,41,13,0.44
14,57,13,0.96
14,68,13,0.99
14,75,13,0.84
14,78,13,0.38
14,89,13,0.19
14,0,12,0.43
14,7,12,0.64
14,13,12,0.78
14,14,12,0
14,35,12,0.92
14,36,12,0.06
14,47,12,0.02
14,56,12,0.27
14,63,12,0.09
14,71,12,0.34
14,74,12,1.0
14,76,12,0.09
14,84,12,0.87
14,88,12,0.58
14,89,12,0.45
14,0,6,0.45
14,11,6,0.1
14,14,6,0
14,23,6,0.16
14,28,6,0.53
14,32,6,0.94
14,39,6,0.51
14,41,6,0.96
14,45,6,0.02
14,56,6,0.31
14,62,6,0.21
14,65,6,0.34
14,68,6,0.0
14,72,6,0.52
14,84,6,0.89
15,1,11,0.19
15,8,11,0.7
15,9,11,0.92
15,15,11,0
15,16,11,0.8
15,17,11,0.17
15,33,11,0.82
15,35,11,0.79
15,39,11,0.95
15,45,11,0.57
15,46,11,0.7
15,54,11,0.82
15,60,11,0.84
15,69,11,0.35
15,77,11,0.66
15,79,11,0.75
15,85,11,0.43
15,93,11,0.94
15,9,10,0.77
15,15,10,0
15,16,10,0.61
15,17,10,0.5
15,44,10,0.57
15,45,10,0.04
15,47,10,0.03
15,49,10,0.81
15,50,10,0.56
15,54,10,0.94
15,60,10,0.48
15,72,10,0.26
15,75,10,0.05
15,76,10,0.31
15,87,10,0.32
15,90,10,0.97
15,91,10,0.7
15,93,10,0.16
15,94,10,0.99
15,97,10,0.73
15,99,10,0.57
16,1,11,0.63
16,8,11,0.16
16,9,11,0.4
16,15,11,0.21
16,16,11,0
16,17,11,0.56
16,33,11,0.47
16,35,11,0.95
16,39,11,0.3
16,45,11,0.85
16,46,11,0.74
16,54,11,0.84
16,60,11,0.75
16,69,11,0.8
16,77,11,0.23
16,79,11,0.41
16,85,11,0.35
16,93,11,0.33
16,12,15,0.75
16,16,15,0
16,23,15,0.2
16,28,15,0.26
16,35,15,0.41
16,37,15,0.99
16,40,15,0.41
16,43,15,0.47
16,46,15,0.05
16,51,15,0.28
16,52,15,0.18
16,53,15,0.61
16,56,15,0.75
16,67,15,0.6
16,75,15,0.05
16,77,15,0.78
16,81,15,0.46
16,9,10,0.67
16,15,10,0.38
16,16,10,0
16,17,10,0.63
16,44,10,0.08
16,45,10,0.01
16,47,10,0.76
16,49,10,0.94
16,50,10,0.56
16,54,10,0.01
16,60,10,0.22
16,72,10,0.35
16,75,10,0.16
16,76,10,0.73
16,87,10,0.35
16,90,10,0.31
16,91,10,0.4
16,93,10,0.91
16,94,10,0.81
16,97,10,0.7
16,99,10,0.82
17,0,17,0.32
17,17,17,0
17,33,17,0.16
17,44,17,0.42
17,55,17,0.74
17,69,17,0.1
17,81,17,0.37
17,82,17,0.87
17,1,11,0.22
17,8,11,0.11
17,9,11,0.16
17,15,11,0.19
17,16,11,0.19
17,17,11,0
17,33,11,0.05
17,35,11,0.97
17,39,11,0.93
17,45,11,0.09
17,46,11,0.48
17,54,11,0.13
17,60,11,0.09
17,69,11,0.14
17,77,11,0.09
17,79,11,0.29
17,85,11,0.07
17,93,11,0.36
17,9,10,0.41
17,15,10,0.01
17,16,10,0.89
17,17,10,0
17,44,10,0.16
17,45,10,0.07
17,47,10,0.1
17,49,10,0.7
17,50,10,0.52
17,54,10,0.66
17,60,10,0.37
17,72,10,0.92
17,75,10,0.05
17,76,10,0.77
17,87,10,0.34
17,90,10,0.92
17,91,10,0.09
17,93,10,0.51
17,94,10,0.47
17,97,10,0.96
17,99,10,0.64
18,5,18,0.79
18,13,18,0.63
18,18,18,0
18,19,18,0.63
18,24,18,0.43
18,54,18,0.59
18,56,18,0.89
18,58,18,0.85
18,61,18,0.53
18,73,18,0.09
18,82,18,0.78
18,89,18,0.46
18,91,18,0.25
18,94,18,0.79
18,99,18,0.85
18,1,5,0.06
18,4,5,0.9
18,10,5,0.01
18,18,5,0
18,19,5,0.89
18,26,5,0.21
18,27,5,0.16
18,30,5,0.25
18,31,5,0.7
18,38,5,0.31
18,40,5,0.69
18,50,5,0.79
18,53,5,0.29
18,57,5,0.02
18,58,5,0.88
18,68,5,0.27
18,76,5,0.4
18,83,5,0.88
18,99,5,0.38
18,6,0,0.31
18,18,0,0
18,23,0,0.77
18,26,0,0.14
18,27,0,0.63
18,37,0,0.81
18,46,0,0.64
18,57,0,0.37
18,58,0,0.18
18,66,0,0.64
18,74,0,0.41
18,76,0,0.61
18,85,0,0.15
18,87,0,0.47
18,94,0,0.45
19,5,18,0.76
19,13,18,0.01
19,18,18,0.82
19,19,18,0
19,24,18,0.03
19,54,18,0.16
19,56,18,0.26
19,58,18,0.68
19,61,18,0.61
19,73,18,0.07
19,82,18,0.75
19,89,18,0.72
19,91,18,0.18
19,94,18,0.43
19,99,18,0.66
19,1,5,0.58
19,4,5,0.09
19,10,5,0.89
19,18,5,0.39
19,19,5,0
19,26,5,0.3
19,27,5,0.39
19,30,5,0.14
19,31,5,0.32
19,38,5,0.03
19,40,5,0.49
19,50,5,0.98
19,53,5,0.79
19,57,5,0.01
19,58,5,0.99
19,68,5,0.01
19,76,5,0.19
19,83,5,0.83
19,99,5,0.61
19,7,14,0.94
19,19,14,0
19,29,14,0.92
19,52,14,0.12
19,55,14,0.49
19,59,14,0.66
19,61,14,0.87
19,65,14,0.96
19,80,14,0.59
19,82,14,0.88
19,87,14,0.94
19,93,14,0.4
19,96,14,0.16
20,11,3,0.68
20,12,3,0.85
20,20,3,0
20,22,3,0.23
20,32,3,0.87
20,42,3,0.91
20,58,3,0.05
20,66,3,0.41
20,67,3,0.44
20,68,3,0.92
20,73,3,0.18
20,92,3,0.21
20,95,3,0.7
20,96,3,0.01
20,4,16,0.56
20,11,16,0.1
20,20,16,0
20,26,16,0.69
20,34,16,0.56
20,40,16,0.5
20,47,16,0.91
20,48,16,0.16
20,55,16,0.7
20,59,16,0.63
20,61,16,0.1
20,63,16,0.07
20,64,16,0.2
20,65,16,0.1
20,80,16,0.79
20,83,16,0.55
20,93,16,0.87
20,95,16,0.97
20,98,16,0.84
21,7,7,0.38
21,21,7,0
21,31,7,0.52
21,66,7,0.97
21,78,7,0.66
21,97,7,0.83
21,2,19,0.35
21,3,19,0.05
21,5,19,0.27
21,13,19,0.74
21,21,19,0
21,22,19,0.86
21,40,19,0.84
21,42,19,0.7
21,44,19,0.61
21,80,19,0.56
21,94,19,0.8
21,98,19,0.07
22,11,3,0.24
22,12,3,0.27
22,20,3,0.68
22,22,3,0
22,32,3,0.78
22,42,3,0.2
22,58,3,0.64
22,66,3,0.41
22,67,3,0.44
22,68,3,0.51
22,73,3,0.55
22,92,3,0.95
22,95,3,0.14
22,96,3,0.86
22,0,4,0.37
22,3,4,0.45
22,22,4,0
22,25,4,0.63
22,34,4,0.32
22,36,4,0.12
22,49,4,0.93
22,55,4,0.15
22,64,4,0.03
22,70,4,0.54
22,74,4,0.64
22,79,4,0.13
22,86,4,0.7
22,2,19,0.61
22,3,19,0.97
22,5,19,0.37
22,13,19,0.24
22,21,19,0.94
22,22,19,0
22,40,19,0.96
22,42,19,0.7
22,44,19,0.75
22,80,19,0.31
22,94,19,0.93
22,98,19,0.49
23,12,15,0.55
23,16,15,0.89
23,23,15,0
23,28,15,0.77
23,35,15,0.61
23,37,15,0.53
23,40,15,0.68
23,43,15,0.83
23,46,15,0.94
23,51,15,0.31
23,52,15,0.13
23,53,15,0.08
23,56,15,0.39
23,67,15,0.44
23,75,15,0.4
23,77,15,0.21
23,81,15,0.49
23,0,6,0.2
23,11,6,0.07
23,14,6,0.74
23,23,6,0
23,28,6,0.0
23,32,6,0.25
23,39,6,0.77
23,41,6,0.67
23,45,6,0.51
23,56,6,0.39
23,62,6,0.69
23,65,6,0.89
23,68,6,0.54
23,72,6,0.21
23,84,6,0.52
23,6,0,0.33
23,18,0,0.92
23,23,0,0
23,26,0,0.27
23,27,0,0.31
23,37,0,0.49
23,46,0,0.15
23,57,0,0.54
23,58,0,0.45
23,66,0,0.64
23,74,0,0.73
23,76,0,0.54
23,85,0,0.34
23,87,0,0.31
23,94,0,0.16
24,1,2,0.72
24,2,2,0.26
24,3,2,0.78
24,5,2,0.89
24,7,2,0.3
24,8,2,0.82
24,9,2,0.61
24,24,2,0
24,30,2,0.48
24,43,2,0.83
24,45,2,0.99
24,48,2,0.59
24,60,2,0.15
24,70,2,0.56
24,79,2,0.23
24,86,2,0.94
24,10,9,0.84
24,24,9,0
24,27,9,0.66
24,32,9,0.09
24,36,9,0.7
24,38,9,0.1
24,39,9,0.97
24,67,9,0.39
24,70,9,0.4
24,79,9,0.54
24,83,9,0.47
24,96,9,0.55
24,97,9,0.2
24,1,1,0.16
24,4,1,0.16
24,13,1,0.28
24,24,1,0
24,37,1,0.54
24,41,1,1.0
24,51,1,0.8
24,52,1,0.27
24,53,1,0.09
24,57,1,0.82
24,62,1,0.69
24,65,1,0.79
24,67,1,0.74
24,71,1,0.94
24,88,1,0.95
24,89,1,0.79
24,98,1,0.11
24,5,18,0.33
24,13,18,0.38
24,18,18,0.68
24,19,18,0.23
24,24,18,0
24,54,18,0.4
24,56,18,0.82
24,58,18,0.35
24,61,18,0.79
24,73,18,0.76
24,82,18,0.7
24,89,18,0.34
24,91,18,0.71
24,94,18,0.57
24,99,18,0.07
25,0,4,0.08
25,3,4,0.84
25,22,4,0.74
25,25,4,0
25,34,4,0.38
25,36,4,0.53
25,49,4,0.94
25,55,4,0.67
25,64,4,0.64
25,70,4,0.44
25,74,4,0.43
25,79,4,0.65
25,86,4,0.35
25,14,13,0.72
25,25,13,0
25,31,13,0.01
25,33,13,0.45
25,39,13,0.89
25,41,13,0.01
25,57,13,0.94
25,68,13,0.65
25,75,13,0.65
25,78,13,0.21
25,89,13,0.34
26,4,16,0.12
26,11,16,0.39
26,20,16,0.43
26,26,16,0
26,34,16,0.69
26,40,16,0.87
26,47,16,0.41
26,48,16,0.42
26,55,16,0.63
26,59,16,0.9
26,61,16,0.66
26,63,16,0.7
26,64,16,0.9
26,65,16,0.44
26,80,16,0.05
26,83,16,0.48
26,93,16,0.05
26,95,16,0.08
26,98,16,0.95
26,6,0,0.04
26,18,0,0.69
26,23,0,0.4
26,26,0,0
26,27,0,0.2
26,37,0,0.17
26,46,0,0.48
26,57,0,0.36
26,58,0,0.12
26,66,0,0.13
26,74,0,0.35
26,76,0,0.79
26,85,0,0.48
26,87,0,0.13
26,94,0,0.58
26,1,5,0.31
26,4,5,0.43
26,10,5,0.27
26,18,5,0.01
26,19,5,0.31
26,26,5,0
26,27,5,0.28
26,30,5,0.64
26,31,5,0.1
26,38,5,0.05
26,40,5,0.67
26,50,5,0.45
26,53,5,0.85
26,57,5,0.08
26,58,5,0.33
26,68,5,0.2
26,76,5,0.88
26,83,5,0.8
26,99,5,0.35
27,1,5,0.64
27,4,5,0.02
27,10,5,0.53
27,18,5,0.41
27,19,5,0.77
27,26,5,0.99
27,27,5,0
27,30,5,0.26
27,31,5,0.66
27,38,5,0.95
27,40,5,0.22
27,50,5,0.2
27,53,5,0.17
27,57,5,0.2
27,58,5,0.21
27,68,5,0.62
27,76,5,0.83
27,83,5,0.55
27,99,5,0.11
27,10,9,0.94
27,24,9,0.46
27,27,9,0
27,32,9,0.24
27,36,9,0.49
27,38,9,0.3
27,39,9,0.83
27,67,9,0.71
27,70,9,0.47
27,79,9,0.6
27,83,9,0.14
27,96,9,0.84
27,97,9,1.0
27,6,0,0.25
27,18,0,0.66
27,23,0,0.82
27,26,0,0.5
27,27,0,0
27,37,0,0.2
27,46,0,0.5
27,57,0,0.31
27,58,0,0.11
27,66,0,0.54
27,74,0,0.39
27,76,0,0.43
27,85,0,0.03
27,87,0,0.33
27,94,0,0.52
28,0,6,0.71
28,11,6,0.47
28,14,6,0.81
28,23,6,0.9
28,28,6,0
28,32,6,0.0
28,39,6,0.46
28,41,6,0.53
28,45,6,0.98
28,56,6,0.13
28,62,6,0.78
28,65,6,0.78
28,68,6,0.9
28,72,6,0.13
28,84,6,0.23
28,12,15,0.13
28,16,15,0.24
28,23,15,0.34
28,28,15,0
28,35,15,0.19
28,37,15,0.91
28,40,15,0.98
28,43,15,0.49
28,46,15,0.65
28,51,15,0.12
28,52,15,0.87
28,53,15,0.32
28,56,15,0.64
28,67,15,0.22
28,75,15,0.33
28,77,15,0.92
28,81,15,0.59
29,7,14,0.35
29,19,14,0.79
29,29,14,0
29,52,14,0.73
29,55,14,0.88
29,59,14,0.8
29,61,14,0.71
29,65,14,0.14
29,80,14,0.31
29,82,14,0.15
29,87,14,0.59
29,93,14,0.66
29,96,14,0.82
29,4,8,0.55
29,6,8,0.97
29,12,8,0.76
29,29,8,0
29,35,8,0.36
29,38,8,0.53
29,53,8,0.93
29,60,8,0.92
29,80,8,0.06
29,84,8,1.0
29,85,8,0.82
29,90,8,0.96
29,92,8,0.83
29,99,8,0.96
30,1,2,0.29
30,2,2,0.08
30,3,2,0.68
30,5,2,0.58
30,7,2,0.04
30,8,2,0.93
30,9,2,0.1
30,24,2,0.83
30,30,2,0
30,43,2,0.46
30,45,2,0.33
30,48,2,0.93
30,60,2,0.25
30,70,2,0.68
30,79,2,0.44
30,86,2,0.93
30,1,5,0.15
30,4,5,0.89
30,10,5,0.86
30,18,5,0.06
30,19,5,0.14
30,26,5,0.73
30,27,5,0.22
30,30,5,0
30,31,5,0.67
30,38,5,0.65
30,40,5,0.76
30,50,5,0.11
30,53,5,0.57
30,57,5,0.07
30,58,5,0.82
30,68,5,0.55
30,76,5,0.62
30,83,5,0.26
30,99,5,0.54
31,14,13,0.79
31,25,13,0.23
31,31,13,0
31,33,13,0.08
31,39,13,0.74
31,41,13,0.83
31,57,13,0.51
31,68,13,0.25
31,75,13,0.24
31,78,13,0.79
31,89,13,0.75
31,1,5,0.65
31,4,5,0.91
31,10,5,0.48
31,18,5,0.48
31,19,5,0.92
31,26,5,0.37
31,27,5,0.49
31,30,5,0.67
31,31,5,0
31,38,5,0.62
31,40,5,0.9
31,50,5,0.67
31,53,5,0.92
31,57,5,0.4
31,58,5,0.23
31,68,5,0.55
31,76,5,0.08
31,83,5,0.08
31,99,5,0.35
31,7,7,0.19
31,21,7,0.52
31,31,7,0
31,66,7,0.85
31,78,7,0.01
31,97,7,0.88
32,0,6,0.09
32,11,6,0.79
32,14,6,0.84
32,23,6,0.92
32,28,6,0.69
32,32,6,0
32,39,6,0.32
32,41,6,0.44
32,45,6,0.16
32,56,6,0.61
32,62,6,0.21
32,65,6,0.39
32,68,6,0.67
32,72,6,0.45
32,84,6,0.43
32,11,3,0.68
32,12,3,0.32
32,20,3,0.84
32,22,3,0.76
32,32,3,0
32,42,3,0.02
32,58,3,0.88
32,66,3,0.32
32,67,3,0.77
32,68,3,0.65
32,73,3,0.72
32,92,3,0.5
32,95,3,0.4
32,96,3,0.03
32,10,9,0.83
32,24,9,0.59
32,27,9,0.01
32,32,9,0
32,36,9,0.44
32,38,9,0.04
32,39,9,0.35
32,67,9,0.73
32,70,9,0.29
32,79,9,0.52
32,83,9,0.06
32,96,9,0.77
32,97,9,0.17
33,0,17,0.9
33,17,17,0.96
33,33,17,0
33,44,17,0.59
33,55,17,0.18
33,69,17,0.1
33,81,17,0.63
33,82,17,0.34
33,14,13,0.7
33,25,13,0.78
33,31,13,0.68
33,33,13,0
33,39,13,0.67
33,41,13,0.39
33,57,13,0.66
33,68,13,0.76
33,75,13,0.04
33,78,13,0.41
33,89,13,0.46
33,1,11,0.24
33,8,11,0.05
33,9,11,0.04
33,15,11,0.89
33,16,11,0.97
33,17,11,0.04
33,33,11,0
33,35,11,0.29
33,39,11,0.37
33,45,11,0.93
33,46,11,0.57
33,54,11,0.49
33,60,11,0.17
33,69,11,0.81
33,77,11,0.25
33,79,11,0.47
33,85,11,0.14
33,93,11,0.77
34,4,16,0.12
34,11,16,0.39
34,20,16,0.61
34,26,16,0.31
34,34,16,0
34,40,16,0.96
34,47,16,0.04
34,48,16,0.23
34,55,16,0.64
34,59,16,0.96
34,61,16,0.8
34,63,16,0.43
34,64,16,0.02
34,65,16,0.65
34,80,16,0.66
34,83,16,0.13
34,93,16,0.88
34,95,16,0.05
34,98,16,0.06
34,0,4,0.34
34,3,4,0.7
34,22,4,0.63
34,25,4,0.44
34,34,4,0
34,36,4,0.77
34,49,4,0.32
34,55,4,0.94
34,64,4,0.5
34,70,4,0.69
34,74,4,0.12
34,79,4,0.78
34,86,4,0.28
35,12,15,0.3
35,16,15,0.07
35,23,15,0.28
35,28,15,0.25
35,35,15,0
35,37,15,0.23
35,40,15,0.6
35,43,15,0.37
35,46,15,0.95
35,51,15,0.35
35,52,15,0.3
35,53,15,0.66
35,56,15,0.24
35,67,15,0.17
35,75,15,0.78
35,77,15,0.52
35,81,15,0.79
35,4,8,0.99
35,6,8,0.56
35,12,8,0.05
35,29,8,0.1
35,35,8,0
35,38,8,0.25
35,53,8,0.16
35,60,8,0.67
35,80,8,0.76
35,84,8,0.9
35,85,8,0.12
35,90,8,0.4
35,92,8,0.56
35,99,8,0.01
35,1,11,0.56
35,8,11,0.8
35,9,11,0.86
35,15,11,0.02
35,16,11,0.84
35,17,11,0.25
35,33,11,0.15
35,35,11,0
35,39,11,0.95
35,45,11,0.27
35,46,11,0.65
35,54,11,0.28
35,60,11,0.08
35,69,11,0.43
35,77,11,0.62
35,79,11,0.64
35,85,11,0.65
35,93,11,0.77
35,0,12,0.95
35,7,12,0.33
35,13,12,0.55
35,14,12,0.06
35,35,12,0
35,36,12,0.1
35,47,12,0.74
35,56,12,0.88
35,63,12,0.07
35,71,12,0.61
35,74,12,0.14
35,76,12,0.06
35,84,12,0.95
35,88,12,0.44
35,89,12,0.18
36,0,4,0.55
36,3,4,0.51
36,22,4,0.37
36,25,4,0.63
36,34,4,0.32
36,36,4,0
36,49,4,0.02
36,55,4,0.52
36,64,4,0.25
36,70,4,0.16
36,74,4,0.16
36,79,4,0.64
36,86,4,0.27
36,10,9,0.18
36,24,9,0.69
36,27,9,0.95
36,32,9,0.67
36,36,9,0
36,38,9,0.79
36,39,9,0.69
36,67,9,0.6
36,70,9,0.12
36,79,9,0.31
36,83,9,0.03
36,96,9,0.01
36,97,9,0.84
36,0,12,0.63
36,7,12,0.01
36,13,12,0.78
36,14,12,0.93
36,35,12,0.09
36,36,12,0
36,47,12,0.81
36,56,12,0.85
36,63,12,0.62
36,71,12,0.43
36,74,12,0.53
36,76,12,0.47
36,84,12,0.67
36,88,12,0.04
36,89,12,0.41
37,6,0,0.21
37,18,0,0.77
37,23,0,0.19
37,26,0,0.1
37,27,0,0.21
37,37,0,0
37,46,0,0.35
37,57,0,0.82
37,58,0,0.73
37,66,0,0.55
37,74,0,0.61
37,76,0,0.38
37,85,0,0.74
37,87,0,0.22
37,94,0,0.0
37,12,15,0.11
37,16,15,0.29
37,23,15,0.71
37,28,15,0.17
37,35,15,0.19
37,37,15,0
37,40,15,0.32
37,43,15,0.77
37,46,15,0.79
37,51,15,0.62
37,52,15,0.14
37,53,15,0.93
37,56,15,0.9
37,67,15,0.99
37,75,15,0.9
37,77,15,0.64
37,81,15,0.24
37,1,1,0.29
37,4,1,0.62
37,13,1,0.75
37,24,1,0.6
37,37,1,0
37,41,1,0.02
37,51,1,0.67
37,52,1,0.35
37,53,1,0.38
37,57,1,0.33
37,62,1,0.81
37,65,1,0.77
37,67,1,0.3
37,71,1,0.58
37,88,1,0.99
37,89,1,0.9
37,98,1,0.78
38,1,5,0.27
38,4,5,0.54
38,10,5,0.45
38,18,5,0.31
38,19,5,0.1
38,26,5,0.24
38,27,5,0.31
38,30,5,0.84
38,31,5,0.55
38,38,5,0
38,40,5,0.07
38,50,5,0.25
38,53,5,0.12
38,57,5,0.83
38,58,5,0.12
38,68,5,0.73
38,76,5,0.63
38,83,5,0.41
38,99,5,0.05
38,4,8,0.39
38,6,8,0.56
38,12,8,0.98
38,29,8,0.02
38,35,8,0.8
38,38,8,0
38,53,8,0.64
38,60,8,0.44
38,80,8,0.35
38,84,8,0.94
38,85,8,0.25
38,90,8,0.79
38,92,8,0.28
38,99,8,0.91
38,10,9,0.59
38,24,9,0.73
38,27,9,0.86
38,32,9,0.2
38,36,9,0.66
38,38,9,0
38,39,9,0.77
38,67,9,0.32
38,70,9,0.09
38,79,9,0.11
38,83,9,0.77
38,96,9,0.94
38,97,9,0.75
39,0,6,0.06
39,11,6,0.11
39,14,6,0.46
39,23,6,0.66
39,28,6,0.42
39,32,6,0.65
39,39,6,0
39,41,6,0.32
39,45,6,0.45
39,56,6,0.08
39,62,6,0.04
39,65,6,0.45
39,68,6,0.68
39,72,6,0.19
39,84,6,0.12
39,14,13,0.61
39,25,13,0.75
39,31,13,0.43
39,33,13,0.56
39,39,13,0
39,41,13,0.56
39,57,13,0.29
39,68,13,0.02
39,75,13,0.27
39,78,13,0.18
39,89,13,0.5
39,10,9,0.05
39,24,9,0.31
39,27,9,0.44
39,32,9,0.12
39,36,9,0.14
39,38,9,0.11
39,39,9,0
39,67,9,0.11
39,70,9,0.9
39,79,9,0.42
39,83,9,0.1
39,96,9,0.69
39,97,9,0.62
39,1,11,0.41
39,8,11,0.72
39,9,11,0.92
39,15,11,0.26
39,16,11,0.41
39,17,11,0.44
39,33,11,0.44
39,35,11,0.08
39,39,11,0
39,45,11,0.11
39,46,11,0.9
39,54,11,0.0
39,60,11,0.56
39,69,11,0.09
39,77,11,0.44
39,79,11,0.34
39,85,11,0.95
39,93,11,0.13
40,1,5,0.86
40,4,5,0.55
40,10,5,0.29
40,18,5,0.03
40,19,5,0.12
40,26,5,0.43
40,27,5,0.04
40,30,5,0.57
40,31,5,0.77
40,38,5,0.57
40,40,5,0
40,50,5,0.75
40,53,5,0.95
40,57,5,0.51
40,58,5,0.94
40,68,5,0.04
40,76,5,0.39
40,83,5,0.73
40,99,5,0.91
40,2,19,0.23
40,3,19,0.53
40,5,19,0.08
40,13,19,0.98
40,21,19,0.99
40,22,19,0.73
40,40,19,0
40,42,19,0.43
40,44,19,0.72
40,80,19,1.0
40,94,19,0.71
40,98,19,0.55
40,12,15,0.36
40,16,15,0.41
40,23,15,0.38
40,28,15,0.42
40,35,15,0.05
40,37,15,0.91
40,40,15,0
40,43,15,0.33
40,46,15,0.28
40,51,15,0.79
40,52,15,0.57
40,53,15,0.33
40,56,15,0.27
40,67,15,0.76
40,75,15,0.66
40,77,15,0.33
40,81,15,0.23
40,4,16,0.52
40,11,16,0.77
40,20,16,0.58
40,26,16,0.31
40,34,16,0.5
40,40,16,0
40,47,16,0.8
40,48,16,0.07
40,55,16,0.79
40,59,16,0.61
40,61,16,0.67
40,63,16,0.03
40,64,16,0.56
40,65,16,0.96
40,80,16,0.91
40,83,16,0.16
40,93,16,0.48
40,95,16,0.66
40,98,16,0.77
41,0,6,0.63
41,11,6,0.58
41,14,6,0.28
41,23,6,0.72
41,28,6,0.25
41,32,6,0.21
41,39,6,0.41
41,41,6,0
41,45,6,0.62
41,56,6,0.97
41,62,6,0.34
41,65,6,0.36
41,68,6,0.09
41,72,6,0.86
41,84,6,0.47
41,1,1,0.26
41,4,1,0.45
41,13,1,0.25
41,24,1,0.78
41,37,1,0.28
41,41,1,0
41,51,1,0.06
41,52,1,0.21
41,53,1,0.93
41,57,1,0.36
41,62,1,0.14
41,65,1,0.7
41,67,1,0.44
41,71,1,0.1
41,88,1,0.2
41,89,1,0.16
41,98,1,0.89
41,14,13,0.96
41,25,13,0.76
41,31,13,0.14
41,33,13,0.81
41,39,13,0.17
41,41,13,0
41,57,13,0.09
41,68,13,0.08
41,75,13,0.0
41,78,13,0.77
41,89,13,0.57
42,11,3,0.16
42,12,3,0.32
42,20,3,0.21
42,22,3,0.71
42,32,3,0.73
42,42,3,0
42,58,3,0.85
42,66,3,0.44
42,67,3,0.99
42,68,3,0.88
42,73,3,0.72
42,92,3,0.34
42,95,3,0.92
42,96,3,0.78
42,2,19,0.14
42,3,19,0.08
42,5,19,0.06
42,13,19,0.18
42,21,19,0.3
42,22,19,0.65
42,40,19,0.34
42,42,19,0
42,44,19,0.93
42,80,19,0.45
42,94,19,0.14
42,98,19,0.97
43,12,15,0.52
43,16,15,0.71
43,23,15,0.54
43,28,15,0.05
43,35,15,0.92
43,37,15,0.32
43,40,15,0.38
43,43,15,0
43,46,15,0.64
43,51,15,0.88
43,52,15,0.08
43,53,15,0.34
43,56,15,0.59
43,67,15,0.12
43,75,15,0.51
43,77,15,0.07
43,81,15,0.68
43,1,2,0.79
43,2,2,0.98
43,3,2,0.8
43,5,2,0.16
43,7,2,0.36
43,8,2,0.86
43,9,2,0.29
43,24,2,0.98
43,30,2,0.52
43,43,2,0
43,45,2,0.84
43,48,2,0.26
43,60,2,0.48
43,70,2,0.31
43,79,2,0.78
43,86,2,0.2
44,0,17,0.93
44,17,17,0.03
44,33,17,0.12
44,44,17,0
44,55,17,0.87
44,69,17,0.3
44,81,17,0.5
44,82,17,0.63
44,2,19,0.78
44,3,19,0.0
44,5,19,0.3
44,13,19,0.41
44,21,19,0.51
44,22,19,0.78
44,40,19,0.35
44,42,19,0.96
44,44,19,0
44,80,19,0.63
44,94,19,0.9
44,98,19,0.64
44,9,10,0.15
44,15,10,0.77
44,16,10,0.88
44,17,10,0.39
44,44,10,0
44,45,10,0.93
44,47,10,0.62
44,49,10,0.6
44,50,10,0.46
44,54,10,0.86
44,60,10,0.43
44,72,10,0.79
44,75,10,0.12
44,76,10,0.45
44,87,10,0.05
44,90,10,0.6
44,91,10,0.57
44,93,10,0.39
44,94,10,0.58
44,97,10,0.01
44,99,10,0.39
45,0,6,0.56
45,11,6,0.25
45,14,6,0.48
45,23,6,0.72
45,28,6,0.0
45,32,6,0.93
45,39,6,0.84
45,41,6,0.12
45,45,6,0
45,56,6,0.77
45,62,6,0.49
45,65,6,0.15
45,68,6,0.18
45,72,6,0.26
45,84,6,0.51
45,1,11,0.73
45,8,11,0.32
45,9,11,0.2
45,15,11,0.22
45,16,11,0.78
45,17,11,0.49
45,33,11,0.79
45,35,11,0.83
45,39,11,0.81
45,45,11,0
45,46,11,0.24
45,54,11,0.47
45,60,11,0.18
45,69,11,0.26
45,77,11,0.4
45,79,11,0.2
45,85,11,0.6
45,93,11,0.31
45,9,10,1.0
45,15,10,0.03
45,16,10,0.25
45,17,10,0.72
45,44,10,0.58
45,45,10,0
45,47,10,0.33
45,49,10,0.4
45,50,10,0.45
45,54,10,0.43
45,60,10,0.93
45,72,10,0.46
45,75,10,0.61
45,76,10,0.34
45,87,10,0.45
45,90,10,0.14
45,91,10,0.95
45,93,10,0.22
45,94,10,0.35
45,97,10,0.53
45,99,10,0.34
45,1,2,0.22
45,2,2,0.8
45,3,2,0.25
45,5,2,0.86
45,7,2,0.52
45,8,2,0.7
45,9,2,0.35
45,24,2,0.14
45,30,2,0.82
45,43,2,0.94
45,45,2,0
45,48,2,0.25
45,60,2,0.07
45,70,2,0.93
45,79,2,0.33
45,86,2,0.53
46,1,11,0.06
46,8,11,0.71
46,9,11,0.93
46,15,11,0.01
46,16,11,0.38
46,17,11,0.28
46,33,11,0.25
46,35,11,0.87
46,39,11,0.6
46,45,11,0.01
46,46,11,0
46,54,11,0.76
46,60,11,0.87
46,69,11,0.66
46,77,11,0.2
46,79,11,0.17
46,85,11,0.94
46,93,11,0.09
46,12,15,0.59
46,16,15,0.19
46,23,15,0.58
46,28,15,0.98
46,35,15,0.26
46,37,15,0.83
46,40,15,0.52
46,43,15,0.19
46,46,15,0
46,51,15,0.66
46,52,15,0.82
46,53,15,0.5
46,56,15,0.35
46,67,15,0.67
46,75,15,0.51
46,77,15,0.53
46,81,15,0.03
46,6,0,0.16
46,18,0,0.93
46,23,0,0.14
46,26,0,0.59
46,27,0,0.58
46,37,0,0.82
46,46,0,0
46,57,0,0.94
46,58,0,0.44
46,66,0,0.62
46,74,0,0.56
46,76,0,0.03
46,85,0,0.65
46,87,0,0.55
46,94,0,0.39
47,0,12,0.09
47,7,12,0.9
47,13,12,0.3
47,14,12,0.32
47,35,12,0.77
47,36,12,0.55
47,47,12,0
47,56,12,0.51
47,63,12,0.79
47,71,12,0.04
47,74,12,0.94
47,76,12,0.55
47,84,12,0.68
47,88,12,0.84
47,89,12,0.07
47,9,10,0.1
47,15,10,0.87
47,16,10,0.91
47,17,10,0.0
47,44,10,0.11
47,45,10,0.04
47,47,10,0
47,49,10,0.1
47,50,10,0.11
47,54,10,0.17
47,60,10,0.17
47,72,10,0.44
47,75,10,0.4
47,76,10,0.06
47,87,10,0.92
47,90,10,0.49
47,91,10,0.51
47,93,10,0.9
47,94,10,0.55
47,97,10,0.19
47,99,10,0.55
47,4,16,0.67
47,11,16,0.91
47,20,16,0.32
47,26,16,0.45
47,34,16,0.13
47,40,16,0.85
47,47,16,0
47,48,16,0.0
47,55,16,0.33
47,59,16,0.08
47,61,16,0.89
47,63,16,0.63
47,64,16,0.35
47,65,16,0.69
47,80,16,0.11
47,83,16,0.06
47,93,16,0.33
47,95,16,0.45
47,98,16,0.95
48,1,2,0.92
48,2,2,0.87
48,3,2,0.81
48,5,2,0.59
48,7,2,0.54
48,8,2,0.97
48,9,2,0.33
48,24,2,0.04
48,30,2,0.69
48,43,2,0.68
48,45,2,0.11
48,48,2,0
48,60,2,0.19
48,70,2,0.14
48,79,2,0.37
48,86,2,0.8
48,4,16,0.49
48,11,16,0.75
48,20,16,0.66
48,26,16,0.8
48,34,16,0.41
48,40,16,0.14
48,47,16,0.11
48,48,16,0
48,55,16,0.86
48,59,16,0.17
48,61,16,0.22
48,63,16,0.5
48,64,16,0.28
48,65,16,0.71
48,80,16,0.01
48,83,16,0.17
48,93,16,0.05
48,95,16,0.93
48,98,16,0.11
49,9,10,0.21
49,15,10,0.73
49,16,10,0.49
49,17,10,0.26
49,44,10,0.78
49,45,10,0.23
49,47,10,0.74
49,49,10,0
49,50,10,0.3
49,54,10,0.28
49,60,10,0.43
49,72,10,0.01
49,75,10,0.79
49,76,10,0.19
49,87,10,0.67
49,90,10,0.24
49,91,10,0.77
49,93,10,0.13
49,94,10,0.72
49,97,10,0.74
49,99,10,0.01
49,0,4,0.67
49,3,4,0.31
49,22,4,0.81
49,25,4,0.31
49,34,4,0.44
49,36,4,0.78
49,49,4,0
49,55,4,0.38
49,64,4,0.74
49,70,4,0.42
49,74,4,0.64
49,79,4,0.83
49,86,4,0.09
50,1,5,0.52
50,4,5,0.09
50,10,5,0.44
50,18,5,0.12
50,19,5,0.06
50,26,5,0.15
50,27,5,0.5
50,30,5,0.23
50,31,5,0.27
50,38,5,0.67
50,40,5,0.67
50,50,5,0
50,53,5,0.24
50,57,5,0.6
50,58,5,0.37
50,68,5,0.29
50,76,5,0.71
50,83,5,0.82
50,99,5,0.76
50,9,10,0.52
50,15,10,0.29
50,16,10,0.45
50,17,10,0.86
50,44,10,0.74
50,45,10,0.46
50,47,10,0.66
50,49,10,0.58
50,50,10,0
50,54,10,0.52
50,60,10,0.01
50,72,10,0.5
50,75,10,0.93
50,76,10,0.53
50,87,10,0.16
50,90,10,0.7
50,91,10,0.97
50,93,10,0.17
50,94,10,0.67
50,97,10,0.5
50,99,10,0.17
51,1,1,0.32
51,4,1,0.15
51,13,1,0.51
51,24,1,0.36
51,37,1,0.41
51,41,1,0.14
51,51,1,0
51,52,1,0.72
51,53,1,0.57
51,57,1,0.66
51,62,1,0.81
51,65,1,0.85
51,67,1,0.13
51,71,1,0.06
51,88,1,0.12
51,89,1,0.29
51,98,1,0.44
51,12,15,0.74
51,16,15,0.81
51,23,15,0.29
51,28,15,0.69
51,35,15,0.45
51,37,15,0.01
51,40,15,0.21
51,43,15,0.11
51,46,15,0.59
51,51,15,0
51,52,15,0.16
51,53,15,0.35
51,56,15,0.59
51,67,15,0.32
51,75,15,0.91
51,77,15,0.02
51,81,15,0.99
52,7,14,0.8
52,19,14,0.56
52,29,14,0.71
52,52,14,0
52,55,14,0.26
52,59,14,0.3
52,61,14,0.15
52,65,14,0.21
52,80,14,0.4
52,82,14,0.82
52,87,14,0.76
52,93,14,0.55
52,96,14,0.25
52,1,1,0.29
52,4,1,0.8
52,13,1,0.48
52,24,1,0.16
52,37,1,0.26
52,41,1,0.55
52,51,1,0.51
52,52,1,0
52,53,1,0.11
52,57,1,0.43
52,62,1,0.09
52,65,1,0.78
52,67,1,0.99
52,71,1,0.4
52,88,1,0.24
52,89,1,0.96
52,98,1,0.94
52,12,15,0.1
52,16,15,0.05
52,23,15,0.87
52,28,15,0.66
52,35,15,0.99
52,37,15,0.61
52,40,15,0.62
52,43,15,0.94
52,46,15,0.55
52,51,15,0.97
52,52,15,0
52,53,15,0.72
52,56,15,0.68
52,67,15,0.36
52,75,15,0.22
52,77,15,0.02
52,81,15,0.69
53,1,5,0.99
53,4,5,0.83
53,10,5,0.77
53,18,5,0.44
53,19,5,0.41
53,26,5,0.92
53,27,5,0.75
53,30,5,0.75
53,31,5,0.37
53,38,5,0.76
53,40,5,0.82
53,50,5,0.81
53,53,5,0
53,57,5,0.72
53,58,5,0.85
53,68,5,0.01
53,76,5,0.5
53,83,5,0.76
53,99,5,0.94
53,12,15,0.09
53,16,15,0.08
53,23,15,0.13
53,28,15,0.29
53,35,15,0.5
53,37,15,0.75
53,40,15,0.61
53,43,15,0.28
53,46,15,0.7
53,51,15,0.95
53,52,15,0.33
53,53,15,0
53,56,15,0.74
53,67,15,0.24
53,75,15,0.53
53,77,15,0.27
53,81,15,0.62
53,4,8,0.25
53,6,8,0.45
53,12,8,0.74
53,29,8,0.86
53,35,8,0.0
53,38,8,0.29
53,53,8,0
53,60,8,0.5
53,80,8,0.63
53,84,8,0.38
53,85,8,0.52
53,90,8,0.88
53,92,8,0.17
53,99,8,0.46
53,1,1,0.38
53,4,1,0.51
53,13,1,0.17
53,24,1,0.53
53,37,1,0.98
53,41,1,0.28
53,51,1,0.12
53,52,1,0.3
53,53,1,0
53,57,1,0.04
53,62,1,0.04
53,65,1,0.5
53,67,1,0.38
53,71,1,0.61
53,88,1,0.68
53,89,1,0.45
53,98,1,0.17
54,5,18,0.47
54,13,18,0.04
54,18,18,0.64
54,19,18,0.4
54,24,18,0.06
54,54,18,0
54,56,18,0.21
54,58,18,0.93
54,61,18,0.65
54,73,18,0.66
54,82,18,0.2
54,89,18,0.68
54,91,18,0.83
54,94,18,0.59
54,99,18,0.01
54,9,10,0.84
54,15,10,0.69
54,16,10,0.24
54,17,10,0.4
54,44,10,0.28
54,45,10,0.37
54,47,10,0.79
54,49,10,0.41
54,50,10,0.99
54,54,10,0
54,60,10,0.7
54,72,10,0.81
54,75,10,0.15
54,76,10,0.46
54,87,10,0.06
54,90,10,0.23
54,91,10,0.68
54,93,10,0.56
54,94,10,0.14
54,97,10,0.04
54,99,10,0.37
54,1,11,0.48
54,8,11,0.6
54,9,11,0.08
54,15,11,0.72
54,16,11,0.33
54,17,11,0.31
54,33,11,0.22
54,35,11,0.28
54,39,11,0.57
54,45,11,0.79
54,46,11,0.1
54,54,11,0
54,60,11,0.86
54,69,11,0.15
54,77,11,0.64
54,79,11,0.86
54,85,11,0.71
54,93,11,0.01
55,0,17,0.18
55,17,17,0.37
55,33,17,0.61
55,44,17,0.03
55,55,17,0
55,69,17,0.78
55,81,17,0.85
55,82,17,0.24
55,4,16,0.11
55,11,16,0.87
55,20,16,0.57
55,26,16,0.47
55,34,16,0.23
55,40,16,0.58
55,47,16,0.32
55,48,16,0.71
55,55,16,0
55,59,16,0.29
55,61,16,0.37
55,63,16,0.97
55,64,16,0.17
55,65,16,0.83
55,80,16,0.85
55,83,16,0.94
55,93,16,0.26
55,95,16,0.6
55,98,16,0.98
55,7,14,0.9
55,19,14,0.72
55,29,14,0.44
55,52,14,0.7
55,55,14,0
55,59,14,0.83
55,61,14,0.71
55,65,14,0.19
55,80,14,0.52
55,82,14,0.95
55,87,14,0.83
55,93,14,0.08
55,96,14,0.51
55,0,4,0.22
55,3,4,0.97
55,22,4,0.55
55,25,4,0.1
55,34,4,0.32
55,36,4,0.92
55,49,4,0.01
55,55,4,0
55,64,4,0.94
55,70,4,0.9
55,74,4,0.78
55,79,4,0.27
55,86,4,0.64
56,12,15,0.41
56,16,15,0.65
56,23,15,0.62
56,28,15,0.9
56,35,15,0.15
56,37,15,0.86
56,40,15,0.27
56,43,15,0.19
56,46,15,0.4
56,51,15,0.99
56,52,15,0.29
56,53,15,0.95
56,56,15,0
56,67,15,0.6
56,75,15,0.73
56,77,15,0.44
56,81,15,0.08
56,0,12,0.3
56,7,12,0.01
56,13,12,0.51
56,14,12,0.85
56,35,12,0.59
56,36,12,0.68
56,47,12,0.64
56,56,12,0
56,63,12,0.91
56,71,12,0.6
56,74,12,0.49
56,76,12,0.78
56,84,12,0.74
56,88,12,0.08
56,89,12,0.39
56,0,6,0.76
56,11,6,0.28
56,14,6,0.47
56,23,6,0.42
56,28,6,0.28
56,32,6,0.25
56,39,6,0.48
56,41,6,0.85
56,45,6,0.18
56,56,6,0
56,62,6,0.13
56,65,6,0.45
56,68,6,0.05
56,72,6,0.47
56,84,6,0.67
56,5,18,0.08
56,13,18,0.1
56,18,18,0.03
56,19,18,0.0
56,24,18,0.01
56,54,18,0.97
56,56,18,0
56,58,18,0.84
56,61,18,0.13
56,73,18,0.64
56,82,18,0.12
56,89,18,0.38
56,91,18,0.82
56,94,18,0.58
56,99,18,0.37
57,6,0,0.14
57,18,0,0.26
57,23,0,0.61
57,26,0,0.48
57,27,0,0.27
57,37,0,0.54
57,46,0,0.57
57,57,0,0
57,58,0,0.27
57,66,0,0.99
57,74,0,0.96
57,76,0,0.04
57,85,0,0.2
57,87,0,0.93
57,94,0,0.7
57,1,5,0.28
57,4,5,0.68
57,10,5,1.0
57,18,5,0.97
57,19,5,0.37
57,26,5,0.23
57,27,5,0.89
57,30,5,0.15
57,31,5,0.54
57,38,5,0.08
57,40,5,0.5
57,50,5,0.59
57,53,5,0.63
57,57,5,0
57,58,5,0.03
57,68,5,0.57
57,76,5,0.57
57,83,5,0.75
57,99,5,0.87
57,14,13,0.28
57,25,13,0.48
57,31,13,0.77
57,33,13,0.83
57,39,13,0.64
57,41,13,0.31
57,57,13,0
57,68,13,0.84
57,75,13,0.92
57,78,13,0.3
57,89,13,0.97
57,1,1,0.75
57,4,1,0.67
57,13,1,0.93
57,24,1,0.51
57,37,1,0.58
57,41,1,0.87
57,51,1,0.79
57,52,1,0.54
57,53,1,0.11
57,57,1,0
57,62,1,0.21
57,65,1,0.12
57,67,1,0.22
57,71,1,0.89
57,88,1,0.6
57,89,1,0.56
57,98,1,0.8
58,1,5,0.52
58,4,5,0.83
58,10,5,0.51
58,18,5,0.66
58,19,5,0.87
58,26,5,0.01
58,27,5,0.09
58,30,5,0.6
58,31,5,0.1
58,38,5,0.51
58,40,5,0.87
58,50,5,0.27
58,53,5,0.99
58,57,5,0.99
58,58,5,0
58,68,5,0.63
58,76,5,0.84
58,83,5,0.22
58,99,5,0.35
58,5,18,0.04
58,13,18,0.96
58,18,18,0.72
58,19,18,0.46
58,24,18,0.38
58,54,18,0.78
58,56,18,0.7
58,58,18,0
58,61,18,0.96
58,73,18,0.6
58,82,18,0.19
58,89,18,0.04
58,91,18,0.75
58,94,18,0.0
58,99,18,0.45
58,6,0,0.69
58,18,0,0.3
58,23,0,0.15
58,26,0,0.86
58,27,0,0.36
58,37,0,0.73
58,46,0,0.77
58,57,0,0.36
58,58,0,0
58,66,0,0.58
58,74,0,0.8
58,76,0,0.48
58,85,0,0.11
58,87,0,0.91
58,94,0,0.45
58,11,3,0.46
58,12,3,0.98
58,20,3,0.63
58,22,3,0.44
58,32,3,0.06
58,42,3,0.07
58,58,3,0
58,66,3,0.62
58,67,3,0.22
58,68,3,0.23
58,73,3,0.15
58,92,3,0.59
58,95,3,0.6
58,96,3,0.89
59,4,16,0.36
59,11,16,0.21
59,20,16,0.1
59,26,16,0.92
59,34,16,0.41
59,40,16,0.28
59,47,16,0.4
59,48,16,0.12
59,55,16,0.6
59,59,16,0
59,61,16,0.77
59,63,16,0.98
59,64,16,0.68
59,65,16,0.25
59,80,16,0.95
59,83,16,0.8
59,93,16,0.27
59,95,16,0.06
59,98,16,0.31
59,7,14,0.88
59,19,14,0.34
59,29,14,0.48
59,52,14,0.59
59,55,14,0.4
59,59,14,0
59,61,14,0.84
59,65,14,0.08
59,80,14,0.28
59,82,14,0.03
59,87,14,0.53
59,93,14,0.03
59,96,14,0.67
60,1,11,0.5
60,8,11,0.56
60,9,11,0.68
60,15,11,0.5
60,16,11,0.18
60,17,11,0.04
60,33,11,0.68
60,35,11,0.62
60,39,11,0.89
60,45,11,0.74
60,46,11,0.79
60,54,11,0.24
60,60,11,0
60,69,11,0.09
60,77,11,0.55
60,79,11,0.82
60,85,11,0.98
60,93,11,0.77
60,9,10,0.88
60,15,10,0.76
60,16,10,0.8
60,17,10,0.81
60,44,10,0.97
60,45,10,0.41
60,47,10,0.12
60,49,10,0.86
60,50,10,0.14
60,54,10,0.54
60,60,10,0
60,72,10,0.18
60,75,10,0.25
60,76,10,0.07
60,87,10,0.28
60,90,10,0.55
60,91,10,0.5
60,93,10,0.02
60,94,10,0.83
60,97,10,0.72
60,99,10,0.26
60,4,8,0.27
60,6,8,0.87
60,12,8,0.38
60,29,8,0.85
60,35,8,0.67
60,38,8,0.44
60,53,8,0.54
60,60,8,0
60,80,8,0.35
60,84,8,0.91
60,85,8,0.31
60,90,8,0.45
60,92,8,0.5
60,99,8,0.33
60,1,2,0.67
60,2,2,0.91
60,3,2,0.78
60,5,2,0.34
60,7,2,0.56
60,8,2,0.54
60,9,2,0.34
60,24,2,0.92
60,30,2,0.48
60,43,2,0.65
60,45,2,0.49
60,48,2,0.94
60,60,2,0
60,70,2,0.02
60,79,2,0.88
60,86,2,0.68
61,4,16,0.29
61,11,16,0.66
61,20,16,0.81
61,26,16,0.69
61,34,16,0.15
61,40,16,0.39
61,47,16,0.45
61,48,16,0.4
61,55,16,0.17
61,59,16,0.21
61,61,16,0
61,63,16,0.94
61,64,16,0.63
61,65,16,0.88
61,80,16,0.74
61,83,16,0.77
61,93,16,0.31
61,95,16,0.58
61,98,16,0.3
61,5,18,0.97
61,13,18,0.5
61,18,18,0.53
61,19,18,0.01
61,24,18,0.75
61,54,18,0.94
61,56,18,0.15
61,58,18,0.7
61,61,18,0
61,73,18,0.77
61,82,18,0.37
61,89,18,0.18
61,91,18,0.13
61,94,18,0.45
61,99,18,0.98
61,7,14,0.21
61,19,14,0.18
61,29,14,0.19
61,52,14,0.67
61,55,14,0.42
61,59,14,0.24
61,61,14,0
61,65,14,0.8
61,80,14,1.0
61,82,14,0.14
61,87,14,0.38
61,93,14,0.18
61,96,14,0.0
62,1,1,0.29
62,4,1,0.08
62,13,1,0.45
62,24,1,0.34
62,37,1,0.03
62,41,1,0.89
62,51,1,0.53
62,52,1,0.99
62,53,1,0.71
62,57,1,0.48
62,62,1,0
62,65,1,0.68
62,67,1,0.65
62,71,1,0.04
62,88,1,0.03
62,89,1,0.43
62,98,1,0.28
62,0,6,0.52
62,11,6,0.79
62,14,6,0.59
62,23,6,0.23
62,28,6,0.94
62,32,6,0.42
62,39,6,0.22
62,41,6,0.19
62,45,6,0.17
62,56,6,0.98
62,62,6,0
62,65,6,0.76
62,68,6,0.07
62,72,6,0.53
62,84,6,0.66
63,0,12,0.84
63,7,12,0.52
63,13,12,0.72
63,14,12,0.98
63,35,12,0.86
63,36,12,0.93
63,47,12,0.24
63,56,12,0.55
63,63,12,0
63,71,12,0.6
63,74,12,0.17
63,76,12,0.18
63,84,12,0.97
63,88,12,0.87
63,89,12,0.25
63,4,16,0.24
63,11,16,0.95
63,20,16,0.82
63,26,16,0.56
63,34,16,0.11
63,40,16,0.9
63,47,16,0.31
63,48,16,0.4
63,55,16,0.75
63,59,16,0.41
63,61,16,0.36
63,63,16,0
63,64,16,0.5
63,65,16,0.07
63,80,16,0.2
63,83,16,0.4
63,93,16,0.23
63,95,16,0.78
63,98,16,0.45
64,0,4,0.69
64,3,4,0.58
64,22,4,0.9
64,25,4,0.48
64,34,4,0.48
64,36,4,0.56
64,49,4,0.69
64,55,4,0.62
64,64,4,0
64,70,4,0.53
64,74,4,0.17
64,79,4,0.86
64,86,4,0.78
64,4,16,0.1
64,11,16,0.61
64,20,16,0.32
64,26,16,0.48
64,34,16,0.59
64,40,16,0.58
64,47,16,0.61
64,48,16,0.3
64,55,16,0.61
64,59,16,0.42
64,61,16,0.08
64,63,16,0.29
64,64,16,0
64,65,16,0.1
64,80,16,0.63
64,83,16,0.27
64,93,16,0.42
64,95,16,0.32
64,98,16,0.73
65,4,16,0.77
65,11,16,0.65
65,20,16,0.37
65,26,16,0.77
65,34,16,0.9
65,40,16,0.63
65,47,16,0.64
65,48,16,0.87
65,55,16,0.35
65,59,16,0.75
65,61,16,0.44
65,63,16,0.51
65,64,16,0.47
65,65,16,0
65,80,16,0.99
65,83,16,0.92
65,93,16,0.47
65,95,16,0.21
65,98,16,0.59
65,1,1,0.31
65,4,1,0.37
65,13,1,0.8
65,24,1,0.7
65,37,1,0.44
65,41,1,0.79
65,51,1,0.84
65,52,1,0.9
65,53,1,0.51
65,57,1,0.75
65,62,1,0.83
65,65,1,0
65,67,1,0.76
65,71,1,0.33
65,88,1,0.04
65,89,1,0.21
65,98,1,0.19
65,0,6,0.53
65,11,6,0.5
65,14,6,0.14
65,23,6,0.08
65,28,6,0.01
65,32,6,0.48
65,39,6,0.16
65,41,6,0.82
65,45,6,0.48
65,56,6,0.36
65,62,6,0.19
65,65,6,0
65,68,6,0.48
65,72,6,0.47
65,84,6,0.59
65,7,14,0.15
65,19,14,0.04
65,29,14,0.49
65,52,14,0.15
65,55,14,0.35
65,59,14,0.99
65,61,14,0.23
65,65,14,0
65,80,14,0.15
65,82,14,0.68
65,87,14,0.49
65,93,14,0.09
65,96,14,0.23
66,6,0,0.65
66,18,0,0.87
66,23,0,0.94
66,26,0,0.62
66,27,0,0.05
66,37,0,0.57
66,46,0,0.0
66,57,0,0.17
66,58,0,0.49
66,66,0,0
66,74,0,0.6
66,76,0,0.3
66,85,0,0.18
66,87,0,0.14
66,94,0,0.3
66,11,3,0.02
66,12,3,0.59
66,20,3,0.9
66,22,3,0.6
66,32,3,0.63
66,42,3,0.6
66,58,3,0.48
66,66,3,0
66,67,3,0.97
66,68,3,0.22
66,73,3,0.18
66,92,3,0.89
66,95,3,0.28
66,96,3,0.99
66,7,7,0.35
66,21,7,0.27
66,31,7,0.09
66,66,7,0
66,78,7,0.72
66,97,7,0.74
67,1,1,0.03
67,4,1,0.12
67,13,1,0.04
67,24,1,0.26
67,37,1,0.73
67,41,1,0.67
67,51,1,0.84
67,52,1,0.48
67,53,1,0.51
67,57,1,0.28
67,62,1,0.82
67,65,1,0.49
67,67,1,0
67,71,1,0.71
67,88,1,0.22
67,89,1,0.88
67,98,1,0.61
67,12,15,0.35
67,16,15,0.43
67,23,15,0.82
67,28,15,0.88
67,35,15,0.59
67,37,15,0.87
67,40,15,0.04
67,43,15,0.22
67,46,15,0.1
67,51,15,0.72
67,52,15,0.83
67,53,15,0.45
67,56,15,0.31
67,67,15,0
67,75,15,0.22
67,77,15,0.94
67,81,15,0.36
67,11,3,0.8
67,12,3,0.43
67,20,3,0.42
67,22,3,0.48
67,32,3,0.32
67,42,3,0.53
67,58,3,0.32
67,66,3,0.52
67,67,3,0
67,68,3,0.9
67,73,3,0.69
67,92,3,0.45
67,95,3,0.62
67,96,3,0.78
67,10,9,0.3
67,24,9,0.7
67,27,9,0.8
67,32,9,0.64
67,36,9,0.27
67,38,9,0.49
67,39,9,0.2
67,67,9,0
67,70,9,0.7
67,79,9,0.49
67,83,9,0.29
67,96,9,0.6
67,97,9,0.85
68,0,6,1.0
68,11,6,0.08
68,14,6,0.56
68,23,6,0.22
68,28,6,0.12
68,32,6,0.07
68,39,6,0.69
68,41,6,0.49
68,45,6,0.73
68,56,6,0.41
68,62,6,0.08
68,65,6,0.71
68,68,6,0
68,72,6,0.82
68,84,6,0.84
68,14,13,0.76
68,25,13,0.1
68,31,13,0.3
68,33,13,0.07
68,39,13,0.88
68,41,13,0.78
68,57,13,0.96
68,68,13,0
68,75,13,0.94
68,78,13,0.29
68,89,13,0.92
68,11,3,0.85
68,12,3,0.69
68,20,3,0.01
68,22,3,0.02
68,32,3,0.83
68,42,3,0.11
68,58,3,0.95
68,66,3,0.54
68,67,3,0.01
68,68,3,0
68,73,3,0.79
68,92,3,0.96
68,95,3,0.7
68,96,3,0.85
68,1,5,0.92
68,4,5,0.22
68,10,5,0.18
68,18,5,0.27
68,19,5,0.94
68,26,5,0.9
68,27,5,0.69
68,30,5,0.9
68,31,5,0.62
68,38,5,0.57
68,40,5,0.53
68,50,5,0.09
68,53,5,0.01
68,57,5,0.16
68,58,5,0.66
68,68,5,0
68,76,5,0.82
68,83,5,0.05
68,99,5,0.99
69,1,11,0.19
69,8,11,0.19
69,9,11,0.52
69,15,11,0.32
69,16,11,0.67
69,17,11,0.42
69,33,11,0.28
69,35,11,0.26
69,39,11,0.55
69,45,11,0.97
69,46,11,0.49
69,54,11,1.0
69,60,11,0.69
69,69,11,0
69,77,11,0.9
69,79,11,0.47
69,85,11,0.57
69,93,11,0.88
69,0,17,0.47
69,17,17,0.94
69,33,17,0.35
69,44,17,0.25
69,55,17,0.73
69,69,17,0
69,81,17,0.77
69,82,17,0.74
70,10,9,0.18
70,24,9,0.49
70,27,9,0.91
70,32,9,0.88
70,36,9,0.02
70,38,9,0.17
70,39,9,0.56
70,67,9,0.43
70,70,9,0
70,79,9,0.67
70,83,9,0.81
70,96,9,0.72
70,97,9,0.99
70,1,2,0.88
70,2,2,0.63
70,3,2,0.59
70,5,2,0.58
70,7,2,0.99
70,8,2,0.25
70,9,2,0.81
70,24,2,0.95
70,30,2,0.9
70,43,2,0.6
70,45,2,0.86
70,48,2,0.47
70,60,2,0.13
70,70,2,0
70,79,2,0.08
70,86,2,0.72
70,0,4,0.58
70,3,4,0.82
70,22,4,0.98
70,25,4,0.72
70,34,4,0.38
70,36,4,0.46
70,49,4,0.48
70,55,4,0.84
70,64,4,0.02
70,70,4,0
70,74,4,0.76
70,79,4,0.13
70,86,4,0.46
71,1,1,0.84
71,4,1,0.52
71,13,1,0.25
71,24,1,0.39
71,37,1,0.37
71,41,1,0.43
71,51,1,0.58
71,52,1,0.16
71,53,1,0.63
71,57,1,0.57
71,62,1,0.36
71,65,1,0.27
71,67,1,0.57
71,71,1,0
71,88,1,0.43
71,89,1,1.0
71,98,1,0.09
71,0,12,0.44
71,7,12,0.13
71,13,12,0.49
71,14,12,0.26
71,35,12,0.9
71,36,12,0.19
71,47,12,0.79
71,56,12,0.01
71,63,12,0.21
71,71,12,0
71,74,12,0.57
71,76,12,0.35
71,84,12,0.14
71,88,12,0.38
71,89,12,0.96
72,9,10,0.2
72,15,10,0.02
72,16,10,0.95
72,17,10,0.38
72,44,10,0.59
72,45,10,0.5
72,47,10,0.84
72,49,10,0.27
72,50,10,0.18
72,54,10,0.76
72,60,10,0.43
72,72,10,0
72,75,10,0.29
72,76,10,0.95
72,87,10,0.09
72,90,10,0.59
72,91,10,0.53
72,93,10,0.79
72,94,10,0.7
72,97,10,0.35
72,99,10,0.83
72,0,6,0.63
72,11,6,0.32
72,14,6,0.88
72,23,6,0.14
72,28,6,0.65
72,32,6,0.81
72,39,6,0.49
72,41,6,0.94
72,45,6,0.68
72,56,6,0.81
72,62,6,0.79
72,65,6,0.71
72,68,6,0.05
72,72,6,0
72,84,6,0.43
73,11,3,0.75
73,12,3,0.98
73,20,3,0.26
73,22,3,0.05
73,32,3,0.65
73,42,3,0.61
73,58,3,0.9
73,66,3,0.29
73,67,3,0.8
73,68,3,0.89
73,73,3,0
73,92,3,0.93
73,95,3,0.23
73,96,3,0.85
73,5,18,0.77
73,13,18,0.78
73,18,18,0.29
73,19,18,0.66
73,24,18,0.91
73,54,18,0.73
73,56,18,0.97
73,58,18,0.05
73,61,18,0.19
73,73,18,0
73,82,18,0.54
73,89,18,0.39
73,91,18,0.11
73,94,18,0.4
73,99,18,0.64
74,0,4,0.42
74,3,4,0.55
74,22,4,0.02
74,25,4,0.91
74,34,4,0.74
74,36,4,0.95
74,49,4,0.02
74,55,4,0.6
74,64,4,0.2
74,70,4,0.22
74,74,4,0
74,79,4,0.92
74,86,4,0.02
74,0,12,0.6
74,7,12,0.49
74,13,12,0.81
74,14,12,0.86
74,35,12,0.96
74,36,12,0.89
74,47,12,0.46
74,56,12,0.68
74,63,12,0.76
74,71,12,0.61
74,74,12,0
74,76,12,0.59
74,84,12,0.97
74,88,12,0.62
74,89,12,0.15
74,6,0,0.09
74,18,0,0.8
74,23,0,0.39
74,26,0,0.18
74,27,0,0.07
74,37,0,0.16
74,46,0,0.92
74,57,0,0.45
74,58,0,0.86
74,66,0,0.03
74,74,0,0
74,76,0,0.57
74,85,0,0.62
74,87,0,0.53
74,94,0,0.83
75,12,15,0.89
75,16,15,0.81
75,23,15,0.58
75,28,15,0.43
75,35,15,0.31
75,37,15,0.3
75,40,15,0.61
75,43,15,0.07
75,46,15,0.6
75,51,15,0.36
75,52,15,0.37
75,53,15,0.66
75,56,15,0.67
75,67,15,0.71
75,75,15,0
75,77,15,0.26
75,81,15,0.44
75,9,10,0.52
75,15,10,0.24
75,16,10,0.39
75,17,10,0.53
75,44,10,0.97
75,45,10,0.13
75,47,10,0.45
75,49,10,0.1
75,50,10,0.89
75,54,10,0.55
75,60,10,0.12
75,72,10,0.48
75,75,10,0
75,76,10,0.87
75,87,10,0.93
75,90,10,0.0
75,91,10,0.47
75,93,10,0.96
75,94,10,0.19
75,97,10,0.82
75,99,10,0.07
75,14,13,0.82
75,25,13,0.51
75,31,13,0.98
75,33,13,0.64
75,39,13,0.81
75,41,13,0.88
75,57,13,0.73
75,68,13,0.26
75,75,13,0
75,78,13,0.6
75,89,13,0.02
76,0,12,0.98
76,7,12,0.88
76,13,12,0.85
76,14,12,0.19
76,35,12,0.46
76,36,12,0.17
76,47,12,0.99
76,56,12,0.73
76,63,12,0.1
76,71,12,0.42
76,74,12,0.07
76,76,12,0
76,84,12,0.65
76,88,12,0.09
76,89,12,0.05
76,6,0,0.6
76,18,0,0.43
76,23,0,0.55
76,26,0,0.99
76,27,0,0.0
76,37,0,0.98
76,46,0,0.64
76,57,0,0.19
76,58,0,0.92
76,66,0,0.95
76,74,0,0.12
76,76,0,0
76,85,0,0.08
76,87,0,0.22
76,94,0,0.3
76,1,5,0.16
76,4,5,0.37
76,10,5,0.86
76,18,5,0.8
76,19,5,0.38
76,26,5,0.31
76,27,5,0.86
76,30,5,0.1
76,31,5,0.93
76,38,5,0.42
76,40,5,0.86
76,50,5,0.62
76,53,5,0.68
76,57,5,0.83
76,58,5,0.4
76,68,5,0.59
76,76,5,0
76,83,5,0.29
76,99,5,0.11
76,9,10,0.88
76,15,10,0.14
76,16,10,0.13
76,17,10,0.08
76,44,10,0.71
76,45,10,0.46
76,47,10,0.94
76,49,10,0.82
76,50,10,0.86
76,54,10,0.39
76,60,10,0.98
76,72,10,0.22
76,75,10,0.97
76,76,10,0
76,87,10,0.44
76,90,10,0.54
76,91,10,0.36
76,93,10,0.63
76,94,10,0.78
76,97,10,0.68
76,99,10,0.37
77,12,15,0.39
77,16,15,0.36
77,23,15,0.57
77,28,15,0.89
77,35,15,0.44
77,37,15,0.81
77,40,15,0.26
77,43,15,0.0
77,46,15,0.45
77,51,15,0.59
77,52,15,0.14
77,53,15,0.24
77,56,15,0.49
77,67,15,0.61
77,75,15,0.93
77,77,15,0
77,81,15,0.77
77,1,11,0.89
77,8,11,0.25
77,9,11,0.58
77,15,11,0.6
77,16,11,0.04
77,17,11,0.76
77,33,11,0.84
77,35,11,0.03
77,39,11,0.57
77,45,11,0.83
77,46,11,0.54
77,54,11,0.59
77,60,11,0.04
77,69,11,0.53
77,77,11,0
77,79,11,0.25
77,85,11,0.55
77,93,11,0.63
78,7,7,0.29
78,21,7,0.2
78,31,7,0.96
78,66,7,0.47
78,78,7,0
78,97,7,0.93
78,14,13,0.22
78,25,13,0.11
78,31,13,0.04
78,33,13,0.99
78,39,13,0.9
78,41,13,0.39
78,57,13,0.39
78,68,13,0.87
78,75,13,0.94
78,78,13,0
78,89,13,0.69
79,10,9,0.32
79,24,9,0.46
79,27,9,0.1
79,32,9,0.92
79,36,9,0.91
79,38,9,0.92
79,39,9,0.73
79,67,9,0.38
79,70,9,0.6
79,79,9,0
79,83,9,0.7
79,96,9,0.16
79,97,9,0.15
79,1,11,0.62
79,8,11,0.65
79,9,11,0.29
79,15,11,0.5
79,16,11,0.73
79,17,11,0.98
79,33,11,0.41
79,35,11,0.98
79,39,11,0.1
79,45,11,0.69
79,46,11,0.32
79,54,11,0.61
79,60,11,0.23
79,69,11,0.9
79,77,11,0.66
79,79,11,0
79,85,11,0.91
79,93,11,0.67
79,0,4,0.76
79,3,4,0.64
79,22,4,0.6
79,25,4,0.68
79,34,4,0.51
79,36,4,0.72
79,49,4,0.87
79,55,4,0.47
79,64,4,0.78
79,70,4,0.71
79,74,4,0.34
79,79,4,0
79,86,4,0.51
79,1,2,0.25
79,2,2,0.75
79,3,2,0.46
79,5,2,0.77
79,7,2,0.34
79,8,2,0.72
79,9,2,0.22
79,24,2,0.22
79,30,2,0.38
79,43,2,0.48
79,45,2,0.26
79,48,2,0.85
79,60,2,0.48
79,70,2,0.3
79,79,2,0
79,86,2,0.59
80,4,8,0.01
80,6,8,0.72
80,12,8,0.37
80,29,8,0.65
80,35,8,0.16
80,38,8,0.49
80,53,8,0.23
80,60,8,0.98
80,80,8,0
80,84,8,0.01
80,85,8,0.43
80,90,8,0.31
80,92,8,0.15
80,99,8,0.8
80,2,19,0.0
80,3,19,0.93
80,5,19,0.12
80,13,19,0.66
80,21,19,0.32
80,22,19,0.93
80,40,19,0.22
80,42,19,0.54
80,44,19,0.87
80,80,19,0
80,94,19,0.78
80,98,19,0.16
80,7,14,0.19
80,19,14,0.9
80,29,14,0.42
80,52,14,0.68
80,55,14,0.79
80,59,14,0.12
80,61,14,0.71
80,65,14,0.33
80,80,14,0
80,82,14,0.55
80,87,14,0.46
80,93,14,0.23
80,96,14,0.39
80,4,16,0.15
80,11,16,1.0
80,20,16,0.86
80,26,16,0.64
80,34,16,0.53
80,40,16,0.4
80,47,16,0.81
80,48,16,0.74
80,55,16,0.46
80,59,16,0.17
80,61,16,0.83
80,63,16,0.37
80,64,16,0.51
80,65,16,0.9
80,80,16,0
80,83,16,0.82
80,93,16,0.22
80,95,16,0.85
80,98,16,0.36
81,0,17,0.26
81,17,17,0.42
81,33,17,0.95
81,44,17,0.27
81,55,17,0.55
81,69,17,0.22
81,81,17,0
81,82,17,0.04
81,12,15,0.14
81,16,15,0.5
81,23,15,0.16
81,28,15,0.18
81,35,15,0.98
81,37,15,0.48
81,40,15,0.43
81,43,15,0.81
81,46,15,0.15
81,51,15,0.05
81,52,15,0.41
81,53,15,0.92
81,56,15,0.58
81,67,15,0.64
81,75,15,0.9
81,77,15,0.0
81,81,15,0
82,5,18,0.26
82,13,18,0.37
82,18,18,0.51
82,19,18,0.2
82,24,18,0.57
82,54,18,0.04
82,56,18,0.59
82,58,18,0.1
82,61,18,0.91
82,73,18,0.13
82,82,18,0
82,89,18,0.35
82,91,18,0.9
82,94,18,0.98
82,99,18,0.57
82,0,17,0.98
82,17,17,0.12
82,33,17,0.47
82,44,17,0.56
82,55,17,0.27
82,69,17,0.45
82,81,17,0.06
82,82,17,0
82,7,14,0.25
82,19,14,0.17
82,29,14,0.01
82,52,14,0.01
82,55,14,0.79
82,59,14,0.07
82,61,14,0.29
82,65,14,0.5
82,80,14,0.39
82,82,14,0
82,87,14,0.78
82,93,14,0.33
82,96,14,0.66
83,10,9,0.11
83,24,9,0.16
83,27,9,0.76
83,32,9,0.14
83,36,9,0.67
83,38,9,0.31
83,39,9,0.75
83,67,9,0.88
83,70,9,0.88
83,79,9,0.73
83,83,9,0
83,96,9,0.62
83,97,9,0.79
83,1,5,0.83
83,4,5,0.55
83,10,5,0.01
83,18,5,0.68
83,19,5,0.84
83,26,5,0.66
83,27,5,0.78
83,30,5,0.26
83,31,5,0.58
83,38,5,0.12
83,40,5,0.73
83,50,5,0.28
83,53,5,0.84
83,57,5,0.55
83,58,5,0.07
83,68,5,0.27
83,76,5,0.71
83,83,5,0
83,99,5,0.3
83,4,16,0.59
83,11,16,0.47
83,20,16,0.91
83,26,16,0.54
83,34,16,0.23
83,40,16,0.56
83,47,16,0.58
83,48,16,0.53
83,55,16,0.92
83,59,16,0.97
83,61,16,0.42
83,63,16,0.66
83,64,16,0.18
83,65,16,0.29
83,80,16,0.87
83,83,16,0
83,93,16,0.67
83,95,16,0.01
83,98,16,0.15
84,0,6,0.34
84,11,6,0.65
84,14,6,0.56
84,23,6,0.55
84,28,6,0.1
84,32,6,0.06
84,39,6,0.49
84,41,6,0.03
84,45,6,0.97
84,56,6,0.72
84,62,6,0.55
84,65,6,0.62
84,68,6,0.79
84,72,6,0.77
84,84,6,0
84,0,12,0.83
84,7,12,0.58
84,13,12,0.49
84,14,12,0.33
84,35,12,0.07
84,36,12,0.3
84,47,12,0.51
84,56,12,0.66
84,63,12,0.96
84,71,12,0.58
84,74,12,0.49
84,76,12,0.62
84,84,12,0
84,88,12,0.28
84,89,12,0.12
84,4,8,0.28
84,6,8,0.9
84,12,8,0.11
84,29,8,0.87
84,35,8,0.54
84,38,8,0.64
84,53,8,0.66
84,60,8,0.19
84,80,8,0.4
84,84,8,0
84,85,8,0.43
84,90,8,0.94
84,92,8,0.29
84,99,8,0.33
85,4,8,0.46
85,6,8,0.87
85,12,8,0.92
85,29,8,0.6
85,35,8,0.82
85,38,8,0.84
85,53,8,0.86
85,60,8,0.37
85,80,8,0.79
85,84,8,0.46
85,85,8,0
85,90,8,0.07
85,92,8,0.78
85,99,8,0.61
85,6,0,0.55
85,18,0,0.18
85,23,0,0.58
85,26,0,0.46
85,27,0,0.19
85,37,0,0.0
85,46,0,0.58
85,57,0,0.66
85,58,0,0.71
85,66,0,0.32
85,74,0,0.36
85,76,0,0.7
85,85,0,0
85,87,0,0.49
85,94,0,0.24
85,1,11,0.19
85,8,11,0.58
85,9,11,0.9
85,15,11,0.13
85,16,11,0.92
85,17,11,0.57
85,33,11,0.1
85,35,11,0.9
85,39,11,0.07
85,45,11,0.88
85,46,11,0.07
85,54,11,0.73
85,60,11,0.32
85,69,11,0.69
85,77,11,0.49
85,79,11,0.54
85,85,11,0
85,93,11,0.74
86,0,4,0.74
86,3,4,0.11
86,22,4,0.95
86,25,4,0.06
86,34,4,0.97
86,36,4,0.34
86,49,4,0.75
86,55,4,0.2
86,64,4,0.68
86,70,4,0.64
86,74,4,1.0
86,79,4,0.05
86,86,4,0
86,1,2,0.65
86,2,2,0.07
86,3,2,0.98
86,5,2,0.58
86,7,2,0.35
86,8,2,0.17
86,9,2,0.51
86,24,2,0.34
86,30,2,0.08
86,43,2,0.67
86,45,2,0.84
86,48,2,0.08
86,60,2,0.13
86,70,2,0.74
86,79,2,0.31
86,86,2,0
87,7,14,0.72
87,19,14,0.75
87,29,14,0.21
87,52,14,0.2
87,55,14,0.66
87,59,14,0.03
87,61,14,0.11
87,65,14,0.68
87,80,14,0.07
87,82,14,0.75
87,87,14,0
87,93,14,0.35
87,96,14,0.54
87,6,0,0.37
87,18,0,0.05
87,23,0,0.35
87,26,0,0.46
87,27,0,0.0
87,37,0,0.87
87,46,0,0.78
87,57,0,0.07
87,58,0,0.74
87,66,0,0.81
87,74,0,0.46
87,76,0,0.3
87,85,0,0.75
87,87,0,0
87,94,0,0.55
87,9,10,0.7
87,15,10,0.94
87,16,10,0.56
87,17,10,0.56
87,44,10,0.47
87,45,10,0.13
87,47,10,0.57
87,49,10,0.98
87,50,10,0.03
87,54,10,1.0
87,60,10,0.32
87,72,10,0.43
87,75,10,0.64
87,76,10,0.12
87,87,10,0
87,90,10,0.84
87,91,10,0.75
87,93,10,0.85
87,94,10,0.4
87,97,10,0.07
87,99,10,0.62
88,1,1,0.64
88,4,1,0.63
88,13,1,0.37
88,24,1,0.37
88,37,1,0.18
88,41,1,0.14
88,51,1,0.03
88,52,1,0.28
88,53,1,0.56
88,57,1,0.32
88,62,1,0.89
88,65,1,0.74
88,67,1,0.13
88,71,1,0.77
88,88,1,0
88,89,1,0.4
88,98,1,0.13
88,0,12,0.73
88,7,12,0.17
88,13,12,0.42
88,14,12,0.41
88,35,12,0.85
88,36,12,0.67
88,47,12,0.19
88,56,12,0.74
88,63,12,0.62
88,71,12,0.55
88,74,12,0.44
88,76,12,0.09
88,84,12,0.47
88,88,12,0
88,89,12,0.23
89,14,13,0.09
89,25,13,0.36
89,31,13,0.6
89,33,13,0.94
89,39,13,0.07
89,41,13,0.1
89,57,13,0.98
89,68,13,0.88
89,75,13,0.07
89,78,13,0.42
89,89,13,0
89,1,1,0.7
89,4,1,0.35
89,13,1,0.01
89,24,1,0.87
89,37,1,0.86
89,41,1,0.02
89,51,1,0.06
89,52,1,0.84
89,53,1,0.83
89,57,1,0.83
89,62,1,0.29
89,65,1,0.69
89,67,1,0.99
89,71,1,0.07
89,88,1,0.32
89,89,1,0
89,98,1,0.16
89,0,12,0.13
89,7,12,0.93
89,13,12,0.22
89,14,12,0.32
89,35,12,0.98
89,36,12,0.81
89,47,12,0.4
89,56,12,0.91
89,63,12,0.3
89,71,12,0.51
89,74,12,0.93
89,76,12,0.77
89,84,12,0.58
89,88,12,0.88
89,89,12,0
89,5,18,0.7
89,13,18,0.13
89,18,18,0.61
89,19,18,0.39
89,24,18,0.22
89,54,18,0.11
89,56,18,0.47
89,58,18,0.45
89,61,18,0.51
89,73,18,0.31
89,82,18,0.83
89,89,18,0
89,91,18,0.8
89,94,18,0.08
89,99,18,0.54
90,9,10,0.99
90,15,10,0.93
90,16,10,0.99
90,17,10,0.86
90,44,10,0.89
90,45,10,0.83
90,47,10,0.88
90,49,10,0.43
90,50,10,0.31
90,54,10,0.61
90,60,10,0.87
90,72,10,0.26
90,75,10,0.89
90,76,10,0.98
90,87,10,0.4
90,90,10,0
90,91,10,0.66
90,93,10,0.24
90,94,10,0.62
90,97,10,0.36
90,99,10,0.54
90,4,8,0.0
90,6,8,0.07
90,12,8,0.59
90,29,8,0.04
90,35,8,0.27
90,38,8,0.77
90,53,8,0.19
90,60,8,0.44
90,80,8,0.37
90,84,8,0.96
90,85,8,0.19
90,90,8,0
90,92,8,0.62
90,99,8,0.01
91,9,10,0.94
91,15,10,0.65
91,16,10,0.22
91,17,10,0.81
91,44,10,0.12
91,45,10,0.21
91,47,10,0.81
91,49,10,0.35
91,50,10,0.34
91,54,10,0.07
91,60,10,0.98
91,72,10,0.8
91,75,10,0.83
91,76,10,0.78
91,87,10,0.16
91,90,10,0.29
91,91,10,0
91,93,10,0.55
91,94,10,0.98
91,97,10,0.65
91,99,10,0.7
91,5,18,0.53
91,13,18,0.33
91,18,18,0.72
91,19,18,0.52
91,24,18,0.2
91,54,18,0.13
91,56,18,0.44
91,58,18,0.19
91,61,18,0.21
91,73,18,0.31
91,82,18,0.3
91,89,18,0.48
91,91,18,0
91,94,18,0.55
91,99,18,0.18
92,4,8,0.78
92,6,8,0.93
92,12,8,0.47
92,29,8,0.7
92,35,8,0.83
92,38,8,0.6
92,53,8,0.49
92,60,8,0.68
92,80,8,0.0
92,84,8,0.29
92,85,8,0.88
92,90,8,0.44
92,92,8,0
92,99,8,0.74
92,11,3,0.93
92,12,3,0.28
92,20,3,0.0
92,22,3,0.68
92,32,3,0.28
92,42,3,0.51
92,58,3,0.01
92,66,3,0.39
92,67,3,0.33
92,68,3,0.24
92,73,3,0.67
92,92,3,0
92,95,3,0.09
92,96,3,0.5
93,4,16,0.43
93,11,16,0.46
93,20,16,0.83
93,26,16,0.37
93,34,16,0.07
93,40,16,0.96
93,47,16,0.05
93,48,16,0.41
93,55,16,0.08
93,59,16,0.52
93,61,16,0.81
93,63,16,0.88
93,64,16,0.18
93,65,16,0.78
93,80,16,0.75
93,83,16,0.94
93,93,16,0
93,95,16,0.52
93,98,16,0.03
93,1,11,0.97
93,8,11,0.88
93,9,11,0.95
93,15,11,0.36
93,16,11,0.82
93,17,11,0.98
93,33,11,0.75
93,35,11,0.87
93,39,11,0.93
93,45,11,0.92
93,46,11,0.15
93,54,11,0.4
93,60,11,0.21
93,69,11,0.09
93,77,11,0.77
93,79,11,0.49
93,85,11,0.15
93,93,11,0
93,9,10,0.33
93,15,10,0.9
93,16,10,0.36
93,17,10,0.43
93,44,10,0.71
93,45,10,0.46
93,47,10,0.29
93,49,10,0.85
93,50,10,0.75
93,54,10,0.66
93,60,10,0.78
93,72,10,0.57
93,75,10,0.89
93,76,10,0.15
93,87,10,0.7
93,90,10,0.41
93,91,10,0.28
93,93,10,0
93,94,10,0.35
93,97,10,0.44
93,99,10,0.44
93,7,14,0.87
93,19,14,0.91
93,29,14,0.81
93,52,14,0.9
93,55,14,0.11
93,59,14,0.73
93,61,14,0.6
93,65,14,0.76
93,80,14,0.46
93,82,14,0.01
93,87,14,0.85
93,93,14,0
93,96,14,0.36
94,2,19,0.41
94,3,19,0.2
94,5,19,0.88
94,13,19,0.64
94,21,19,0.43
94,22,19,0.1
94,40,19,0.76
94,42,19,0.67
94,44,19,0.61
94,80,19,0.68
94,94,19,0
94,98,19,0.04
94,5,18,0.6
94,13,18,0.0
94,18,18,0.86
94,19,18,0.58
94,24,18,0.67
94,54,18,0.46
94,56,18,0.49
94,58,18,0.86
94,61,18,0.21
94,73,18,0.95
94,82,18,0.66
94,89,18,0.74
94,91,18,0.07
94,94,18,0
94,99,18,0.24
94,6,0,0.64
94,18,0,0.9
94,23,0,0.39
94,26,0,0.75
94,27,0,0.34
94,37,0,0.64
94,46,0,0.04
94,57,0,0.03
94,58,0,0.37
94,66,0,0.18
94,74,0,0.65
94,76,0,0.43
94,85,0,0.43
94,87,0,0.32
94,94,0,0
94,9,10,0.47
94,15,10,0.22
94,16,10,0.82
94,17,10,0.93
94,44,10,0.65
94,45,10,0.23
94,47,10,0.1
94,49,10,0.14
94,50,10,0.34
94,54,10,0.74
94,60,10,0.47
94,72,10,0.21
94,75,10,0.33
94,76,10,0.72
94,87,10,0.25
94,90,10,0.15
94,91,10,0.18
94,93,10,0.61
94,94,10,0
94,97,10,0.78
94,99,10,0.27
95,11,3,0.77
95,12,3,0.68
95,20,3,0.97
95,22,3,0.41
95,32,3,0.39
95,42,3,0.61
95,58,3,0.22
95,66,3,0.31
95,67,3,0.07
95,68,3,0.45
95,73,3,0.15
95,92,3,0.31
95,95,3,0
95,96,3,0.56
95,4,16,0.1
95,11,16,1.0
95,20,16,0.49
95,26,16,0.94
95,34,16,0.42
95,40,16,0.58
95,47,16,0.74
95,48,16,0.51
95,55,16,0.84
95,59,16,0.89
95,61,16,0.98
95,63,16,0.16
95,64,16,0.04
95,65,16,0.05
95,80,16,0.51
95,83,16,0.13
95,93,16,0.98
95,95,16,0
95,98,16,0.26
96,11,3,0.29
96,12,3,0.59
96,20,3,0.76
96,22,3,0.7
96,32,3,0.64
96,42,3,0.36
96,58,3,0.29
96,66,3,0.84
96,67,3,0.16
96,68,3,0.24
96,73,3,0.08
96,92,3,0.18
96,95,3,0.41
96,96,3,0
96,10,9,0.83
96,24,9,0.11
96,27,9,0.23
96,32,9,0.41
96,36,9,0.23
96,38,9,0.22
96,39,9,0.45
96,67,9,0.14
96,70,9,0.13
96,79,9,0.6
96,83,9,0.56
96,96,9,0
96,97,9,0.62
96,7,14,0.54
96,19,14,0.89
96,29,14,0.52
96,52,14,0.02
96,55,14,0.32
96,59,14,0.22
96,61,14,0.19
96,65,14,0.79
96,80,14,0.04
96,82,14,0.63
96,87,14,0.61
96,93,14,0.24
96,96,14,0
97,10,9,0.81
97,24,9,0.45
97,27,9,0.87
97,32,9,0.48
97,36,9,0.9
97,38,9,0.23
97,39,9,0.03
97,67,9,0.1
97,70,9,1.0
97,79,9,0.78
97,83,9,0.7
97,96,9,0.51
97,97,9,0
97,7,7,0.76
97,21,7,0.49
97,31,7,0.94
97,66,7,0.01
97,78,7,0.33
97,97,7,0
97,9,10,0.14
97,15,10,0.63
97,16,10,0.4
97,17,10,0.83
97,44,10,0.5
97,45,10,0.22
97,47,10,0.83
97,49,10,0.45
97,50,10,0.16
97,54,10,0.19
97,60,10,0.82
97,72,10,0.35
97,75,10,0.91
97,76,10,0.88
97,87,10,0.59
97,90,10,0.19
97,91,10,0.71
97,93,10,0.09
97,94,10,0.52
97,97,10,0
97,99,10,0.31
98,4,16,0.75
98,11,16,0.05
98,20,16,0.38
98,26,16,0.72
98,34,16,0.28
98,40,16,0.41
98,47,16,0.47
98,48,16,0.53
98,55,16,0.78
98,59,16,0.34
98,61,16,0.26
98,63,16,0.41
98,64,16,0.86
98,65,16,0.44
98,80,16,0.76
98,83,16,0.32
98,93,16,0.71
98,95,16,0.98
98,98,16,0
98,2,19,0.65
98,3,19,0.93
98,5,19,0.66
98,13,19,0.39
98,21,19,0.22
98,22,19,0.96
98,40,19,0.04
98,42,19,0.03
98,44,19,0.36
98,80,19,0.03
98,94,19,0.14
98,98,19,0
98,1,1,0.87
98,4,1,0.79
98,13,1,0.07
98,24,1,0.47
98,37,1,0.14
98,41,1,0.79
98,51,1,0.28
98,52,1,0.79
98,53,1,0.16
98,57,1,0.58
98,62,1,0.34
98,65,1,0.04
98,67,1,0.82
98,71,1,0.27
98,88,1,0.56
98,89,1,0.63
98,98,1,0
99,9,10,0.38
99,15,10,0.88
99,16,10,0.61
99,17,10,0.07
99,44,10,0.21
99,45,10,0.48
99,47,10,0.42
99,49,10,0.29
99,50,10,0.36
99,54,10,0.56
99,60,10,0.62
99,72,10,0.63
99,75,10,0.7
99,76,10,0.25
99,87,10,0.09
99,90,10,0.4
99,91,10,0.0
99,93,10,0.84
99,94,10,0.88
99,97,10,0.32
99,99,10,0
99,5,18,0.43
99,13,18,0.91
99,18,18,0.69
99,19,18,0.6
99,24,18,0.31
99,54,18,0.57
99,56,18,0.33
99,58,18,0.57
99,61,18,0.3
99,73,18,0.81
99,82,18,0.01
99,89,18,0.59
99,91,18,0.41
99,94,18,0.18
99,99,18,0
99,1,5,0.73
99,4,5,0.88
99,10,5,0.27
99,18,5,0.25
99,19,5,0.31
99,26,5,0.09
99,27,5,0.52
99,30,5,0.29
99,31,5,0.98
99,38,5,0.98
99,40,5,0.6
99,50,5,0.07
99,53,5,0.84
99,57,5,0.98
99,58,5,0.92
99,68,5,0.88
99,76,5,1.0
99,83,5,0.07
99,99,5,0
99,4,8,0.44
99,6,8,0.21
99,12,8,0.96
99,29,8,0.07
99,35,8,0.93
99,38,8,0.09
99,53,8,0.82
99,60,8,0.88
99,80,8,0.69
99,84,8,0.53
99,85,8,0.46
99,90,8,0.61
99,92,8,0.59
99,99,8,0