M,100,P,30,Q,100000,targetS,0.1,targetW,0.1

Resources name, resource id, current workload and max workload
R_0,0,0.48,1
R_1,1,0.47,1
R_2,2,0.48,1
R_3,3,0.33,1
R_4,4,0.53,1
R_5,5,0.68,1
R_6,6,0.49,1
R_7,7,0.24,1
R_8,8,0.37,1
R_9,9,0.36,1
R_10,10,0.78,1
R_11,11,0.75,1
R_12,12,0.51,1
R_13,13,0.36,1
R_14,14,0.71,1
R_15,15,0.61,1
R_16,16,0.56,1
R_17,17,0.37,1
R_18,18,0.75,1
R_19,19,0.45,1
R_20,20,0.5,1
R_21,21,0.53,1
R_22,22,0.78,1
R_23,23,0.58,1
R_24,24,0.77,1
R_25,25,0.65,1
R_26,26,0.56,1
R_27,27,0.4,1
R_28,28,0.48,1
R_29,29,0.27,1
R_30,30,0.41,1
R_31,31,0.4,1
R_32,32,0.77,1
R_33,33,0.38,1
R_34,34,0.25,1
R_35,35,0.51,1
R_36,36,0.67,1
R_37,37,0.21,1
R_38,38,0.7,1
R_39,39,0.64,1
R_40,40,0.73,1
R_41,41,0.37,1
R_42,42,0.43,1
R_43,43,0.33,1
R_44,44,0.26,1
R_45,45,0.41,1
R_46,46,0.71,1
R_47,47,0.77,1
R_48,48,0.63,1
R_49,49,0.27,1
R_50,50,0.59,1
R_51,51,0.22,1
R_52,52,0.71,1
R_53,53,0.48,1
R_54,54,0.67,1
R_55,55,0.41,1
R_56,56,0.38,1
R_57,57,0.45,1
R_58,58,0.25,1
R_59,59,0.42,1
R_60,60,0.29,1
R_61,61,0.55,1
R_62,62,0.37,1
R_63,63,0.31,1
R_64,64,0.23,1
R_65,65,0.5,1
R_66,66,0.44,1
R_67,67,0.63,1
R_68,68,0.78,1
R_69,69,0.3,1
R_70,70,0.23,1
R_71,71,0.33,1
R_72,72,0.5,1
R_73,73,0.58,1
R_74,74,0.22,1
R_75,75,0.76,1
R_76,76,0.2,1
R_77,77,0.42,1
R_78,78,0.28,1
R_79,79,0.48,1
R_80,80,0.28,1
R_81,81,0.45,1
R_82,82,0.7,1
R_83,83,0.34,1
R_84,84,0.32,1
R_85,85,0.76,1
R_86,86,0.67,1
R_87,87,0.71,1
R_88,88,0.71,1
R_89,89,0.21,1
R_90,90,0.25,1
R_91,91,0.24,1
R_92,92,0.43,1
R_93,93,0.33,1
R_94,94,0.4,1
R_95,95,0.66,1
R_96,96,0.45,1
R_97,97,0.49,1
R_98,98,0.42,1
R_99,99,0.43,1

Activities name, activity id, lambda, stress, resource id, priority, rifiutato
act_3,3,0.02,0.23,0,286,0
act_29,29,0.25,0.49,0,98,1
act_28,28,0.05,0.41,0,266,1
act_3,3,0.02,0.23,0,323,0
act_28,28,0.05,0.41,0,281,1
act_28,28,0.05,0.41,0,29,1
act_3,3,0.02,0.23,0,192,0
act_3,3,0.02,0.23,0,505,0
act_3,3,0.02,0.23,0,400,0
act_3,3,0.02,0.23,0,386,0
act_39,39,0.25,0.25,1,555,0
act_39,39,0.25,0.25,1,166,0
act_23,23,0.16,0.32,2,39,0
act_13,13,0.08,0.5,2,512,1
act_13,13,0.08,0.5,2,133,1
act_13,13,0.08,0.5,2,452,1
act_13,13,0.08,0.5,2,471,1
act_20,20,0.21,0.29,3,299,0
act_20,20,0.21,0.29,3,285,0
act_20,20,0.21,0.29,3,118,0
act_34,34,0.23,0.85,4,23,1
act_34,34,0.23,0.85,4,543,1
act_30,30,0.2,0.54,5,17,0
act_18,18,0.01,0.44,6,410,1
act_18,18,0.01,0.44,6,318,1
act_20,20,0.21,0.29,6,423,0
act_18,18,0.01,0.44,6,267,1
act_18,18,0.01,0.44,6,206,1
act_24,24,0.02,0.83,6,451,1
act_24,24,0.02,0.83,6,485,1
act_20,20,0.21,0.29,6,40,0
act_1,1,0.02,0.1,7,332,0
act_32,32,0.19,0.37,7,134,1
act_32,32,0.19,0.37,7,516,1
act_22,22,0.23,0.24,7,344,0
act_1,1,0.02,0.1,7,434,0
act_1,1,0.02,0.1,7,124,0
act_1,1,0.02,0.1,7,5,0
act_1,1,0.02,0.1,7,37,0
act_1,1,0.02,0.1,7,239,0
act_1,1,0.02,0.1,7,494,0
act_5,5,0.19,0.8,8,355,0
act_31,31,0.22,0.51,8,513,0
act_5,5,0.19,0.8,8,392,0
act_38,38,0.23,0.69,9,330,1
act_38,38,0.23,0.69,9,57,1
act_26,26,0.18,0.92,10,480,0
act_1,1,0.02,0.1,11,164,0
act_7,7,0.17,0.44,11,478,0
act_1,1,0.02,0.1,11,177,0
act_1,1,0.02,0.1,11,213,0
act_1,1,0.02,0.1,11,265,0
act_8,8,0.28,0.62,12,390,0
act_27,27,0.14,0.83,12,374,1
act_4,4,0.06,0.77,13,262,0
act_4,4,0.06,0.77,13,359,0
act_10,10,0.15,0.06,13,530,0
act_24,24,0.02,0.83,13,9,0
act_4,4,0.06,0.77,13,383,0
act_26,26,0.18,0.92,13,422,0
act_24,24,0.02,0.83,13,563,0
act_4,4,0.06,0.77,13,380,0
act_24,24,0.02,0.83,13,295,0
act_18,18,0.01,0.44,14,179,1
act_18,18,0.01,0.44,14,46,1
act_18,18,0.01,0.44,14,14,1
act_23,23,0.16,0.32,14,443,1
act_18,18,0.01,0.44,14,551,1
act_18,18,0.01,0.44,14,153,1
act_18,18,0.01,0.44,14,154,1
act_18,18,0.01,0.44,14,122,1
act_18,18,0.01,0.44,14,554,1
act_18,18,0.01,0.44,14,322,1
act_18,18,0.01,0.44,14,429,1
act_18,18,0.01,0.44,14,514,1
act_18,18,0.01,0.44,14,336,1
act_32,32,0.19,0.37,15,62,0
act_0,0,0.18,0.74,15,515,1
act_3,3,0.02,0.23,15,564,0
act_38,38,0.23,0.69,16,42,1
act_28,28,0.05,0.41,16,259,1
act_28,28,0.05,0.41,16,74,1
act_28,28,0.05,0.41,16,552,1
act_28,28,0.05,0.41,16,486,1
act_22,22,0.23,0.24,17,240,0
act_22,22,0.23,0.24,17,31,0
act_11,11,0.1,0.64,17,468,0
act_23,23,0.16,0.32,18,129,0
act_13,13,0.08,0.5,19,7,1
act_13,13,0.08,0.5,19,276,1
act_13,13,0.08,0.5,19,104,1
act_13,13,0.08,0.5,19,571,1
act_7,7,0.17,0.44,19,397,1
act_2,2,0.28,0.58,20,8,0
act_3,3,0.02,0.23,20,375,0
act_3,3,0.02,0.23,20,569,0
act_3,3,0.02,0.23,20,541,0
act_3,3,0.02,0.23,20,549,0
act_3,3,0.02,0.23,20,142,0
act_3,3,0.02,0.23,20,300,0
act_3,3,0.02,0.23,20,35,0
act_3,3,0.02,0.23,20,21,0
act_3,3,0.02,0.23,20,414,0
act_3,3,0.02,0.23,20,152,0
act_10,10,0.15,0.06,21,230,0
act_22,22,0.23,0.24,21,317,0
act_10,10,0.15,0.06,22,509,0
act_24,24,0.02,0.83,23,538,1
act_34,34,0.23,0.85,23,395,1
act_24,24,0.02,0.83,23,545,1
act_24,24,0.02,0.83,23,51,1
act_24,24,0.02,0.83,23,407,1
act_24,24,0.02,0.83,23,229,1
act_24,24,0.02,0.83,23,573,1
act_24,24,0.02,0.83,23,357,1
act_24,24,0.02,0.83,23,508,1
act_24,24,0.02,0.83,23,420,1
act_32,32,0.19,0.37,24,127,0
act_8,8,0.28,0.62,25,348,0
act_1,1,0.02,0.1,26,241,0
act_1,1,0.02,0.1,26,301,0
act_1,1,0.02,0.1,26,91,0
act_16,16,0.03,0.13,26,535,0
act_16,16,0.03,0.13,26,296,0
act_1,1,0.02,0.1,26,97,0
act_1,1,0.02,0.1,26,283,0
act_16,16,0.03,0.13,26,524,0
act_1,1,0.02,0.1,26,25,0
act_1,1,0.02,0.1,26,562,0
act_1,1,0.02,0.1,26,556,0
act_16,16,0.03,0.13,26,116,0
act_16,16,0.03,0.13,26,246,0
act_1,1,0.02,0.1,26,294,0
act_16,16,0.03,0.13,26,198,0
act_1,1,0.02,0.1,26,405,0
act_1,1,0.02,0.1,26,275,0
act_16,16,0.03,0.13,26,10,0
act_1,1,0.02,0.1,27,528,0
act_1,1,0.02,0.1,27,341,0
act_29,29,0.25,0.49,27,205,0
act_1,1,0.02,0.1,27,22,0
act_30,30,0.2,0.54,27,447,1
act_1,1,0.02,0.1,27,298,0
act_1,1,0.02,0.1,27,454,0
act_1,1,0.02,0.1,27,81,0
act_1,1,0.02,0.1,27,572,0
act_39,39,0.25,0.25,28,1,0
act_19,19,0.16,0.88,28,345,0
act_8,8,0.28,0.62,29,404,0
act_4,4,0.06,0.77,29,313,1
act_34,34,0.23,0.85,29,329,1
act_4,4,0.06,0.77,29,92,1
act_4,4,0.06,0.77,29,83,1
act_7,7,0.17,0.44,30,93,1
act_7,7,0.17,0.44,30,16,1
act_12,12,0.23,0.47,30,328,1
act_4,4,0.06,0.77,31,200,1
act_4,4,0.06,0.77,31,255,1
act_4,4,0.06,0.77,31,461,1
act_4,4,0.06,0.77,31,307,1
act_34,34,0.23,0.85,31,402,1
act_4,4,0.06,0.77,31,346,1
act_4,4,0.06,0.77,31,32,1
act_36,36,0.11,0.5,32,271,1
act_36,36,0.11,0.5,32,193,1
act_14,14,0.27,0.68,33,376,1
act_30,30,0.2,0.54,33,458,1
act_16,16,0.03,0.13,34,144,0
act_38,38,0.23,0.69,34,280,1
act_38,38,0.23,0.69,34,151,1
act_16,16,0.03,0.13,34,523,0
act_3,3,0.02,0.23,34,367,0
act_16,16,0.03,0.13,34,314,0
act_16,16,0.03,0.13,34,331,0
act_3,3,0.02,0.23,34,413,0
act_3,3,0.02,0.23,34,356,0
act_3,3,0.02,0.23,34,27,0
act_3,3,0.02,0.23,34,381,0
act_16,16,0.03,0.13,34,85,0
act_16,16,0.03,0.13,34,135,0
act_12,12,0.23,0.47,35,170,1
act_12,12,0.23,0.47,35,89,1
act_7,7,0.17,0.44,36,522,1
act_23,23,0.16,0.32,36,540,0
act_16,16,0.03,0.13,37,217,0
act_16,16,0.03,0.13,37,449,0
act_20,20,0.21,0.29,37,489,0
act_20,20,0.21,0.29,37,560,0
act_16,16,0.03,0.13,37,499,0
act_16,16,0.03,0.13,37,310,0
act_20,20,0.21,0.29,37,274,0
act_16,16,0.03,0.13,37,273,0
act_19,19,0.16,0.88,38,445,1
act_17,17,0.01,0.76,38,128,1
act_17,17,0.01,0.76,38,86,1
act_17,17,0.01,0.76,38,234,1
act_17,17,0.01,0.76,38,149,1
act_17,17,0.01,0.76,38,455,1
act_17,17,0.01,0.76,38,119,1
act_17,17,0.01,0.76,38,64,1
act_17,17,0.01,0.76,38,333,1
act_17,17,0.01,0.76,38,440,1
act_17,17,0.01,0.76,38,60,1
act_17,17,0.01,0.76,38,126,1
act_17,17,0.01,0.76,38,350,1
act_17,17,0.01,0.76,38,308,1
act_17,17,0.01,0.76,38,372,1
act_21,21,0.21,0.38,39,561,0
act_18,18,0.01,0.44,39,457,1
act_18,18,0.01,0.44,39,484,1
act_18,18,0.01,0.44,39,143,1
act_18,18,0.01,0.44,39,180,1
act_18,18,0.01,0.44,39,477,1
act_18,18,0.01,0.44,39,366,1
act_18,18,0.01,0.44,39,212,1
act_18,18,0.01,0.44,39,202,1
act_18,18,0.01,0.44,39,403,1
act_18,18,0.01,0.44,39,321,1
act_18,18,0.01,0.44,39,430,1
act_18,18,0.01,0.44,39,13,1
act_18,18,0.01,0.44,39,34,1
act_18,18,0.01,0.44,39,238,1
act_0,0,0.18,0.74,40,252,1
act_28,28,0.05,0.41,40,56,0
act_3,3,0.02,0.23,40,539,0
act_3,3,0.02,0.23,40,233,0
act_4,4,0.06,0.77,41,79,1
act_39,39,0.25,0.25,41,302,0
act_9,9,0.12,0.88,41,411,1
act_4,4,0.06,0.77,41,335,1
act_4,4,0.06,0.77,41,269,1
act_4,4,0.06,0.77,41,38,1
act_5,5,0.19,0.8,42,47,1
act_5,5,0.19,0.8,42,368,1
act_3,3,0.02,0.23,42,510,0
act_3,3,0.02,0.23,42,203,0
act_3,3,0.02,0.23,42,408,0
act_3,3,0.02,0.23,42,470,0
act_3,3,0.02,0.23,42,319,0
act_3,3,0.02,0.23,42,358,0
act_3,3,0.02,0.23,42,109,0
act_3,3,0.02,0.23,42,306,0
act_3,3,0.02,0.23,42,442,0
act_10,10,0.15,0.06,43,365,0
act_37,37,0.07,0.72,43,279,1
act_28,28,0.05,0.41,43,237,0
act_28,28,0.05,0.41,43,232,0
act_28,28,0.05,0.41,43,377,0
act_10,10,0.15,0.06,43,54,0
act_28,28,0.05,0.41,43,567,0
act_37,37,0.07,0.72,43,479,1
act_38,38,0.23,0.69,44,227,1
act_34,34,0.23,0.85,44,184,1
act_34,34,0.23,0.85,44,546,1
act_24,24,0.02,0.83,44,163,1
act_24,24,0.02,0.83,44,388,1
act_17,17,0.01,0.76,45,482,0
act_19,19,0.16,0.88,45,548,1
act_29,29,0.25,0.49,45,394,0
act_17,17,0.01,0.76,45,158,0
act_17,17,0.01,0.76,45,398,0
act_17,17,0.01,0.76,45,325,0
act_17,17,0.01,0.76,45,334,0
act_17,17,0.01,0.76,45,260,0
act_17,17,0.01,0.76,45,370,0
act_17,17,0.01,0.76,45,132,0
act_17,17,0.01,0.76,45,378,0
act_17,17,0.01,0.76,45,396,0
act_17,17,0.01,0.76,45,53,0
act_17,17,0.01,0.76,45,209,0
act_17,17,0.01,0.76,45,112,0
act_17,17,0.01,0.76,45,196,0
act_17,17,0.01,0.76,45,102,0
act_17,17,0.01,0.76,45,417,0
act_17,17,0.01,0.76,45,293,0
act_22,22,0.23,0.24,46,432,0
act_36,36,0.11,0.5,47,181,1
act_36,36,0.11,0.5,47,115,1
act_29,29,0.25,0.49,48,107,0
act_1,1,0.02,0.1,48,437,0
act_1,1,0.02,0.1,48,473,0
act_1,1,0.02,0.1,48,338,0
act_1,1,0.02,0.1,48,140,0
act_1,1,0.02,0.1,48,284,0
act_26,26,0.18,0.92,49,186,1
act_36,36,0.11,0.5,49,100,1
act_26,26,0.18,0.92,49,245,1
act_26,26,0.18,0.92,49,36,1
act_16,16,0.03,0.13,49,214,0
act_16,16,0.03,0.13,49,3,0
act_4,4,0.06,0.77,50,82,0
act_4,4,0.06,0.77,50,197,0
act_26,26,0.18,0.92,50,324,0
act_4,4,0.06,0.77,50,210,0
act_4,4,0.06,0.77,51,261,1
act_12,12,0.23,0.47,51,305,0
act_4,4,0.06,0.77,51,73,1
act_12,12,0.23,0.47,51,272,0
act_4,4,0.06,0.77,51,421,1
act_4,4,0.06,0.77,51,435,1
act_4,4,0.06,0.77,51,557,1
act_25,25,0.06,0.12,52,520,0
act_25,25,0.06,0.12,52,570,0
act_1,1,0.02,0.1,52,326,0
act_25,25,0.06,0.12,52,504,0
act_25,25,0.06,0.12,52,19,0
act_1,1,0.02,0.1,52,337,0
act_28,28,0.05,0.41,53,95,1
act_29,29,0.25,0.49,53,130,1
act_28,28,0.05,0.41,53,419,1
act_28,28,0.05,0.41,53,120,1
act_28,28,0.05,0.41,53,125,1
act_28,28,0.05,0.41,53,436,1
act_15,15,0.28,0.09,54,11,0
act_9,9,0.12,0.88,55,183,1
act_8,8,0.28,0.62,55,369,0
act_9,9,0.12,0.88,55,185,1
act_25,25,0.06,0.12,56,171,0
act_25,25,0.06,0.12,56,121,0
act_25,25,0.06,0.12,56,277,0
act_25,25,0.06,0.12,56,460,0
act_25,25,0.06,0.12,56,268,0
act_19,19,0.16,0.88,56,533,0
act_25,25,0.06,0.12,56,173,0
act_25,25,0.06,0.12,56,536,0
act_5,5,0.19,0.8,57,71,0
act_22,22,0.23,0.24,57,49,0
act_21,21,0.21,0.38,58,487,0
act_17,17,0.01,0.76,58,28,1
act_21,21,0.21,0.38,58,517,0
act_17,17,0.01,0.76,58,250,1
act_17,17,0.01,0.76,58,15,1
act_17,17,0.01,0.76,58,258,1
act_21,21,0.21,0.38,58,6,0
act_17,17,0.01,0.76,58,384,1
act_17,17,0.01,0.76,58,33,1
act_17,17,0.01,0.76,58,59,1
act_17,17,0.01,0.76,58,424,1
act_17,17,0.01,0.76,58,50,1
act_17,17,0.01,0.76,58,474,1
act_17,17,0.01,0.76,58,194,1
act_9,9,0.12,0.88,59,228,1
act_9,9,0.12,0.88,59,219,1
act_9,9,0.12,0.88,59,225,1
act_9,9,0.12,0.88,59,466,1
act_28,28,0.05,0.41,59,502,1
act_28,28,0.05,0.41,59,263,1
act_29,29,0.25,0.49,60,426,1
act_29,29,0.25,0.49,60,488,1
act_1,1,0.02,0.1,60,491,0
act_1,1,0.02,0.1,60,114,0
act_1,1,0.02,0.1,60,150,0
act_1,1,0.02,0.1,60,521,0
act_1,1,0.02,0.1,60,105,0
act_1,1,0.02,0.1,60,24,0
act_1,1,0.02,0.1,60,450,0
act_1,1,0.02,0.1,60,175,0
act_1,1,0.02,0.1,60,248,0
act_1,1,0.02,0.1,60,220,0
act_27,27,0.14,0.83,61,527,1
act_27,27,0.14,0.83,61,558,1
act_27,27,0.14,0.83,61,75,1
act_24,24,0.02,0.83,62,70,1
act_24,24,0.02,0.83,62,221,1
act_24,24,0.02,0.83,62,223,1
act_24,24,0.02,0.83,62,497,1
act_26,26,0.18,0.92,62,291,1
act_26,26,0.18,0.92,62,90,1
act_26,26,0.18,0.92,62,312,1
act_26,26,0.18,0.92,63,160,1
act_26,26,0.18,0.92,63,316,1
act_26,26,0.18,0.92,63,148,1
act_33,33,0.11,0.55,63,88,1
act_11,11,0.1,0.64,64,444,1
act_11,11,0.1,0.64,64,496,1
act_10,10,0.15,0.06,64,354,0
act_2,2,0.28,0.58,64,216,0
act_11,11,0.1,0.64,64,157,1
act_3,3,0.02,0.23,64,45,0
act_3,3,0.02,0.23,64,222,0
act_14,14,0.27,0.68,65,490,1
act_31,31,0.22,0.51,65,101,1
act_4,4,0.06,0.77,66,511,1
act_4,4,0.06,0.77,66,495,1
act_20,20,0.21,0.29,66,526,0
act_4,4,0.06,0.77,66,412,1
act_4,4,0.06,0.77,66,96,1
act_4,4,0.06,0.77,66,469,1
act_37,37,0.07,0.72,67,0,1
act_37,37,0.07,0.72,67,425,1
act_37,37,0.07,0.72,67,257,1
act_1,1,0.02,0.1,67,77,0
act_1,1,0.02,0.1,67,465,0
act_1,1,0.02,0.1,67,463,0
act_1,1,0.02,0.1,67,69,0
act_37,37,0.07,0.72,67,448,1
act_27,27,0.14,0.83,68,483,0
act_30,30,0.2,0.54,69,311,1
act_30,30,0.2,0.54,69,20,1
act_7,7,0.17,0.44,69,389,0
act_25,25,0.06,0.12,69,235,0
act_25,25,0.06,0.12,69,189,0
act_18,18,0.01,0.44,70,243,0
act_30,30,0.2,0.54,70,110,0
act_19,19,0.16,0.88,70,26,1
act_18,18,0.01,0.44,70,146,0
act_19,19,0.16,0.88,70,264,1
act_18,18,0.01,0.44,70,123,0
act_30,30,0.2,0.54,70,476,0
act_18,18,0.01,0.44,70,108,0
act_32,32,0.19,0.37,71,190,1
act_1,1,0.02,0.1,71,525,0
act_32,32,0.19,0.37,71,218,1
act_21,21,0.21,0.38,71,61,1
act_1,1,0.02,0.1,71,475,0
act_1,1,0.02,0.1,71,464,0
act_1,1,0.02,0.1,71,506,0
act_32,32,0.19,0.37,72,382,0
act_20,20,0.21,0.29,72,131,0
act_7,7,0.17,0.44,73,547,1
act_16,16,0.03,0.13,73,361,0
act_16,16,0.03,0.13,73,529,0
act_7,7,0.17,0.44,73,156,1
act_7,7,0.17,0.44,74,568,0
act_10,10,0.15,0.06,74,165,0
act_10,10,0.15,0.06,74,169,0
act_10,10,0.15,0.06,74,253,0
act_10,10,0.15,0.06,74,519,0
act_0,0,0.18,0.74,75,136,0
act_20,20,0.21,0.29,76,433,0
act_14,14,0.27,0.68,76,231,1
act_29,29,0.25,0.49,76,290,0
act_28,28,0.05,0.41,76,503,0
act_32,32,0.19,0.37,77,65,0
act_2,2,0.28,0.58,77,401,0
act_30,30,0.2,0.54,78,201,1
act_30,30,0.2,0.54,78,542,1
act_30,30,0.2,0.54,78,534,1
act_1,1,0.02,0.1,78,391,0
act_1,1,0.02,0.1,78,162,0
act_1,1,0.02,0.1,78,94,0
act_1,1,0.02,0.1,78,373,0
act_1,1,0.02,0.1,78,288,0
act_17,17,0.01,0.76,79,304,1
act_15,15,0.28,0.09,79,117,0
act_17,17,0.01,0.76,79,182,1
act_32,32,0.19,0.37,79,297,0
act_17,17,0.01,0.76,79,431,1
act_17,17,0.01,0.76,79,537,1
act_17,17,0.01,0.76,79,349,1
act_30,30,0.2,0.54,80,137,1
act_34,34,0.23,0.85,80,76,1
act_8,8,0.28,0.62,80,518,1
act_15,15,0.28,0.09,81,278,0
act_25,25,0.06,0.12,81,362,0
act_9,9,0.12,0.88,81,172,0
act_25,25,0.06,0.12,81,303,0
act_8,8,0.28,0.62,82,242,0
act_13,13,0.08,0.5,83,168,1
act_1,1,0.02,0.1,83,247,0
act_13,13,0.08,0.5,83,147,1
act_1,1,0.02,0.1,83,292,0
act_1,1,0.02,0.1,83,111,0
act_28,28,0.05,0.41,83,446,1
act_28,28,0.05,0.41,83,532,1
act_13,13,0.08,0.5,83,409,1
act_1,1,0.02,0.1,83,215,0
act_28,28,0.05,0.41,83,18,1
act_1,1,0.02,0.1,83,544,0
act_28,28,0.05,0.41,83,103,1
act_13,13,0.08,0.5,83,352,1
act_1,1,0.02,0.1,83,188,0
act_30,30,0.2,0.54,84,161,1
act_6,6,0.23,0.58,84,472,1
act_30,30,0.2,0.54,84,320,1
act_27,27,0.14,0.83,85,249,1
act_37,37,0.07,0.72,85,208,0
act_22,22,0.23,0.24,86,342,0
act_28,28,0.05,0.41,86,155,1
act_28,28,0.05,0.41,86,191,1
act_28,28,0.05,0.41,87,72,1
act_4,4,0.06,0.77,87,439,1
act_17,17,0.01,0.76,87,270,1
act_4,4,0.06,0.77,87,327,1
act_4,4,0.06,0.77,87,566,1
act_17,17,0.01,0.76,87,44,1
act_17,17,0.01,0.76,87,48,1
act_17,17,0.01,0.76,87,204,1
act_17,17,0.01,0.76,87,351,1
act_27,27,0.14,0.83,88,145,1
act_27,27,0.14,0.83,88,500,1
act_28,28,0.05,0.41,89,256,0
act_28,28,0.05,0.41,89,99,0
act_13,13,0.08,0.5,89,106,0
act_13,13,0.08,0.5,89,207,0
act_13,13,0.08,0.5,89,462,0
act_28,28,0.05,0.41,89,371,0
act_26,26,0.18,0.92,89,12,0
act_28,28,0.05,0.41,89,282,0
act_28,28,0.05,0.41,89,176,0
act_28,28,0.05,0.41,89,30,0
act_28,28,0.05,0.41,89,339,0
act_28,28,0.05,0.41,90,167,1
act_28,28,0.05,0.41,90,52,1
act_38,38,0.23,0.69,90,139,1
act_38,38,0.23,0.69,90,289,1
act_28,28,0.05,0.41,90,347,1
act_37,37,0.07,0.72,90,58,1
act_28,28,0.05,0.41,90,456,1
act_33,33,0.11,0.55,91,343,1
act_33,33,0.11,0.55,91,553,1
act_33,33,0.11,0.55,91,138,1
act_4,4,0.06,0.77,91,195,1
act_33,33,0.11,0.55,91,2,1
act_33,33,0.11,0.55,91,565,1
act_33,33,0.11,0.55,91,80,1
act_18,18,0.01,0.44,92,498,1
act_18,18,0.01,0.44,92,441,1
act_32,32,0.19,0.37,92,309,0
act_32,32,0.19,0.37,92,84,0
act_18,18,0.01,0.44,92,67,1
act_18,18,0.01,0.44,92,559,1
act_18,18,0.01,0.44,92,415,1
act_18,18,0.01,0.44,92,43,1
act_18,18,0.01,0.44,92,244,1
act_18,18,0.01,0.44,92,251,1
act_18,18,0.01,0.44,92,78,1
act_18,18,0.01,0.44,92,174,1
act_18,18,0.01,0.44,92,211,1
act_18,18,0.01,0.44,92,550,1
act_18,18,0.01,0.44,92,453,1
act_18,18,0.01,0.44,92,406,1
act_18,18,0.01,0.44,92,387,1
act_18,18,0.01,0.44,92,467,1
act_18,18,0.01,0.44,92,41,1
act_18,18,0.01,0.44,92,287,1
act_21,21,0.21,0.38,93,363,0
act_21,21,0.21,0.38,93,199,0
act_30,30,0.2,0.54,93,113,1
act_35,35,0.27,0.66,94,68,0
act_34,34,0.23,0.85,94,393,0
act_8,8,0.28,0.62,95,226,0
act_0,0,0.18,0.74,96,141,1
act_26,26,0.18,0.92,96,438,1
act_0,0,0.18,0.74,96,66,1
act_38,38,0.23,0.69,97,364,1
act_17,17,0.01,0.76,97,507,1
act_24,24,0.02,0.83,97,531,1
act_17,17,0.01,0.76,97,315,1
act_36,36,0.11,0.5,97,385,1
act_24,24,0.02,0.83,97,254,1
act_36,36,0.11,0.5,97,178,1
act_4,4,0.06,0.77,98,418,1
act_28,28,0.05,0.41,98,236,0
act_28,28,0.05,0.41,98,459,0
act_29,29,0.25,0.49,98,187,1
act_28,28,0.05,0.41,98,379,0
act_28,28,0.05,0.41,98,55,0
act_4,4,0.06,0.77,98,493,1
act_17,17,0.01,0.76,99,428,1
act_37,37,0.07,0.72,99,63,1
act_37,37,0.07,0.72,99,360,1
act_37,37,0.07,0.72,99,4,1
act_17,17,0.01,0.76,99,340,1
act_37,37,0.07,0.72,99,416,1
act_37,37,0.07,0.72,99,224,1
act_17,17,0.01,0.76,99,492,1
act_37,37,0.07,0.72,99,159,1
act_37,37,0.07,0.72,99,399,1
act_17,17,0.01,0.76,99,481,1
act_17,17,0.01,0.76,99,87,1
act_17,17,0.01,0.76,99,353,1
act_17,17,0.01,0.76,99,501,1
act_17,17,0.01,0.76,99,427,1

Alpha (resource id, list of activity ids)
0:3,39,29,28
1:39,33
2:23,29,13
3:22,20
4:24,34,11
5:32,27,30
6:24,18,20
7:1,22,32
8:31,5,38,25
9:38,20,2
10:30,26
11:12,1,7,25
12:27,8
13:10,24,26,4
14:18,23
15:3,0,32
16:8,28,35,38
17:11,22
18:7,34,23,33
19:13,7
20:8,15,2,3
21:22,26,10
22:10,23,14
23:24,8,34,14
24:32,15,9
25:8,13
26:16,1
27:29,8,30,1
28:19,39,6
29:34,8,33,4
30:7,12
31:4,34
32:15,36,39
33:2,14,30
34:16,34,3,38
35:28,22,31,12
36:25,7,31,23
37:20,16
38:19,17
39:21,31,35,18
40:0,3,28
41:39,9,4
42:5,3
43:4,37,28,10
44:38,34,24,8
45:17,19,29
46:22,6,2
47:5,36
48:29,1
49:22,26,36,16
50:26,4
51:4,12
52:1,25,6
53:28,29
54:14,15
55:8,9
56:19,25
57:22,5,10
58:21,17
59:28,9
60:29,1
61:28,27,32
62:26,24
63:26,33,31
64:2,3,10,11
65:27,31,23,14
66:4,20
67:37,1
68:39,27,35
69:25,30,7
70:18,11,19,30
71:38,32,1,21
72:20,32
73:16,7,15
74:7,10,29
75:29,0
76:20,28,29,14
77:32,2,8,34
78:2,12,30,1
79:0,32,15,17
80:8,34,16,30
81:15,9,25
82:34,8
83:1,13,28
84:30,6,32
85:37,27,36,29
86:32,28,12,22
87:4,28,17
88:26,27,14,12
89:26,28,13
90:28,38,37
91:4,33
92:32,18
93:21,30
94:10,35,5,34
95:8,6,12
96:0,25,24,26
97:36,38,24,17
98:32,4,29,28
99:37,17,8

Costs (resource, resource to replace, activity, cost)
0,0,3,0
0,15,3,0.5
0,20,3,0.02
0,34,3,0.25
0,40,3,0.71
0,42,3,0.95
0,64,3,0.32
0,0,39,0
0,1,39,0.58
0,28,39,0.27
0,32,39,0.16
0,41,39,0.16
0,68,39,0.61
0,0,29,0
0,2,29,0.76
0,27,29,0.02
0,45,29,0.72
0,48,29,0.85
0,53,29,0.58
0,60,29,0.47
0,74,29,0.29
0,75,29,0.88
0,76,29,0.92
0,85,29,0.77
0,98,29,0.75
0,0,28,0
0,16,28,0.37
0,35,28,0.12
0,40,28,0.37
0,43,28,0.5
0,53,28,0.51
0,59,28,0.8
0,61,28,0.22
0,76,28,0.55
0,83,28,0.17
0,86,28,0.12
0,87,28,0.82
0,89,28,0.13
0,90,28,0.9
0,98,28,0.81
1,0,39,0.75
1,1,39,0
1,28,39,0.42
1,32,39,0.36
1,41,39,0.57
1,68,39,0.04
1,1,33,0
1,18,33,0.35
1,29,33,0.97
1,63,33,1.0
1,91,33,0.25
2,2,23,0
2,14,23,0.49
2,18,23,0.54
2,22,23,0.18
2,36,23,0.67
2,65,23,0.06
2,0,29,0.59
2,2,29,0
2,27,29,0.22
2,45,29,0.28
2,48,29,0.6
2,53,29,0.85
2,60,29,0.14
2,74,29,0.77
2,75,29,0.96
2,76,29,0.18
2,85,29,0.28
2,98,29,0.72
2,2,13,0
2,19,13,0.19
2,25,13,0.78
2,83,13,0.04
2,89,13,0.02
3,3,22,0
3,7,22,0.62
3,17,22,0.77
3,21,22,0.71
3,35,22,0.06
3,46,22,0.3
3,49,22,0.68
3,57,22,0.26
3,86,22,0.81
3,3,20,0
3,6,20,0.42
3,9,20,0.84
3,37,20,0.65
3,66,20,0.4
3,72,20,0.82
3,76,20,0.73
4,4,24,0
4,6,24,0.88
4,13,24,0.97
4,23,24,0.87
4,44,24,0.51
4,62,24,0.1
4,96,24,0.14
4,97,24,0.62
4,4,34,0
4,18,34,0.79
4,23,34,0.89
4,29,34,0.19
4,31,34,0.16
4,34,34,0.25
4,44,34,0.64
4,77,34,0.47
4,80,34,0.01
4,82,34,0.27
4,94,34,0.04
4,4,11,0
4,17,11,0.9
4,64,11,0.53
4,70,11,0.44
5,5,32,0
5,7,32,0.2
5,15,32,0.54
5,24,32,0.38
5,61,32,0.6
5,71,32,0.15
5,72,32,0.36
5,77,32,0.33
5,79,32,0.99
5,84,32,0.63
5,86,32,0.85
5,92,32,0.93
5,98,32,0.15
5,5,27,0
5,12,27,0.17
5,61,27,0.49
5,65,27,0.94
5,68,27,0.09
5,85,27,0.7
5,88,27,0.93
5,5,30,0
5,10,30,0.01
5,27,30,0.32
5,33,30,0.39
5,69,30,0.87
5,70,30,0.92
5,78,30,0.29
5,80,30,0.13
5,84,30,0.28
5,93,30,0.62
6,4,24,0.6
6,6,24,0
6,13,24,0.4
6,23,24,0.96
6,44,24,0.39
6,62,24,0.27
6,96,24,0.6
6,97,24,0.66
6,6,18,0
6,14,18,0.68
6,39,18,0.32
6,70,18,0.73
6,92,18,0.22
6,3,20,0.94
6,6,20,0
6,9,20,0.42
6,37,20,0.58
6,66,20,0.22
6,72,20,0.05
6,76,20,0.59
7,7,1,0
7,11,1,0.12
7,26,1,0.13
7,27,1,0.65
7,48,1,0.28
7,52,1,0.77
7,60,1,0.78
7,67,1,0.25
7,71,1,0.58
7,78,1,0.66
7,83,1,0.4
7,3,22,0.99
7,7,22,0
7,17,22,0.7
7,21,22,0.01
7,35,22,0.11
7,46,22,0.74
7,49,22,0.41
7,57,22,0.75
7,86,22,0.99
7,5,32,0.49
7,7,32,0
7,15,32,0.6
7,24,32,0.94
7,61,32,0.9
7,71,32,0.32
7,72,32,0.83
7,77,32,0.95
7,79,32,0.88
7,84,32,0.4
7,86,32,0.1
7,92,32,0.83
7,98,32,0.68
8,8,31,0
8,35,31,0.17
8,36,31,0.29
8,39,31,0.76
8,63,31,0.83
8,65,31,0.37
8,8,5,0
8,42,5,0.84
8,47,5,0.65
8,57,5,0.9
8,94,5,0.11
8,8,38,0
8,9,38,0.24
8,16,38,0.05
8,34,38,0.87
8,44,38,0.48
8,71,38,0.38
8,90,38,0.08
8,97,38,0.14
8,8,25,0
8,11,25,0.49
8,36,25,0.26
8,52,25,0.79
8,56,25,0.21
8,69,25,0.14
8,81,25,0.54
8,96,25,0.09
9,8,38,0.93
9,9,38,0
9,16,38,0.82
9,34,38,0.97
9,44,38,0.74
9,71,38,0.46
9,90,38,0.15
9,97,38,0.59
9,3,20,0.32
9,6,20,0.69
9,9,20,0
9,37,20,0.92
9,66,20,0.45
9,72,20,0.73
9,76,20,0.38
9,9,2,0
9,20,2,0.13
9,33,2,0.22
9,46,2,0.72
9,64,2,0.27
9,77,2,0.38
9,78,2,0.19
10,5,30,0.36
10,10,30,0
10,27,30,0.56
10,33,30,0.89
10,69,30,0.94
10,70,30,0.01
10,78,30,0.23
10,80,30,0.8
10,84,30,0.08
10,93,30,0.37
10,10,26,0
10,13,26,0.87
10,21,26,0.63
10,49,26,0.65
10,50,26,0.97
10,62,26,0.14
10,63,26,0.26
10,88,26,0.61
10,89,26,0.32
10,96,26,0.29
11,11,12,0
11,30,12,0.74
11,35,12,0.73
11,51,12,0.59
11,78,12,0.49
11,86,12,0.22
11,88,12,0.38
11,95,12,0.86
11,7,1,0.55
11,11,1,0
11,26,1,0.64
11,27,1,0.57
11,48,1,0.82
11,52,1,0.8
11,60,1,0.74
11,67,1,0.75
11,71,1,0.45
11,78,1,0.14
11,83,1,0.3
11,11,7,0
11,18,7,0.6
11,19,7,0.3
11,30,7,0.56
11,36,7,0.8
11,69,7,0.41
11,73,7,0.85
11,74,7,0.74
11,8,25,0.98
11,11,25,0
11,36,25,0.46
11,52,25,0.13
11,56,25,0.12
11,69,25,0.32
11,81,25,0.57
11,96,25,0.01
12,5,27,0.23
12,12,27,0
12,61,27,0.39
12,65,27,0.84
12,68,27,0.57
12,85,27,0.98
12,88,27,0.43
12,12,8,0
12,16,8,0.94
12,20,8,0.07
12,23,8,0.35
12,25,8,0.53
12,27,8,0.63
12,29,8,0.18
12,44,8,0.29
12,55,8,0.18
12,77,8,0.45
12,80,8,0.05
12,82,8,0.62
12,95,8,0.04
12,99,8,0.36
13,13,10,0
13,21,10,0.65
13,22,10,0.59
13,43,10,0.83
13,57,10,0.68
13,64,10,0.61
13,74,10,0.07
13,94,10,0.19
13,4,24,0.94
13,6,24,0.02
13,13,24,0
13,23,24,0.38
13,44,24,0.42
13,62,24,0.58
13,96,24,0.34
13,97,24,0.09
13,10,26,0.74
13,13,26,0
13,21,26,0.99
13,49,26,0.28
13,50,26,0.25
13,62,26,0.86
13,63,26,0.15
13,88,26,0.24
13,89,26,0.02
13,96,26,0.56
13,13,4,0
13,29,4,0.88
13,31,4,0.37
13,41,4,0.29
13,43,4,0.92
13,50,4,0.79
13,51,4,0.97
13,66,4,0.39
13,87,4,0.59
13,91,4,0.28
13,98,4,0.18
14,6,18,0.79
14,14,18,0
14,39,18,0.24
14,70,18,0.43
14,92,18,0.3
14,2,23,0.43
14,14,23,0
14,18,23,0.2
14,22,23,0.14
14,36,23,0.65
14,65,23,0.09
15,0,3,0.85
15,15,3,0
15,20,3,0.32
15,34,3,0.93
15,40,3,0.11
15,42,3,0.43
15,64,3,0.9
15,15,0,0
15,40,0,0.24
15,75,0,0.58
15,79,0,0.34
15,96,0,0.31
15,5,32,0.58
15,7,32,0.74
15,15,32,0
15,24,32,0.25
15,61,32,0.24
15,71,32,0.6
15,72,32,0.15
15,77,32,0.93
15,79,32,0.31
15,84,32,0.34
15,86,32,0.8
15,92,32,0.88
15,98,32,0.33
16,12,8,0.46
16,16,8,0
16,20,8,0.73
16,23,8,0.72
16,25,8,0.54
16,27,8,0.08
16,29,8,0.27
16,44,8,0.03
16,55,8,0.68
16,77,8,0.35
16,80,8,0.43
16,82,8,0.55
16,95,8,0.33
16,99,8,0.15
16,0,28,0.51
16,16,28,0
16,35,28,0.51
16,40,28,0.88
16,43,28,0.51
16,53,28,0.99
16,59,28,0.74
16,61,28,0.25
16,76,28,0.98
16,83,28,0.24
16,86,28,0.84
16,87,28,0.45
16,89,28,0.75
16,90,28,0.54
16,98,28,0.81
16,16,35,0
16,39,35,0.43
16,68,35,0.37
16,94,35,0.75
16,8,38,0.78
16,9,38,0.58
16,16,38,0
16,34,38,0.93
16,44,38,0.15
16,71,38,0.68
16,90,38,0.15
16,97,38,0.45
17,4,11,0.58
17,17,11,0
17,64,11,0.8
17,70,11,0.32
17,3,22,0.4
17,7,22,0.79
17,17,22,0
17,21,22,0.9
17,35,22,0.28
17,46,22,0.4
17,49,22,0.72
17,57,22,0.6
17,86,22,0.62
18,11,7,0.78
18,18,7,0
18,19,7,0.07
18,30,7,0.49
18,36,7,0.84
18,69,7,0.5
18,73,7,0.61
18,74,7,0.28
18,4,34,0.54
18,18,34,0
18,23,34,0.66
18,29,34,0.95
18,31,34,0.2
18,34,34,0.31
18,44,34,0.61
18,77,34,0.44
18,80,34,0.91
18,82,34,0.99
18,94,34,0.2
18,2,23,0.45
18,14,23,0.6
18,18,23,0
18,22,23,0.15
18,36,23,0.64
18,65,23,0.69
18,1,33,0.74
18,18,33,0
18,29,33,0.11
18,63,33,0.65
18,91,33,0.11
19,2,13,0.82
19,19,13,0
19,25,13,0.81
19,83,13,0.37
19,89,13,0.41
19,11,7,0.9
19,18,7,0.33
19,19,7,0
19,30,7,0.82
19,36,7,0.31
19,69,7,0.56
19,73,7,0.9
19,74,7,0.32
20,12,8,0.18
20,16,8,0.31
20,20,8,0
20,23,8,0.55
20,25,8,0.27
20,27,8,0.44
20,29,8,0.73
20,44,8,0.0
20,55,8,0.45
20,77,8,0.43
20,80,8,0.05
20,82,8,0.64
20,95,8,0.71
20,99,8,0.28
20,20,15,0
20,24,15,0.38
20,32,15,0.47
20,54,15,0.65
20,73,15,0.7
20,79,15,0.23
20,81,15,0.24
20,9,2,0.62
20,20,2,0
20,33,2,0.61
20,46,2,0.1
20,64,2,0.94
20,77,2,0.28
20,78,2,0.59
20,0,3,0.14
20,15,3,0.68
20,20,3,0
20,34,3,0.4
20,40,3,0.7
20,42,3,0.16
20,64,3,0.04
21,3,22,0.4
21,7,22,0.34
21,17,22,0.68
21,21,22,0
21,35,22,0.31
21,46,22,0.05
21,49,22,0.94
21,57,22,0.39
21,86,22,0.61
21,10,26,0.5
21,13,26,0.66
21,21,26,0
21,49,26,0.11
21,50,26,0.42
21,62,26,0.11
21,63,26,0.93
21,88,26,0.69
21,89,26,0.32
21,96,26,0.93
21,13,10,0.7
21,21,10,0
21,22,10,0.65
21,43,10,0.63
21,57,10,0.51
21,64,10,0.88
21,74,10,0.68
21,94,10,0.43
22,13,10,0.39
22,21,10,0.49
22,22,10,0
22,43,10,0.83
22,57,10,0.49
22,64,10,0.59
22,74,10,0.1
22,94,10,0.0
22,2,23,0.3
22,14,23,0.84
22,18,23,0.5
22,22,23,0
22,36,23,0.07
22,65,23,0.87
22,22,14,0
22,23,14,0.07
22,33,14,0.65
22,54,14,0.88
22,65,14,0.4
22,76,14,0.38
22,88,14,0.71
23,4,24,0.07
23,6,24,0.41
23,13,24,0.07
23,23,24,0
23,44,24,0.25
23,62,24,0.44
23,96,24,0.55
23,97,24,0.3
23,12,8,0.07
23,16,8,0.84
23,20,8,0.88
23,23,8,0
23,25,8,0.7
23,27,8,0.35
23,29,8,0.28
23,44,8,0.03
23,55,8,0.03
23,77,8,0.89
23,80,8,0.94
23,82,8,0.97
23,95,8,0.75
23,99,8,0.01
23,4,34,0.94
23,18,34,0.14
23,23,34,0
23,29,34,0.43
23,31,34,0.46
23,34,34,0.69
23,44,34,0.16
23,77,34,0.62
23,80,34,0.13
23,82,34,0.45
23,94,34,0.17
23,22,14,0.05
23,23,14,0
23,33,14,0.7
23,54,14,0.7
23,65,14,0.04
23,76,14,0.19
23,88,14,0.07
24,5,32,0.95
24,7,32,0.59
24,15,32,0.11
24,24,32,0
24,61,32,0.3
24,71,32,0.93
24,72,32,0.73
24,77,32,0.21
24,79,32,0.01
24,84,32,0.08
24,86,32,0.74
24,92,32,0.0
24,98,32,0.76
24,20,15,0.19
24,24,15,0
24,32,15,0.34
24,54,15,0.74
24,73,15,0.12
24,79,15,0.01
24,81,15,0.18
24,24,9,0
24,41,9,0.07
24,55,9,0.49
24,59,9,0.22
24,81,9,0.04
25,12,8,0.34
25,16,8,0.73
25,20,8,0.96
25,23,8,0.95
25,25,8,0
25,27,8,0.7
25,29,8,0.08
25,44,8,0.57
25,55,8,0.95
25,77,8,0.36
25,80,8,0.52
25,82,8,0.26
25,95,8,0.14
25,99,8,0.4
25,2,13,0.34
25,19,13,0.68
25,25,13,0
25,83,13,0.32
25,89,13,0.72
26,26,16,0
26,34,16,0.86
26,37,16,0.38
26,49,16,0.68
26,73,16,0.82
26,80,16,0.23
26,7,1,1.0
26,11,1,0.11
26,26,1,0
26,27,1,0.64
26,48,1,0.25
26,52,1,0.9
26,60,1,0.86
26,67,1,0.68
26,71,1,0.26
26,78,1,0.16
26,83,1,0.88
27,0,29,0.07
27,2,29,0.83
27,27,29,0
27,45,29,0.94
27,48,29,0.69
27,53,29,0.39
27,60,29,0.49
27,74,29,0.34
27,75,29,0.06
27,76,29,0.08
27,85,29,0.45
27,98,29,0.05
27,12,8,0.98
27,16,8,0.62
27,20,8,0.09
27,23,8,0.26
27,25,8,0.08
27,27,8,0
27,29,8,0.72
27,44,8,0.55
27,55,8,0.8
27,77,8,0.11
27,80,8,0.39
27,82,8,0.06
27,95,8,0.09
27,99,8,0.8
27,5,30,0.43
27,10,30,0.34
27,27,30,0
27,33,30,0.73
27,69,30,0.32
27,70,30,0.81
27,78,30,0.79
27,80,30,0.64
27,84,30,0.15
27,93,30,0.84
27,7,1,0.68
27,11,1,0.16
27,26,1,0.72
27,27,1,0
27,48,1,0.81
27,52,1,0.13
27,60,1,0.02
27,67,1,0.42
27,71,1,0.13
27,78,1,0.62
27,83,1,0.09
28,28,19,0
28,38,19,0.71
28,45,19,0.25
28,56,19,0.84
28,70,19,0.41
28,0,39,0.38
28,1,39,0.33
28,28,39,0
28,32,39,0.46
28,41,39,0.33
28,68,39,0.49
28,28,6,0
28,46,6,0.35
28,52,6,0.86
28,84,6,0.04
28,95,6,0.01
29,4,34,0.7
29,18,34,0.57
29,23,34,0.46
29,29,34,0
29,31,34,0.1
29,34,34,0.53
29,44,34,0.85
29,77,34,0.7
29,80,34,0.29
29,82,34,0.99
29,94,34,0.11
29,12,8,0.93
29,16,8,0.07
29,20,8,0.47
29,23,8,0.53
29,25,8,0.49
29,27,8,0.94
29,29,8,0
29,44,8,0.32
29,55,8,0.56
29,77,8,0.15
29,80,8,0.79
29,82,8,0.73
29,95,8,0.08
29,99,8,0.61
29,1,33,0.72
29,18,33,0.66
29,29,33,0
29,63,33,0.2
29,91,33,0.15
29,13,4,0.54
29,29,4,0
29,31,4,0.48
29,41,4,0.81
29,43,4,0.7
29,50,4,0.82
29,51,4,0.67
29,66,4,0.65
29,87,4,0.73
29,91,4,0.56
29,98,4,0.76
30,11,7,0.53
30,18,7,0.88
30,19,7,0.81
30,30,7,0
30,36,7,0.17
30,69,7,0.06
30,73,7,0.45
30,74,7,0.73
30,11,12,0.12
30,30,12,0
30,35,12,0.3
30,51,12,0.95
30,78,12,0.61
30,86,12,0.26
30,88,12,0.32
30,95,12,0.79
31,13,4,0.72
31,29,4,0.34
31,31,4,0
31,41,4,0.61
31,43,4,0.53
31,50,4,0.26
31,51,4,0.79
31,66,4,0.91
31,87,4,0.18
31,91,4,0.08
31,98,4,0.94
31,4,34,0.28
31,18,34,0.12
31,23,34,0.27
31,29,34,0.84
31,31,34,0
31,34,34,0.04
31,44,34,0.55
31,77,34,0.38
31,80,34,0.01
31,82,34,0.74
31,94,34,0.64
32,20,15,0.69
32,24,15,0.02
32,32,15,0
32,54,15,0.34
32,73,15,0.69
32,79,15,0.42
32,81,15,0.16
32,32,36,0
32,47,36,0.89
32,49,36,0.38
32,85,36,0.04
32,97,36,0.36
32,0,39,0.29
32,1,39,0.37
32,28,39,0.95
32,32,39,0
32,41,39,0.84
32,68,39,0.45
33,9,2,0.18
33,20,2,0.28
33,33,2,0
33,46,2,0.75
33,64,2,0.5
33,77,2,0.23
33,78,2,0.49
33,22,14,0.71
33,23,14,0.36
33,33,14,0
33,54,14,0.75
33,65,14,0.58
33,76,14,0.3
33,88,14,0.23
33,5,30,0.73
33,10,30,0.97
33,27,30,0.42
33,33,30,0
33,69,30,0.03
33,70,30,0.7
33,78,30,0.19
33,80,30,0.43
33,84,30,0.27
33,93,30,0.8
34,26,16,0.39
34,34,16,0
34,37,16,0.84
34,49,16,0.9
34,73,16,0.56
34,80,16,0.24
34,4,34,0.01
34,18,34,0.99
34,23,34,0.44
34,29,34,0.21
34,31,34,0.72
34,34,34,0
34,44,34,0.65
34,77,34,0.73
34,80,34,0.02
34,82,34,0.23
34,94,34,0.77
34,0,3,0.51
34,15,3,0.3
34,20,3,0.0
34,34,3,0
34,40,3,0.79
34,42,3,0.33
34,64,3,0.66
34,8,38,0.87
34,9,38,0.05
34,16,38,0.74
34,34,38,0
34,44,38,0.34
34,71,38,0.92
34,90,38,0.15
34,97,38,0.08
35,0,28,0.99
35,16,28,0.1
35,35,28,0
35,40,28,0.12
35,43,28,0.9
35,53,28,0.57
35,59,28,0.26
35,61,28,0.81
35,76,28,0.55
35,83,28,0.78
35,86,28,0.99
35,87,28,0.83
35,89,28,0.04
35,90,28,0.23
35,98,28,0.33
35,3,22,1.0
35,7,22,0.29
35,17,22,0.28
35,21,22,0.91
35,35,22,0
35,46,22,0.75
35,49,22,0.85
35,57,22,0.49
35,86,22,0.95
35,8,31,0.99
35,35,31,0
35,36,31,0.5
35,39,31,0.22
35,63,31,0.76
35,65,31,0.85
35,11,12,0.04
35,30,12,0.11
35,35,12,0
35,51,12,0.41
35,78,12,0.97
35,86,12,0.85
35,88,12,0.9
35,95,12,0.12
36,8,25,0.72
36,11,25,0.49
36,36,25,0
36,52,25,0.46
36,56,25,0.18
36,69,25,0.55
36,81,25,0.02
36,96,25,0.91
36,11,7,0.28
36,18,7,0.4
36,19,7,0.85
36,30,7,0.14
36,36,7,0
36,69,7,0.28
36,73,7,0.78
36,74,7,0.6
36,8,31,0.73
36,35,31,0.62
36,36,31,0
36,39,31,0.46
36,63,31,0.16
36,65,31,0.26
36,2,23,0.75
36,14,23,0.33
36,18,23,0.95
36,22,23,0.08
36,36,23,0
36,65,23,0.65
37,3,20,0.2
37,6,20,0.46
37,9,20,0.73
37,37,20,0
37,66,20,0.75
37,72,20,0.6
37,76,20,0.36
37,26,16,0.94
37,34,16,0.37
37,37,16,0
37,49,16,0.18
37,73,16,0.64
37,80,16,0.69
38,28,19,0.64
38,38,19,0
38,45,19,0.87
38,56,19,0.96
38,70,19,0.47
38,38,17,0
38,45,17,0.66
38,58,17,0.73
38,79,17,0.64
38,87,17,0.28
38,97,17,0.31
38,99,17,0.69
39,39,21,0
39,58,21,0.52
39,71,21,0.69
39,93,21,0.8
39,8,31,0.29
39,35,31,0.29
39,36,31,0.94
39,39,31,0
39,63,31,0.89
39,65,31,0.39
39,16,35,0.4
39,39,35,0
39,68,35,0.46
39,94,35,0.03
39,6,18,0.35
39,14,18,0.08
39,39,18,0
39,70,18,0.76
39,92,18,0.08
40,15,0,0.99
40,40,0,0
40,75,0,0.59
40,79,0,0.69
40,96,0,0.32
40,0,3,0.23
40,15,3,0.1
40,20,3,0.34
40,34,3,0.85
40,40,3,0
40,42,3,0.25
40,64,3,0.36
40,0,28,0.22
40,16,28,0.89
40,35,28,0.65
40,40,28,0
40,43,28,0.88
40,53,28,0.62
40,59,28,0.44
40,61,28,0.23
40,76,28,0.13
40,83,28,0.03
40,86,28,0.69
40,87,28,0.8
40,89,28,0.12
40,90,28,0.91
40,98,28,0.64
41,0,39,0.12
41,1,39,0.72
41,28,39,0.66
41,32,39,0.87
41,41,39,0
41,68,39,0.19
41,24,9,0.26
41,41,9,0
41,55,9,0.56
41,59,9,0.58
41,81,9,0.88
41,13,4,0.5
41,29,4,0.36
41,31,4,0.69
41,41,4,0
41,43,4,0.33
41,50,4,0.92
41,51,4,0.81
41,66,4,0.66
41,87,4,0.66
41,91,4,0.39
41,98,4,0.5
42,8,5,0.53
42,42,5,0
42,47,5,0.51
42,57,5,0.65
42,94,5,0.03
42,0,3,0.49
42,15,3,0.57
42,20,3,0.54
42,34,3,0.83
42,40,3,0.01
42,42,3,0
42,64,3,0.86
43,13,4,0.37
43,29,4,0.55
43,31,4,0.5
43,41,4,0.49
43,43,4,0
43,50,4,0.46
43,51,4,0.5
43,66,4,0.84
43,87,4,0.9
43,91,4,0.2
43,98,4,0.08
43,43,37,0
43,67,37,0.95
43,85,37,0.57
43,90,37,0.94
43,99,37,0.74
43,0,28,0.32
43,16,28,0.93
43,35,28,0.82
43,40,28,0.93
43,43,28,0
43,53,28,0.19
43,59,28,0.81
43,61,28,0.57
43,76,28,0.2
43,83,28,0.64
43,86,28,0.26
43,87,28,0.64
43,89,28,0.38
43,90,28,0.03
43,98,28,0.31
43,13,10,0.69
43,21,10,0.54
43,22,10,0.18
43,43,10,0
43,57,10,0.62
43,64,10,0.72
43,74,10,0.29
43,94,10,0.7
44,8,38,0.31
44,9,38,0.2
44,16,38,0.27
44,34,38,0.37
44,44,38,0
44,71,38,0.74
44,90,38,0.76
44,97,38,0.44
44,4,34,0.85
44,18,34,0.8
44,23,34,0.42
44,29,34,0.49
44,31,34,0.43
44,34,34,0.02
44,44,34,0
44,77,34,0.75
44,80,34,0.97
44,82,34,0.12
44,94,34,0.33
44,4,24,0.43
44,6,24,0.94
44,13,24,0.74
44,23,24,0.9
44,44,24,0
44,62,24,0.23
44,96,24,0.49
44,97,24,0.9
44,12,8,0.07
44,16,8,0.63
44,20,8,0.67
44,23,8,0.67
44,25,8,0.49
44,27,8,0.84
44,29,8,0.51
44,44,8,0
44,55,8,0.66
44,77,8,0.82
44,80,8,0.79
44,82,8,0.11
44,95,8,0.56
44,99,8,0.1
45,38,17,0.54
45,45,17,0
45,58,17,0.22
45,79,17,0.63
45,87,17,0.29
45,97,17,1.0
45,99,17,0.32
45,28,19,0.56
45,38,19,0.43
45,45,19,0
45,56,19,0.1
45,70,19,0.91
45,0,29,0.07
45,2,29,0.7
45,27,29,0.45
45,45,29,0
45,48,29,0.56
45,53,29,0.59
45,60,29,0.19
45,74,29,0.23
45,75,29,0.71
45,76,29,0.78
45,85,29,0.85
45,98,29,0.54
46,3,22,0.33
46,7,22,0.16
46,17,22,0.95
46,21,22,0.58
46,35,22,0.82
46,46,22,0
46,49,22,0.09
46,57,22,0.29
46,86,22,0.12
46,28,6,0.4
46,46,6,0
46,52,6,0.45
46,84,6,0.71
46,95,6,0.49
46,9,2,0.68
46,20,2,0.12
46,33,2,0.14
46,46,2,0
46,64,2,0.26
46,77,2,0.39
46,78,2,0.05
47,8,5,0.06
47,42,5,0.35
47,47,5,0
47,57,5,0.93
47,94,5,0.41
47,32,36,0.08
47,47,36,0
47,49,36,0.76
47,85,36,0.14
47,97,36,0.21
48,0,29,0.02
48,2,29,0.74
48,27,29,0.2
48,45,29,0.71
48,48,29,0
48,53,29,0.13
48,60,29,0.17
48,74,29,0.31
48,75,29,0.78
48,76,29,0.26
48,85,29,0.44
48,98,29,0.42
48,7,1,0.17
48,11,1,0.48
48,26,1,0.69
48,27,1,0.55
48,48,1,0
48,52,1,0.47
48,60,1,0.59
48,67,1,0.17
48,71,1,0.57
48,78,1,0.83
48,83,1,0.81
49,3,22,0.01
49,7,22,0.57
49,17,22,0.81
49,21,22,0.45
49,35,22,0.45
49,46,22,0.39
49,49,22,0
49,57,22,0.29
49,86,22,0.06
49,10,26,0.46
49,13,26,0.52
49,21,26,0.46
49,49,26,0
49,50,26,0.62
49,62,26,0.86
49,63,26,0.24
49,88,26,0.22
49,89,26,0.77
49,96,26,0.48
49,32,36,0.52
49,47,36,0.52
49,49,36,0
49,85,36,0.58
49,97,36,0.01
49,26,16,0.3
49,34,16,0.33
49,37,16,0.85
49,49,16,0
49,73,16,0.63
49,80,16,0.16
50,10,26,0.33
50,13,26,0.3
50,21,26,0.52
50,49,26,0.19
50,50,26,0
50,62,26,0.35
50,63,26,0.63
50,88,26,0.6
50,89,26,0.4
50,96,26,0.02
50,13,4,0.85
50,29,4,0.01
50,31,4,0.83
50,41,4,0.57
50,43,4,0.26
50,50,4,0
50,51,4,0.45
50,66,4,0.07
50,87,4,0.61
50,91,4,0.27
50,98,4,0.93
51,13,4,0.91
51,29,4,0.66
51,31,4,0.08
51,41,4,0.44
51,43,4,0.67
51,50,4,0.99
51,51,4,0
51,66,4,0.03
51,87,4,0.7
51,91,4,0.63
51,98,4,0.07
51,11,12,0.87
51,30,12,0.11
51,35,12,0.07
51,51,12,0
51,78,12,0.64
51,86,12,0.62
51,88,12,0.72
51,95,12,0.28
52,7,1,0.52
52,11,1,0.18
52,26,1,0.6
52,27,1,0.23
52,48,1,0.31
52,52,1,0
52,60,1,0.01
52,67,1,0.02
52,71,1,0.04
52,78,1,0.68
52,83,1,0.78
52,8,25,0.15
52,11,25,0.29
52,36,25,0.12
52,52,25,0
52,56,25,0.66
52,69,25,0.13
52,81,25,0.97
52,96,25,0.88
52,28,6,0.27
52,46,6,0.78
52,52,6,0
52,84,6,0.49
52,95,6,0.05
53,0,28,0.12
53,16,28,0.64
53,35,28,0.93
53,40,28,0.68
53,43,28,0.93
53,53,28,0
53,59,28,0.44
53,61,28,0.98
53,76,28,0.8
53,83,28,0.18
53,86,28,0.43
53,87,28,0.16
53,89,28,0.17
53,90,28,0.08
53,98,28,0.18
53,0,29,0.52
53,2,29,0.38
53,27,29,0.78
53,45,29,0.54
53,48,29,0.43
53,53,29,0
53,60,29,0.42
53,74,29,0.43
53,75,29,0.93
53,76,29,0.3
53,85,29,0.24
53,98,29,0.62
54,22,14,0.59
54,23,14,0.6
54,33,14,0.54
54,54,14,0
54,65,14,0.93
54,76,14,0.42
54,88,14,0.82
54,20,15,0.45
54,24,15,0.33
54,32,15,0.97
54,54,15,0
54,73,15,0.04
54,79,15,0.97
54,81,15,0.41
55,12,8,0.16
55,16,8,0.78
55,20,8,0.4
55,23,8,0.99
55,25,8,0.34
55,27,8,0.55
55,29,8,0.68
55,44,8,0.22
55,55,8,0
55,77,8,0.57
55,80,8,0.57
55,82,8,0.2
55,95,8,0.75
55,99,8,0.91
55,24,9,0.9
55,41,9,0.53
55,55,9,0
55,59,9,0.19
55,81,9,0.11
56,28,19,0.62
56,38,19,0.9
56,45,19,0.99
56,56,19,0
56,70,19,0.05
56,8,25,0.81
56,11,25,0.46
56,36,25,0.87
56,52,25,0.56
56,56,25,0
56,69,25,0.44
56,81,25,0.4
56,96,25,0.39
57,3,22,0.27
57,7,22,0.09
57,17,22,0.74
57,21,22,0.5
57,35,22,0.52
57,46,22,0.57
57,49,22,0.35
57,57,22,0
57,86,22,0.13
57,8,5,0.91
57,42,5,0.29
57,47,5,0.27
57,57,5,0
57,94,5,0.58
57,13,10,0.68
57,21,10,0.11
57,22,10,0.14
57,43,10,0.84
57,57,10,0
57,64,10,0.6
57,74,10,0.74
57,94,10,0.73
58,39,21,0.7
58,58,21,0
58,71,21,0.58
58,93,21,0.78
58,38,17,0.85
58,45,17,0.87
58,58,17,0
58,79,17,0.34
58,87,17,0.58
58,97,17,0.72
58,99,17,0.27
59,0,28,0.12
59,16,28,0.21
59,35,28,0.41
59,40,28,0.16
59,43,28,0.81
59,53,28,0.35
59,59,28,0
59,61,28,0.19
59,76,28,0.63
59,83,28,0.86
59,86,28,0.62
59,87,28,0.69
59,89,28,0.4
59,90,28,0.28
59,98,28,0.41
59,24,9,0.42
59,41,9,0.25
59,55,9,0.51
59,59,9,0
59,81,9,0.01
60,0,29,0.07
60,2,29,0.74
60,27,29,0.59
60,45,29,0.2
60,48,29,0.09
60,53,29,0.2
60,60,29,0
60,74,29,0.1
60,75,29,0.45
60,76,29,0.56
60,85,29,0.24
60,98,29,0.36
60,7,1,0.99
60,11,1,0.99
60,26,1,0.14
60,27,1,0.75
60,48,1,0.26
60,52,1,0.92
60,60,1,0
60,67,1,0.85
60,71,1,0.32
60,78,1,0.04
60,83,1,0.92
61,0,28,0.31
61,16,28,0.21
61,35,28,0.78
61,40,28,0.71
61,43,28,0.29
61,53,28,0.62
61,59,28,0.33
61,61,28,0
61,76,28,0.07
61,83,28,0.92
61,86,28,0.18
61,87,28,0.61
61,89,28,0.28
61,90,28,0.81
61,98,28,0.3
61,5,27,0.68
61,12,27,0.54
61,61,27,0
61,65,27,0.88
61,68,27,0.23
61,85,27,0.26
61,88,27,0.03
61,5,32,0.43
61,7,32,0.9
61,15,32,0.35
61,24,32,0.36
61,61,32,0
61,71,32,0.06
61,72,32,0.4
61,77,32,0.75
61,79,32,0.55
61,84,32,0.02
61,86,32,0.05
61,92,32,0.03
61,98,32,0.73
62,10,26,0.99
62,13,26,0.57
62,21,26,0.58
62,49,26,0.32
62,50,26,0.32
62,62,26,0
62,63,26,0.88
62,88,26,0.27
62,89,26,0.91
62,96,26,0.04
62,4,24,0.6
62,6,24,0.53
62,13,24,0.96
62,23,24,0.47
62,44,24,0.76
62,62,24,0
62,96,24,0.45
62,97,24,0.79
63,10,26,0.54
63,13,26,0.65
63,21,26,0.77
63,49,26,0.8
63,50,26,0.59
63,62,26,0.16
63,63,26,0
63,88,26,0.76
63,89,26,0.2
63,96,26,0.5
63,1,33,0.76
63,18,33,0.33
63,29,33,0.47
63,63,33,0
63,91,33,0.44
63,8,31,0.72
63,35,31,0.36
63,36,31,0.71
63,39,31,0.95
63,63,31,0
63,65,31,0.88
64,9,2,0.06
64,20,2,0.88
64,33,2,0.12
64,46,2,0.31
64,64,2,0
64,77,2,0.54
64,78,2,0.56
64,0,3,0.09
64,15,3,0.58
64,20,3,0.16
64,34,3,0.8
64,40,3,0.01
64,42,3,0.2
64,64,3,0
64,13,10,0.78
64,21,10,0.51
64,22,10,0.17
64,43,10,0.79
64,57,10,0.6
64,64,10,0
64,74,10,0.95
64,94,10,0.13
64,4,11,0.92
64,17,11,0.01
64,64,11,0
64,70,11,0.62
65,5,27,0.07
65,12,27,0.51
65,61,27,0.58
65,65,27,0
65,68,27,0.12
65,85,27,0.54
65,88,27,0.13
65,8,31,0.79
65,35,31,0.27
65,36,31,0.03
65,39,31,0.66
65,63,31,0.61
65,65,31,0
65,2,23,0.75
65,14,23,0.64
65,18,23,0.94
65,22,23,0.22
65,36,23,0.7
65,65,23,0
65,22,14,0.8
65,23,14,0.34
65,33,14,0.57
65,54,14,0.15
65,65,14,0
65,76,14,0.31
65,88,14,0.46
66,13,4,0.0
66,29,4,0.47
66,31,4,0.92
66,41,4,0.68
66,43,4,0.53
66,50,4,0.14
66,51,4,0.15
66,66,4,0
66,87,4,0.93
66,91,4,0.33
66,98,4,0.24
66,3,20,0.22
66,6,20,0.83
66,9,20,0.08
66,37,20,0.89
66,66,20,0
66,72,20,0.89
66,76,20,0.31
67,43,37,0.62
67,67,37,0
67,85,37,0.94
67,90,37,0.98
67,99,37,0.85
67,7,1,0.1
67,11,1,0.27
67,26,1,0.97
67,27,1,0.26
67,48,1,0.65
67,52,1,0.48
67,60,1,0.86
67,67,1,0
67,71,1,0.48
67,78,1,0.3
67,83,1,0.4
68,0,39,0.51
68,1,39,0.14
68,28,39,0.28
68,32,39,0.42
68,41,39,0.57
68,68,39,0
68,5,27,0.09
68,12,27,0.47
68,61,27,0.55
68,65,27,0.75
68,68,27,0
68,85,27,0.86
68,88,27,0.52
68,16,35,0.43
68,39,35,0.24
68,68,35,0
68,94,35,0.45
69,8,25,0.31
69,11,25,0.21
69,36,25,0.44
69,52,25,0.8
69,56,25,0.07
69,69,25,0
69,81,25,0.42
69,96,25,0.13
69,5,30,0.11
69,10,30,0.3
69,27,30,0.97
69,33,30,0.88
69,69,30,0
69,70,30,0.71
69,78,30,0.38
69,80,30,0.05
69,84,30,0.08
69,93,30,0.22
69,11,7,0.49
69,18,7,0.65
69,19,7,0.57
69,30,7,0.17
69,36,7,0.94
69,69,7,0
69,73,7,0.14
69,74,7,0.7
70,6,18,0.51
70,14,18,0.03
70,39,18,0.21
70,70,18,0
70,92,18,0.3
70,4,11,0.94
70,17,11,0.43
70,64,11,0.38
70,70,11,0
70,28,19,0.21
70,38,19,0.25
70,45,19,0.91
70,56,19,0.66
70,70,19,0
70,5,30,0.76
70,10,30,0.08
70,27,30,0.83
70,33,30,0.22
70,69,30,0.9
70,70,30,0
70,78,30,0.26
70,80,30,0.82
70,84,30,0.56
70,93,30,0.82
71,8,38,0.26
71,9,38,0.33
71,16,38,0.23
71,34,38,0.99
71,44,38,0.72
71,71,38,0
71,90,38,0.17
71,97,38,0.44
71,5,32,0.41
71,7,32,0.52
71,15,32,0.87
71,24,32,0.22
71,61,32,0.99
71,71,32,0
71,72,32,0.71
71,77,32,0.55
71,79,32,0.75
71,84,32,0.39
71,86,32,0.95
71,92,32,0.95
71,98,32,0.23
71,7,1,0.33
71,11,1,0.54
71,26,1,0.8
71,27,1,0.12
71,48,1,0.43
71,52,1,0.14
71,60,1,0.09
71,67,1,0.66
71,71,1,0
71,78,1,0.64
71,83,1,0.25
71,39,21,0.9
71,58,21,0.6
71,71,21,0
71,93,21,0.67
72,3,20,0.95
72,6,20,0.26
72,9,20,0.37
72,37,20,0.47
72,66,20,0.19
72,72,20,0
72,76,20,0.21
72,5,32,0.73
72,7,32,0.29
72,15,32,0.35
72,24,32,0.61
72,61,32,0.79
72,71,32,0.05
72,72,32,0
72,77,32,0.39
72,79,32,0.04
72,84,32,0.34
72,86,32,0.85
72,92,32,0.7
72,98,32,0.3
73,26,16,0.74
73,34,16,0.71
73,37,16,0.85
73,49,16,0.69
73,73,16,0
73,80,16,0.86
73,11,7,0.6
73,18,7,0.81
73,19,7,0.47
73,30,7,0.85
73,36,7,0.8
73,69,7,0.37
73,73,7,0
73,74,7,0.07
73,20,15,0.17
73,24,15,0.71
73,32,15,0.73
73,54,15,0.99
73,73,15,0
73,79,15,0.41
73,81,15,0.06
74,11,7,0.76
74,18,7,0.84
74,19,7,0.59
74,30,7,0.98
74,36,7,1.0
74,69,7,0.56
74,73,7,0.34
74,74,7,0
74,13,10,0.4
74,21,10,0.29
74,22,10,0.39
74,43,10,0.49
74,57,10,0.96
74,64,10,0.39
74,74,10,0
74,94,10,0.83
74,0,29,0.59
74,2,29,0.6
74,27,29,0.26
74,45,29,0.8
74,48,29,0.67
74,53,29,0.92
74,60,29,0.76
74,74,29,0
74,75,29,0.47
74,76,29,0.38
74,85,29,0.07
74,98,29,0.21
75,0,29,0.16
75,2,29,0.31
75,27,29,0.99
75,45,29,0.11
75,48,29,0.92
75,53,29,0.29
75,60,29,0.37
75,74,29,0.8
75,75,29,0
75,76,29,0.33
75,85,29,0.3
75,98,29,0.14
75,15,0,0.29
75,40,0,0.4
75,75,0,0
75,79,0,0.63
75,96,0,0.84
76,3,20,0.1
76,6,20,0.21
76,9,20,0.23
76,37,20,0.18
76,66,20,0.26
76,72,20,0.34
76,76,20,0
76,0,28,0.9
76,16,28,0.65
76,35,28,0.79
76,40,28,0.76
76,43,28,0.2
76,53,28,0.27
76,59,28,0.87
76,61,28,0.38
76,76,28,0
76,83,28,0.9
76,86,28,0.7
76,87,28,0.8
76,89,28,0.18
76,90,28,0.63
76,98,28,0.56
76,0,29,0.34
76,2,29,0.2
76,27,29,0.61
76,45,29,0.25
76,48,29,0.19
76,53,29,0.43
76,60,29,0.26
76,74,29,0.02
76,75,29,0.96
76,76,29,0
76,85,29,0.09
76,98,29,0.34
76,22,14,0.07
76,23,14,0.42
76,33,14,0.58
76,54,14,0.88
76,65,14,0.55
76,76,14,0
76,88,14,0.97
77,5,32,0.8
77,7,32,0.22
77,15,32,0.62
77,24,32,0.73
77,61,32,0.45
77,71,32,0.58
77,72,32,0.4
77,77,32,0
77,79,32,0.38
77,84,32,0.04
77,86,32,0.03
77,92,32,0.98
77,98,32,0.45
77,9,2,0.94
77,20,2,0.15
77,33,2,0.82
77,46,2,0.91
77,64,2,0.17
77,77,2,0
77,78,2,0.89
77,12,8,0.72
77,16,8,0.37
77,20,8,0.58
77,23,8,0.26
77,25,8,0.99
77,27,8,0.74
77,29,8,0.12
77,44,8,0.38
77,55,8,0.14
77,77,8,0
77,80,8,0.54
77,82,8,0.6
77,95,8,0.5
77,99,8,0.29
77,4,34,0.25
77,18,34,0.92
77,23,34,0.48
77,29,34,0.88
77,31,34,0.32
77,34,34,0.83
77,44,34,0.69
77,77,34,0
77,80,34,0.4
77,82,34,0.03
77,94,34,0.61
78,9,2,0.45
78,20,2,0.41
78,33,2,0.44
78,46,2,0.66
78,64,2,0.51
78,77,2,0.87
78,78,2,0
78,11,12,0.38
78,30,12,0.09
78,35,12,0.23
78,51,12,0.44
78,78,12,0
78,86,12,0.22
78,88,12,0.54
78,95,12,0.0
78,5,30,0.4
78,10,30,0.6
78,27,30,0.87
78,33,30,0.96
78,69,30,0.13
78,70,30,0.03
78,78,30,0
78,80,30,0.01
78,84,30,0.58
78,93,30,0.75
78,7,1,0.58
78,11,1,0.76
78,26,1,0.62
78,27,1,0.11
78,48,1,0.85
78,52,1,0.91
78,60,1,0.21
78,67,1,0.32
78,71,1,0.2
78,78,1,0
78,83,1,0.83
79,15,0,0.82
79,40,0,0.07
79,75,0,0.5
79,79,0,0
79,96,0,0.29
79,5,32,0.23
79,7,32,0.05
79,15,32,0.08
79,24,32,0.01
79,61,32,0.9
79,71,32,0.01
79,72,32,0.17
79,77,32,0.43
79,79,32,0
79,84,32,0.07
79,86,32,0.94
79,92,32,0.29
79,98,32,0.64
79,20,15,0.57
79,24,15,0.8
79,32,15,0.71
79,54,15,0.29
79,73,15,0.48
79,79,15,0
79,81,15,0.85
79,38,17,0.73
79,45,17,0.63
79,58,17,0.12
79,79,17,0
79,87,17,0.81
79,97,17,0.65
79,99,17,0.42
80,12,8,0.97
80,16,8,0.42
80,20,8,0.36
80,23,8,0.79
80,25,8,0.81
80,27,8,0.67
80,29,8,0.64
80,44,8,0.99
80,55,8,0.48
80,77,8,0.15
80,80,8,0
80,82,8,0.48
80,95,8,0.7
80,99,8,0.47
80,4,34,0.22
80,18,34,0.09
80,23,34,0.25
80,29,34,0.7
80,31,34,0.49
80,34,34,0.18
80,44,34,0.12
80,77,34,0.12
80,80,34,0
80,82,34,0.17
80,94,34,0.45
80,26,16,0.99
80,34,16,0.35
80,37,16,0.71
80,49,16,0.15
80,73,16,0.75
80,80,16,0
80,5,30,0.9
80,10,30,0.65
80,27,30,0.83
80,33,30,0.37
80,69,30,0.12
80,70,30,0.8
80,78,30,0.78
80,80,30,0
80,84,30,0.1
80,93,30,0.26
81,20,15,0.51
81,24,15,0.7
81,32,15,0.24
81,54,15,0.8
81,73,15,0.39
81,79,15,0.87
81,81,15,0
81,24,9,0.05
81,41,9,0.41
81,55,9,0.83
81,59,9,0.46
81,81,9,0
81,8,25,0.92
81,11,25,0.34
81,36,25,0.12
81,52,25,0.81
81,56,25,0.01
81,69,25,0.97
81,81,25,0
81,96,25,0.03
82,4,34,0.57
82,18,34,0.01
82,23,34,0.45
82,29,34,0.04
82,31,34,0.56
82,34,34,0.61
82,44,34,0.73
82,77,34,0.37
82,80,34,0.43
82,82,34,0
82,94,34,0.05
82,12,8,0.93
82,16,8,0.95
82,20,8,0.18
82,23,8,0.75
82,25,8,0.84
82,27,8,0.08
82,29,8,0.7
82,44,8,0.19
82,55,8,0.24
82,77,8,0.54
82,80,8,0.49
82,82,8,0
82,95,8,0.09
82,99,8,0.79
83,7,1,0.6
83,11,1,0.98
83,26,1,0.61
83,27,1,0.93
83,48,1,0.99
83,52,1,0.69
83,60,1,0.18
83,67,1,0.73
83,71,1,0.2
83,78,1,0.43
83,83,1,0
83,2,13,0.11
83,19,13,0.63
83,25,13,0.26
83,83,13,0
83,89,13,0.55
83,0,28,0.01
83,16,28,0.63
83,35,28,0.99
83,40,28,0.27
83,43,28,0.66
83,53,28,0.25
83,59,28,0.37
83,61,28,0.11
83,76,28,0.42
83,83,28,0
83,86,28,0.86
83,87,28,0.44
83,89,28,0.5
83,90,28,0.9
83,98,28,0.32
84,5,30,0.93
84,10,30,0.82
84,27,30,0.45
84,33,30,0.04
84,69,30,0.46
84,70,30,0.52
84,78,30,0.17
84,80,30,0.77
84,84,30,0
84,93,30,0.06
84,28,6,0.5
84,46,6,0.56
84,52,6,0.22
84,84,6,0
84,95,6,0.4
84,5,32,0.31
84,7,32,1.0
84,15,32,0.76
84,24,32,0.79
84,61,32,0.56
84,71,32,0.42
84,72,32,0.69
84,77,32,0.74
84,79,32,0.46
84,84,32,0
84,86,32,0.02
84,92,32,0.55
84,98,32,0.04
85,43,37,0.38
85,67,37,0.92
85,85,37,0
85,90,37,0.99
85,99,37,0.18
85,5,27,0.37
85,12,27,0.58
85,61,27,0.91
85,65,27,1.0
85,68,27,0.67
85,85,27,0
85,88,27,0.5
85,32,36,0.9
85,47,36,0.61
85,49,36,0.78
85,85,36,0
85,97,36,0.85
85,0,29,0.1
85,2,29,0.09
85,27,29,0.74
85,45,29,0.12
85,48,29,0.47
85,53,29,0.11
85,60,29,0.47
85,74,29,0.86
85,75,29,0.59
85,76,29,0.68
85,85,29,0
85,98,29,0.67
86,5,32,0.15
86,7,32,0.51
86,15,32,0.11
86,24,32,0.45
86,61,32,0.22
86,71,32,0.1
86,72,32,0.06
86,77,32,0.86
86,79,32,0.75
86,84,32,0.26
86,86,32,0
86,92,32,0.83
86,98,32,0.85
86,0,28,0.48
86,16,28,0.21
86,35,28,0.32
86,40,28,0.09
86,43,28,0.65
86,53,28,0.17
86,59,28,0.53
86,61,28,0.28
86,76,28,0.74
86,83,28,0.2
86,86,28,0
86,87,28,0.19
86,89,28,0.06
86,90,28,0.22
86,98,28,0.11
86,11,12,0.73
86,30,12,0.57
86,35,12,0.6
86,51,12,0.46
86,78,12,0.67
86,86,12,0
86,88,12,0.63
86,95,12,0.36
86,3,22,1.0
86,7,22,0.76
86,17,22,0.75
86,21,22,0.1
86,35,22,0.8
86,46,22,0.25
86,49,22,0.96
86,57,22,0.93
86,86,22,0
87,13,4,0.4
87,29,4,0.26
87,31,4,0.28
87,41,4,0.63
87,43,4,0.43
87,50,4,0.57
87,51,4,0.41
87,66,4,0.33
87,87,4,0
87,91,4,0.22
87,98,4,0.23
87,0,28,0.56
87,16,28,0.54
87,35,28,0.56
87,40,28,0.63
87,43,28,0.44
87,53,28,0.92
87,59,28,0.48
87,61,28,0.71
87,76,28,0.26
87,83,28,0.4
87,86,28,0.02
87,87,28,0
87,89,28,0.06
87,90,28,0.09
87,98,28,0.66
87,38,17,0.77
87,45,17,0.69
87,58,17,0.57
87,79,17,0.64
87,87,17,0
87,97,17,0.44
87,99,17,0.34
88,10,26,0.88
88,13,26,0.14
88,21,26,0.63
88,49,26,0.29
88,50,26,0.26
88,62,26,0.68
88,63,26,0.03
88,88,26,0
88,89,26,0.73
88,96,26,0.45
88,5,27,0.33
88,12,27,0.49
88,61,27,0.27
88,65,27,0.83
88,68,27,0.85
88,85,27,0.21
88,88,27,0
88,22,14,0.9
88,23,14,0.35
88,33,14,0.3
88,54,14,0.11
88,65,14,0.56
88,76,14,0.74
88,88,14,0
88,11,12,0.39
88,30,12,0.03
88,35,12,0.51
88,51,12,0.33
88,78,12,0.87
88,86,12,0.74
88,88,12,0
88,95,12,0.99
89,10,26,0.66
89,13,26,0.45
89,21,26,0.43
89,49,26,0.27
89,50,26,0.14
89,62,26,0.9
89,63,26,0.94
89,88,26,0.46
89,89,26,0
89,96,26,0.27
89,0,28,0.34
89,16,28,0.74
89,35,28,0.61
89,40,28,0.68
89,43,28,0.68
89,53,28,0.9
89,59,28,0.23
89,61,28,0.26
89,76,28,0.65
89,83,28,0.15
89,86,28,0.02
89,87,28,0.88
89,89,28,0
89,90,28,0.82
89,98,28,0.66
89,2,13,0.77
89,19,13,0.03
89,25,13,0.27
89,83,13,0.51
89,89,13,0
90,0,28,0.68
90,16,28,0.3
90,35,28,0.38
90,40,28,0.59
90,43,28,0.86
90,53,28,0.06
90,59,28,0.05
90,61,28,0.97
90,76,28,0.94
90,83,28,0.83
90,86,28,0.2
90,87,28,0.03
90,89,28,0.21
90,90,28,0
90,98,28,0.41
90,8,38,0.2
90,9,38,0.23
90,16,38,0.96
90,34,38,0.27
90,44,38,0.17
90,71,38,0.63
90,90,38,0
90,97,38,0.2
90,43,37,0.49
90,67,37,0.17
90,85,37,0.19
90,90,37,0
90,99,37,0.02
91,13,4,0.3
91,29,4,0.13
91,31,4,0.43
91,41,4,0.31
91,43,4,0.29
91,50,4,0.27
91,51,4,0.24
91,66,4,0.41
91,87,4,0.74
91,91,4,0
91,98,4,0.33
91,1,33,0.76
91,18,33,0.11
91,29,33,0.62
91,63,33,0.63
91,91,33,0
92,5,32,0.05
92,7,32,0.06
92,15,32,0.24
92,24,32,0.69
92,61,32,0.4
92,71,32,0.96
92,72,32,0.71
92,77,32,0.81
92,79,32,0.79
92,84,32,0.75
92,86,32,0.33
92,92,32,0
92,98,32,0.89
92,6,18,0.8
92,14,18,0.98
92,39,18,0.69
92,70,18,0.78
92,92,18,0
93,39,21,0.06
93,58,21,0.71
93,71,21,0.48
93,93,21,0
93,5,30,0.01
93,10,30,0.45
93,27,30,0.32
93,33,30,0.52
93,69,30,0.89
93,70,30,0.74
93,78,30,0.7
93,80,30,0.44
93,84,30,0.54
93,93,30,0
94,13,10,0.82
94,21,10,0.23
94,22,10,0.87
94,43,10,1.0
94,57,10,0.76
94,64,10,0.46
94,74,10,0.4
94,94,10,0
94,16,35,0.33
94,39,35,0.77
94,68,35,0.25
94,94,35,0
94,8,5,0.83
94,42,5,0.24
94,47,5,0.67
94,57,5,0.32
94,94,5,0
94,4,34,0.43
94,18,34,0.19
94,23,34,0.51
94,29,34,0.05
94,31,34,0.75
94,34,34,0.86
94,44,34,0.27
94,77,34,0.61
94,80,34,0.36
94,82,34,0.73
94,94,34,0
95,12,8,0.61
95,16,8,0.78
95,20,8,0.33
95,23,8,0.9
95,25,8,0.31
95,27,8,0.38
95,29,8,0.56
95,44,8,0.92
95,55,8,0.79
95,77,8,0.62
95,80,8,0.56
95,82,8,0.13
95,95,8,0
95,99,8,0.53
95,28,6,0.76
95,46,6,0.28
95,52,6,0.08
95,84,6,0.48
95,95,6,0
95,11,12,0.26
95,30,12,0.43
95,35,12,0.69
95,51,12,0.73
95,78,12,0.4
95,86,12,0.36
95,88,12,0.35
95,95,12,0
96,15,0,0.56
96,40,0,0.53
96,75,0,0.16
96,79,0,0.32
96,96,0,0
96,8,25,0.95
96,11,25,0.52
96,36,25,0.93
96,52,25,0.59
96,56,25,0.63
96,69,25,0.49
96,81,25,0.76
96,96,25,0
96,4,24,0.9
96,6,24,0.08
96,13,24,0.37
96,23,24,0.13
96,44,24,0.07
96,62,24,0.4
96,96,24,0
96,97,24,0.24
96,10,26,0.17
96,13,26,0.32
96,21,26,0.91
96,49,26,0.31
96,50,26,0.97
96,62,26,0.88
96,63,26,0.26
96,88,26,0.59
96,89,26,0.86
96,96,26,0
97,32,36,0.64
97,47,36,0.8
97,49,36,0.3
97,85,36,0.34
97,97,36,0
97,8,38,0.5
97,9,38,0.42
97,16,38,0.62
97,34,38,0.06
97,44,38,0.8
97,71,38,0.51
97,90,38,0.94
97,97,38,0
97,4,24,0.96
97,6,24,0.1
97,13,24,0.43
97,23,24,0.68
97,44,24,0.67
97,62,24,0.43
97,96,24,0.13
97,97,24,0
97,38,17,0.12
97,45,17,0.5
97,58,17,0.58
97,79,17,0.61
97,87,17,0.45
97,97,17,0
97,99,17,0.17
98,5,32,0.55
98,7,32,0.82
98,15,32,0.55
98,24,32,0.77
98,61,32,0.17
98,71,32,0.1
98,72,32,0.24
98,77,32,0.94
98,79,32,0.09
98,84,32,0.48
98,86,32,0.52
98,92,32,0.7
98,98,32,0
98,13,4,0.09
98,29,4,0.86
98,31,4,0.37
98,41,4,0.89
98,43,4,0.13
98,50,4,0.82
98,51,4,0.83
98,66,4,0.5
98,87,4,0.9
98,91,4,0.93
98,98,4,0
98,0,29,0.7
98,2,29,0.52
98,27,29,0.69
98,45,29,0.47
98,48,29,0.79
98,53,29,0.39
98,60,29,0.39
98,74,29,0.54
98,75,29,0.4
98,76,29,0.01
98,85,29,0.76
98,98,29,0
98,0,28,0.24
98,16,28,0.51
98,35,28,0.93
98,40,28,0.36
98,43,28,0.23
98,53,28,0.54
98,59,28,0.75
98,61,28,0.05
98,76,28,0.19
98,83,28,0.31
98,86,28,0.51
98,87,28,0.64
98,89,28,0.35
98,90,28,0.49
98,98,28,0
99,43,37,0.59
99,67,37,0.64
99,85,37,0.48
99,90,37,0.34
99,99,37,0
99,38,17,0.92
99,45,17,0.06
99,58,17,0.35
99,79,17,0.78
99,87,17,0.87
99,97,17,0.44
99,99,17,0
99,12,8,0.84
99,16,8,0.46
99,20,8,0.46
99,23,8,0.15
99,25,8,0.17
99,27,8,0.05
99,29,8,0.77
99,44,8,0.1
99,55,8,0.96
99,77,8,0.94
99,80,8,0.9
99,82,8,0.93
99,95,8,0.33
99,99,8,0