M,100,P,30,Q,100000,targetS,0.1,targetW,0.1

Resources name, resource id, current workload and max workload
R_0,0,0.55,1
R_1,1,0.7,1
R_2,2,0.55,1
R_3,3,0.46,1
R_4,4,0.78,1
R_5,5,0.6,1
R_6,6,0.53,1
R_7,7,0.57,1
R_8,8,0.65,1
R_9,9,0.59,1
R_10,10,0.71,1
R_11,11,0.61,1
R_12,12,0.46,1
R_13,13,0.47,1
R_14,14,0.44,1
R_15,15,0.4,1
R_16,16,0.47,1
R_17,17,0.42,1
R_18,18,0.59,1
R_19,19,0.57,1
R_20,20,0.73,1
R_21,21,0.77,1
R_22,22,0.67,1
R_23,23,0.6,1
R_24,24,0.75,1
R_25,25,0.41,1
R_26,26,0.58,1
R_27,27,0.62,1
R_28,28,0.58,1
R_29,29,0.47,1
R_30,30,0.45,1
R_31,31,0.51,1
R_32,32,0.4,1
R_33,33,0.55,1
R_34,34,0.53,1
R_35,35,0.75,1
R_36,36,0.59,1
R_37,37,0.59,1
R_38,38,0.45,1
R_39,39,0.54,1
R_40,40,0.62,1
R_41,41,0.66,1
R_42,42,0.44,1
R_43,43,0.78,1
R_44,44,0.59,1
R_45,45,0.5,1
R_46,46,0.53,1
R_47,47,0.79,1
R_48,48,0.47,1
R_49,49,0.48,1
R_50,50,0.66,1
R_51,51,0.51,1
R_52,52,0.46,1
R_53,53,0.41,1
R_54,54,0.61,1
R_55,55,0.62,1
R_56,56,0.62,1
R_57,57,0.67,1
R_58,58,0.41,1
R_59,59,0.44,1
R_60,60,0.57,1
R_61,61,0.63,1
R_62,62,0.76,1
R_63,63,0.65,1
R_64,64,0.55,1
R_65,65,0.74,1
R_66,66,0.52,1
R_67,67,0.44,1
R_68,68,0.72,1
R_69,69,0.58,1
R_70,70,0.58,1
R_71,71,0.71,1
R_72,72,0.42,1
R_73,73,0.67,1
R_74,74,0.65,1
R_75,75,0.65,1
R_76,76,0.42,1
R_77,77,0.8,1
R_78,78,0.5,1
R_79,79,0.57,1
R_80,80,0.63,1
R_81,81,0.6,1
R_82,82,0.78,1
R_83,83,0.52,1
R_84,84,0.49,1
R_85,85,0.42,1
R_86,86,0.5,1
R_87,87,0.7,1
R_88,88,0.46,1
R_89,89,0.61,1
R_90,90,0.72,1
R_91,91,0.68,1
R_92,92,0.71,1
R_93,93,0.63,1
R_94,94,0.57,1
R_95,95,0.7,1
R_96,96,0.47,1
R_97,97,0.5,1
R_98,98,0.75,1
R_99,99,0.69,1

Activities name, activity id, lambda, stress, resource id, priority, rifiutato
act_17,17,0.19,0.47,0,147,1
act_20,20,0.02,0.16,0,397,0
act_20,20,0.02,0.16,0,347,0
act_20,20,0.02,0.16,0,357,0
act_17,17,0.19,0.47,0,0,1
act_18,18,0.15,0.15,1,237,0
act_18,18,0.15,0.15,1,142,0
act_8,8,0.19,0.63,2,132,1
act_8,8,0.19,0.63,2,356,1
act_33,33,0.29,0.35,3,329,0
act_3,3,0.2,0.12,3,266,0
act_28,28,0.22,0.27,4,172,0
act_19,19,0.13,0.47,5,89,1
act_19,19,0.13,0.47,5,71,1
act_19,19,0.13,0.47,5,122,1
act_14,14,0.24,0.22,6,193,0
act_0,0,0.2,0.68,6,61,0
act_19,19,0.13,0.47,7,127,0
act_13,13,0.27,0.16,7,189,0
act_9,9,0.01,0.7,7,124,1
act_9,9,0.01,0.7,7,370,1
act_9,9,0.01,0.7,7,287,1
act_12,12,0.27,0.66,8,337,0
act_2,2,0.22,0.57,9,6,0
act_9,9,0.01,0.7,9,214,1
act_9,9,0.01,0.7,9,115,1
act_9,9,0.01,0.7,9,161,1
act_9,9,0.01,0.7,9,362,1
act_9,9,0.01,0.7,9,83,1
act_9,9,0.01,0.7,9,134,1
act_9,9,0.01,0.7,9,93,1
act_9,9,0.01,0.7,9,324,1
act_9,9,0.01,0.7,9,66,1
act_9,9,0.01,0.7,9,36,1
act_9,9,0.01,0.7,9,277,1
act_9,9,0.01,0.7,9,288,1
act_9,9,0.01,0.7,9,230,1
act_9,9,0.01,0.7,9,25,1
act_9,9,0.01,0.7,9,128,1
act_9,9,0.01,0.7,9,113,1
act_9,9,0.01,0.7,9,209,1
act_9,9,0.01,0.7,9,109,1
act_12,12,0.27,0.66,10,195,0
act_11,11,0.08,0.45,11,334,0
act_1,1,0.06,0.67,11,301,1
act_1,1,0.06,0.67,11,289,1
act_1,1,0.06,0.67,11,16,1
act_1,1,0.06,0.67,11,414,1
act_1,1,0.06,0.67,11,194,1
act_30,30,0.3,0.55,12,328,0
act_34,34,0.02,0.58,12,44,0
act_38,38,0.2,0.19,12,257,0
act_9,9,0.01,0.7,13,425,1
act_18,18,0.15,0.15,13,102,0
act_9,9,0.01,0.7,13,423,1
act_18,18,0.15,0.15,13,204,0
act_9,9,0.01,0.7,13,268,1
act_9,9,0.01,0.7,13,212,1
act_9,9,0.01,0.7,13,91,1
act_18,18,0.15,0.15,13,227,0
act_9,9,0.01,0.7,13,243,1
act_9,9,0.01,0.7,13,279,1
act_9,9,0.01,0.7,13,11,1
act_28,28,0.22,0.27,14,80,0
act_0,0,0.2,0.68,14,342,1
act_21,21,0.03,0.55,14,303,1
act_21,21,0.03,0.55,14,315,1
act_21,21,0.03,0.55,14,81,1
act_21,21,0.03,0.55,14,87,1
act_29,29,0.15,0.67,15,317,1
act_29,29,0.15,0.67,15,94,1
act_15,15,0.1,0.42,15,378,0
act_15,15,0.1,0.42,15,407,0
act_34,34,0.02,0.58,15,126,1
act_34,34,0.02,0.58,15,60,1
act_34,34,0.02,0.58,15,111,1
act_34,34,0.02,0.58,15,226,1
act_38,38,0.2,0.19,16,23,0
act_38,38,0.2,0.19,16,262,0
act_32,32,0.02,0.44,16,412,1
act_32,32,0.02,0.44,16,245,1
act_32,32,0.02,0.44,16,86,1
act_32,32,0.02,0.44,16,180,1
act_32,32,0.02,0.44,16,59,1
act_32,32,0.02,0.44,16,219,1
act_5,5,0.05,0.47,17,410,0
act_23,23,0.25,0.3,17,231,0
act_23,23,0.25,0.3,17,97,0
act_15,15,0.1,0.42,18,307,0
act_20,20,0.02,0.16,18,396,0
act_20,20,0.02,0.16,18,384,0
act_7,7,0.11,0.95,18,406,1
act_15,15,0.1,0.42,18,206,0
act_20,20,0.02,0.16,18,286,0
act_20,20,0.02,0.16,18,340,0
act_21,21,0.03,0.55,19,413,1
act_21,21,0.03,0.55,19,53,1
act_36,36,0.22,0.41,19,281,1
act_21,21,0.03,0.55,19,213,1
act_21,21,0.03,0.55,19,41,1
act_21,21,0.03,0.55,19,242,1
act_21,21,0.03,0.55,19,123,1
act_21,21,0.03,0.55,19,14,1
act_9,9,0.01,0.7,20,133,1
act_24,24,0.03,0.15,20,355,0
act_24,24,0.03,0.15,20,222,0
act_24,24,0.03,0.15,20,399,0
act_9,9,0.01,0.7,20,69,1
act_24,24,0.03,0.15,20,137,0
act_24,24,0.03,0.15,20,233,0
act_24,24,0.03,0.15,20,62,0
act_9,9,0.01,0.7,20,275,1
act_24,24,0.03,0.15,20,349,0
act_9,9,0.01,0.7,20,258,1
act_9,9,0.01,0.7,20,45,1
act_9,9,0.01,0.7,20,311,1
act_16,16,0.1,0.98,21,344,1
act_21,21,0.03,0.55,21,336,0
act_16,16,0.1,0.98,21,263,1
act_11,11,0.08,0.45,22,259,1
act_17,17,0.19,0.47,22,175,1
act_12,12,0.27,0.66,23,421,1
act_19,19,0.13,0.47,23,285,1
act_5,5,0.05,0.47,24,391,1
act_5,5,0.05,0.47,24,38,1
act_5,5,0.05,0.47,24,251,1
act_5,5,0.05,0.47,24,424,1
act_5,5,0.05,0.47,24,319,1
act_38,38,0.2,0.19,25,183,0
act_32,32,0.02,0.44,25,190,1
act_38,38,0.2,0.19,25,215,0
act_32,32,0.02,0.44,25,403,1
act_32,32,0.02,0.44,25,368,1
act_32,32,0.02,0.44,25,119,1
act_32,32,0.02,0.44,25,17,1
act_32,32,0.02,0.44,25,18,1
act_32,32,0.02,0.44,25,100,1
act_32,32,0.02,0.44,25,382,1
act_32,32,0.02,0.44,25,43,1
act_23,23,0.25,0.3,26,146,0
act_15,15,0.1,0.42,26,51,0
act_2,2,0.22,0.57,27,197,0
act_16,16,0.1,0.98,27,173,0
act_19,19,0.13,0.47,28,358,0
act_14,14,0.24,0.22,28,283,0
act_14,14,0.24,0.22,29,166,0
act_11,11,0.08,0.45,29,155,1
act_11,11,0.08,0.45,29,306,1
act_11,11,0.08,0.45,29,20,1
act_26,26,0.27,0.86,30,261,1
act_26,26,0.27,0.86,30,327,1
act_8,8,0.19,0.63,31,401,1
act_8,8,0.19,0.63,31,363,1
act_22,22,0.05,0.1,31,8,0
act_22,22,0.05,0.1,31,295,0
act_31,31,0.12,0.35,32,10,1
act_31,31,0.12,0.35,32,392,1
act_25,25,0.25,0.24,32,158,0
act_24,24,0.03,0.15,32,241,0
act_24,24,0.03,0.15,32,234,0
act_24,24,0.03,0.15,32,373,0
act_34,34,0.02,0.58,33,270,1
act_19,19,0.13,0.47,33,247,0
act_19,19,0.13,0.47,33,191,0
act_34,34,0.02,0.58,33,46,1
act_34,34,0.02,0.58,33,26,1
act_39,39,0.09,0.34,33,228,0
act_34,34,0.02,0.58,33,56,1
act_34,34,0.02,0.58,33,381,1
act_38,38,0.2,0.19,34,236,0
act_35,35,0.25,0.67,34,383,0
act_32,32,0.02,0.44,35,297,1
act_34,34,0.02,0.58,35,405,1
act_32,32,0.02,0.44,35,376,1
act_32,32,0.02,0.44,35,139,1
act_34,34,0.02,0.58,35,291,1
act_34,34,0.02,0.58,35,310,1
act_34,34,0.02,0.58,35,420,1
act_32,32,0.02,0.44,35,390,1
act_32,32,0.02,0.44,35,320,1
act_32,32,0.02,0.44,35,416,1
act_34,34,0.02,0.58,35,323,1
act_34,34,0.02,0.58,35,232,1
act_37,37,0.12,0.72,36,118,1
act_37,37,0.12,0.72,36,402,1
act_10,10,0.15,0.28,36,129,0
act_2,2,0.22,0.57,37,252,0
act_1,1,0.06,0.67,37,359,1
act_1,1,0.06,0.67,37,308,1
act_1,1,0.06,0.67,37,360,1
act_11,11,0.08,0.45,38,114,1
act_26,26,0.27,0.86,38,211,1
act_11,11,0.08,0.45,38,5,1
act_11,11,0.08,0.45,38,19,1
act_9,9,0.01,0.7,39,143,1
act_9,9,0.01,0.7,39,322,1
act_9,9,0.01,0.7,39,198,1
act_9,9,0.01,0.7,39,70,1
act_28,28,0.22,0.27,39,309,0
act_9,9,0.01,0.7,39,202,1
act_9,9,0.01,0.7,39,426,1
act_9,9,0.01,0.7,39,339,1
act_9,9,0.01,0.7,39,24,1
act_9,9,0.01,0.7,39,374,1
act_9,9,0.01,0.7,39,177,1
act_9,9,0.01,0.7,39,185,1
act_9,9,0.01,0.7,39,157,1
act_9,9,0.01,0.7,39,22,1
act_9,9,0.01,0.7,39,187,1
act_9,9,0.01,0.7,39,366,1
act_9,9,0.01,0.7,39,171,1
act_9,9,0.01,0.7,39,385,1
act_9,9,0.01,0.7,39,165,1
act_9,9,0.01,0.7,39,419,1
act_9,9,0.01,0.7,39,290,1
act_9,9,0.01,0.7,39,144,1
act_9,9,0.01,0.7,39,184,1
act_9,9,0.01,0.7,39,348,1
act_2,2,0.22,0.57,40,343,0
act_31,31,0.12,0.35,41,276,1
act_31,31,0.12,0.35,41,74,1
act_38,38,0.2,0.19,42,316,0
act_33,33,0.29,0.35,42,156,0
act_17,17,0.19,0.47,43,99,0
act_16,16,0.1,0.98,44,92,1
act_9,9,0.01,0.7,44,208,0
act_31,31,0.12,0.35,44,379,0
act_9,9,0.01,0.7,44,27,0
act_16,16,0.1,0.98,44,196,1
act_9,9,0.01,0.7,44,428,0
act_9,9,0.01,0.7,44,47,0
act_9,9,0.01,0.7,44,31,0
act_9,9,0.01,0.7,44,274,0
act_9,9,0.01,0.7,44,235,0
act_9,9,0.01,0.7,44,73,0
act_20,20,0.02,0.16,45,4,0
act_13,13,0.27,0.16,45,224,0
act_20,20,0.02,0.16,45,346,0
act_20,20,0.02,0.16,45,400,0
act_20,20,0.02,0.16,45,35,0
act_20,20,0.02,0.16,45,398,0
act_20,20,0.02,0.16,45,65,0
act_20,20,0.02,0.16,45,96,0
act_20,20,0.02,0.16,45,296,0
act_20,20,0.02,0.16,45,278,0
act_20,20,0.02,0.16,45,201,0
act_20,20,0.02,0.16,45,28,0
act_38,38,0.2,0.19,46,292,0
act_38,38,0.2,0.19,46,372,0
act_5,5,0.05,0.47,47,375,1
act_11,11,0.08,0.45,47,145,0
act_5,5,0.05,0.47,47,253,1
act_25,25,0.25,0.24,48,299,0
act_25,25,0.25,0.24,48,37,0
act_14,14,0.24,0.22,49,7,0
act_5,5,0.05,0.47,49,302,1
act_10,10,0.15,0.28,49,154,0
act_5,5,0.05,0.47,49,238,1
act_24,24,0.03,0.15,50,138,0
act_11,11,0.08,0.45,50,341,1
act_11,11,0.08,0.45,50,108,1
act_24,24,0.03,0.15,50,49,0
act_11,11,0.08,0.45,50,50,1
act_24,24,0.03,0.15,50,248,0
act_35,35,0.25,0.67,51,314,1
act_8,8,0.19,0.63,51,40,1
act_3,3,0.2,0.12,52,174,0
act_37,37,0.12,0.72,52,386,1
act_32,32,0.02,0.44,52,351,0
act_3,3,0.2,0.12,52,256,0
act_29,29,0.15,0.67,53,162,1
act_29,29,0.15,0.67,53,364,1
act_29,29,0.15,0.67,53,422,1
act_31,31,0.12,0.35,53,110,0
act_35,35,0.25,0.67,54,101,1
act_32,32,0.02,0.44,54,260,0
act_32,32,0.02,0.44,54,42,0
act_32,32,0.02,0.44,54,72,0
act_32,32,0.02,0.44,54,265,0
act_32,32,0.02,0.44,54,33,0
act_32,32,0.02,0.44,54,338,0
act_32,32,0.02,0.44,54,216,0
act_13,13,0.27,0.16,55,388,0
act_24,24,0.03,0.15,56,88,0
act_19,19,0.13,0.47,56,150,1
act_24,24,0.03,0.15,56,220,0
act_24,24,0.03,0.15,56,125,0
act_19,19,0.13,0.47,56,267,1
act_24,24,0.03,0.15,56,417,0
act_8,8,0.19,0.63,57,335,1
act_16,16,0.1,0.98,57,298,1
act_31,31,0.12,0.35,58,106,1
act_3,3,0.2,0.12,58,98,0
act_31,31,0.12,0.35,58,188,1
act_31,31,0.12,0.35,58,55,1
act_9,9,0.01,0.7,59,273,1
act_4,4,0.29,0.64,59,21,0
act_9,9,0.01,0.7,59,167,1
act_9,9,0.01,0.7,59,377,1
act_9,9,0.01,0.7,59,82,1
act_9,9,0.01,0.7,59,130,1
act_9,9,0.01,0.7,59,330,1
act_9,9,0.01,0.7,59,264,1
act_9,9,0.01,0.7,59,29,1
act_9,9,0.01,0.7,59,294,1
act_9,9,0.01,0.7,59,369,1
act_9,9,0.01,0.7,59,9,1
act_9,9,0.01,0.7,59,95,1
act_9,9,0.01,0.7,59,304,1
act_9,9,0.01,0.7,59,207,1
act_9,9,0.01,0.7,59,394,1
act_9,9,0.01,0.7,59,361,1
act_9,9,0.01,0.7,59,269,1
act_9,9,0.01,0.7,59,332,1
act_9,9,0.01,0.7,59,409,1
act_9,9,0.01,0.7,59,159,1
act_9,9,0.01,0.7,59,418,1
act_9,9,0.01,0.7,59,395,1
act_9,9,0.01,0.7,59,160,1
act_9,9,0.01,0.7,59,131,1
act_9,9,0.01,0.7,59,135,1
act_9,9,0.01,0.7,59,57,1
act_9,9,0.01,0.7,59,90,1
act_3,3,0.2,0.12,60,182,0
act_3,3,0.2,0.12,60,103,0
act_6,6,0.18,0.99,61,153,1
act_6,6,0.18,0.99,61,318,1
act_37,37,0.12,0.72,62,85,0
act_12,12,0.27,0.66,63,312,0
act_24,24,0.03,0.15,63,321,0
act_24,24,0.03,0.15,63,365,0
act_13,13,0.27,0.16,64,149,0
act_34,34,0.02,0.58,65,354,1
act_27,27,0.16,0.82,65,246,1
act_20,20,0.02,0.16,65,15,0
act_34,34,0.02,0.58,65,52,1
act_34,34,0.02,0.58,65,229,1
act_4,4,0.29,0.64,66,68,0
act_18,18,0.15,0.15,66,67,0
act_18,18,0.15,0.15,67,179,0
act_26,26,0.27,0.86,67,84,0
act_16,16,0.1,0.98,68,192,0
act_16,16,0.1,0.98,68,326,0
act_0,0,0.2,0.68,69,240,1
act_0,0,0.2,0.68,69,352,1
act_6,6,0.18,0.99,70,141,1
act_6,6,0.18,0.99,70,169,1
act_15,15,0.1,0.42,71,427,0
act_16,16,0.1,0.98,71,164,1
act_24,24,0.03,0.15,71,39,0
act_24,24,0.03,0.15,71,380,0
act_24,24,0.03,0.15,71,254,0
act_24,24,0.03,0.15,72,105,0
act_27,27,0.16,0.82,72,181,1
act_36,36,0.22,0.41,72,411,0
act_27,27,0.16,0.82,72,353,1
act_27,27,0.16,0.82,73,205,1
act_11,11,0.08,0.45,73,389,0
act_11,11,0.08,0.45,73,225,0
act_25,25,0.25,0.24,74,387,0
act_4,4,0.29,0.64,75,217,0
act_38,38,0.2,0.19,76,393,0
act_26,26,0.27,0.86,76,112,0
act_19,19,0.13,0.47,77,186,0
act_21,21,0.03,0.55,78,170,1
act_21,21,0.03,0.55,78,221,1
act_0,0,0.2,0.68,78,168,1
act_0,0,0.2,0.68,78,199,1
act_21,21,0.03,0.55,78,429,1
act_21,21,0.03,0.55,79,140,0
act_29,29,0.15,0.67,79,152,1
act_29,29,0.15,0.67,79,305,1
act_21,21,0.03,0.55,79,48,0
act_21,21,0.03,0.55,79,54,0
act_21,21,0.03,0.55,79,136,0
act_23,23,0.25,0.3,80,2,0
act_31,31,0.12,0.35,81,104,1
act_19,19,0.13,0.47,81,34,1
act_31,31,0.12,0.35,81,203,1
act_2,2,0.22,0.57,82,58,0
act_27,27,0.16,0.82,83,79,1
act_17,17,0.19,0.47,83,210,0
act_7,7,0.11,0.95,83,333,1
act_30,30,0.3,0.55,84,76,0
act_35,35,0.25,0.67,85,218,1
act_15,15,0.1,0.42,85,300,0
act_15,15,0.1,0.42,85,430,0
act_15,15,0.1,0.42,85,3,0
act_11,11,0.08,0.45,86,244,0
act_11,11,0.08,0.45,86,63,0
act_11,11,0.08,0.45,86,120,0
act_16,16,0.1,0.98,86,117,1
act_11,11,0.08,0.45,86,64,0
act_3,3,0.2,0.12,87,151,0
act_1,1,0.06,0.67,88,325,1
act_1,1,0.06,0.67,88,250,1
act_6,6,0.18,0.99,88,148,1
act_18,18,0.15,0.15,88,75,0
act_1,1,0.06,0.67,88,12,1
act_24,24,0.03,0.15,89,282,0
act_30,30,0.3,0.55,89,367,0
act_34,34,0.02,0.58,89,284,1
act_34,34,0.02,0.58,89,223,1
act_10,10,0.15,0.28,90,331,0
act_39,39,0.09,0.34,91,371,1
act_9,9,0.01,0.7,91,163,1
act_9,9,0.01,0.7,91,1,1
act_1,1,0.06,0.67,91,116,1
act_1,1,0.06,0.67,91,176,1
act_1,1,0.06,0.67,91,404,1
act_9,9,0.01,0.7,91,271,1
act_9,9,0.01,0.7,91,77,1
act_7,7,0.11,0.95,92,178,0
act_7,7,0.11,0.95,92,249,0
act_12,12,0.27,0.66,93,350,0
act_28,28,0.22,0.27,94,30,0
act_1,1,0.06,0.67,94,280,1
act_9,9,0.01,0.7,94,313,1
act_1,1,0.06,0.67,94,345,1
act_1,1,0.06,0.67,94,293,1
act_9,9,0.01,0.7,94,408,1
act_16,16,0.1,0.98,95,255,1
act_18,18,0.15,0.15,95,121,0
act_5,5,0.05,0.47,95,78,0
act_27,27,0.16,0.82,96,415,0
act_33,33,0.29,0.35,96,272,0
act_3,3,0.2,0.12,97,200,0
act_25,25,0.25,0.24,97,32,0
act_0,0,0.2,0.68,98,239,0
act_21,21,0.03,0.55,99,13,0
act_13,13,0.27,0.16,99,107,0

Alpha (resource id, list of activity ids)
0:20,17,32
1:18,33
2:8,31,27,35
3:33,3
4:12,19,28,23
5:10,19
6:0,14
7:19,13,9
8:19,12
9:2,30,9
10:1,7,12
11:1,11
12:34,13,38,30
13:35,9,18
14:18,21,28,0
15:3,29,15,34
16:32,38,4
17:5,23
18:15,7,19,20
19:21,12,36
20:13,14,24,9
21:21,16,35,39
22:30,17,11,26
23:6,19,12,23
24:5,34,13,20
25:38,0,32
26:15,23
27:16,2
28:14,19,0
29:11,36,14
30:33,26
31:8,22
32:31,25,24
33:19,34,12,39
34:38,11,6,35
35:32,8,34
36:18,37,38,10
37:2,1,38,25
38:26,18,11,29
39:9,28
40:2,4
41:3,7,31
42:33,6,38,16
43:15,6,17,14
44:33,16,9,31
45:20,13
46:2,38,6
47:11,18,5,19
48:25,26,19
49:10,14,31,5
50:11,24
51:8,35
52:37,33,32,3
53:31,29
54:35,32
55:38,13,6
56:19,24
57:8,16
58:36,31,17,3
59:9,4
60:3,17,0
61:4,7,6
62:35,37,4,25
63:12,24
64:4,35,3,13
65:20,27,37,34
66:18,4,30
67:26,18
68:16,17
69:0,20,15,25
70:6,13
71:15,16,24
72:24,27,36
73:11,27,28,8
74:4,26,25
75:12,4
76:26,8,38,19
77:31,19
78:15,0,21
79:21,29
80:18,36,23,26
81:19,31,15,3
82:35,2,21
83:27,7,17
84:30,35,14
85:15,35
86:16,11
87:3,27,8
88:18,6,1
89:34,30,24
90:10,25
91:9,1,39
92:7,26,14
93:31,12,4,3
94:9,8,1,28
95:16,5,18
96:17,27,33
97:3,36,25
98:26,0
99:13,21

Costs (resource, resource to replace, activity, cost)
0,0,20,0
0,18,20,0.75
0,24,20,0.96
0,45,20,0.25
0,65,20,0.53
0,69,20,0.45
0,0,17,0
0,22,17,0.8
0,43,17,0.41
0,58,17,0.28
0,60,17,0.68
0,68,17,0.99
0,83,17,0.83
0,96,17,0.98
0,0,32,0
0,16,32,0.44
0,25,32,0.5
0,35,32,0.15
0,52,32,0.48
0,54,32,0.18
1,1,18,0
1,13,18,0.77
1,14,18,0.54
1,36,18,0.62
1,38,18,0.14
1,47,18,0.63
1,66,18,0.52
1,67,18,0.13
1,80,18,0.97
1,88,18,0.05
1,95,18,0.08
1,1,33,0
1,3,33,0.82
1,30,33,0.67
1,42,33,0.08
1,44,33,0.65
1,52,33,0.23
1,96,33,0.86
2,2,8,0
2,31,8,0.77
2,35,8,0.07
2,51,8,0.85
2,57,8,0.65
2,73,8,0.53
2,76,8,0.32
2,87,8,0.13
2,94,8,1.0
2,2,31,0
2,32,31,0.39
2,41,31,0.51
2,44,31,0.47
2,49,31,0.47
2,53,31,0.53
2,58,31,0.99
2,77,31,0.23
2,81,31,0.01
2,93,31,0.16
2,2,27,0
2,65,27,0.46
2,72,27,0.36
2,73,27,0.98
2,83,27,0.71
2,87,27,0.11
2,96,27,1.0
2,2,35,0
2,13,35,0.32
2,21,35,0.01
2,34,35,0.85
2,51,35,0.71
2,54,35,0.93
2,62,35,0.91
2,64,35,0.97
2,82,35,0.96
2,84,35,0.94
2,85,35,0.6
3,1,33,0.4
3,3,33,0
3,30,33,0.19
3,42,33,0.29
3,44,33,0.2
3,52,33,0.25
3,96,33,0.95
3,3,3,0
3,15,3,0.51
3,41,3,0.12
3,52,3,0.33
3,58,3,0.11
3,60,3,0.7
3,64,3,0.65
3,81,3,0.45
3,87,3,0.92
3,93,3,0.42
3,97,3,0.57
4,4,12,0
4,8,12,0.58
4,10,12,0.3
4,19,12,0.57
4,23,12,0.38
4,33,12,0.77
4,63,12,0.35
4,75,12,0.21
4,93,12,0.75
4,4,19,0
4,5,19,0.01
4,7,19,0.48
4,8,19,0.77
4,18,19,0.6
4,23,19,0.56
4,28,19,0.52
4,33,19,0.29
4,47,19,0.67
4,48,19,0.49
4,56,19,0.3
4,76,19,0.87
4,77,19,0.63
4,81,19,0.36
4,4,28,0
4,14,28,0.25
4,39,28,0.91
4,73,28,0.35
4,94,28,0.74
4,4,23,0
4,17,23,0.47
4,23,23,0.3
4,26,23,0.21
4,80,23,0.74
5,5,10,0
5,36,10,0.9
5,49,10,0.0
5,90,10,0.17
5,4,19,0.73
5,5,19,0
5,7,19,0.38
5,8,19,0.48
5,18,19,0.76
5,23,19,0.23
5,28,19,0.13
5,33,19,0.83
5,47,19,0.61
5,48,19,0.12
5,56,19,0.02
5,76,19,0.24
5,77,19,0.03
5,81,19,0.89
6,6,0,0
6,14,0,0.53
6,25,0,0.76
6,28,0,0.05
6,60,0,0.46
6,69,0,0.92
6,78,0,0.39
6,98,0,0.17
6,6,14,0
6,20,14,0.96
6,28,14,0.28
6,29,14,0.19
6,43,14,0.19
6,49,14,0.99
6,84,14,0.57
6,92,14,0.02
7,4,19,0.22
7,5,19,0.81
7,7,19,0
7,8,19,0.6
7,18,19,0.7
7,23,19,0.0
7,28,19,0.39
7,33,19,0.5
7,47,19,0.19
7,48,19,0.09
7,56,19,0.87
7,76,19,0.32
7,77,19,0.59
7,81,19,0.12
7,7,13,0
7,12,13,0.48
7,20,13,0.89
7,24,13,0.19
7,45,13,0.71
7,55,13,0.88
7,64,13,0.37
7,70,13,0.21
7,99,13,0.87
7,7,9,0
7,9,9,0.72
7,13,9,0.22
7,20,9,0.36
7,39,9,0.13
7,44,9,0.51
7,59,9,0.75
7,91,9,0.77
7,94,9,0.92
8,4,19,0.88
8,5,19,0.81
8,7,19,0.9
8,8,19,0
8,18,19,0.06
8,23,19,0.93
8,28,19,0.41
8,33,19,0.81
8,47,19,0.18
8,48,19,0.12
8,56,19,0.04
8,76,19,0.46
8,77,19,0.86
8,81,19,0.06
8,4,12,0.19
8,8,12,0
8,10,12,0.4
8,19,12,0.34
8,23,12,0.8
8,33,12,0.84
8,63,12,0.76
8,75,12,0.91
8,93,12,0.65
9,9,2,0
9,27,2,0.89
9,37,2,0.18
9,40,2,0.68
9,46,2,0.37
9,82,2,0.66
9,9,30,0
9,12,30,0.37
9,22,30,0.01
9,66,30,0.62
9,84,30,0.55
9,89,30,0.95
9,7,9,0.31
9,9,9,0
9,13,9,0.35
9,20,9,0.11
9,39,9,0.46
9,44,9,0.33
9,59,9,0.85
9,91,9,0.79
9,94,9,0.45
10,10,1,0
10,11,1,0.18
10,37,1,0.09
10,88,1,0.67
10,91,1,0.64
10,94,1,0.45
10,10,7,0
10,18,7,0.33
10,41,7,0.39
10,61,7,0.38
10,83,7,0.07
10,92,7,0.34
10,4,12,0.5
10,8,12,0.52
10,10,12,0
10,19,12,0.91
10,23,12,0.35
10,33,12,0.39
10,63,12,0.62
10,75,12,0.41
10,93,12,0.61
11,10,1,0.39
11,11,1,0
11,37,1,0.35
11,88,1,0.35
11,91,1,0.55
11,94,1,0.76
11,11,11,0
11,22,11,0.99
11,29,11,0.47
11,34,11,0.7
11,38,11,0.83
11,47,11,0.98
11,50,11,0.53
11,73,11,0.0
11,86,11,0.16
12,12,34,0
12,15,34,0.12
12,24,34,0.49
12,33,34,0.51
12,35,34,0.3
12,65,34,0.95
12,89,34,0.22
12,7,13,0.45
12,12,13,0
12,20,13,0.32
12,24,13,0.24
12,45,13,0.08
12,55,13,0.66
12,64,13,0.67
12,70,13,0.16
12,99,13,0.04
12,12,38,0
12,16,38,0.18
12,25,38,0.01
12,34,38,0.23
12,36,38,0.21
12,37,38,0.15
12,42,38,0.86
12,46,38,0.85
12,55,38,0.26
12,76,38,0.15
12,9,30,0.66
12,12,30,0
12,22,30,0.88
12,66,30,0.59
12,84,30,0.37
12,89,30,0.2
13,2,35,0.35
13,13,35,0
13,21,35,0.67
13,34,35,0.78
13,51,35,0.18
13,54,35,0.86
13,62,35,0.65
13,64,35,0.14
13,82,35,0.25
13,84,35,0.66
13,85,35,0.18
13,7,9,0.98
13,9,9,0.44
13,13,9,0
13,20,9,0.1
13,39,9,0.87
13,44,9,0.76
13,59,9,0.08
13,91,9,0.18
13,94,9,0.63
13,1,18,0.17
13,13,18,0
13,14,18,0.35
13,36,18,0.45
13,38,18,0.04
13,47,18,0.52
13,66,18,0.98
13,67,18,0.31
13,80,18,0.58
13,88,18,0.68
13,95,18,0.25
14,1,18,0.73
14,13,18,0.85
14,14,18,0
14,36,18,0.33
14,38,18,0.38
14,47,18,0.29
14,66,18,0.07
14,67,18,0.16
14,80,18,0.01
14,88,18,0.82
14,95,18,0.67
14,14,21,0
14,19,21,0.9
14,21,21,0.98
14,78,21,0.08
14,79,21,0.96
14,82,21,0.08
14,99,21,0.97
14,4,28,0.26
14,14,28,0
14,39,28,0.25
14,73,28,0.89
14,94,28,0.69
14,6,0,0.15
14,14,0,0
14,25,0,0.4
14,28,0,0.44
14,60,0,0.51
14,69,0,0.26
14,78,0,0.03
14,98,0,0.52
15,3,3,0.39
15,15,3,0
15,41,3,0.43
15,52,3,0.81
15,58,3,0.15
15,60,3,0.42
15,64,3,0.72
15,81,3,0.36
15,87,3,0.78
15,93,3,0.97
15,97,3,0.83
15,15,29,0
15,38,29,0.91
15,53,29,0.96
15,79,29,0.1
15,15,15,0
15,18,15,0.07
15,26,15,0.99
15,43,15,0.24
15,69,15,0.59
15,71,15,0.12
15,78,15,0.28
15,81,15,0.03
15,85,15,0.01
15,12,34,0.51
15,15,34,0
15,24,34,0.16
15,33,34,0.39
15,35,34,0.5
15,65,34,1.0
15,89,34,0.62
16,0,32,0.63
16,16,32,0
16,25,32,0.27
16,35,32,0.41
16,52,32,0.41
16,54,32,0.43
16,12,38,0.82
16,16,38,0
16,25,38,0.81
16,34,38,0.52
16,36,38,0.85
16,37,38,0.71
16,42,38,0.53
16,46,38,0.07
16,55,38,0.36
16,76,38,0.82
16,16,4,0
16,40,4,0.08
16,59,4,0.41
16,61,4,0.44
16,62,4,0.42
16,64,4,0.46
16,66,4,0.44
16,74,4,0.39
16,75,4,0.62
16,93,4,0.45
17,17,5,0
17,24,5,0.85
17,47,5,0.19
17,49,5,0.25
17,95,5,0.06
17,4,23,0.55
17,17,23,0
17,23,23,0.44
17,26,23,0.75
17,80,23,0.07
18,15,15,0.8
18,18,15,0
18,26,15,0.54
18,43,15,0.56
18,69,15,0.79
18,71,15,0.94
18,78,15,0.58
18,81,15,0.66
18,85,15,0.98
18,10,7,0.36
18,18,7,0
18,41,7,0.95
18,61,7,0.84
18,83,7,0.15
18,92,7,0.63
18,4,19,0.89
18,5,19,0.16
18,7,19,0.28
18,8,19,0.4
18,18,19,0
18,23,19,0.8
18,28,19,0.61
18,33,19,0.81
18,47,19,0.33
18,48,19,0.13
18,56,19,0.48
18,76,19,0.07
18,77,19,0.87
18,81,19,0.71
18,0,20,0.68
18,18,20,0
18,24,20,0.0
18,45,20,0.98
18,65,20,0.13
18,69,20,0.02
19,14,21,0.51
19,19,21,0
19,21,21,0.27
19,78,21,0.69
19,79,21,0.93
19,82,21,0.72
19,99,21,0.57
19,4,12,0.71
19,8,12,0.07
19,10,12,0.62
19,19,12,0
19,23,12,0.36
19,33,12,0.72
19,63,12,0.99
19,75,12,0.84
19,93,12,0.62
19,19,36,0
19,29,36,0.26
19,58,36,0.78
19,72,36,0.5
19,80,36,0.56
19,97,36,0.64
20,7,13,0.56
20,12,13,0.08
20,20,13,0
20,24,13,0.74
20,45,13,0.05
20,55,13,0.88
20,64,13,0.75
20,70,13,0.09
20,99,13,0.66
20,6,14,0.98
20,20,14,0
20,28,14,0.27
20,29,14,0.85
20,43,14,0.58
20,49,14,0.73
20,84,14,0.72
20,92,14,0.89
20,20,24,0
20,32,24,0.69
20,50,24,0.84
20,56,24,0.41
20,63,24,0.34
20,71,24,0.56
20,72,24,0.57
20,89,24,0.03
20,7,9,0.97
20,9,9,0.59
20,13,9,0.5
20,20,9,0
20,39,9,0.48
20,44,9,0.64
20,59,9,0.71
20,91,9,0.33
20,94,9,0.98
21,14,21,0.92
21,19,21,0.21
21,21,21,0
21,78,21,0.58
21,79,21,0.99
21,82,21,0.91
21,99,21,0.72
21,21,16,0
21,27,16,0.36
21,42,16,0.46
21,44,16,0.51
21,57,16,0.44
21,68,16,0.82
21,71,16,0.77
21,86,16,0.98
21,95,16,0.28
21,2,35,0.2
21,13,35,0.4
21,21,35,0
21,34,35,0.15
21,51,35,0.61
21,54,35,0.46
21,62,35,0.25
21,64,35,0.57
21,82,35,0.24
21,84,35,0.41
21,85,35,0.72
21,21,39,0
21,33,39,0.51
21,91,39,0.71
22,9,30,0.75
22,12,30,0.56
22,22,30,0
22,66,30,0.53
22,84,30,0.19
22,89,30,0.29
22,0,17,0.84
22,22,17,0
22,43,17,0.46
22,58,17,0.06
22,60,17,0.0
22,68,17,0.67
22,83,17,0.96
22,96,17,0.65
22,11,11,0.99
22,22,11,0
22,29,11,0.82
22,34,11,0.95
22,38,11,0.21
22,47,11,0.26
22,50,11,0.05
22,73,11,0.27
22,86,11,0.23
22,22,26,0
22,30,26,0.1
22,38,26,0.45
22,48,26,0.55
22,67,26,0.62
22,74,26,0.21
22,76,26,0.29
22,80,26,0.08
22,92,26,0.97
22,98,26,0.08
23,23,6,0
23,34,6,0.14
23,42,6,0.24
23,43,6,0.34
23,46,6,0.22
23,55,6,0.05
23,61,6,0.52
23,70,6,0.03
23,88,6,0.09
23,4,19,0.01
23,5,19,0.77
23,7,19,0.36
23,8,19,0.01
23,18,19,0.89
23,23,19,0
23,28,19,0.19
23,33,19,0.84
23,47,19,0.07
23,48,19,0.22
23,56,19,0.8
23,76,19,0.04
23,77,19,0.87
23,81,19,0.82
23,4,12,0.96
23,8,12,0.91
23,10,12,0.48
23,19,12,0.74
23,23,12,0
23,33,12,0.7
23,63,12,0.93
23,75,12,0.12
23,93,12,0.42
23,4,23,0.67
23,17,23,0.26
23,23,23,0
23,26,23,0.14
23,80,23,0.43
24,17,5,0.26
24,24,5,0
24,47,5,0.51
24,49,5,0.85
24,95,5,0.53
24,12,34,0.97
24,15,34,0.3
24,24,34,0
24,33,34,0.76
24,35,34,0.51
24,65,34,0.92
24,89,34,0.31
24,7,13,0.08
24,12,13,0.45
24,20,13,0.43
24,24,13,0
24,45,13,0.62
24,55,13,0.05
24,64,13,0.39
24,70,13,0.17
24,99,13,0.43
24,0,20,0.04
24,18,20,0.85
24,24,20,0
24,45,20,0.78
24,65,20,0.43
24,69,20,0.86
25,12,38,0.74
25,16,38,0.73
25,25,38,0
25,34,38,0.28
25,36,38,0.52
25,37,38,0.61
25,42,38,0.22
25,46,38,0.72
25,55,38,0.3
25,76,38,0.76
25,6,0,0.98
25,14,0,0.48
25,25,0,0
25,28,0,0.43
25,60,0,0.18
25,69,0,0.29
25,78,0,0.44
25,98,0,0.75
25,0,32,0.26
25,16,32,0.29
25,25,32,0
25,35,32,0.01
25,52,32,0.11
25,54,32,0.36
26,15,15,0.03
26,18,15,0.54
26,26,15,0
26,43,15,0.4
26,69,15,0.7
26,71,15,0.93
26,78,15,0.18
26,81,15,0.65
26,85,15,0.55
26,4,23,0.79
26,17,23,0.12
26,23,23,0.34
26,26,23,0
26,80,23,0.92
27,21,16,0.35
27,27,16,0
27,42,16,0.06
27,44,16,0.83
27,57,16,0.04
27,68,16,0.87
27,71,16,0.9
27,86,16,0.1
27,95,16,0.72
27,9,2,0.1
27,27,2,0
27,37,2,0.07
27,40,2,0.3
27,46,2,0.01
27,82,2,0.07
28,6,14,0.69
28,20,14,0.2
28,28,14,0
28,29,14,0.76
28,43,14,0.79
28,49,14,0.33
28,84,14,0.02
28,92,14,0.28
28,4,19,0.48
28,5,19,0.28
28,7,19,0.88
28,8,19,0.72
28,18,19,0.54
28,23,19,0.44
28,28,19,0
28,33,19,0.4
28,47,19,0.78
28,48,19,0.67
28,56,19,0.02
28,76,19,0.1
28,77,19,0.29
28,81,19,0.13
28,6,0,0.82
28,14,0,0.77
28,25,0,0.92
28,28,0,0
28,60,0,0.47
28,69,0,0.31
28,78,0,0.47
28,98,0,0.2
29,11,11,0.73
29,22,11,0.86
29,29,11,0
29,34,11,0.97
29,38,11,0.12
29,47,11,0.06
29,50,11,0.37
29,73,11,0.55
29,86,11,0.34
29,19,36,0.93
29,29,36,0
29,58,36,0.03
29,72,36,0.61
29,80,36,0.74
29,97,36,0.91
29,6,14,0.76
29,20,14,0.68
29,28,14,0.66
29,29,14,0
29,43,14,0.91
29,49,14,0.99
29,84,14,0.49
29,92,14,0.8
30,1,33,0.45
30,3,33,0.89
30,30,33,0
30,42,33,0.46
30,44,33,0.66
30,52,33,0.25
30,96,33,0.14
30,22,26,0.5
30,30,26,0
30,38,26,0.68
30,48,26,0.51
30,67,26,0.4
30,74,26,0.0
30,76,26,0.85
30,80,26,0.87
30,92,26,0.72
30,98,26,0.71
31,2,8,0.12
31,31,8,0
31,35,8,0.36
31,51,8,0.74
31,57,8,0.12
31,73,8,0.55
31,76,8,0.39
31,87,8,0.9
31,94,8,0.39
31,31,22,0
32,2,31,0.54
32,32,31,0
32,41,31,0.29
32,44,31,0.5
32,49,31,0.14
32,53,31,0.02
32,58,31,0.5
32,77,31,0.65
32,81,31,0.49
32,93,31,0.06
32,32,25,0
32,37,25,0.09
32,48,25,0.43
32,62,25,0.95
32,69,25,0.51
32,74,25,0.05
32,90,25,0.69
32,97,25,0.16
32,20,24,0.17
32,32,24,0
32,50,24,0.49
32,56,24,0.91
32,63,24,0.08
32,71,24,0.8
32,72,24,0.13
32,89,24,0.29
33,4,19,0.25
33,5,19,0.83
33,7,19,0.01
33,8,19,0.92
33,18,19,0.5
33,23,19,0.19
33,28,19,0.93
33,33,19,0
33,47,19,0.32
33,48,19,0.59
33,56,19,0.99
33,76,19,0.74
33,77,19,0.48
33,81,19,0.58
33,12,34,0.68
33,15,34,0.0
33,24,34,0.74
33,33,34,0
33,35,34,0.54
33,65,34,0.68
33,89,34,0.39
33,4,12,0.21
33,8,12,0.1
33,10,12,0.77
33,19,12,0.42
33,23,12,0.52
33,33,12,0
33,63,12,0.66
33,75,12,0.12
33,93,12,0.11
33,21,39,0.49
33,33,39,0
33,91,39,0.35
34,12,38,0.75
34,16,38,0.27
34,25,38,0.58
34,34,38,0
34,36,38,0.93
34,37,38,0.61
34,42,38,0.57
34,46,38,0.25
34,55,38,0.05
34,76,38,0.06
34,11,11,0.34
34,22,11,0.33
34,29,11,0.19
34,34,11,0
34,38,11,0.75
34,47,11,0.73
34,50,11,0.57
34,73,11,0.03
34,86,11,0.02
34,23,6,0.41
34,34,6,0
34,42,6,0.66
34,43,6,0.57
34,46,6,0.49
34,55,6,0.04
34,61,6,0.25
34,70,6,0.82
34,88,6,0.18
34,2,35,0.94
34,13,35,0.63
34,21,35,0.79
34,34,35,0
34,51,35,0.59
34,54,35,0.38
34,62,35,0.02
34,64,35,0.65
34,82,35,0.34
34,84,35,0.91
34,85,35,0.11
35,0,32,0.92
35,16,32,0.73
35,25,32,0.13
35,35,32,0
35,52,32,0.31
35,54,32,0.15
35,2,8,0.06
35,31,8,0.73
35,35,8,0
35,51,8,0.55
35,57,8,0.41
35,73,8,0.06
35,76,8,0.69
35,87,8,0.27
35,94,8,0.76
35,12,34,0.05
35,15,34,0.25
35,24,34,0.14
35,33,34,0.22
35,35,34,0
35,65,34,0.67
35,89,34,0.0
36,1,18,0.91
36,13,18,0.81
36,14,18,0.45
36,36,18,0
36,38,18,0.18
36,47,18,0.62
36,66,18,0.04
36,67,18,0.89
36,80,18,0.92
36,88,18,0.24
36,95,18,0.44
36,36,37,0
36,52,37,0.6
36,62,37,0.11
36,65,37,0.22
36,12,38,0.07
36,16,38,0.32
36,25,38,0.1
36,34,38,0.15
36,36,38,0
36,37,38,0.18
36,42,38,0.8
36,46,38,0.97
36,55,38,0.32
36,76,38,0.4
36,5,10,0.15
36,36,10,0
36,49,10,0.61
36,90,10,0.91
37,9,2,0.03
37,27,2,0.09
37,37,2,0
37,40,2,0.49
37,46,2,0.6
37,82,2,0.98
37,10,1,0.45
37,11,1,0.38
37,37,1,0
37,88,1,0.86
37,91,1,0.1
37,94,1,0.15
37,12,38,0.41
37,16,38,0.27
37,25,38,0.99
37,34,38,0.3
37,36,38,0.28
37,37,38,0
37,42,38,0.94
37,46,38,0.37
37,55,38,0.92
37,76,38,0.93
37,32,25,0.79
37,37,25,0
37,48,25,0.89
37,62,25,0.63
37,69,25,0.03
37,74,25,0.47
37,90,25,0.0
37,97,25,0.15
38,22,26,0.25
38,30,26,0.33
38,38,26,0
38,48,26,0.28
38,67,26,0.78
38,74,26,0.07
38,76,26,0.41
38,80,26,0.68
38,92,26,0.89
38,98,26,0.41
38,1,18,0.68
38,13,18,0.27
38,14,18,0.79
38,36,18,0.61
38,38,18,0
38,47,18,0.08
38,66,18,0.04
38,67,18,0.64
38,80,18,0.99
38,88,18,0.09
38,95,18,0.01
38,11,11,0.7
38,22,11,0.28
38,29,11,0.31
38,34,11,0.09
38,38,11,0
38,47,11,0.05
38,50,11,0.25
38,73,11,0.83
38,86,11,0.2
38,15,29,1.0
38,38,29,0
38,53,29,0.03
38,79,29,0.06
39,7,9,0.56
39,9,9,0.88
39,13,9,0.81
39,20,9,0.8
39,39,9,0
39,44,9,0.93
39,59,9,0.82
39,91,9,0.75
39,94,9,0.03
39,4,28,0.45
39,14,28,0.81
39,39,28,0
39,73,28,0.04
39,94,28,0.45
40,9,2,0.09
40,27,2,0.84
40,37,2,0.57
40,40,2,0
40,46,2,0.25
40,82,2,0.14
40,16,4,0.19
40,40,4,0
40,59,4,0.73
40,61,4,0.92
40,62,4,0.29
40,64,4,0.82
40,66,4,0.18
40,74,4,0.61
40,75,4,0.25
40,93,4,0.94
41,3,3,0.14
41,15,3,0.1
41,41,3,0
41,52,3,0.94
41,58,3,0.67
41,60,3,0.63
41,64,3,0.64
41,81,3,0.67
41,87,3,0.15
41,93,3,0.86
41,97,3,0.07
41,10,7,0.58
41,18,7,0.62
41,41,7,0
41,61,7,0.16
41,83,7,0.94
41,92,7,0.73
41,2,31,0.19
41,32,31,0.13
41,41,31,0
41,44,31,0.33
41,49,31,0.6
41,53,31,0.01
41,58,31,0.74
41,77,31,0.65
41,81,31,0.69
41,93,31,0.28
42,1,33,0.56
42,3,33,0.24
42,30,33,0.55
42,42,33,0
42,44,33,0.24
42,52,33,0.36
42,96,33,0.01
42,23,6,0.7
42,34,6,0.35
42,42,6,0
42,43,6,0.34
42,46,6,0.84
42,55,6,0.77
42,61,6,0.04
42,70,6,0.64
42,88,6,0.89
42,12,38,0.86
42,16,38,0.08
42,25,38,0.37
42,34,38,0.19
42,36,38,0.11
42,37,38,0.66
42,42,38,0
42,46,38,0.65
42,55,38,0.57
42,76,38,0.93
42,21,16,0.4
42,27,16,0.88
42,42,16,0
42,44,16,0.95
42,57,16,0.95
42,68,16,0.09
42,71,16,0.7
42,86,16,0.48
42,95,16,0.75
43,15,15,0.7
43,18,15,0.5
43,26,15,0.72
43,43,15,0
43,69,15,0.75
43,71,15,0.83
43,78,15,0.49
43,81,15,0.55
43,85,15,0.22
43,23,6,0.31
43,34,6,0.03
43,42,6,0.81
43,43,6,0
43,46,6,0.96
43,55,6,0.81
43,61,6,0.87
43,70,6,0.96
43,88,6,0.5
43,0,17,0.89
43,22,17,0.56
43,43,17,0
43,58,17,0.5
43,60,17,0.44
43,68,17,0.14
43,83,17,0.74
43,96,17,0.71
43,6,14,0.94
43,20,14,0.82
43,28,14,0.09
43,29,14,0.59
43,43,14,0
43,49,14,0.62
43,84,14,0.66
43,92,14,0.62
44,1,33,0.84
44,3,33,0.72
44,30,33,0.18
44,42,33,0.96
44,44,33,0
44,52,33,0.97
44,96,33,0.32
44,21,16,0.19
44,27,16,0.26
44,42,16,0.09
44,44,16,0
44,57,16,0.67
44,68,16,0.02
44,71,16,0.46
44,86,16,0.66
44,95,16,0.64
44,7,9,0.18
44,9,9,0.31
44,13,9,0.69
44,20,9,0.5
44,39,9,0.56
44,44,9,0
44,59,9,0.58
44,91,9,0.47
44,94,9,0.07
44,2,31,0.69
44,32,31,0.88
44,41,31,0.15
44,44,31,0
44,49,31,0.02
44,53,31,0.63
44,58,31,0.41
44,77,31,0.33
44,81,31,0.55
44,93,31,0.14
45,0,20,0.89
45,18,20,0.52
45,24,20,0.1
45,45,20,0
45,65,20,0.57
45,69,20,0.17
45,7,13,0.01
45,12,13,0.7
45,20,13,0.07
45,24,13,0.69
45,45,13,0
45,55,13,0.48
45,64,13,0.9
45,70,13,0.99
45,99,13,0.29
46,9,2,0.52
46,27,2,0.78
46,37,2,0.83
46,40,2,0.3
46,46,2,0
46,82,2,0.49
46,12,38,0.24
46,16,38,0.07
46,25,38,0.83
46,34,38,0.03
46,36,38,0.99
46,37,38,0.49
46,42,38,0.38
46,46,38,0
46,55,38,0.29
46,76,38,0.61
46,23,6,0.91
46,34,6,0.65
46,42,6,0.33
46,43,6,0.07
46,46,6,0
46,55,6,0.98
46,61,6,0.56
46,70,6,0.41
46,88,6,0.32
47,11,11,0.82
47,22,11,0.11
47,29,11,0.86
47,34,11,0.96
47,38,11,0.62
47,47,11,0
47,50,11,0.94
47,73,11,0.62
47,86,11,0.17
47,1,18,0.94
47,13,18,0.22
47,14,18,0.3
47,36,18,0.59
47,38,18,0.58
47,47,18,0
47,66,18,0.83
47,67,18,0.5
47,80,18,0.41
47,88,18,0.79
47,95,18,0.42
47,17,5,0.56
47,24,5,0.38
47,47,5,0
47,49,5,0.84
47,95,5,0.0
47,4,19,0.84
47,5,19,0.79
47,7,19,0.14
47,8,19,0.88
47,18,19,0.62
47,23,19,0.47
47,28,19,0.72
47,33,19,0.13
47,47,19,0
47,48,19,0.84
47,56,19,0.64
47,76,19,0.12
47,77,19,0.87
47,81,19,0.22
48,32,25,0.53
48,37,25,0.68
48,48,25,0
48,62,25,0.73
48,69,25,0.74
48,74,25,0.78
48,90,25,0.5
48,97,25,0.47
48,22,26,0.31
48,30,26,0.55
48,38,26,0.86
48,48,26,0
48,67,26,0.45
48,74,26,0.07
48,76,26,0.07
48,80,26,0.26
48,92,26,0.14
48,98,26,0.85
48,4,19,0.79
48,5,19,0.23
48,7,19,0.26
48,8,19,0.54
48,18,19,0.24
48,23,19,0.12
48,28,19,0.89
48,33,19,0.44
48,47,19,0.2
48,48,19,0
48,56,19,0.13
48,76,19,0.08
48,77,19,0.82
48,81,19,0.98
49,5,10,0.82
49,36,10,0.93
49,49,10,0
49,90,10,0.2
49,6,14,0.76
49,20,14,0.3
49,28,14,0.02
49,29,14,0.88
49,43,14,0.42
49,49,14,0
49,84,14,0.94
49,92,14,0.47
49,2,31,0.03
49,32,31,0.84
49,41,31,0.89
49,44,31,0.04
49,49,31,0
49,53,31,0.41
49,58,31,0.98
49,77,31,0.03
49,81,31,0.47
49,93,31,0.78
49,17,5,0.02
49,24,5,0.88
49,47,5,0.63
49,49,5,0
49,95,5,0.39
50,11,11,0.53
50,22,11,0.99
50,29,11,0.62
50,34,11,0.03
50,38,11,0.68
50,47,11,0.24
50,50,11,0
50,73,11,0.87
50,86,11,0.34
50,20,24,0.42
50,32,24,0.33
50,50,24,0
50,56,24,0.7
50,63,24,0.92
50,71,24,0.15
50,72,24,0.3
50,89,24,0.15
51,2,8,0.63
51,31,8,0.9
51,35,8,0.99
51,51,8,0
51,57,8,0.42
51,73,8,0.64
51,76,8,0.49
51,87,8,0.55
51,94,8,0.49
51,2,35,0.87
51,13,35,0.46
51,21,35,0.68
51,34,35,0.59
51,51,35,0
51,54,35,0.19
51,62,35,0.27
51,64,35,0.66
51,82,35,0.61
51,84,35,0.22
51,85,35,0.67
52,36,37,0.2
52,52,37,0
52,62,37,0.71
52,65,37,0.09
52,1,33,0.05
52,3,33,0.87
52,30,33,0.69
52,42,33,0.27
52,44,33,0.94
52,52,33,0
52,96,33,0.84
52,0,32,0.7
52,16,32,0.09
52,25,32,0.22
52,35,32,0.5
52,52,32,0
52,54,32,0.01
52,3,3,0.79
52,15,3,0.74
52,41,3,0.16
52,52,3,0
52,58,3,0.32
52,60,3,0.14
52,64,3,0.99
52,81,3,0.27
52,87,3,0.48
52,93,3,0.58
52,97,3,0.04
53,2,31,0.9
53,32,31,0.91
53,41,31,0.65
53,44,31,0.67
53,49,31,0.72
53,53,31,0
53,58,31,0.51
53,77,31,0.69
53,81,31,0.12
53,93,31,0.64
53,15,29,0.03
53,38,29,0.28
53,53,29,0
53,79,29,0.84
54,2,35,0.12
54,13,35,0.05
54,21,35,0.3
54,34,35,0.39
54,51,35,0.39
54,54,35,0
54,62,35,0.75
54,64,35,0.61
54,82,35,0.07
54,84,35,0.06
54,85,35,0.83
54,0,32,0.77
54,16,32,0.06
54,25,32,0.35
54,35,32,0.82
54,52,32,0.86
54,54,32,0
55,12,38,0.73
55,16,38,0.07
55,25,38,0.05
55,34,38,0.52
55,36,38,0.51
55,37,38,0.91
55,42,38,0.0
55,46,38,0.82
55,55,38,0
55,76,38,0.16
55,7,13,0.13
55,12,13,0.04
55,20,13,0.7
55,24,13,0.7
55,45,13,0.35
55,55,13,0
55,64,13,0.98
55,70,13,0.08
55,99,13,0.5
55,23,6,0.17
55,34,6,0.61
55,42,6,0.1
55,43,6,0.14
55,46,6,0.79
55,55,6,0
55,61,6,0.9
55,70,6,0.96
55,88,6,0.33
56,4,19,0.03
56,5,19,0.15
56,7,19,0.41
56,8,19,0.05
56,18,19,0.31
56,23,19,0.18
56,28,19,0.21
56,33,19,0.09
56,47,19,0.73
56,48,19,0.28
56,56,19,0
56,76,19,0.89
56,77,19,0.51
56,81,19,0.84
56,20,24,0.83
56,32,24,0.69
56,50,24,0.41
56,56,24,0
56,63,24,0.98
56,71,24,0.93
56,72,24,0.57
56,89,24,0.9
57,2,8,0.44
57,31,8,0.72
57,35,8,0.64
57,51,8,0.49
57,57,8,0
57,73,8,0.49
57,76,8,0.16
57,87,8,0.85
57,94,8,0.46
57,21,16,0.33
57,27,16,0.14
57,42,16,0.11
57,44,16,0.35
57,57,16,0
57,68,16,0.57
57,71,16,0.26
57,86,16,0.79
57,95,16,0.36
58,19,36,0.77
58,29,36,0.5
58,58,36,0
58,72,36,0.18
58,80,36,0.75
58,97,36,0.32
58,2,31,0.05
58,32,31,0.66
58,41,31,0.28
58,44,31,0.22
58,49,31,0.18
58,53,31,0.27
58,58,31,0
58,77,31,0.95
58,81,31,0.11
58,93,31,0.17
58,0,17,0.03
58,22,17,0.66
58,43,17,0.96
58,58,17,0
58,60,17,0.55
58,68,17,0.94
58,83,17,0.45
58,96,17,0.23
58,3,3,0.55
58,15,3,0.32
58,41,3,0.07
58,52,3,0.43
58,58,3,0
58,60,3,0.94
58,64,3,0.18
58,81,3,0.72
58,87,3,0.01
58,93,3,0.83
58,97,3,0.65
59,7,9,0.18
59,9,9,0.44
59,13,9,0.86
59,20,9,0.37
59,39,9,0.74
59,44,9,0.73
59,59,9,0
59,91,9,0.23
59,94,9,0.07
59,16,4,0.32
59,40,4,0.61
59,59,4,0
59,61,4,0.72
59,62,4,0.38
59,64,4,0.21
59,66,4,0.2
59,74,4,0.93
59,75,4,0.86
59,93,4,0.62
60,3,3,0.66
60,15,3,0.19
60,41,3,0.4
60,52,3,0.61
60,58,3,0.94
60,60,3,0
60,64,3,0.89
60,81,3,0.72
60,87,3,0.12
60,93,3,0.48
60,97,3,0.93
60,0,17,0.68
60,22,17,0.53
60,43,17,0.86
60,58,17,0.32
60,60,17,0
60,68,17,0.19
60,83,17,0.97
60,96,17,0.5
60,6,0,0.12
60,14,0,0.05
60,25,0,0.53
60,28,0,0.17
60,60,0,0
60,69,0,0.17
60,78,0,0.38
60,98,0,0.27
61,16,4,0.13
61,40,4,0.14
61,59,4,0.03
61,61,4,0
61,62,4,0.29
61,64,4,0.48
61,66,4,0.67
61,74,4,0.09
61,75,4,0.22
61,93,4,0.45
61,10,7,0.57
61,18,7,0.11
61,41,7,0.59
61,61,7,0
61,83,7,0.69
61,92,7,0.32
61,23,6,0.26
61,34,6,0.91
61,42,6,0.06
61,43,6,0.22
61,46,6,0.49
61,55,6,0.98
61,61,6,0
61,70,6,0.12
61,88,6,0.93
62,2,35,0.28
62,13,35,0.27
62,21,35,0.64
62,34,35,0.27
62,51,35,0.91
62,54,35,0.67
62,62,35,0
62,64,35,0.96
62,82,35,0.72
62,84,35,0.67
62,85,35,0.28
62,36,37,0.38
62,52,37,0.85
62,62,37,0
62,65,37,0.82
62,16,4,0.77
62,40,4,0.56
62,59,4,0.14
62,61,4,0.54
62,62,4,0
62,64,4,0.07
62,66,4,0.78
62,74,4,0.58
62,75,4,0.47
62,93,4,0.01
62,32,25,0.63
62,37,25,0.48
62,48,25,0.03
62,62,25,0
62,69,25,0.9
62,74,25,0.75
62,90,25,0.12
62,97,25,0.06
63,4,12,0.77
63,8,12,0.47
63,10,12,0.36
63,19,12,0.04
63,23,12,0.41
63,33,12,0.95
63,63,12,0
63,75,12,0.46
63,93,12,0.62
63,20,24,0.32
63,32,24,0.69
63,50,24,0.88
63,56,24,0.97
63,63,24,0
63,71,24,0.98
63,72,24,0.53
63,89,24,0.35
64,16,4,0.21
64,40,4,0.86
64,59,4,0.9
64,61,4,0.35
64,62,4,1.0
64,64,4,0
64,66,4,0.29
64,74,4,0.91
64,75,4,0.68
64,93,4,0.62
64,2,35,0.21
64,13,35,0.2
64,21,35,0.21
64,34,35,0.49
64,51,35,0.86
64,54,35,0.66
64,62,35,0.91
64,64,35,0
64,82,35,0.26
64,84,35,0.29
64,85,35,0.97
64,3,3,0.66
64,15,3,0.73
64,41,3,0.86
64,52,3,0.5
64,58,3,0.36
64,60,3,0.54
64,64,3,0
64,81,3,0.78
64,87,3,0.76
64,93,3,0.66
64,97,3,0.53
64,7,13,0.38
64,12,13,0.24
64,20,13,0.7
64,24,13,0.36
64,45,13,0.39
64,55,13,0.25
64,64,13,0
64,70,13,0.48
64,99,13,0.59
65,0,20,0.19
65,18,20,0.23
65,24,20,0.38
65,45,20,0.64
65,65,20,0
65,69,20,0.15
65,2,27,0.91
65,65,27,0
65,72,27,0.18
65,73,27,0.42
65,83,27,0.08
65,87,27,0.47
65,96,27,0.28
65,36,37,0.29
65,52,37,0.59
65,62,37,0.09
65,65,37,0
65,12,34,0.05
65,15,34,0.07
65,24,34,0.37
65,33,34,0.9
65,35,34,0.93
65,65,34,0
65,89,34,0.77
66,1,18,0.49
66,13,18,0.4
66,14,18,0.86
66,36,18,0.93
66,38,18,0.7
66,47,18,0.84
66,66,18,0
66,67,18,0.29
66,80,18,0.97
66,88,18,0.38
66,95,18,0.03
66,16,4,0.82
66,40,4,0.54
66,59,4,0.34
66,61,4,0.78
66,62,4,0.54
66,64,4,0.47
66,66,4,0
66,74,4,0.56
66,75,4,0.54
66,93,4,0.82
66,9,30,0.41
66,12,30,0.49
66,22,30,0.38
66,66,30,0
66,84,30,0.23
66,89,30,0.17
67,22,26,0.45
67,30,26,0.68
67,38,26,0.45
67,48,26,0.1
67,67,26,0
67,74,26,0.71
67,76,26,0.39
67,80,26,0.58
67,92,26,0.52
67,98,26,0.96
67,1,18,0.39
67,13,18,0.85
67,14,18,0.23
67,36,18,0.51
67,38,18,0.62
67,47,18,0.46
67,66,18,0.2
67,67,18,0
67,80,18,0.15
67,88,18,0.63
67,95,18,0.89
68,21,16,0.32
68,27,16,1.0
68,42,16,0.31
68,44,16,0.51
68,57,16,0.59
68,68,16,0
68,71,16,0.86
68,86,16,0.36
68,95,16,0.69
68,0,17,0.49
68,22,17,0.06
68,43,17,0.87
68,58,17,0.76
68,60,17,0.35
68,68,17,0
68,83,17,0.05
68,96,17,0.52
69,6,0,0.26
69,14,0,0.52
69,25,0,0.69
69,28,0,0.72
69,60,0,0.29
69,69,0,0
69,78,0,0.47
69,98,0,0.66
69,0,20,0.91
69,18,20,0.57
69,24,20,0.32
69,45,20,0.37
69,65,20,0.39
69,69,20,0
69,15,15,0.3
69,18,15,0.47
69,26,15,0.52
69,43,15,0.3
69,69,15,0
69,71,15,0.31
69,78,15,0.62
69,81,15,0.34
69,85,15,0.98
69,32,25,0.31
69,37,25,0.09
69,48,25,0.33
69,62,25,0.84
69,69,25,0
69,74,25,0.47
69,90,25,0.34
69,97,25,0.58
70,23,6,0.95
70,34,6,0.88
70,42,6,0.62
70,43,6,0.55
70,46,6,0.47
70,55,6,0.56
70,61,6,0.16
70,70,6,0
70,88,6,0.28
70,7,13,0.96
70,12,13,0.13
70,20,13,0.25
70,24,13,0.87
70,45,13,0.68
70,55,13,0.89
70,64,13,0.29
70,70,13,0
70,99,13,0.55
71,15,15,0.34
71,18,15,0.34
71,26,15,0.72
71,43,15,0.17
71,69,15,0.28
71,71,15,0
71,78,15,0.48
71,81,15,0.75
71,85,15,0.1
71,21,16,0.24
71,27,16,0.04
71,42,16,0.69
71,44,16,0.4
71,57,16,0.71
71,68,16,0.37
71,71,16,0
71,86,16,0.98
71,95,16,0.02
71,20,24,0.44
71,32,24,0.65
71,50,24,0.57
71,56,24,0.34
71,63,24,0.62
71,71,24,0
71,72,24,0.04
71,89,24,0.74
72,20,24,0.23
72,32,24,0.36
72,50,24,0.64
72,56,24,0.88
72,63,24,0.91
72,71,24,0.86
72,72,24,0
72,89,24,0.16
72,2,27,0.48
72,65,27,0.22
72,72,27,0
72,73,27,0.5
72,83,27,0.49
72,87,27,0.25
72,96,27,0.2
72,19,36,0.82
72,29,36,0.06
72,58,36,0.72
72,72,36,0
72,80,36,0.24
72,97,36,0.39
73,11,11,0.91
73,22,11,0.69
73,29,11,0.31
73,34,11,0.29
73,38,11,0.14
73,47,11,0.75
73,50,11,0.17
73,73,11,0
73,86,11,0.54
73,2,27,0.17
73,65,27,0.67
73,72,27,0.17
73,73,27,0
73,83,27,0.12
73,87,27,0.8
73,96,27,0.46
73,4,28,0.28
73,14,28,0.98
73,39,28,0.46
73,73,28,0
73,94,28,0.36
73,2,8,0.87
73,31,8,0.48
73,35,8,0.81
73,51,8,0.61
73,57,8,0.65
73,73,8,0
73,76,8,0.6
73,87,8,0.79
73,94,8,0.05
74,16,4,0.03
74,40,4,0.07
74,59,4,0.09
74,61,4,0.71
74,62,4,0.8
74,64,4,0.08
74,66,4,0.89
74,74,4,0
74,75,4,0.06
74,93,4,1.0
74,22,26,0.45
74,30,26,0.64
74,38,26,0.42
74,48,26,0.83
74,67,26,0.63
74,74,26,0
74,76,26,0.82
74,80,26,0.16
74,92,26,0.56
74,98,26,0.89
74,32,25,0.79
74,37,25,0.26
74,48,25,0.37
74,62,25,0.13
74,69,25,0.55
74,74,25,0
74,90,25,0.87
74,97,25,0.82
75,4,12,0.55
75,8,12,0.19
75,10,12,0.62
75,19,12,0.55
75,23,12,0.72
75,33,12,0.14
75,63,12,0.98
75,75,12,0
75,93,12,0.09
75,16,4,0.7
75,40,4,0.58
75,59,4,0.25
75,61,4,0.89
75,62,4,0.68
75,64,4,0.83
75,66,4,0.76
75,74,4,0.25
75,75,4,0
75,93,4,0.15
76,22,26,0.74
76,30,26,0.34
76,38,26,0.44
76,48,26,0.72
76,67,26,0.33
76,74,26,0.32
76,76,26,0
76,80,26,0.28
76,92,26,0.4
76,98,26,0.22
76,2,8,0.17
76,31,8,0.82
76,35,8,0.34
76,51,8,0.54
76,57,8,0.5
76,73,8,0.7
76,76,8,0
76,87,8,0.32
76,94,8,0.55
76,12,38,0.77
76,16,38,0.4
76,25,38,0.96
76,34,38,0.96
76,36,38,0.81
76,37,38,0.47
76,42,38,0.95
76,46,38,0.62
76,55,38,0.56
76,76,38,0
76,4,19,0.72
76,5,19,0.65
76,7,19,0.99
76,8,19,0.42
76,18,19,0.77
76,23,19,0.63
76,28,19,0.64
76,33,19,0.05
76,47,19,0.14
76,48,19,0.51
76,56,19,0.11
76,76,19,0
76,77,19,0.69
76,81,19,0.91
77,2,31,0.96
77,32,31,0.7
77,41,31,0.0
77,44,31,0.84
77,49,31,0.66
77,53,31,0.88
77,58,31,0.5
77,77,31,0
77,81,31,0.89
77,93,31,0.89
77,4,19,0.91
77,5,19,0.03
77,7,19,0.28
77,8,19,0.19
77,18,19,0.08
77,23,19,0.05
77,28,19,0.07
77,33,19,0.15
77,47,19,0.15
77,48,19,0.5
77,56,19,0.24
77,76,19,0.84
77,77,19,0
77,81,19,0.6
78,15,15,0.31
78,18,15,0.34
78,26,15,0.01
78,43,15,0.79
78,69,15,0.11
78,71,15,0.29
78,78,15,0
78,81,15,0.46
78,85,15,0.41
78,6,0,0.24
78,14,0,0.11
78,25,0,0.51
78,28,0,0.33
78,60,0,0.25
78,69,0,0.88
78,78,0,0
78,98,0,0.34
78,14,21,0.7
78,19,21,0.39
78,21,21,0.04
78,78,21,0
78,79,21,0.07
78,82,21,0.29
78,99,21,0.01
79,14,21,0.27
79,19,21,0.34
79,21,21,0.99
79,78,21,0.36
79,79,21,0
79,82,21,0.6
79,99,21,0.51
79,15,29,0.69
79,38,29,0.75
79,53,29,0.82
79,79,29,0
80,1,18,0.88
80,13,18,0.57
80,14,18,0.81
80,36,18,0.92
80,38,18,0.76
80,47,18,0.32
80,66,18,0.84
80,67,18,0.45
80,80,18,0
80,88,18,0.58
80,95,18,0.09
80,19,36,0.04
80,29,36,0.14
80,58,36,0.64
80,72,36,0.69
80,80,36,0
80,97,36,0.49
80,4,23,0.02
80,17,23,0.56
80,23,23,0.15
80,26,23,0.77
80,80,23,0
80,22,26,0.19
80,30,26,0.54
80,38,26,0.14
80,48,26,0.12
80,67,26,0.91
80,74,26,0.08
80,76,26,0.05
80,80,26,0
80,92,26,0.82
80,98,26,0.75
81,4,19,0.15
81,5,19,0.92
81,7,19,0.83
81,8,19,0.58
81,18,19,0.21
81,23,19,0.48
81,28,19,0.3
81,33,19,0.32
81,47,19,0.69
81,48,19,0.55
81,56,19,0.43
81,76,19,0.19
81,77,19,0.22
81,81,19,0
81,2,31,0.78
81,32,31,0.29
81,41,31,0.98
81,44,31,0.15
81,49,31,0.4
81,53,31,0.39
81,58,31,0.81
81,77,31,0.83
81,81,31,0
81,93,31,0.03
81,15,15,0.48
81,18,15,0.21
81,26,15,0.97
81,43,15,0.17
81,69,15,0.8
81,71,15,0.02
81,78,15,0.25
81,81,15,0
81,85,15,0.05
81,3,3,0.53
81,15,3,0.03
81,41,3,0.53
81,52,3,0.86
81,58,3,0.04
81,60,3,0.25
81,64,3,0.01
81,81,3,0
81,87,3,0.04
81,93,3,0.56
81,97,3,0.78
82,2,35,0.08
82,13,35,0.73
82,21,35,0.36
82,34,35,0.34
82,51,35,0.71
82,54,35,0.94
82,62,35,0.68
82,64,35,0.58
82,82,35,0
82,84,35,0.51
82,85,35,0.17
82,9,2,0.8
82,27,2,0.93
82,37,2,0.19
82,40,2,0.57
82,46,2,0.54
82,82,2,0
82,14,21,0.39
82,19,21,0.12
82,21,21,0.79
82,78,21,0.12
82,79,21,0.26
82,82,21,0
82,99,21,0.73
83,2,27,0.42
83,65,27,0.64
83,72,27,0.77
83,73,27,0.06
83,83,27,0
83,87,27,0.45
83,96,27,1.0
83,10,7,0.59
83,18,7,0.56
83,41,7,0.97
83,61,7,0.2
83,83,7,0
83,92,7,0.9
83,0,17,0.84
83,22,17,0.7
83,43,17,0.83
83,58,17,0.2
83,60,17,0.52
83,68,17,0.48
83,83,17,0
83,96,17,0.37
84,9,30,0.87
84,12,30,0.78
84,22,30,0.02
84,66,30,0.78
84,84,30,0
84,89,30,0.89
84,2,35,0.52
84,13,35,0.67
84,21,35,0.55
84,34,35,0.6
84,51,35,0.91
84,54,35,0.45
84,62,35,0.31
84,64,35,0.21
84,82,35,0.54
84,84,35,0
84,85,35,0.94
84,6,14,0.85
84,20,14,0.7
84,28,14,0.41
84,29,14,0.85
84,43,14,0.51
84,49,14,0.55
84,84,14,0
84,92,14,0.3
85,15,15,0.53
85,18,15,0.93
85,26,15,0.6
85,43,15,0.83
85,69,15,0.85
85,71,15,0.37
85,78,15,0.75
85,81,15,0.37
85,85,15,0
85,2,35,0.54
85,13,35,0.63
85,21,35,0.88
85,34,35,0.04
85,51,35,0.51
85,54,35,0.68
85,62,35,0.49
85,64,35,0.28
85,82,35,0.54
85,84,35,0.9
85,85,35,0
86,21,16,0.17
86,27,16,0.22
86,42,16,0.4
86,44,16,0.66
86,57,16,0.02
86,68,16,0.39
86,71,16,0.37
86,86,16,0
86,95,16,0.16
86,11,11,0.75
86,22,11,0.45
86,29,11,1.0
86,34,11,0.58
86,38,11,0.93
86,47,11,0.09
86,50,11,0.22
86,73,11,0.22
86,86,11,0
87,3,3,0.42
87,15,3,0.34
87,41,3,0.06
87,52,3,0.14
87,58,3,0.59
87,60,3,0.53
87,64,3,0.63
87,81,3,0.42
87,87,3,0
87,93,3,0.47
87,97,3,0.69
87,2,27,0.92
87,65,27,0.41
87,72,27,0.05
87,73,27,0.02
87,83,27,0.09
87,87,27,0
87,96,27,0.97
87,2,8,0.21
87,31,8,0.26
87,35,8,0.18
87,51,8,0.62
87,57,8,0.93
87,73,8,0.92
87,76,8,0.01
87,87,8,0
87,94,8,0.2
88,1,18,0.51
88,13,18,0.43
88,14,18,0.64
88,36,18,0.16
88,38,18,0.72
88,47,18,0.76
88,66,18,0.51
88,67,18,0.58
88,80,18,0.19
88,88,18,0
88,95,18,0.99
88,23,6,0.86
88,34,6,0.24
88,42,6,0.58
88,43,6,0.12
88,46,6,0.61
88,55,6,0.82
88,61,6,0.05
88,70,6,0.94
88,88,6,0
88,10,1,0.65
88,11,1,0.0
88,37,1,0.52
88,88,1,0
88,91,1,0.33
88,94,1,0.6
89,12,34,0.81
89,15,34,0.64
89,24,34,0.41
89,33,34,0.04
89,35,34,0.69
89,65,34,0.08
89,89,34,0
89,9,30,0.54
89,12,30,0.23
89,22,30,0.87
89,66,30,0.91
89,84,30,0.0
89,89,30,0
89,20,24,0.96
89,32,24,0.65
89,50,24,0.98
89,56,24,0.02
89,63,24,0.59
89,71,24,0.4
89,72,24,0.89
89,89,24,0
90,5,10,0.4
90,36,10,0.19
90,49,10,0.99
90,90,10,0
90,32,25,0.98
90,37,25,0.22
90,48,25,0.83
90,62,25,0.79
90,69,25,0.54
90,74,25,0.36
90,90,25,0
90,97,25,0.81
91,7,9,0.46
91,9,9,0.83
91,13,9,0.41
91,20,9,0.79
91,39,9,0.69
91,44,9,0.23
91,59,9,0.03
91,91,9,0
91,94,9,0.17
91,10,1,0.73
91,11,1,0.62
91,37,1,0.52
91,88,1,0.1
91,91,1,0
91,94,1,0.21
91,21,39,0.6
91,33,39,0.03
91,91,39,0
92,10,7,0.6
92,18,7,0.64
92,41,7,0.81
92,61,7,0.65
92,83,7,0.72
92,92,7,0
92,22,26,0.15
92,30,26,0.86
92,38,26,0.13
92,48,26,0.17
92,67,26,0.79
92,74,26,0.77
92,76,26,0.48
92,80,26,0.09
92,92,26,0
92,98,26,0.23
92,6,14,0.64
92,20,14,0.34
92,28,14,0.84
92,29,14,0.28
92,43,14,0.02
92,49,14,0.62
92,84,14,0.13
92,92,14,0
93,2,31,0.72
93,32,31,0.31
93,41,31,0.72
93,44,31,0.74
93,49,31,0.97
93,53,31,0.05
93,58,31,0.02
93,77,31,0.39
93,81,31,0.88
93,93,31,0
93,4,12,0.67
93,8,12,0.94
93,10,12,0.41
93,19,12,0.35
93,23,12,0.8
93,33,12,0.04
93,63,12,0.65
93,75,12,0.69
93,93,12,0
93,16,4,0.57
93,40,4,0.58
93,59,4,0.75
93,61,4,0.91
93,62,4,0.17
93,64,4,0.14
93,66,4,0.26
93,74,4,0.95
93,75,4,0.44
93,93,4,0
93,3,3,0.99
93,15,3,0.29
93,41,3,0.9
93,52,3,0.12
93,58,3,0.7
93,60,3,0.66
93,64,3,0.81
93,81,3,0.61
93,87,3,0.15
93,93,3,0
93,97,3,0.42
94,7,9,0.06
94,9,9,0.93
94,13,9,0.23
94,20,9,0.14
94,39,9,0.96
94,44,9,0.23
94,59,9,0.83
94,91,9,0.38
94,94,9,0
94,2,8,0.4
94,31,8,0.7
94,35,8,0.9
94,51,8,0.61
94,57,8,0.52
94,73,8,0.73
94,76,8,0.03
94,87,8,0.43
94,94,8,0
94,10,1,0.84
94,11,1,0.69
94,37,1,0.62
94,88,1,0.54
94,91,1,0.38
94,94,1,0
94,4,28,0.32
94,14,28,0.39
94,39,28,0.61
94,73,28,0.6
94,94,28,0
95,21,16,0.3
95,27,16,0.23
95,42,16,0.32
95,44,16,0.14
95,57,16,0.63
95,68,16,0.44
95,71,16,0.05
95,86,16,0.04
95,95,16,0
95,17,5,0.41
95,24,5,0.77
95,47,5,0.15
95,49,5,0.03
95,95,5,0
95,1,18,0.58
95,13,18,0.96
95,14,18,0.58
95,36,18,0.19
95,38,18,0.44
95,47,18,0.53
95,66,18,0.7
95,67,18,0.11
95,80,18,0.84
95,88,18,0.16
95,95,18,0
96,0,17,0.73
96,22,17,0.23
96,43,17,0.47
96,58,17,0.19
96,60,17,0.31
96,68,17,0.16
96,83,17,0.8
96,96,17,0
96,2,27,0.73
96,65,27,0.47
96,72,27,0.45
96,73,27,0.36
96,83,27,0.97
96,87,27,0.73
96,96,27,0
96,1,33,0.12
96,3,33,0.76
96,30,33,0.66
96,42,33,0.02
96,44,33,0.42
96,52,33,0.04
96,96,33,0
97,3,3,0.01
97,15,3,0.75
97,41,3,0.53
97,52,3,0.58
97,58,3,0.72
97,60,3,0.82
97,64,3,0.75
97,81,3,0.06
97,87,3,0.14
97,93,3,0.46
97,97,3,0
97,19,36,0.26
97,29,36,0.04
97,58,36,0.66
97,72,36,0.1
97,80,36,0.98
97,97,36,0
97,32,25,0.43
97,37,25,0.03
97,48,25,0.68
97,62,25,0.82
97,69,25,0.85
97,74,25,0.35
97,90,25,0.33
97,97,25,0
98,22,26,0.57
98,30,26,0.2
98,38,26,0.06
98,48,26,0.5
98,67,26,0.69
98,74,26,0.64
98,76,26,0.85
98,80,26,0.75
98,92,26,0.35
98,98,26,0
98,6,0,0.62
98,14,0,0.4
98,25,0,0.72
98,28,0,0.06
98,60,0,0.8
98,69,0,0.2
98,78,0,0.26
98,98,0,0
99,7,13,0.1
99,12,13,0.55
99,20,13,0.06
99,24,13,0.85
99,45,13,0.47
99,55,13,0.01
99,64,13,0.57
99,70,13,0.78
99,99,13,0
99,14,21,0.49
99,19,21,0.09
99,21,21,0.48
99,78,21,0.77
99,79,21,0.78
99,82,21,0.51
99,99,21,0