M,100,P,30,Q,100000,targetS,0.1,targetW,0.1

Resources name, resource id, current workload and max workload
R_0,0,0.54,1
R_1,1,0.45,1
R_2,2,0.43,1
R_3,3,0.63,1
R_4,4,0.5,1
R_5,5,0.57,1
R_6,6,0.63,1
R_7,7,0.52,1
R_8,8,0.74,1
R_9,9,0.61,1
R_10,10,0.43,1
R_11,11,0.56,1
R_12,12,0.79,1
R_13,13,0.57,1
R_14,14,0.73,1
R_15,15,0.65,1
R_16,16,0.74,1
R_17,17,0.79,1
R_18,18,0.78,1
R_19,19,0.67,1
R_20,20,0.67,1
R_21,21,0.74,1
R_22,22,0.66,1
R_23,23,0.68,1
R_24,24,0.55,1
R_25,25,0.71,1
R_26,26,0.6,1
R_27,27,0.76,1
R_28,28,0.74,1
R_29,29,0.53,1
R_30,30,0.71,1
R_31,31,0.75,1
R_32,32,0.42,1
R_33,33,0.79,1
R_34,34,0.43,1
R_35,35,0.43,1
R_36,36,0.6,1
R_37,37,0.65,1
R_38,38,0.65,1
R_39,39,0.64,1
R_40,40,0.48,1
R_41,41,0.45,1
R_42,42,0.4,1
R_43,43,0.56,1
R_44,44,0.55,1
R_45,45,0.45,1
R_46,46,0.62,1
R_47,47,0.67,1
R_48,48,0.48,1
R_49,49,0.78,1
R_50,50,0.55,1
R_51,51,0.8,1
R_52,52,0.6,1
R_53,53,0.59,1
R_54,54,0.66,1
R_55,55,0.75,1
R_56,56,0.62,1
R_57,57,0.69,1
R_58,58,0.7,1
R_59,59,0.47,1
R_60,60,0.68,1
R_61,61,0.47,1
R_62,62,0.51,1
R_63,63,0.54,1
R_64,64,0.63,1
R_65,65,0.62,1
R_66,66,0.67,1
R_67,67,0.49,1
R_68,68,0.78,1
R_69,69,0.58,1
R_70,70,0.73,1
R_71,71,0.64,1
R_72,72,0.65,1
R_73,73,0.43,1
R_74,74,0.48,1
R_75,75,0.7,1
R_76,76,0.8,1
R_77,77,0.5,1
R_78,78,0.64,1
R_79,79,0.45,1
R_80,80,0.4,1
R_81,81,0.54,1
R_82,82,0.49,1
R_83,83,0.62,1
R_84,84,0.67,1
R_85,85,0.47,1
R_86,86,0.53,1
R_87,87,0.61,1
R_88,88,0.41,1
R_89,89,0.65,1
R_90,90,0.45,1
R_91,91,0.72,1
R_92,92,0.4,1
R_93,93,0.78,1
R_94,94,0.64,1
R_95,95,0.5,1
R_96,96,0.45,1
R_97,97,0.74,1
R_98,98,0.49,1
R_99,99,0.53,1

Activities name, activity id, lambda, stress, resource id, priority, rifiutato
act_19,19,0.22,0.17,0,373,0
act_19,19,0.22,0.17,0,14,0
act_3,3,0.08,0.53,1,165,1
act_15,15,0.15,0.52,1,125,0
act_15,15,0.15,0.52,1,44,0
act_3,3,0.08,0.53,1,341,1
act_3,3,0.08,0.53,1,180,1
act_9,9,0.12,0.2,2,235,0
act_16,16,0.29,0.97,2,307,0
act_9,9,0.12,0.2,2,266,0
act_9,9,0.12,0.2,3,122,0
act_18,18,0.16,0.3,3,325,0
act_19,19,0.22,0.17,4,328,0
act_5,5,0.25,0.91,4,291,0
act_11,11,0.25,0.1,5,353,0
act_7,7,0.03,0.92,5,327,0
act_7,7,0.03,0.92,5,145,0
act_7,7,0.03,0.92,5,301,0
act_7,7,0.03,0.92,5,281,0
act_7,7,0.03,0.92,5,337,0
act_8,8,0.07,0.86,6,57,1
act_4,4,0.09,0.6,6,351,0
act_4,4,0.09,0.6,6,329,0
act_4,4,0.09,0.6,6,225,0
act_10,10,0.03,0.82,6,194,0
act_2,2,0.21,0.01,7,136,0
act_2,2,0.21,0.01,7,339,0
act_18,18,0.16,0.3,8,312,0
act_15,15,0.15,0.52,9,253,1
act_15,15,0.15,0.52,9,109,1
act_17,17,0.21,0.04,10,289,0
act_17,17,0.21,0.04,10,241,0
act_10,10,0.03,0.82,10,6,1
act_10,10,0.03,0.82,10,121,1
act_10,10,0.03,0.82,10,11,1
act_10,10,0.03,0.82,10,70,1
act_10,10,0.03,0.82,10,217,1
act_11,11,0.25,0.1,11,220,0
act_7,7,0.03,0.92,11,313,1
act_7,7,0.03,0.92,11,189,1
act_7,7,0.03,0.92,11,367,1
act_7,7,0.03,0.92,11,290,1
act_7,7,0.03,0.92,11,81,1
act_7,7,0.03,0.92,11,286,1
act_18,18,0.16,0.3,12,262,0
act_15,15,0.15,0.52,13,133,1
act_0,0,0.19,0.75,13,108,1
act_4,4,0.09,0.6,14,162,1
act_10,10,0.03,0.82,14,239,1
act_4,4,0.09,0.6,14,249,1
act_10,10,0.03,0.82,14,276,1
act_6,6,0.27,0.11,15,326,0
act_9,9,0.12,0.2,16,171,0
act_9,9,0.12,0.2,16,293,0
act_18,18,0.16,0.3,17,37,0
act_19,19,0.22,0.17,18,153,0
act_18,18,0.16,0.3,19,139,0
act_18,18,0.16,0.3,19,33,0
act_8,8,0.07,0.86,20,222,0
act_8,8,0.07,0.86,20,263,0
act_0,0,0.19,0.75,20,157,0
act_2,2,0.21,0.01,21,257,0
act_1,1,0.02,0.79,22,296,0
act_6,6,0.27,0.11,22,82,0
act_1,1,0.02,0.79,22,273,0
act_1,1,0.02,0.79,22,102,0
act_4,4,0.09,0.6,23,299,1
act_4,4,0.09,0.6,23,383,1
act_4,4,0.09,0.6,23,355,1
act_11,11,0.25,0.1,24,22,0
act_8,8,0.07,0.86,24,166,1
act_8,8,0.07,0.86,24,35,1
act_10,10,0.03,0.82,25,3,0
act_9,9,0.12,0.2,25,271,0
act_9,9,0.12,0.2,25,363,0
act_11,11,0.25,0.1,26,375,0
act_15,15,0.15,0.52,27,54,0
act_10,10,0.03,0.82,27,252,1
act_10,10,0.03,0.82,27,208,1
act_11,11,0.25,0.1,28,40,0
act_7,7,0.03,0.92,29,330,1
act_7,7,0.03,0.92,29,28,1
act_6,6,0.27,0.11,29,246,0
act_10,10,0.03,0.82,29,204,1
act_10,10,0.03,0.82,29,334,1
act_10,10,0.03,0.82,29,1,1
act_10,10,0.03,0.82,29,120,1
act_3,3,0.08,0.53,30,305,1
act_3,3,0.08,0.53,30,378,1
act_3,3,0.08,0.53,30,134,1
act_7,7,0.03,0.92,31,164,1
act_7,7,0.03,0.92,31,270,1
act_7,7,0.03,0.92,31,323,1
act_7,7,0.03,0.92,31,26,1
act_7,7,0.03,0.92,31,53,1
act_7,7,0.03,0.92,31,322,1
act_7,7,0.03,0.92,31,23,1
act_7,7,0.03,0.92,31,184,1
act_17,17,0.21,0.04,32,173,0
act_11,11,0.25,0.1,32,105,0
act_7,7,0.03,0.92,33,51,1
act_7,7,0.03,0.92,33,13,1
act_7,7,0.03,0.92,33,346,1
act_7,7,0.03,0.92,33,209,1
act_7,7,0.03,0.92,33,95,1
act_7,7,0.03,0.92,33,295,1
act_9,9,0.12,0.2,34,112,0
act_9,9,0.12,0.2,34,117,0
act_16,16,0.29,0.97,34,21,0
act_12,12,0.24,0.33,35,72,0
act_15,15,0.15,0.52,35,350,0
act_15,15,0.15,0.52,35,258,0
act_17,17,0.21,0.04,36,17,0
act_4,4,0.09,0.6,36,203,1
act_4,4,0.09,0.6,36,287,1
act_2,2,0.21,0.01,37,229,0
act_3,3,0.08,0.53,37,152,1
act_10,10,0.03,0.82,37,190,1
act_8,8,0.07,0.86,38,352,1
act_7,7,0.03,0.92,38,219,1
act_8,8,0.07,0.86,38,336,1
act_8,8,0.07,0.86,38,188,1
act_8,8,0.07,0.86,38,186,1
act_7,7,0.03,0.92,38,141,1
act_4,4,0.09,0.6,39,130,1
act_4,4,0.09,0.6,39,119,1
act_4,4,0.09,0.6,39,123,1
act_4,4,0.09,0.6,39,332,1
act_7,7,0.03,0.92,40,376,1
act_7,7,0.03,0.92,40,138,1
act_8,8,0.07,0.86,40,100,1
act_8,8,0.07,0.86,40,232,1
act_9,9,0.12,0.2,40,343,0
act_9,9,0.12,0.2,40,129,0
act_7,7,0.03,0.92,40,277,1
act_7,7,0.03,0.92,40,25,1
act_4,4,0.09,0.6,41,231,1
act_4,4,0.09,0.6,41,365,1
act_9,9,0.12,0.2,41,61,0
act_9,9,0.12,0.2,41,234,0
act_9,9,0.12,0.2,41,364,0
act_12,12,0.24,0.33,42,218,1
act_12,12,0.24,0.33,42,374,1
act_4,4,0.09,0.6,42,360,1
act_19,19,0.22,0.17,43,63,0
act_7,7,0.03,0.92,43,38,1
act_7,7,0.03,0.92,43,317,1
act_7,7,0.03,0.92,43,377,1
act_7,7,0.03,0.92,43,319,1
act_7,7,0.03,0.92,43,260,1
act_7,7,0.03,0.92,43,297,1
act_7,7,0.03,0.92,43,106,1
act_16,16,0.29,0.97,44,58,0
act_1,1,0.02,0.79,44,2,0
act_1,1,0.02,0.79,44,205,0
act_1,1,0.02,0.79,44,304,0
act_1,1,0.02,0.79,44,268,0
act_1,1,0.02,0.79,44,248,0
act_1,1,0.02,0.79,44,362,0
act_1,1,0.02,0.79,44,303,0
act_1,1,0.02,0.79,44,30,0
act_6,6,0.27,0.11,45,198,0
act_17,17,0.21,0.04,45,280,0
act_2,2,0.21,0.01,46,43,0
act_12,12,0.24,0.33,47,97,0
act_17,17,0.21,0.04,48,384,0
act_17,17,0.21,0.04,48,91,0
act_7,7,0.03,0.92,49,250,1
act_7,7,0.03,0.92,49,87,1
act_7,7,0.03,0.92,49,321,1
act_7,7,0.03,0.92,49,36,1
act_7,7,0.03,0.92,49,140,1
act_7,7,0.03,0.92,49,233,1
act_7,7,0.03,0.92,49,142,1
act_6,6,0.27,0.11,50,354,0
act_15,15,0.15,0.52,51,206,0
act_13,13,0.26,0.68,52,179,0
act_7,7,0.03,0.92,52,199,1
act_7,7,0.03,0.92,52,177,1
act_7,7,0.03,0.92,52,78,1
act_7,7,0.03,0.92,52,29,1
act_17,17,0.21,0.04,53,357,0
act_12,12,0.24,0.33,54,192,0
act_3,3,0.08,0.53,54,94,1
act_8,8,0.07,0.86,55,316,1
act_4,4,0.09,0.6,55,98,0
act_10,10,0.03,0.82,55,15,1
act_10,10,0.03,0.82,55,185,1
act_4,4,0.09,0.6,56,200,0
act_14,14,0.26,0.26,56,331,0
act_14,14,0.26,0.26,57,170,0
act_1,1,0.02,0.79,57,52,1
act_1,1,0.02,0.79,57,132,1
act_10,10,0.03,0.82,58,155,1
act_15,15,0.15,0.52,58,113,0
act_10,10,0.03,0.82,58,150,1
act_10,10,0.03,0.82,58,221,1
act_10,10,0.03,0.82,58,197,1
act_8,8,0.07,0.86,59,5,1
act_8,8,0.07,0.86,59,159,1
act_14,14,0.26,0.26,59,83,0
act_8,8,0.07,0.86,59,126,1
act_18,18,0.16,0.3,60,254,0
act_18,18,0.16,0.3,60,80,0
act_3,3,0.08,0.53,61,12,1
act_2,2,0.21,0.01,61,10,0
act_3,3,0.08,0.53,61,137,1
act_15,15,0.15,0.52,61,288,0
act_6,6,0.27,0.11,62,324,0
act_1,1,0.02,0.79,63,67,1
act_18,18,0.16,0.3,63,338,0
act_1,1,0.02,0.79,63,308,1
act_12,12,0.24,0.33,63,59,0
act_10,10,0.03,0.82,64,215,0
act_0,0,0.19,0.75,64,245,0
act_8,8,0.07,0.86,64,20,0
act_10,10,0.03,0.82,64,292,0
act_10,10,0.03,0.82,64,223,0
act_3,3,0.08,0.53,65,104,1
act_3,3,0.08,0.53,65,68,1
act_10,10,0.03,0.82,65,158,1
act_3,3,0.08,0.53,65,168,1
act_10,10,0.03,0.82,65,76,1
act_10,10,0.03,0.82,65,240,1
act_10,10,0.03,0.82,65,4,1
act_13,13,0.26,0.68,66,107,0
act_1,1,0.02,0.79,67,174,1
act_1,1,0.02,0.79,67,172,1
act_12,12,0.24,0.33,67,55,0
act_1,1,0.02,0.79,67,318,1
act_1,1,0.02,0.79,67,202,1
act_1,1,0.02,0.79,67,167,1
act_1,1,0.02,0.79,67,342,1
act_1,1,0.02,0.79,67,34,1
act_1,1,0.02,0.79,67,131,1
act_1,1,0.02,0.79,67,41,1
act_1,1,0.02,0.79,67,39,1
act_1,1,0.02,0.79,67,178,1
act_1,1,0.02,0.79,67,75,1
act_1,1,0.02,0.79,67,385,1
act_19,19,0.22,0.17,68,381,0
act_17,17,0.21,0.04,69,310,0
act_17,17,0.21,0.04,69,85,0
act_8,8,0.07,0.86,70,32,1
act_8,8,0.07,0.86,70,9,1
act_8,8,0.07,0.86,70,0,1
act_3,3,0.08,0.53,71,278,1
act_3,3,0.08,0.53,71,115,1
act_18,18,0.16,0.3,71,79,0
act_11,11,0.25,0.1,72,84,0
act_7,7,0.03,0.92,73,127,1
act_19,19,0.22,0.17,73,160,0
act_7,7,0.03,0.92,73,315,1
act_7,7,0.03,0.92,73,264,1
act_19,19,0.22,0.17,73,18,0
act_7,7,0.03,0.92,73,144,1
act_12,12,0.24,0.33,74,214,1
act_12,12,0.24,0.33,74,227,1
act_4,4,0.09,0.6,75,161,0
act_4,4,0.09,0.6,75,176,0
act_4,4,0.09,0.6,75,261,0
act_9,9,0.12,0.2,76,371,0
act_8,8,0.07,0.86,76,135,0
act_10,10,0.03,0.82,77,386,0
act_15,15,0.15,0.52,77,42,0
act_15,15,0.15,0.52,77,143,0
act_15,15,0.15,0.52,77,309,0
act_8,8,0.07,0.86,78,101,0
act_9,9,0.12,0.2,78,211,0
act_9,9,0.12,0.2,78,349,0
act_3,3,0.08,0.53,79,201,1
act_4,4,0.09,0.6,79,48,1
act_3,3,0.08,0.53,79,86,1
act_19,19,0.22,0.17,79,333,0
act_1,1,0.02,0.79,80,212,1
act_17,17,0.21,0.04,80,19,0
act_1,1,0.02,0.79,80,207,1
act_17,17,0.21,0.04,80,244,0
act_1,1,0.02,0.79,80,243,1
act_1,1,0.02,0.79,80,335,1
act_1,1,0.02,0.79,80,298,1
act_1,1,0.02,0.79,80,302,1
act_1,1,0.02,0.79,80,156,1
act_1,1,0.02,0.79,80,382,1
act_9,9,0.12,0.2,81,99,0
act_9,9,0.12,0.2,81,255,0
act_9,9,0.12,0.2,81,372,0
act_2,2,0.21,0.01,82,118,0
act_1,1,0.02,0.79,82,370,1
act_1,1,0.02,0.79,82,60,1
act_1,1,0.02,0.79,82,265,1
act_1,1,0.02,0.79,82,31,1
act_1,1,0.02,0.79,82,380,1
act_1,1,0.02,0.79,82,148,1
act_4,4,0.09,0.6,82,300,0
act_1,1,0.02,0.79,82,175,1
act_1,1,0.02,0.79,82,274,1
act_1,1,0.02,0.79,82,193,1
act_1,1,0.02,0.79,82,358,1
act_2,2,0.21,0.01,83,314,0
act_3,3,0.08,0.53,83,269,1
act_3,3,0.08,0.53,83,275,1
act_18,18,0.16,0.3,84,93,0
act_18,18,0.16,0.3,84,16,0
act_17,17,0.21,0.04,85,256,0
act_1,1,0.02,0.79,85,71,1
act_1,1,0.02,0.79,85,62,1
act_17,17,0.21,0.04,85,294,0
act_1,1,0.02,0.79,85,340,1
act_1,1,0.02,0.79,85,187,1
act_1,1,0.02,0.79,85,64,1
act_12,12,0.24,0.33,86,196,0
act_1,1,0.02,0.79,86,46,0
act_1,1,0.02,0.79,86,183,0
act_1,1,0.02,0.79,86,146,0
act_1,1,0.02,0.79,86,96,0
act_1,1,0.02,0.79,86,116,0
act_1,1,0.02,0.79,86,169,0
act_1,1,0.02,0.79,86,181,0
act_1,1,0.02,0.79,86,320,0
act_1,1,0.02,0.79,86,369,0
act_1,1,0.02,0.79,86,368,0
act_1,1,0.02,0.79,86,236,0
act_5,5,0.25,0.91,87,237,1
act_8,8,0.07,0.86,87,147,0
act_8,8,0.07,0.86,87,149,0
act_7,7,0.03,0.92,88,259,1
act_0,0,0.19,0.75,88,103,0
act_0,0,0.19,0.75,88,311,0
act_7,7,0.03,0.92,88,242,1
act_7,7,0.03,0.92,88,110,1
act_7,7,0.03,0.92,88,247,1
act_7,7,0.03,0.92,88,272,1
act_7,7,0.03,0.92,88,69,1
act_7,7,0.03,0.92,88,8,1
act_16,16,0.29,0.97,89,50,0
act_15,15,0.15,0.52,90,283,0
act_14,14,0.26,0.26,90,92,0
act_4,4,0.09,0.6,90,228,1
act_3,3,0.08,0.53,91,66,1
act_15,15,0.15,0.52,91,345,0
act_14,14,0.26,0.26,92,154,0
act_8,8,0.07,0.86,92,306,1
act_4,4,0.09,0.6,92,230,0
act_8,8,0.07,0.86,92,27,1
act_8,8,0.07,0.86,92,251,1
act_4,4,0.09,0.6,93,238,1
act_4,4,0.09,0.6,93,128,1
act_8,8,0.07,0.86,94,366,0
act_11,11,0.25,0.1,94,356,0
act_18,18,0.16,0.3,95,344,0
act_10,10,0.03,0.82,95,285,1
act_10,10,0.03,0.82,95,88,1
act_10,10,0.03,0.82,95,347,1
act_10,10,0.03,0.82,95,361,1
act_10,10,0.03,0.82,95,77,1
act_10,10,0.03,0.82,95,282,1
act_18,18,0.16,0.3,95,45,0
act_16,16,0.29,0.97,96,379,1
act_7,7,0.03,0.92,96,124,1
act_7,7,0.03,0.92,96,191,1
act_7,7,0.03,0.92,96,24,1
act_7,7,0.03,0.92,96,267,1
act_7,7,0.03,0.92,96,213,1
act_7,7,0.03,0.92,96,210,1
act_7,7,0.03,0.92,96,284,1
act_7,7,0.03,0.92,96,73,1
act_4,4,0.09,0.6,97,279,1
act_1,1,0.02,0.79,97,65,1
act_4,4,0.09,0.6,97,90,1
act_1,1,0.02,0.79,97,182,1
act_1,1,0.02,0.79,97,74,1
act_4,4,0.09,0.6,98,7,1
act_4,4,0.09,0.6,98,89,1
act_19,19,0.22,0.17,98,49,0
act_4,4,0.09,0.6,98,114,1
act_1,1,0.02,0.79,99,47,1
act_1,1,0.02,0.79,99,56,1
act_1,1,0.02,0.79,99,216,1
act_1,1,0.02,0.79,99,195,1
act_10,10,0.03,0.82,99,151,1
act_10,10,0.03,0.82,99,359,1
act_12,12,0.24,0.33,99,348,0
act_1,1,0.02,0.79,99,224,1
act_10,10,0.03,0.82,99,163,1
act_1,1,0.02,0.79,99,111,1
act_1,1,0.02,0.79,99,226,1

Alpha (resource id, list of activity ids)
0:3,14,19,9
1:3,15
2:9,19,17,16
3:2,9,18
4:5,19
5:7,11,0,13
6:8,6,4,10
7:3,2,16,14
8:5,16,18
9:16,9,15
10:17,11,10
11:7,17,11
12:18,14,16,12
13:15,0,5
14:17,15,10,4
15:6,12
16:18,14,9,17
17:8,18,2,14
18:19,3,0,17
19:2,18
20:0,8,1,6
21:14,2
22:8,1,12,6
23:4,11
24:11,12,17,8
25:9,10,11,18
26:18,11,13
27:15,10
28:18,10,14,11
29:10,15,6,7
30:15,3
31:6,7
32:11,17
33:14,7,17,2
34:5,16,9
35:12,15
36:17,4,11,5
37:3,10,17,2
38:7,11,8
39:16,4
40:9,7,13,8
41:9,4
42:4,12,19,6
43:7,19
44:13,16,1
45:6,17,19
46:0,2
47:6,12
48:15,9,17,19
49:7,17,11,5
50:12,6,16,14
51:4,19,15
52:7,11,13
53:14,17
54:3,12
55:4,8,19,10
56:14,17,4
57:1,14,0,15
58:15,16,10,18
59:14,19,8
60:0,18,15,17
61:3,15,2
62:6,19
63:12,1,18
64:0,8,10,4
65:10,3
66:15,13
67:1,12
68:12,19
69:15,16,7,17
70:8,13,16,12
71:6,17,18,3
72:11,2,17
73:19,7
74:8,13,12
75:4,18,6
76:9,8,6,13
77:16,10,15
78:9,17,19,8
79:4,3,6,19
80:1,17
81:9,13
82:4,2,1
83:3,12,2
84:19,18,13
85:17,1
86:12,14,19,1
87:5,14,8
88:13,7,0
89:13,18,16
90:15,4,9,14
91:11,12,15,3
92:4,14,16,8
93:4,13,16,0
94:11,8,0,16
95:10,6,18
96:7,14,16
97:4,1,16
98:7,16,19,4
99:10,17,12,1

Costs (resource, resource to replace, activity, cost)
0,0,3,0
0,1,3,0.46
0,7,3,0.78
0,18,3,0.57
0,30,3,0.54
0,37,3,0.2
0,54,3,0.87
0,61,3,0.2
0,65,3,0.24
0,71,3,0.67
0,79,3,0.06
0,83,3,0.05
0,91,3,0.53
0,0,14,0
0,7,14,0.57
0,12,14,0.23
0,16,14,0.22
0,17,14,0.57
0,21,14,0.79
0,28,14,0.17
0,33,14,0.59
0,50,14,0.82
0,53,14,0.74
0,56,14,0.83
0,57,14,0.85
0,59,14,0.54
0,86,14,0.17
0,87,14,0.74
0,90,14,0.22
0,92,14,0.11
0,96,14,0.61
0,0,19,0
0,2,19,0.65
0,4,19,0.72
0,18,19,0.54
0,42,19,0.75
0,43,19,0.84
0,45,19,0.94
0,48,19,0.48
0,51,19,0.56
0,55,19,0.25
0,59,19,0.58
0,62,19,0.4
0,68,19,0.94
0,73,19,0.56
0,78,19,0.59
0,79,19,0.09
0,84,19,0.15
0,86,19,0.26
0,98,19,0.45
0,0,9,0
0,2,9,0.12
0,3,9,0.86
0,9,9,0.07
0,16,9,0.79
0,25,9,0.78
0,34,9,0.63
0,40,9,0.56
0,41,9,0.47
0,48,9,0.32
0,76,9,0.39
0,78,9,0.06
0,81,9,0.03
0,90,9,0.96
1,0,3,0.76
1,1,3,0
1,7,3,0.91
1,18,3,0.74
1,30,3,0.86
1,37,3,0.22
1,54,3,0.31
1,61,3,0.24
1,65,3,0.58
1,71,3,0.8
1,79,3,0.49
1,83,3,0.35
1,91,3,0.85
1,1,15,0
1,9,15,0.26
1,13,15,0.39
1,14,15,0.41
1,27,15,0.4
1,29,15,0.15
1,30,15,0.7
1,35,15,0.15
1,48,15,0.99
1,51,15,0.86
1,57,15,0.03
1,58,15,0.22
1,60,15,0.99
1,61,15,0.69
1,66,15,0.88
1,69,15,0.35
1,77,15,0.16
1,90,15,0.62
1,91,15,0.56
2,0,9,0.27
2,2,9,0
2,3,9,0.31
2,9,9,0.07
2,16,9,0.72
2,25,9,0.0
2,34,9,0.38
2,40,9,0.4
2,41,9,0.52
2,48,9,0.94
2,76,9,1.0
2,78,9,0.76
2,81,9,0.12
2,90,9,1.0
2,0,19,0.16
2,2,19,0
2,4,19,0.27
2,18,19,0.72
2,42,19,0.19
2,43,19,0.42
2,45,19,0.45
2,48,19,0.77
2,51,19,0.15
2,55,19,0.65
2,59,19,0.41
2,62,19,0.05
2,68,19,0.86
2,73,19,0.86
2,78,19,0.97
2,79,19,0.36
2,84,19,0.63
2,86,19,0.14
2,98,19,0.62
2,2,17,0
2,10,17,0.19
2,11,17,0.13
2,14,17,0.78
2,16,17,0.74
2,18,17,0.74
2,24,17,0.54
2,32,17,0.22
2,33,17,0.69
2,36,17,0.55
2,37,17,0.11
2,45,17,0.76
2,48,17,0.96
2,49,17,0.13
2,53,17,0.25
2,56,17,0.45
2,60,17,0.8
2,69,17,0.87
2,71,17,0.04
2,72,17,0.29
2,78,17,0.51
2,80,17,0.77
2,85,17,0.74
2,99,17,0.24
2,2,16,0
2,7,16,0.54
2,8,16,0.61
2,9,16,0.64
2,12,16,0.88
2,34,16,0.22
2,39,16,0.35
2,44,16,0.24
2,50,16,0.88
2,58,16,0.09
2,69,16,0.56
2,70,16,0.18
2,77,16,0.79
2,89,16,0.02
2,92,16,0.35
2,93,16,0.17
2,94,16,0.57
2,96,16,0.37
2,97,16,0.37
2,98,16,0.98
3,3,2,0
3,7,2,0.83
3,17,2,0.67
3,19,2,0.83
3,21,2,0.46
3,33,2,0.19
3,37,2,0.04
3,46,2,0.14
3,61,2,0.82
3,72,2,0.58
3,82,2,0.77
3,83,2,0.35
3,0,9,0.29
3,2,9,0.74
3,3,9,0
3,9,9,0.52
3,16,9,0.63
3,25,9,0.58
3,34,9,0.43
3,40,9,0.11
3,41,9,0.39
3,48,9,0.23
3,76,9,0.05
3,78,9,0.68
3,81,9,0.14
3,90,9,0.0
3,3,18,0
3,8,18,0.18
3,12,18,0.8
3,16,18,0.86
3,17,18,0.19
3,19,18,0.06
3,25,18,0.23
3,26,18,0.2
3,28,18,0.52
3,58,18,0.59
3,60,18,0.53
3,63,18,0.03
3,71,18,0.03
3,75,18,0.67
3,84,18,0.77
3,89,18,0.43
3,95,18,0.42
4,4,5,0
4,8,5,0.36
4,13,5,0.7
4,34,5,0.09
4,36,5,0.73
4,49,5,0.39
4,87,5,0.89
4,0,19,0.53
4,2,19,0.2
4,4,19,0
4,18,19,0.63
4,42,19,0.15
4,43,19,0.26
4,45,19,0.23
4,48,19,0.13
4,51,19,0.11
4,55,19,0.89
4,59,19,0.16
4,62,19,0.49
4,68,19,0.12
4,73,19,0.17
4,78,19,0.24
4,79,19,0.67
4,84,19,0.72
4,86,19,0.31
4,98,19,0.15
5,5,7,0
5,11,7,0.92
5,29,7,0.07
5,31,7,0.09
5,33,7,0.7
5,38,7,0.46
5,40,7,0.65
5,43,7,0.86
5,49,7,0.21
5,52,7,0.08
5,69,7,0.89
5,73,7,0.15
5,88,7,0.67
5,96,7,0.13
5,98,7,0.51
5,5,11,0
5,10,11,0.9
5,11,11,0.41
5,23,11,0.35
5,24,11,0.45
5,25,11,0.59
5,26,11,0.62
5,28,11,0.85
5,32,11,0.65
5,36,11,0.2
5,38,11,0.39
5,49,11,0.87
5,52,11,0.37
5,72,11,0.71
5,91,11,0.36
5,94,11,0.05
5,5,0,0
5,13,0,0.95
5,18,0,0.44
5,20,0,0.68
5,46,0,0.95
5,57,0,0.6
5,60,0,0.88
5,64,0,0.59
5,88,0,0.83
5,93,0,0.66
5,94,0,0.99
5,5,13,0
5,26,13,0.42
5,40,13,0.2
5,44,13,0.69
5,52,13,0.26
5,66,13,0.06
5,70,13,0.41
5,74,13,0.01
5,76,13,0.36
5,81,13,0.37
5,84,13,0.31
5,88,13,0.95
5,89,13,0.55
5,93,13,0.05
6,6,8,0
6,17,8,0.42
6,20,8,0.47
6,22,8,0.17
6,24,8,0.04
6,38,8,0.04
6,40,8,0.3
6,55,8,0.29
6,59,8,0.98
6,64,8,0.16
6,70,8,0.33
6,74,8,0.21
6,76,8,0.12
6,78,8,0.19
6,87,8,0.92
6,92,8,0.88
6,94,8,0.79
6,6,6,0
6,15,6,0.97
6,20,6,1.0
6,22,6,0.65
6,29,6,0.68
6,31,6,0.86
6,42,6,0.66
6,45,6,0.3
6,47,6,0.92
6,50,6,0.23
6,62,6,0.16
6,71,6,0.57
6,75,6,0.43
6,76,6,0.53
6,79,6,0.99
6,95,6,0.18
6,6,4,0
6,14,4,0.34
6,23,4,0.85
6,36,4,0.13
6,39,4,0.34
6,41,4,0.2
6,42,4,0.44
6,51,4,0.18
6,55,4,0.43
6,56,4,0.97
6,64,4,0.31
6,75,4,0.95
6,79,4,0.07
6,82,4,0.41
6,90,4,0.55
6,92,4,0.48
6,93,4,0.09
6,97,4,0.8
6,98,4,0.06
6,6,10,0
6,10,10,0.29
6,14,10,0.95
6,25,10,0.93
6,27,10,0.42
6,28,10,0.08
6,29,10,0.13
6,37,10,0.26
6,55,10,0.86
6,58,10,0.08
6,64,10,0.67
6,65,10,0.59
6,77,10,0.0
6,95,10,0.28
6,99,10,0.66
7,0,3,0.22
7,1,3,0.32
7,7,3,0
7,18,3,0.05
7,30,3,0.98
7,37,3,0.15
7,54,3,0.83
7,61,3,0.4
7,65,3,0.81
7,71,3,0.5
7,79,3,0.07
7,83,3,0.07
7,91,3,0.95
7,3,2,0.23
7,7,2,0
7,17,2,0.27
7,19,2,0.78
7,21,2,0.47
7,33,2,0.83
7,37,2,0.89
7,46,2,0.68
7,61,2,0.78
7,72,2,0.61
7,82,2,0.69
7,83,2,0.46
7,2,16,0.36
7,7,16,0
7,8,16,0.51
7,9,16,0.87
7,12,16,0.33
7,34,16,0.33
7,39,16,0.34
7,44,16,0.11
7,50,16,0.72
7,58,16,0.77
7,69,16,0.64
7,70,16,0.05
7,77,16,0.66
7,89,16,0.72
7,92,16,0.61
7,93,16,0.94
7,94,16,0.75
7,96,16,0.48
7,97,16,0.39
7,98,16,0.66
7,0,14,0.32
7,7,14,0
7,12,14,0.28
7,16,14,1.0
7,17,14,0.91
7,21,14,0.87
7,28,14,0.16
7,33,14,0.01
7,50,14,0.26
7,53,14,0.79
7,56,14,0.49
7,57,14,0.75
7,59,14,0.52
7,86,14,0.09
7,87,14,0.19
7,90,14,0.04
7,92,14,0.76
7,96,14,0.82
8,4,5,0.43
8,8,5,0
8,13,5,0.87
8,34,5,0.08
8,36,5,0.72
8,49,5,0.17
8,87,5,0.67
8,2,16,0.37
8,7,16,0.88
8,8,16,0
8,9,16,0.77
8,12,16,0.42
8,34,16,0.35
8,39,16,0.97
8,44,16,0.09
8,50,16,0.27
8,58,16,0.74
8,69,16,0.26
8,70,16,0.71
8,77,16,0.11
8,89,16,0.66
8,92,16,0.92
8,93,16,0.97
8,94,16,0.42
8,96,16,0.67
8,97,16,0.68
8,98,16,0.06
8,3,18,0.17
8,8,18,0
8,12,18,0.18
8,16,18,0.41
8,17,18,0.69
8,19,18,0.63
8,25,18,0.91
8,26,18,0.03
8,28,18,0.19
8,58,18,0.42
8,60,18,0.84
8,63,18,0.32
8,71,18,0.7
8,75,18,0.98
8,84,18,0.65
8,89,18,0.11
8,95,18,0.54
9,2,16,0.2
9,7,16,0.47
9,8,16,0.12
9,9,16,0
9,12,16,0.24
9,34,16,0.73
9,39,16,0.56
9,44,16,0.93
9,50,16,0.99
9,58,16,0.02
9,69,16,0.69
9,70,16,0.46
9,77,16,0.68
9,89,16,0.54
9,92,16,0.04
9,93,16,0.02
9,94,16,0.29
9,96,16,0.84
9,97,16,0.56
9,98,16,0.66
9,0,9,0.11
9,2,9,0.91
9,3,9,0.72
9,9,9,0
9,16,9,0.59
9,25,9,0.52
9,34,9,0.28
9,40,9,0.16
9,41,9,0.18
9,48,9,0.13
9,76,9,0.35
9,78,9,0.87
9,81,9,0.68
9,90,9,0.52
9,1,15,0.39
9,9,15,0
9,13,15,0.65
9,14,15,0.99
9,27,15,0.04
9,29,15,0.26
9,30,15,0.92
9,35,15,0.03
9,48,15,0.37
9,51,15,0.31
9,57,15,0.16
9,58,15,0.62
9,60,15,0.69
9,61,15,0.74
9,66,15,0.05
9,69,15,0.26
9,77,15,0.54
9,90,15,0.05
9,91,15,0.95
10,2,17,0.94
10,10,17,0
10,11,17,0.46
10,14,17,0.92
10,16,17,0.06
10,18,17,0.45
10,24,17,0.72
10,32,17,0.41
10,33,17,0.59
10,36,17,0.05
10,37,17,0.2
10,45,17,0.46
10,48,17,0.91
10,49,17,0.95
10,53,17,0.19
10,56,17,0.13
10,60,17,0.67
10,69,17,0.7
10,71,17,0.48
10,72,17,0.45
10,78,17,0.1
10,80,17,0.57
10,85,17,0.77
10,99,17,0.36
10,5,11,0.54
10,10,11,0
10,11,11,0.81
10,23,11,0.96
10,24,11,0.83
10,25,11,0.54
10,26,11,0.86
10,28,11,0.68
10,32,11,0.56
10,36,11,0.2
10,38,11,0.59
10,49,11,0.94
10,52,11,0.45
10,72,11,0.21
10,91,11,0.36
10,94,11,0.11
10,6,10,0.15
10,10,10,0
10,14,10,0.66
10,25,10,0.82
10,27,10,0.78
10,28,10,0.94
10,29,10,0.26
10,37,10,0.12
10,55,10,0.43
10,58,10,0.67
10,64,10,0.11
10,65,10,0.87
10,77,10,0.94
10,95,10,0.28
10,99,10,0.83
11,5,7,0.65
11,11,7,0
11,29,7,0.31
11,31,7,0.63
11,33,7,0.54
11,38,7,0.37
11,40,7,0.17
11,43,7,0.35
11,49,7,0.61
11,52,7,0.28
11,69,7,0.5
11,73,7,0.91
11,88,7,0.83
11,96,7,0.5
11,98,7,1.0
11,2,17,0.81
11,10,17,0.55
11,11,17,0
11,14,17,0.18
11,16,17,0.21
11,18,17,0.12
11,24,17,0.6
11,32,17,0.7
11,33,17,0.32
11,36,17,0.17
11,37,17,0.37
11,45,17,0.25
11,48,17,0.29
11,49,17,0.5
11,53,17,0.71
11,56,17,0.82
11,60,17,0.39
11,69,17,0.4
11,71,17,0.92
11,72,17,0.55
11,78,17,0.29
11,80,17,0.87
11,85,17,0.32
11,99,17,0.19
11,5,11,0.4
11,10,11,0.52
11,11,11,0
11,23,11,0.8
11,24,11,0.02
11,25,11,0.72
11,26,11,0.3
11,28,11,0.13
11,32,11,0.9
11,36,11,0.96
11,38,11,0.69
11,49,11,0.09
11,52,11,0.95
11,72,11,0.54
11,91,11,0.95
11,94,11,0.83
12,3,18,0.12
12,8,18,0.16
12,12,18,0
12,16,18,0.73
12,17,18,0.56
12,19,18,0.65
12,25,18,0.21
12,26,18,0.44
12,28,18,0.48
12,58,18,0.14
12,60,18,0.08
12,63,18,0.16
12,71,18,0.99
12,75,18,0.01
12,84,18,0.54
12,89,18,0.93
12,95,18,0.84
12,0,14,0.65
12,7,14,0.96
12,12,14,0
12,16,14,0.35
12,17,14,0.61
12,21,14,0.39
12,28,14,0.85
12,33,14,0.22
12,50,14,0.15
12,53,14,0.4
12,56,14,0.48
12,57,14,0.03
12,59,14,0.39
12,86,14,0.28
12,87,14,0.62
12,90,14,0.59
12,92,14,0.01
12,96,14,0.96
12,2,16,0.19
12,7,16,0.83
12,8,16,0.7
12,9,16,0.21
12,12,16,0
12,34,16,0.09
12,39,16,0.87
12,44,16,0.59
12,50,16,0.61
12,58,16,0.18
12,69,16,0.36
12,70,16,0.58
12,77,16,0.08
12,89,16,0.3
12,92,16,0.21
12,93,16,0.4
12,94,16,0.59
12,96,16,0.46
12,97,16,0.69
12,98,16,0.76
12,12,12,0
12,15,12,0.7
12,22,12,0.67
12,24,12,0.43
12,35,12,0.15
12,42,12,0.61
12,47,12,0.96
12,50,12,0.8
12,54,12,0.62
12,63,12,0.06
12,67,12,0.34
12,68,12,0.44
12,70,12,0.15
12,74,12,0.22
12,83,12,0.91
12,86,12,0.45
12,91,12,0.77
12,99,12,0.23
13,1,15,0.72
13,9,15,0.5
13,13,15,0
13,14,15,0.82
13,27,15,0.01
13,29,15,0.19
13,30,15,0.48
13,35,15,0.93
13,48,15,0.55
13,51,15,0.64
13,57,15,0.59
13,58,15,0.63
13,60,15,0.05
13,61,15,0.5
13,66,15,0.72
13,69,15,0.75
13,77,15,1.0
13,90,15,0.66
13,91,15,0.42
13,5,0,0.87
13,13,0,0
13,18,0,0.58
13,20,0,0.95
13,46,0,0.18
13,57,0,0.48
13,60,0,0.33
13,64,0,0.45
13,88,0,0.8
13,93,0,0.89
13,94,0,0.14
13,4,5,0.86
13,8,5,0.96
13,13,5,0
13,34,5,0.68
13,36,5,0.26
13,49,5,0.4
13,87,5,0.9
14,2,17,0.47
14,10,17,0.81
14,11,17,0.43
14,14,17,0
14,16,17,0.06
14,18,17,0.1
14,24,17,0.6
14,32,17,0.93
14,33,17,0.11
14,36,17,0.51
14,37,17,0.63
14,45,17,0.66
14,48,17,0.66
14,49,17,0.26
14,53,17,0.97
14,56,17,0.2
14,60,17,0.6
14,69,17,0.15
14,71,17,0.88
14,72,17,0.42
14,78,17,0.79
14,80,17,0.26
14,85,17,0.67
14,99,17,0.36
14,1,15,0.32
14,9,15,0.73
14,13,15,0.03
14,14,15,0
14,27,15,0.43
14,29,15,0.28
14,30,15,0.54
14,35,15,0.51
14,48,15,0.15
14,51,15,0.41
14,57,15,0.73
14,58,15,0.15
14,60,15,0.61
14,61,15,0.22
14,66,15,0.54
14,69,15,0.79
14,77,15,0.54
14,90,15,0.94
14,91,15,0.28
14,6,10,0.01
14,10,10,0.74
14,14,10,0
14,25,10,0.83
14,27,10,0.17
14,28,10,0.58
14,29,10,0.85
14,37,10,0.62
14,55,10,0.21
14,58,10,0.58
14,64,10,0.18
14,65,10,0.47
14,77,10,0.88
14,95,10,0.73
14,99,10,0.93
14,6,4,0.92
14,14,4,0
14,23,4,0.58
14,36,4,0.47
14,39,4,0.68
14,41,4,0.59
14,42,4,0.15
14,51,4,0.45
14,55,4,0.59
14,56,4,0.91
14,64,4,0.24
14,75,4,0.2
14,79,4,0.02
14,82,4,0.83
14,90,4,0.75
14,92,4,0.05
14,93,4,0.81
14,97,4,0.59
14,98,4,0.93
15,6,6,0.52
15,15,6,0
15,20,6,0.96
15,22,6,0.98
15,29,6,0.5
15,31,6,0.89
15,42,6,0.65
15,45,6,0.73
15,47,6,0.29
15,50,6,0.78
15,62,6,0.59
15,71,6,0.96
15,75,6,0.64
15,76,6,0.19
15,79,6,0.51
15,95,6,0.37
15,12,12,0.85
15,15,12,0
15,22,12,0.54
15,24,12,0.23
15,35,12,0.15
15,42,12,0.88
15,47,12,0.14
15,50,12,0.12
15,54,12,0.97
15,63,12,0.17
15,67,12,0.12
15,68,12,0.19
15,70,12,0.54
15,74,12,0.02
15,83,12,0.74
15,86,12,0.27
15,91,12,0.92
15,99,12,0.58
16,3,18,0.46
16,8,18,0.02
16,12,18,0.38
16,16,18,0
16,17,18,0.12
16,19,18,0.18
16,25,18,0.79
16,26,18,0.35
16,28,18,0.65
16,58,18,0.21
16,60,18,0.8
16,63,18,0.9
16,71,18,0.33
16,75,18,0.78
16,84,18,0.92
16,89,18,0.91
16,95,18,0.94
16,0,14,0.46
16,7,14,0.08
16,12,14,0.09
16,16,14,0
16,17,14,0.64
16,21,14,0.47
16,28,14,0.91
16,33,14,0.56
16,50,14,0.11
16,53,14,0.78
16,56,14,0.09
16,57,14,0.15
16,59,14,0.64
16,86,14,0.24
16,87,14,0.31
16,90,14,0.78
16,92,14,0.77
16,96,14,0.5
16,0,9,0.99
16,2,9,0.19
16,3,9,0.33
16,9,9,0.65
16,16,9,0
16,25,9,0.53
16,34,9,0.42
16,40,9,0.86
16,41,9,0.83
16,48,9,0.69
16,76,9,0.1
16,78,9,0.69
16,81,9,0.61
16,90,9,0.53
16,2,17,0.03
16,10,17,0.52
16,11,17,0.71
16,14,17,0.17
16,16,17,0
16,18,17,0.38
16,24,17,0.05
16,32,17,0.68
16,33,17,0.57
16,36,17,0.13
16,37,17,0.05
16,45,17,0.99
16,48,17,0.87
16,49,17,0.69
16,53,17,0.82
16,56,17,0.25
16,60,17,0.84
16,69,17,0.59
16,71,17,0.35
16,72,17,0.26
16,78,17,0.7
16,80,17,0.04
16,85,17,1.0
16,99,17,0.73
17,6,8,0.47
17,17,8,0
17,20,8,0.45
17,22,8,0.14
17,24,8,0.73
17,38,8,0.69
17,40,8,0.53
17,55,8,0.95
17,59,8,0.77
17,64,8,0.76
17,70,8,0.84
17,74,8,0.48
17,76,8,0.54
17,78,8,0.72
17,87,8,0.94
17,92,8,0.59
17,94,8,0.04
17,3,18,0.98
17,8,18,0.02
17,12,18,0.45
17,16,18,0.8
17,17,18,0
17,19,18,0.37
17,25,18,0.17
17,26,18,0.62
17,28,18,0.32
17,58,18,0.33
17,60,18,0.05
17,63,18,0.08
17,71,18,0.44
17,75,18,0.02
17,84,18,0.05
17,89,18,0.38
17,95,18,0.52
17,3,2,0.73
17,7,2,0.22
17,17,2,0
17,19,2,0.1
17,21,2,0.29
17,33,2,0.89
17,37,2,0.85
17,46,2,0.82
17,61,2,0.48
17,72,2,0.52
17,82,2,0.85
17,83,2,0.01
17,0,14,0.58
17,7,14,0.9
17,12,14,0.57
17,16,14,0.65
17,17,14,0
17,21,14,0.36
17,28,14,0.62
17,33,14,0.75
17,50,14,0.44
17,53,14,0.64
17,56,14,0.36
17,57,14,0.26
17,59,14,0.33
17,86,14,0.19
17,87,14,0.83
17,90,14,0.97
17,92,14,0.09
17,96,14,0.27
18,0,19,0.15
18,2,19,0.72
18,4,19,1.0
18,18,19,0
18,42,19,0.32
18,43,19,0.22
18,45,19,0.21
18,48,19,0.64
18,51,19,0.81
18,55,19,0.85
18,59,19,0.79
18,62,19,0.22
18,68,19,0.75
18,73,19,0.03
18,78,19,0.55
18,79,19,0.96
18,84,19,0.08
18,86,19,0.18
18,98,19,0.68
18,0,3,0.41
18,1,3,0.22
18,7,3,0.98
18,18,3,0
18,30,3,0.06
18,37,3,0.24
18,54,3,0.25
18,61,3,0.06
18,65,3,0.05
18,71,3,0.74
18,79,3,0.56
18,83,3,0.13
18,91,3,0.56
18,5,0,0.01
18,13,0,0.3
18,18,0,0
18,20,0,0.01
18,46,0,0.69
18,57,0,0.62
18,60,0,0.41
18,64,0,0.12
18,88,0,0.85
18,93,0,0.28
18,94,0,0.43
18,2,17,0.76
18,10,17,0.57
18,11,17,0.81
18,14,17,0.63
18,16,17,0.61
18,18,17,0
18,24,17,0.72
18,32,17,0.13
18,33,17,0.71
18,36,17,0.8
18,37,17,0.15
18,45,17,0.59
18,48,17,0.12
18,49,17,0.64
18,53,17,0.2
18,56,17,0.47
18,60,17,0.0
18,69,17,0.02
18,71,17,0.45
18,72,17,0.97
18,78,17,0.92
18,80,17,0.75
18,85,17,0.53
18,99,17,0.8
19,3,2,0.71
19,7,2,0.77
19,17,2,0.48
19,19,2,0
19,21,2,0.24
19,33,2,0.05
19,37,2,0.18
19,46,2,0.15
19,61,2,0.53
19,72,2,0.13
19,82,2,0.34
19,83,2,0.02
19,3,18,0.51
19,8,18,0.98
19,12,18,0.83
19,16,18,0.85
19,17,18,0.47
19,19,18,0
19,25,18,0.2
19,26,18,0.18
19,28,18,0.83
19,58,18,0.39
19,60,18,0.85
19,63,18,0.26
19,71,18,0.68
19,75,18,0.27
19,84,18,0.75
19,89,18,0.98
19,95,18,0.76
20,5,0,0.23
20,13,0,0.55
20,18,0,0.58
20,20,0,0
20,46,0,0.05
20,57,0,0.89
20,60,0,0.35
20,64,0,0.28
20,88,0,0.26
20,93,0,0.66
20,94,0,0.09
20,6,8,0.92
20,17,8,0.42
20,20,8,0
20,22,8,0.39
20,24,8,0.7
20,38,8,0.12
20,40,8,0.46
20,55,8,0.97
20,59,8,0.24
20,64,8,0.66
20,70,8,0.16
20,74,8,0.44
20,76,8,0.02
20,78,8,0.03
20,87,8,0.07
20,92,8,0.96
20,94,8,0.51
20,20,1,0
20,22,1,0.56
20,44,1,0.1
20,57,1,0.9
20,63,1,0.96
20,67,1,0.33
20,80,1,0.57
20,82,1,0.33
20,85,1,0.77
20,86,1,0.5
20,97,1,0.96
20,99,1,0.54
20,6,6,0.92
20,15,6,0.99
20,20,6,0
20,22,6,0.79
20,29,6,0.19
20,31,6,0.88
20,42,6,0.12
20,45,6,0.16
20,47,6,0.78
20,50,6,0.19
20,62,6,0.32
20,71,6,0.54
20,75,6,0.95
20,76,6,1.0
20,79,6,0.27
20,95,6,0.42
21,0,14,0.54
21,7,14,0.62
21,12,14,0.4
21,16,14,0.1
21,17,14,0.28
21,21,14,0
21,28,14,0.24
21,33,14,0.99
21,50,14,0.23
21,53,14,0.76
21,56,14,0.64
21,57,14,0.99
21,59,14,0.31
21,86,14,0.37
21,87,14,0.34
21,90,14,0.9
21,92,14,0.34
21,96,14,0.48
21,3,2,0.28
21,7,2,0.98
21,17,2,0.27
21,19,2,0.86
21,21,2,0
21,33,2,0.4
21,37,2,0.76
21,46,2,0.78
21,61,2,0.31
21,72,2,0.25
21,82,2,0.12
21,83,2,0.13
22,6,8,0.26
22,17,8,0.08
22,20,8,0.84
22,22,8,0
22,24,8,0.3
22,38,8,0.63
22,40,8,0.29
22,55,8,0.03
22,59,8,0.09
22,64,8,0.33
22,70,8,0.63
22,74,8,0.01
22,76,8,0.2
22,78,8,0.11
22,87,8,0.22
22,92,8,0.98
22,94,8,0.29
22,20,1,0.52
22,22,1,0
22,44,1,0.86
22,57,1,0.19
22,63,1,0.53
22,67,1,0.5
22,80,1,0.32
22,82,1,0.28
22,85,1,0.36
22,86,1,0.85
22,97,1,0.3
22,99,1,0.08
22,12,12,0.23
22,15,12,0.48
22,22,12,0
22,24,12,0.65
22,35,12,0.66
22,42,12,0.01
22,47,12,0.0
22,50,12,0.48
22,54,12,0.89
22,63,12,0.28
22,67,12,0.42
22,68,12,0.33
22,70,12,0.61
22,74,12,0.13
22,83,12,0.74
22,86,12,0.55
22,91,12,0.03
22,99,12,0.35
22,6,6,0.83
22,15,6,0.07
22,20,6,0.28
22,22,6,0
22,29,6,0.32
22,31,6,0.72
22,42,6,0.64
22,45,6,0.06
22,47,6,0.61
22,50,6,0.01
22,62,6,0.41
22,71,6,0.76
22,75,6,0.8
22,76,6,0.85
22,79,6,0.66
22,95,6,0.54
23,6,4,0.84
23,14,4,0.43
23,23,4,0
23,36,4,0.15
23,39,4,0.34
23,41,4,0.88
23,42,4,0.08
23,51,4,0.1
23,55,4,0.75
23,56,4,0.83
23,64,4,0.52
23,75,4,0.46
23,79,4,0.74
23,82,4,0.26
23,90,4,0.37
23,92,4,0.58
23,93,4,1.0
23,97,4,0.62
23,98,4,0.47
23,5,11,0.14
23,10,11,0.84
23,11,11,0.31
23,23,11,0
23,24,11,0.32
23,25,11,0.42
23,26,11,0.89
23,28,11,0.73
23,32,11,0.45
23,36,11,0.54
23,38,11,0.74
23,49,11,0.42
23,52,11,0.07
23,72,11,0.77
23,91,11,0.09
23,94,11,0.93
24,5,11,0.51
24,10,11,0.25
24,11,11,0.58
24,23,11,0.95
24,24,11,0
24,25,11,0.61
24,26,11,0.19
24,28,11,0.69
24,32,11,0.99
24,36,11,0.86
24,38,11,0.02
24,49,11,0.49
24,52,11,0.97
24,72,11,0.31
24,91,11,0.48
24,94,11,0.82
24,12,12,0.96
24,15,12,0.49
24,22,12,0.0
24,24,12,0
24,35,12,0.42
24,42,12,0.42
24,47,12,0.37
24,50,12,0.89
24,54,12,0.2
24,63,12,0.78
24,67,12,0.44
24,68,12,0.98
24,70,12,0.33
24,74,12,0.98
24,83,12,1.0
24,86,12,0.07
24,91,12,0.45
24,99,12,0.1
24,2,17,0.9
24,10,17,0.23
24,11,17,0.07
24,14,17,0.29
24,16,17,0.41
24,18,17,0.71
24,24,17,0
24,32,17,0.76
24,33,17,0.28
24,36,17,0.52
24,37,17,0.57
24,45,17,0.64
24,48,17,0.21
24,49,17,0.47
24,53,17,0.71
24,56,17,0.93
24,60,17,0.89
24,69,17,0.28
24,71,17,0.65
24,72,17,0.88
24,78,17,0.5
24,80,17,0.53
24,85,17,0.18
24,99,17,0.27
24,6,8,0.98
24,17,8,0.84
24,20,8,0.48
24,22,8,1.0
24,24,8,0
24,38,8,0.89
24,40,8,0.05
24,55,8,0.9
24,59,8,0.72
24,64,8,0.16
24,70,8,0.68
24,74,8,0.68
24,76,8,0.28
24,78,8,0.6
24,87,8,0.31
24,92,8,0.1
24,94,8,0.21
25,0,9,0.39
25,2,9,0.09
25,3,9,0.37
25,9,9,0.08
25,16,9,0.78
25,25,9,0
25,34,9,0.08
25,40,9,0.01
25,41,9,0.02
25,48,9,0.71
25,76,9,0.48
25,78,9,0.12
25,81,9,0.38
25,90,9,0.78
25,6,10,0.68
25,10,10,0.39
25,14,10,0.63
25,25,10,0
25,27,10,0.0
25,28,10,0.68
25,29,10,0.24
25,37,10,0.0
25,55,10,0.11
25,58,10,0.46
25,64,10,0.44
25,65,10,0.49
25,77,10,0.69
25,95,10,0.75
25,99,10,0.51
25,5,11,0.17
25,10,11,0.88
25,11,11,0.04
25,23,11,0.34
25,24,11,0.36
25,25,11,0
25,26,11,0.82
25,28,11,0.12
25,32,11,0.84
25,36,11,0.31
25,38,11,0.93
25,49,11,0.12
25,52,11,0.87
25,72,11,0.54
25,91,11,0.71
25,94,11,0.75
25,3,18,0.52
25,8,18,0.4
25,12,18,0.1
25,16,18,0.27
25,17,18,0.02
25,19,18,0.74
25,25,18,0
25,26,18,0.69
25,28,18,0.08
25,58,18,0.68
25,60,18,0.76
25,63,18,0.9
25,71,18,0.46
25,75,18,0.84
25,84,18,0.5
25,89,18,0.7
25,95,18,0.01
26,3,18,0.23
26,8,18,0.93
26,12,18,0.63
26,16,18,0.07
26,17,18,0.31
26,19,18,0.11
26,25,18,0.19
26,26,18,0
26,28,18,1.0
26,58,18,0.41
26,60,18,0.87
26,63,18,0.76
26,71,18,0.27
26,75,18,0.0
26,84,18,0.94
26,89,18,0.28
26,95,18,0.57
26,5,11,0.69
26,10,11,0.81
26,11,11,0.22
26,23,11,0.55
26,24,11,0.33
26,25,11,0.62
26,26,11,0
26,28,11,0.93
26,32,11,0.24
26,36,11,0.95
26,38,11,0.31
26,49,11,0.55
26,52,11,0.01
26,72,11,0.7
26,91,11,0.87
26,94,11,0.77
26,5,13,0.27
26,26,13,0
26,40,13,0.2
26,44,13,0.91
26,52,13,0.37
26,66,13,0.22
26,70,13,0.56
26,74,13,0.28
26,76,13,0.82
26,81,13,0.31
26,84,13,0.28
26,88,13,0.22
26,89,13,0.96
26,93,13,0.31
27,1,15,0.01
27,9,15,0.84
27,13,15,0.38
27,14,15,0.57
27,27,15,0
27,29,15,0.55
27,30,15,0.46
27,35,15,0.61
27,48,15,0.94
27,51,15,0.96
27,57,15,0.25
27,58,15,0.03
27,60,15,0.11
27,61,15,0.07
27,66,15,0.91
27,69,15,0.71
27,77,15,0.87
27,90,15,0.01
27,91,15,0.04
27,6,10,0.58
27,10,10,0.04
27,14,10,0.24
27,25,10,0.43
27,27,10,0
27,28,10,0.91
27,29,10,0.88
27,37,10,0.56
27,55,10,0.46
27,58,10,0.31
27,64,10,0.94
27,65,10,0.25
27,77,10,0.98
27,95,10,0.14
27,99,10,0.45
28,3,18,0.15
28,8,18,0.33
28,12,18,0.3
28,16,18,0.49
28,17,18,0.53
28,19,18,0.82
28,25,18,0.64
28,26,18,0.95
28,28,18,0
28,58,18,0.8
28,60,18,0.0
28,63,18,0.32
28,71,18,0.95
28,75,18,0.56
28,84,18,0.61
28,89,18,0.24
28,95,18,0.45
28,6,10,0.79
28,10,10,0.4
28,14,10,0.3
28,25,10,0.53
28,27,10,0.15
28,28,10,0
28,29,10,0.57
28,37,10,0.47
28,55,10,0.86
28,58,10,0.41
28,64,10,0.49
28,65,10,0.08
28,77,10,0.45
28,95,10,0.63
28,99,10,0.64
28,0,14,0.68
28,7,14,0.62
28,12,14,0.39
28,16,14,0.86
28,17,14,0.02
28,21,14,0.17
28,28,14,0
28,33,14,0.16
28,50,14,0.27
28,53,14,0.9
28,56,14,0.64
28,57,14,0.81
28,59,14,0.36
28,86,14,0.4
28,87,14,0.17
28,90,14,0.4
28,92,14,0.97
28,96,14,0.5
28,5,11,0.0
28,10,11,0.37
28,11,11,0.53
28,23,11,0.48
28,24,11,0.07
28,25,11,0.2
28,26,11,0.3
28,28,11,0
28,32,11,0.92
28,36,11,0.9
28,38,11,0.35
28,49,11,0.37
28,52,11,0.9
28,72,11,0.03
28,91,11,0.43
28,94,11,0.77
29,6,10,0.99
29,10,10,0.35
29,14,10,0.76
29,25,10,0.33
29,27,10,0.27
29,28,10,0.54
29,29,10,0
29,37,10,0.5
29,55,10,0.55
29,58,10,0.28
29,64,10,0.73
29,65,10,0.06
29,77,10,0.25
29,95,10,0.8
29,99,10,0.25
29,1,15,0.54
29,9,15,0.37
29,13,15,0.48
29,14,15,0.23
29,27,15,0.55
29,29,15,0
29,30,15,0.98
29,35,15,0.66
29,48,15,0.27
29,51,15,0.07
29,57,15,0.48
29,58,15,0.24
29,60,15,0.75
29,61,15,0.52
29,66,15,0.09
29,69,15,0.37
29,77,15,0.6
29,90,15,0.66
29,91,15,0.49
29,6,6,0.11
29,15,6,0.45
29,20,6,0.42
29,22,6,0.27
29,29,6,0
29,31,6,0.83
29,42,6,0.15
29,45,6,0.27
29,47,6,0.3
29,50,6,0.49
29,62,6,0.53
29,71,6,0.44
29,75,6,0.82
29,76,6,0.78
29,79,6,0.84
29,95,6,0.45
29,5,7,0.76
29,11,7,0.51
29,29,7,0
29,31,7,0.27
29,33,7,0.83
29,38,7,0.31
29,40,7,0.48
29,43,7,0.7
29,49,7,0.72
29,52,7,0.82
29,69,7,0.05
29,73,7,0.0
29,88,7,0.87
29,96,7,0.8
29,98,7,0.25
30,1,15,0.27
30,9,15,0.83
30,13,15,0.63
30,14,15,0.39
30,27,15,0.84
30,29,15,0.58
30,30,15,0
30,35,15,0.37
30,48,15,0.42
30,51,15,0.5
30,57,15,0.61
30,58,15,0.3
30,60,15,0.35
30,61,15,0.82
30,66,15,0.13
30,69,15,0.05
30,77,15,0.39
30,90,15,0.83
30,91,15,0.62
30,0,3,0.67
30,1,3,0.35
30,7,3,0.72
30,18,3,0.66
30,30,3,0
30,37,3,0.58
30,54,3,0.66
30,61,3,0.58
30,65,3,0.55
30,71,3,0.2
30,79,3,0.4
30,83,3,0.47
30,91,3,0.87
31,6,6,0.8
31,15,6,0.15
31,20,6,0.01
31,22,6,0.94
31,29,6,0.39
31,31,6,0
31,42,6,0.12
31,45,6,0.58
31,47,6,0.42
31,50,6,0.75
31,62,6,0.85
31,71,6,0.4
31,75,6,0.45
31,76,6,0.47
31,79,6,0.45
31,95,6,0.92
31,5,7,0.9
31,11,7,0.18
31,29,7,0.74
31,31,7,0
31,33,7,0.4
31,38,7,0.6
31,40,7,0.44
31,43,7,0.91
31,49,7,0.5
31,52,7,0.13
31,69,7,0.81
31,73,7,0.44
31,88,7,0.38
31,96,7,0.71
31,98,7,0.9
32,5,11,0.51
32,10,11,0.11
32,11,11,0.91
32,23,11,0.6
32,24,11,0.17
32,25,11,0.14
32,26,11,0.97
32,28,11,0.07
32,32,11,0
32,36,11,0.59
32,38,11,0.24
32,49,11,0.84
32,52,11,0.14
32,72,11,0.46
32,91,11,0.4
32,94,11,0.81
32,2,17,0.66
32,10,17,0.86
32,11,17,0.22
32,14,17,0.13
32,16,17,0.45
32,18,17,0.1
32,24,17,0.39
32,32,17,0
32,33,17,0.43
32,36,17,0.21
32,37,17,0.55
32,45,17,0.31
32,48,17,0.61
32,49,17,0.18
32,53,17,0.32
32,56,17,0.49
32,60,17,0.45
32,69,17,0.3
32,71,17,0.36
32,72,17,0.57
32,78,17,0.11
32,80,17,0.34
32,85,17,0.32
32,99,17,0.79
33,0,14,0.39
33,7,14,0.43
33,12,14,0.84
33,16,14,0.97
33,17,14,0.38
33,21,14,0.73
33,28,14,0.89
33,33,14,0
33,50,14,0.74
33,53,14,0.76
33,56,14,0.48
33,57,14,0.48
33,59,14,0.22
33,86,14,0.89
33,87,14,0.34
33,90,14,0.14
33,92,14,0.31
33,96,14,0.99
33,5,7,0.08
33,11,7,0.3
33,29,7,0.59
33,31,7,0.81
33,33,7,0
33,38,7,0.72
33,40,7,0.44
33,43,7,0.17
33,49,7,0.38
33,52,7,0.54
33,69,7,0.47
33,73,7,0.04
33,88,7,0.08
33,96,7,0.75
33,98,7,0.98
33,2,17,0.94
33,10,17,0.51
33,11,17,0.33
33,14,17,0.57
33,16,17,0.4
33,18,17,0.73
33,24,17,0.04
33,32,17,0.1
33,33,17,0
33,36,17,0.83
33,37,17,0.51
33,45,17,0.34
33,48,17,0.31
33,49,17,0.04
33,53,17,0.65
33,56,17,0.17
33,60,17,0.54
33,69,17,0.92
33,71,17,0.87
33,72,17,0.64
33,78,17,0.58
33,80,17,0.42
33,85,17,0.47
33,99,17,0.39
33,3,2,0.95
33,7,2,0.85
33,17,2,0.26
33,19,2,0.83
33,21,2,0.97
33,33,2,0
33,37,2,0.2
33,46,2,0.27
33,61,2,0.54
33,72,2,0.92
33,82,2,0.22
33,83,2,0.78
34,4,5,0.68
34,8,5,0.75
34,13,5,0.4
34,34,5,0
34,36,5,0.15
34,49,5,0.76
34,87,5,0.01
34,2,16,0.45
34,7,16,0.35
34,8,16,0.11
34,9,16,0.77
34,12,16,0.74
34,34,16,0
34,39,16,0.71
34,44,16,0.72
34,50,16,0.59
34,58,16,0.69
34,69,16,0.58
34,70,16,0.83
34,77,16,0.76
34,89,16,0.81
34,92,16,0.73
34,93,16,0.03
34,94,16,0.77
34,96,16,0.67
34,97,16,0.69
34,98,16,0.71
34,0,9,0.39
34,2,9,0.82
34,3,9,0.24
34,9,9,0.88
34,16,9,0.54
34,25,9,0.06
34,34,9,0
34,40,9,0.75
34,41,9,0.46
34,48,9,0.34
34,76,9,0.35
34,78,9,0.15
34,81,9,0.07
34,90,9,0.72
35,12,12,0.47
35,15,12,0.06
35,22,12,0.79
35,24,12,0.67
35,35,12,0
35,42,12,0.98
35,47,12,0.71
35,50,12,0.35
35,54,12,0.86
35,63,12,0.07
35,67,12,0.87
35,68,12,0.84
35,70,12,0.09
35,74,12,0.71
35,83,12,0.65
35,86,12,0.93
35,91,12,0.38
35,99,12,0.26
35,1,15,0.49
35,9,15,0.87
35,13,15,0.89
35,14,15,0.93
35,27,15,0.18
35,29,15,0.36
35,30,15,0.14
35,35,15,0
35,48,15,0.76
35,51,15,0.88
35,57,15,0.21
35,58,15,0.22
35,60,15,0.33
35,61,15,0.22
35,66,15,0.15
35,69,15,0.55
35,77,15,0.97
35,90,15,0.85
35,91,15,0.29
36,2,17,0.27
36,10,17,0.36
36,11,17,0.32
36,14,17,0.86
36,16,17,0.41
36,18,17,0.69
36,24,17,0.72
36,32,17,0.29
36,33,17,0.43
36,36,17,0
36,37,17,0.49
36,45,17,0.75
36,48,17,0.47
36,49,17,0.21
36,53,17,0.12
36,56,17,0.54
36,60,17,0.36
36,69,17,0.59
36,71,17,0.42
36,72,17,0.99
36,78,17,0.6
36,80,17,0.76
36,85,17,0.9
36,99,17,0.99
36,6,4,0.54
36,14,4,0.1
36,23,4,0.77
36,36,4,0
36,39,4,0.53
36,41,4,0.71
36,42,4,0.85
36,51,4,0.1
36,55,4,0.96
36,56,4,0.47
36,64,4,0.3
36,75,4,0.18
36,79,4,0.14
36,82,4,0.52
36,90,4,0.54
36,92,4,0.59
36,93,4,0.37
36,97,4,0.73
36,98,4,0.15
36,5,11,0.97
36,10,11,0.15
36,11,11,0.34
36,23,11,0.11
36,24,11,0.67
36,25,11,0.88
36,26,11,0.91
36,28,11,0.25
36,32,11,0.19
36,36,11,0
36,38,11,0.54
36,49,11,0.34
36,52,11,0.01
36,72,11,0.06
36,91,11,0.3
36,94,11,0.02
36,4,5,0.36
36,8,5,0.76
36,13,5,0.28
36,34,5,0.25
36,36,5,0
36,49,5,0.24
36,87,5,0.96
37,0,3,0.92
37,1,3,0.65
37,7,3,0.45
37,18,3,0.7
37,30,3,0.77
37,37,3,0
37,54,3,0.07
37,61,3,0.58
37,65,3,0.77
37,71,3,0.22
37,79,3,0.04
37,83,3,0.58
37,91,3,0.8
37,6,10,0.9
37,10,10,0.67
37,14,10,0.5
37,25,10,0.45
37,27,10,0.57
37,28,10,0.5
37,29,10,0.52
37,37,10,0
37,55,10,0.5
37,58,10,0.79
37,64,10,0.25
37,65,10,0.8
37,77,10,0.04
37,95,10,0.22
37,99,10,0.59
37,2,17,0.35
37,10,17,0.92
37,11,17,0.42
37,14,17,0.73
37,16,17,0.39
37,18,17,0.85
37,24,17,0.39
37,32,17,0.63
37,33,17,0.7
37,36,17,0.29
37,37,17,0
37,45,17,0.41
37,48,17,0.21
37,49,17,0.91
37,53,17,0.93
37,56,17,0.41
37,60,17,0.65
37,69,17,0.49
37,71,17,0.46
37,72,17,0.75
37,78,17,0.62
37,80,17,0.42
37,85,17,0.55
37,99,17,0.36
37,3,2,0.65
37,7,2,0.57
37,17,2,0.77
37,19,2,0.28
37,21,2,0.72
37,33,2,0.0
37,37,2,0
37,46,2,0.54
37,61,2,0.6
37,72,2,0.17
37,82,2,0.64
37,83,2,0.16
38,5,7,0.35
38,11,7,0.53
38,29,7,0.28
38,31,7,0.37
38,33,7,0.53
38,38,7,0
38,40,7,0.24
38,43,7,0.0
38,49,7,0.27
38,52,7,0.93
38,69,7,0.2
38,73,7,0.69
38,88,7,0.01
38,96,7,0.83
38,98,7,0.46
38,5,11,0.8
38,10,11,0.59
38,11,11,0.16
38,23,11,0.78
38,24,11,0.79
38,25,11,0.39
38,26,11,0.84
38,28,11,0.14
38,32,11,0.74
38,36,11,0.91
38,38,11,0
38,49,11,0.12
38,52,11,0.41
38,72,11,0.56
38,91,11,0.48
38,94,11,0.08
38,6,8,0.28
38,17,8,0.02
38,20,8,0.49
38,22,8,0.37
38,24,8,0.79
38,38,8,0
38,40,8,0.94
38,55,8,0.03
38,59,8,0.45
38,64,8,0.38
38,70,8,0.46
38,74,8,0.04
38,76,8,0.66
38,78,8,0.89
38,87,8,0.06
38,92,8,0.21
38,94,8,0.16
39,2,16,0.2
39,7,16,0.4
39,8,16,0.57
39,9,16,0.39
39,12,16,0.46
39,34,16,0.49
39,39,16,0
39,44,16,0.18
39,50,16,0.31
39,58,16,0.32
39,69,16,0.28
39,70,16,0.39
39,77,16,0.61
39,89,16,0.13
39,92,16,0.55
39,93,16,0.54
39,94,16,0.88
39,96,16,0.6
39,97,16,0.82
39,98,16,0.37
39,6,4,0.2
39,14,4,0.32
39,23,4,0.76
39,36,4,0.88
39,39,4,0
39,41,4,0.07
39,42,4,0.77
39,51,4,0.01
39,55,4,0.72
39,56,4,0.99
39,64,4,0.6
39,75,4,0.04
39,79,4,0.18
39,82,4,0.5
39,90,4,0.54
39,92,4,0.49
39,93,4,0.08
39,97,4,0.02
39,98,4,0.53
40,0,9,0.71
40,2,9,0.87
40,3,9,0.87
40,9,9,0.43
40,16,9,0.85
40,25,9,0.43
40,34,9,0.17
40,40,9,0
40,41,9,0.55
40,48,9,0.66
40,76,9,0.92
40,78,9,0.3
40,81,9,0.52
40,90,9,0.02
40,5,7,0.36
40,11,7,0.76
40,29,7,0.76
40,31,7,0.97
40,33,7,0.13
40,38,7,0.03
40,40,7,0
40,43,7,0.86
40,49,7,0.11
40,52,7,0.37
40,69,7,0.17
40,73,7,0.74
40,88,7,0.21
40,96,7,0.84
40,98,7,0.7
40,5,13,0.82
40,26,13,0.57
40,40,13,0
40,44,13,0.72
40,52,13,0.42
40,66,13,0.14
40,70,13,0.61
40,74,13,0.23
40,76,13,0.17
40,81,13,1.0
40,84,13,0.34
40,88,13,0.51
40,89,13,0.0
40,93,13,0.76
40,6,8,0.43
40,17,8,0.58
40,20,8,0.29
40,22,8,0.4
40,24,8,0.08
40,38,8,0.74
40,40,8,0
40,55,8,0.72
40,59,8,0.59
40,64,8,0.35
40,70,8,0.6
40,74,8,0.96
40,76,8,0.33
40,78,8,0.15
40,87,8,0.19
40,92,8,0.34
40,94,8,0.19
41,0,9,0.34
41,2,9,0.43
41,3,9,0.25
41,9,9,0.82
41,16,9,0.46
41,25,9,0.14
41,34,9,0.55
41,40,9,0.5
41,41,9,0
41,48,9,0.08
41,76,9,0.77
41,78,9,0.68
41,81,9,0.82
41,90,9,0.21
41,6,4,0.19
41,14,4,0.19
41,23,4,0.1
41,36,4,0.04
41,39,4,0.5
41,41,4,0
41,42,4,0.73
41,51,4,0.64
41,55,4,0.98
41,56,4,0.33
41,64,4,0.75
41,75,4,0.93
41,79,4,0.99
41,82,4,0.48
41,90,4,0.18
41,92,4,0.94
41,93,4,0.65
41,97,4,0.81
41,98,4,0.25
42,6,4,0.17
42,14,4,0.8
42,23,4,0.11
42,36,4,0.17
42,39,4,0.14
42,41,4,0.09
42,42,4,0
42,51,4,0.86
42,55,4,0.94
42,56,4,0.95
42,64,4,0.04
42,75,4,0.38
42,79,4,0.79
42,82,4,0.78
42,90,4,0.54
42,92,4,0.25
42,93,4,0.42
42,97,4,0.36
42,98,4,0.25
42,12,12,0.97
42,15,12,0.28
42,22,12,0.93
42,24,12,0.02
42,35,12,0.08
42,42,12,0
42,47,12,0.29
42,50,12,0.57
42,54,12,0.23
42,63,12,0.93
42,67,12,0.48
42,68,12,0.26
42,70,12,0.9
42,74,12,0.77
42,83,12,0.75
42,86,12,0.4
42,91,12,0.43
42,99,12,0.63
42,0,19,0.47
42,2,19,0.3
42,4,19,0.55
42,18,19,0.0
42,42,19,0
42,43,19,0.87
42,45,19,0.35
42,48,19,0.37
42,51,19,0.39
42,55,19,0.75
42,59,19,0.74
42,62,19,0.77
42,68,19,0.26
42,73,19,0.29
42,78,19,0.44
42,79,19,0.38
42,84,19,0.82
42,86,19,0.36
42,98,19,0.88
42,6,6,0.87
42,15,6,0.41
42,20,6,0.76
42,22,6,0.02
42,29,6,0.58
42,31,6,0.58
42,42,6,0
42,45,6,0.88
42,47,6,0.29
42,50,6,0.43
42,62,6,0.69
42,71,6,0.18
42,75,6,0.04
42,76,6,0.48
42,79,6,0.61
42,95,6,0.53
43,5,7,0.42
43,11,7,0.0
43,29,7,0.52
43,31,7,0.54
43,33,7,0.94
43,38,7,0.02
43,40,7,0.42
43,43,7,0
43,49,7,0.67
43,52,7,0.75
43,69,7,0.61
43,73,7,0.24
43,88,7,0.15
43,96,7,0.36
43,98,7,0.25
43,0,19,0.2
43,2,19,0.71
43,4,19,0.8
43,18,19,0.61
43,42,19,0.24
43,43,19,0
43,45,19,0.43
43,48,19,0.79
43,51,19,0.29
43,55,19,0.88
43,59,19,0.98
43,62,19,0.57
43,68,19,0.93
43,73,19,0.98
43,78,19,0.33
43,79,19,0.51
43,84,19,0.54
43,86,19,0.65
43,98,19,0.34
44,5,13,0.24
44,26,13,0.55
44,40,13,0.41
44,44,13,0
44,52,13,0.53
44,66,13,0.67
44,70,13,0.98
44,74,13,0.48
44,76,13,0.86
44,81,13,0.53
44,84,13,0.3
44,88,13,0.32
44,89,13,0.59
44,93,13,0.74
44,2,16,0.26
44,7,16,0.7
44,8,16,0.88
44,9,16,0.32
44,12,16,0.56
44,34,16,0.77
44,39,16,0.64
44,44,16,0
44,50,16,0.28
44,58,16,0.52
44,69,16,0.28
44,70,16,0.71
44,77,16,0.23
44,89,16,0.87
44,92,16,0.57
44,93,16,0.56
44,94,16,0.89
44,96,16,0.32
44,97,16,0.08
44,98,16,0.86
44,20,1,0.4
44,22,1,0.72
44,44,1,0
44,57,1,0.25
44,63,1,0.74
44,67,1,0.34
44,80,1,0.03
44,82,1,0.08
44,85,1,0.6
44,86,1,0.22
44,97,1,0.49
44,99,1,0.05
45,6,6,0.93
45,15,6,0.25
45,20,6,0.42
45,22,6,0.69
45,29,6,0.03
45,31,6,0.18
45,42,6,0.76
45,45,6,0
45,47,6,0.84
45,50,6,0.77
45,62,6,0.07
45,71,6,0.36
45,75,6,0.41
45,76,6,0.83
45,79,6,0.1
45,95,6,0.32
45,2,17,0.07
45,10,17,0.88
45,11,17,0.15
45,14,17,0.46
45,16,17,0.52
45,18,17,0.24
45,24,17,0.07
45,32,17,0.46
45,33,17,0.78
45,36,17,0.27
45,37,17,0.3
45,45,17,0
45,48,17,0.07
45,49,17,0.31
45,53,17,0.68
45,56,17,0.13
45,60,17,0.69
45,69,17,0.83
45,71,17,0.55
45,72,17,0.42
45,78,17,0.71
45,80,17,0.88
45,85,17,0.73
45,99,17,0.78
45,0,19,0.07
45,2,19,0.04
45,4,19,0.57
45,18,19,0.91
45,42,19,0.01
45,43,19,0.17
45,45,19,0
45,48,19,0.7
45,51,19,0.15
45,55,19,0.05
45,59,19,0.86
45,62,19,0.78
45,68,19,0.36
45,73,19,0.54
45,78,19,0.83
45,79,19,0.36
45,84,19,0.86
45,86,19,0.64
45,98,19,0.33
46,5,0,0.86
46,13,0,0.83
46,18,0,0.52
46,20,0,0.76
46,46,0,0
46,57,0,0.35
46,60,0,0.73
46,64,0,0.74
46,88,0,0.59
46,93,0,0.54
46,94,0,0.41
46,3,2,0.63
46,7,2,0.6
46,17,2,0.95
46,19,2,0.48
46,21,2,0.45
46,33,2,0.86
46,37,2,0.01
46,46,2,0
46,61,2,0.21
46,72,2,0.5
46,82,2,0.45
46,83,2,0.89
47,6,6,0.51
47,15,6,0.03
47,20,6,0.1
47,22,6,0.2
47,29,6,0.48
47,31,6,0.99
47,42,6,0.51
47,45,6,0.36
47,47,6,0
47,50,6,0.47
47,62,6,0.94
47,71,6,0.97
47,75,6,0.2
47,76,6,0.02
47,79,6,0.86
47,95,6,0.65
47,12,12,0.68
47,15,12,0.45
47,22,12,0.31
47,24,12,0.06
47,35,12,0.96
47,42,12,0.73
47,47,12,0
47,50,12,0.65
47,54,12,0.25
47,63,12,0.44
47,67,12,0.47
47,68,12,0.26
47,70,12,0.96
47,74,12,0.98
47,83,12,0.21
47,86,12,0.89
47,91,12,0.96
47,99,12,0.64
48,1,15,0.1
48,9,15,0.09
48,13,15,0.45
48,14,15,0.47
48,27,15,0.68
48,29,15,0.85
48,30,15,0.32
48,35,15,0.41
48,48,15,0
48,51,15,0.92
48,57,15,0.71
48,58,15,0.23
48,60,15,0.52
48,61,15,0.5
48,66,15,0.44
48,69,15,0.86
48,77,15,0.61
48,90,15,0.31
48,91,15,0.49
48,0,9,0.84
48,2,9,0.96
48,3,9,0.99
48,9,9,0.71
48,16,9,0.66
48,25,9,0.93
48,34,9,0.57
48,40,9,0.73
48,41,9,0.98
48,48,9,0
48,76,9,0.93
48,78,9,0.99
48,81,9,0.61
48,90,9,0.3
48,2,17,0.24
48,10,17,0.91
48,11,17,0.68
48,14,17,0.19
48,16,17,0.14
48,18,17,0.61
48,24,17,0.74
48,32,17,0.72
48,33,17,0.93
48,36,17,0.27
48,37,17,0.26
48,45,17,0.98
48,48,17,0
48,49,17,0.21
48,53,17,0.97
48,56,17,0.28
48,60,17,0.28
48,69,17,0.01
48,71,17,0.92
48,72,17,0.02
48,78,17,0.94
48,80,17,0.89
48,85,17,0.53
48,99,17,0.93
48,0,19,0.84
48,2,19,0.5
48,4,19,0.38
48,18,19,0.96
48,42,19,0.14
48,43,19,0.44
48,45,19,0.45
48,48,19,0
48,51,19,0.56
48,55,19,0.61
48,59,19,0.9
48,62,19,0.03
48,68,19,0.94
48,73,19,0.56
48,78,19,0.76
48,79,19,0.83
48,84,19,0.37
48,86,19,0.98
48,98,19,0.21
49,5,7,0.08
49,11,7,0.78
49,29,7,0.57
49,31,7,0.99
49,33,7,0.89
49,38,7,0.89
49,40,7,0.1
49,43,7,0.01
49,49,7,0
49,52,7,0.97
49,69,7,0.7
49,73,7,0.59
49,88,7,0.9
49,96,7,0.41
49,98,7,0.9
49,2,17,0.35
49,10,17,0.07
49,11,17,0.06
49,14,17,0.65
49,16,17,0.74
49,18,17,0.5
49,24,17,0.41
49,32,17,0.42
49,33,17,0.71
49,36,17,0.01
49,37,17,0.5
49,45,17,0.37
49,48,17,0.15
49,49,17,0
49,53,17,0.48
49,56,17,0.05
49,60,17,0.59
49,69,17,0.74
49,71,17,0.62
49,72,17,0.2
49,78,17,0.52
49,80,17,0.84
49,85,17,0.5
49,99,17,0.35
49,5,11,0.74
49,10,11,0.81
49,11,11,0.87
49,23,11,0.42
49,24,11,0.57
49,25,11,0.31
49,26,11,0.18
49,28,11,0.86
49,32,11,0.61
49,36,11,0.55
49,38,11,0.57
49,49,11,0
49,52,11,0.53
49,72,11,0.47
49,91,11,0.43
49,94,11,0.96
49,4,5,0.83
49,8,5,0.53
49,13,5,0.93
49,34,5,0.46
49,36,5,0.06
49,49,5,0
49,87,5,0.42
50,12,12,0.09
50,15,12,0.93
50,22,12,0.04
50,24,12,0.54
50,35,12,0.84
50,42,12,0.34
50,47,12,0.26
50,50,12,0
50,54,12,0.12
50,63,12,0.04
50,67,12,0.48
50,68,12,0.28
50,70,12,0.29
50,74,12,0.48
50,83,12,0.12
50,86,12,0.69
50,91,12,0.03
50,99,12,0.25
50,6,6,0.61
50,15,6,0.95
50,20,6,0.46
50,22,6,0.77
50,29,6,0.18
50,31,6,0.57
50,42,6,0.53
50,45,6,0.72
50,47,6,0.06
50,50,6,0
50,62,6,0.41
50,71,6,0.83
50,75,6,0.74
50,76,6,0.55
50,79,6,0.02
50,95,6,0.29
50,2,16,0.87
50,7,16,0.02
50,8,16,0.71
50,9,16,0.2
50,12,16,0.09
50,34,16,0.26
50,39,16,0.73
50,44,16,0.73
50,50,16,0
50,58,16,0.57
50,69,16,0.46
50,70,16,0.44
50,77,16,0.7
50,89,16,0.25
50,92,16,0.71
50,93,16,0.51
50,94,16,0.49
50,96,16,0.79
50,97,16,0.82
50,98,16,0.75
50,0,14,0.87
50,7,14,0.93
50,12,14,0.84
50,16,14,0.87
50,17,14,0.43
50,21,14,0.34
50,28,14,0.88
50,33,14,0.31
50,50,14,0
50,53,14,0.5
50,56,14,0.88
50,57,14,0.84
50,59,14,0.15
50,86,14,0.08
50,87,14,0.15
50,90,14,0.28
50,92,14,0.78
50,96,14,0.26
51,6,4,0.24
51,14,4,0.74
51,23,4,0.38
51,36,4,0.27
51,39,4,0.31
51,41,4,0.75
51,42,4,0.32
51,51,4,0
51,55,4,0.3
51,56,4,0.68
51,64,4,0.48
51,75,4,0.59
51,79,4,0.51
51,82,4,0.09
51,90,4,0.61
51,92,4,0.77
51,93,4,0.76
51,97,4,0.05
51,98,4,0.3
51,0,19,0.68
51,2,19,0.82
51,4,19,0.98
51,18,19,0.39
51,42,19,0.56
51,43,19,0.67
51,45,19,0.09
51,48,19,0.1
51,51,19,0
51,55,19,0.44
51,59,19,0.16
51,62,19,0.47
51,68,19,0.37
51,73,19,0.2
51,78,19,0.59
51,79,19,0.48
51,84,19,0.11
51,86,19,0.23
51,98,19,0.88
51,1,15,0.33
51,9,15,0.68
51,13,15,0.22
51,14,15,0.96
51,27,15,0.54
51,29,15,0.53
51,30,15,0.76
51,35,15,0.86
51,48,15,0.69
51,51,15,0
51,57,15,0.53
51,58,15,0.79
51,60,15,0.86
51,61,15,0.98
51,66,15,0.56
51,69,15,0.57
51,77,15,0.59
51,90,15,0.58
51,91,15,0.21
52,5,7,0.24
52,11,7,0.49
52,29,7,0.42
52,31,7,0.59
52,33,7,0.93
52,38,7,0.56
52,40,7,0.87
52,43,7,0.26
52,49,7,0.42
52,52,7,0
52,69,7,0.01
52,73,7,0.15
52,88,7,0.1
52,96,7,0.24
52,98,7,0.03
52,5,11,0.45
52,10,11,0.31
52,11,11,0.33
52,23,11,0.4
52,24,11,0.6
52,25,11,0.26
52,26,11,0.66
52,28,11,0.72
52,32,11,0.46
52,36,11,0.62
52,38,11,0.63
52,49,11,0.5
52,52,11,0
52,72,11,0.58
52,91,11,0.48
52,94,11,0.95
52,5,13,0.76
52,26,13,0.19
52,40,13,0.96
52,44,13,0.96
52,52,13,0
52,66,13,0.16
52,70,13,0.17
52,74,13,0.95
52,76,13,0.78
52,81,13,0.05
52,84,13,0.04
52,88,13,0.01
52,89,13,0.1
52,93,13,0.43
53,0,14,0.08
53,7,14,0.01
53,12,14,0.48
53,16,14,0.97
53,17,14,0.49
53,21,14,0.09
53,28,14,0.26
53,33,14,0.65
53,50,14,0.36
53,53,14,0
53,56,14,0.8
53,57,14,0.84
53,59,14,0.35
53,86,14,0.88
53,87,14,0.05
53,90,14,0.07
53,92,14,0.92
53,96,14,0.26
53,2,17,0.52
53,10,17,0.89
53,11,17,0.63
53,14,17,0.8
53,16,17,0.27
53,18,17,0.85
53,24,17,0.2
53,32,17,0.86
53,33,17,0.27
53,36,17,0.7
53,37,17,0.16
53,45,17,0.38
53,48,17,0.81
53,49,17,0.88
53,53,17,0
53,56,17,0.36
53,60,17,0.48
53,69,17,0.64
53,71,17,0.47
53,72,17,0.65
53,78,17,0.57
53,80,17,0.91
53,85,17,0.45
53,99,17,0.18
54,0,3,0.75
54,1,3,0.53
54,7,3,0.32
54,18,3,0.25
54,30,3,0.15
54,37,3,0.56
54,54,3,0
54,61,3,0.88
54,65,3,0.88
54,71,3,0.8
54,79,3,0.31
54,83,3,0.37
54,91,3,0.35
54,12,12,0.27
54,15,12,0.9
54,22,12,0.7
54,24,12,0.04
54,35,12,0.18
54,42,12,0.67
54,47,12,0.75
54,50,12,0.38
54,54,12,0
54,63,12,0.05
54,67,12,0.92
54,68,12,0.28
54,70,12,0.93
54,74,12,0.47
54,83,12,0.79
54,86,12,0.96
54,91,12,0.12
54,99,12,0.28
55,6,4,0.48
55,14,4,0.26
55,23,4,0.8
55,36,4,0.34
55,39,4,0.49
55,41,4,0.03
55,42,4,0.69
55,51,4,0.83
55,55,4,0
55,56,4,0.77
55,64,4,0.33
55,75,4,0.0
55,79,4,0.76
55,82,4,0.58
55,90,4,0.97
55,92,4,0.85
55,93,4,0.79
55,97,4,0.65
55,98,4,0.43
55,6,8,0.87
55,17,8,0.23
55,20,8,0.03
55,22,8,0.42
55,24,8,0.01
55,38,8,0.27
55,40,8,0.11
55,55,8,0
55,59,8,0.52
55,64,8,0.62
55,70,8,0.63
55,74,8,0.46
55,76,8,0.08
55,78,8,0.53
55,87,8,0.4
55,92,8,0.22
55,94,8,0.15
55,0,19,0.62
55,2,19,0.84
55,4,19,0.27
55,18,19,0.19
55,42,19,0.93
55,43,19,0.01
55,45,19,0.44
55,48,19,0.56
55,51,19,0.02
55,55,19,0
55,59,19,0.62
55,62,19,0.29
55,68,19,0.94
55,73,19,0.15
55,78,19,0.59
55,79,19,0.98
55,84,19,0.39
55,86,19,0.34
55,98,19,0.0
55,6,10,0.18
55,10,10,0.57
55,14,10,0.07
55,25,10,0.63
55,27,10,0.85
55,28,10,0.04
55,29,10,0.49
55,37,10,0.77
55,55,10,0
55,58,10,0.24
55,64,10,0.45
55,65,10,0.21
55,77,10,0.03
55,95,10,0.45
55,99,10,0.14
56,0,14,0.33
56,7,14,0.65
56,12,14,0.94
56,16,14,0.75
56,17,14,0.59
56,21,14,0.56
56,28,14,0.44
56,33,14,0.14
56,50,14,0.54
56,53,14,0.24
56,56,14,0
56,57,14,0.83
56,59,14,0.61
56,86,14,0.05
56,87,14,0.19
56,90,14,0.19
56,92,14,0.42
56,96,14,0.96
56,2,17,0.69
56,10,17,0.18
56,11,17,0.32
56,14,17,0.85
56,16,17,0.79
56,18,17,0.23
56,24,17,0.2
56,32,17,0.12
56,33,17,0.35
56,36,17,0.46
56,37,17,0.05
56,45,17,0.59
56,48,17,0.54
56,49,17,0.73
56,53,17,0.41
56,56,17,0
56,60,17,0.06
56,69,17,0.49
56,71,17,0.73
56,72,17,0.56
56,78,17,0.51
56,80,17,0.67
56,85,17,0.31
56,99,17,0.02
56,6,4,0.56
56,14,4,0.38
56,23,4,0.54
56,36,4,0.21
56,39,4,0.51
56,41,4,0.72
56,42,4,0.05
56,51,4,0.99
56,55,4,0.41
56,56,4,0
56,64,4,0.38
56,75,4,0.55
56,79,4,0.21
56,82,4,0.09
56,90,4,0.85
56,92,4,0.3
56,93,4,0.73
56,97,4,0.86
56,98,4,0.52
57,20,1,0.68
57,22,1,0.68
57,44,1,0.67
57,57,1,0
57,63,1,0.13
57,67,1,0.77
57,80,1,0.95
57,82,1,0.45
57,85,1,0.3
57,86,1,0.14
57,97,1,0.52
57,99,1,0.87
57,0,14,0.49
57,7,14,0.26
57,12,14,0.08
57,16,14,0.37
57,17,14,0.35
57,21,14,0.22
57,28,14,0.02
57,33,14,0.39
57,50,14,0.51
57,53,14,0.55
57,56,14,0.89
57,57,14,0
57,59,14,0.92
57,86,14,0.05
57,87,14,0.56
57,90,14,0.81
57,92,14,0.68
57,96,14,0.88
57,5,0,0.51
57,13,0,0.42
57,18,0,0.52
57,20,0,0.85
57,46,0,0.84
57,57,0,0
57,60,0,0.61
57,64,0,0.52
57,88,0,0.87
57,93,0,0.59
57,94,0,0.98
57,1,15,0.92
57,9,15,0.61
57,13,15,0.81
57,14,15,0.64
57,27,15,0.48
57,29,15,0.5
57,30,15,0.41
57,35,15,0.17
57,48,15,0.73
57,51,15,0.68
57,57,15,0
57,58,15,0.28
57,60,15,0.98
57,61,15,0.84
57,66,15,0.65
57,69,15,0.92
57,77,15,0.51
57,90,15,0.87
57,91,15,0.75
58,1,15,0.68
58,9,15,0.39
58,13,15,0.03
58,14,15,0.76
58,27,15,0.62
58,29,15,0.73
58,30,15,0.84
58,35,15,0.32
58,48,15,0.04
58,51,15,0.66
58,57,15,0.28
58,58,15,0
58,60,15,0.86
58,61,15,0.54
58,66,15,0.9
58,69,15,0.99
58,77,15,0.84
58,90,15,0.17
58,91,15,0.91
58,2,16,0.22
58,7,16,0.43
58,8,16,0.27
58,9,16,0.22
58,12,16,0.84
58,34,16,0.77
58,39,16,0.27
58,44,16,0.71
58,50,16,0.24
58,58,16,0
58,69,16,0.62
58,70,16,0.09
58,77,16,0.14
58,89,16,0.67
58,92,16,0.18
58,93,16,0.27
58,94,16,0.19
58,96,16,0.13
58,97,16,0.46
58,98,16,0.06
58,6,10,0.26
58,10,10,0.82
58,14,10,0.77
58,25,10,0.93
58,27,10,0.61
58,28,10,0.49
58,29,10,0.94
58,37,10,0.72
58,55,10,0.55
58,58,10,0
58,64,10,0.76
58,65,10,0.57
58,77,10,0.75
58,95,10,0.52
58,99,10,0.79
58,3,18,0.91
58,8,18,0.98
58,12,18,0.89
58,16,18,0.01
58,17,18,0.12
58,19,18,0.53
58,25,18,0.81
58,26,18,0.67
58,28,18,0.59
58,58,18,0
58,60,18,0.14
58,63,18,0.55
58,71,18,0.48
58,75,18,0.03
58,84,18,0.45
58,89,18,0.0
58,95,18,0.19
59,0,14,0.53
59,7,14,0.08
59,12,14,0.17
59,16,14,0.94
59,17,14,0.61
59,21,14,0.53
59,28,14,0.89
59,33,14,0.29
59,50,14,1.0
59,53,14,0.31
59,56,14,0.87
59,57,14,0.77
59,59,14,0
59,86,14,0.75
59,87,14,0.85
59,90,14,0.17
59,92,14,0.63
59,96,14,0.57
59,0,19,0.79
59,2,19,0.34
59,4,19,0.96
59,18,19,0.02
59,42,19,0.17
59,43,19,0.64
59,45,19,0.29
59,48,19,0.46
59,51,19,0.5
59,55,19,0.32
59,59,19,0
59,62,19,0.46
59,68,19,0.98
59,73,19,0.02
59,78,19,0.24
59,79,19,0.45
59,84,19,0.21
59,86,19,0.19
59,98,19,0.08
59,6,8,0.97
59,17,8,0.51
59,20,8,0.47
59,22,8,0.91
59,24,8,0.75
59,38,8,0.69
59,40,8,0.32
59,55,8,0.8
59,59,8,0
59,64,8,0.23
59,70,8,0.96
59,74,8,0.79
59,76,8,0.89
59,78,8,0.73
59,87,8,0.14
59,92,8,0.88
59,94,8,0.2
60,5,0,0.06
60,13,0,0.7
60,18,0,0.76
60,20,0,0.63
60,46,0,0.13
60,57,0,0.35
60,60,0,0
60,64,0,0.03
60,88,0,0.42
60,93,0,0.24
60,94,0,0.33
60,3,18,0.39
60,8,18,0.51
60,12,18,0.43
60,16,18,0.88
60,17,18,0.32
60,19,18,0.73
60,25,18,0.57
60,26,18,0.09
60,28,18,0.92
60,58,18,0.25
60,60,18,0
60,63,18,0.11
60,71,18,0.57
60,75,18,0.6
60,84,18,0.4
60,89,18,0.65
60,95,18,0.31
60,1,15,0.98
60,9,15,0.99
60,13,15,0.1
60,14,15,0.15
60,27,15,0.48
60,29,15,0.97
60,30,15,0.67
60,35,15,0.01
60,48,15,0.69
60,51,15,0.68
60,57,15,0.01
60,58,15,0.57
60,60,15,0
60,61,15,0.73
60,66,15,0.6
60,69,15,0.45
60,77,15,0.01
60,90,15,0.04
60,91,15,0.34
60,2,17,0.56
60,10,17,0.05
60,11,17,0.23
60,14,17,0.32
60,16,17,0.78
60,18,17,0.54
60,24,17,0.83
60,32,17,0.69
60,33,17,0.92
60,36,17,0.98
60,37,17,0.47
60,45,17,0.15
60,48,17,0.24
60,49,17,0.66
60,53,17,0.33
60,56,17,0.74
60,60,17,0
60,69,17,0.23
60,71,17,0.83
60,72,17,0.65
60,78,17,0.33
60,80,17,0.51
60,85,17,0.49
60,99,17,0.11
61,0,3,0.38
61,1,3,0.75
61,7,3,0.64
61,18,3,0.08
61,30,3,0.11
61,37,3,0.75
61,54,3,0.06
61,61,3,0
61,65,3,0.75
61,71,3,0.82
61,79,3,0.64
61,83,3,0.53
61,91,3,0.55
61,1,15,0.73
61,9,15,0.04
61,13,15,0.08
61,14,15,0.28
61,27,15,0.25
61,29,15,0.12
61,30,15,0.19
61,35,15,0.01
61,48,15,0.7
61,51,15,0.48
61,57,15,0.78
61,58,15,0.68
61,60,15,0.6
61,61,15,0
61,66,15,0.82
61,69,15,0.63
61,77,15,0.08
61,90,15,0.66
61,91,15,0.32
61,3,2,0.65
61,7,2,0.43
61,17,2,0.76
61,19,2,0.27
61,21,2,0.11
61,33,2,0.3
61,37,2,0.93
61,46,2,0.48
61,61,2,0
61,72,2,0.81
61,82,2,0.25
61,83,2,0.33
62,6,6,0.91
62,15,6,0.3
62,20,6,0.19
62,22,6,0.93
62,29,6,0.66
62,31,6,0.54
62,42,6,0.73
62,45,6,0.43
62,47,6,0.55
62,50,6,0.13
62,62,6,0
62,71,6,0.48
62,75,6,0.46
62,76,6,0.33
62,79,6,0.03
62,95,6,0.23
62,0,19,0.57
62,2,19,0.7
62,4,19,0.42
62,18,19,0.77
62,42,19,0.27
62,43,19,0.58
62,45,19,0.65
62,48,19,0.24
62,51,19,0.79
62,55,19,0.56
62,59,19,0.32
62,62,19,0
62,68,19,0.27
62,73,19,0.71
62,78,19,0.09
62,79,19,0.84
62,84,19,0.04
62,86,19,0.01
62,98,19,0.58
63,12,12,0.6
63,15,12,0.9
63,22,12,0.93
63,24,12,0.66
63,35,12,0.39
63,42,12,0.97
63,47,12,0.02
63,50,12,0.41
63,54,12,0.76
63,63,12,0
63,67,12,0.23
63,68,12,0.17
63,70,12,0.78
63,74,12,0.95
63,83,12,0.66
63,86,12,0.43
63,91,12,0.95
63,99,12,0.39
63,20,1,0.17
63,22,1,0.46
63,44,1,0.22
63,57,1,0.42
63,63,1,0
63,67,1,0.71
63,80,1,0.91
63,82,1,0.08
63,85,1,0.69
63,86,1,0.46
63,97,1,0.67
63,99,1,0.12
63,3,18,0.32
63,8,18,0.9
63,12,18,0.21
63,16,18,0.3
63,17,18,0.22
63,19,18,0.14
63,25,18,0.5
63,26,18,0.09
63,28,18,0.14
63,58,18,0.42
63,60,18,0.47
63,63,18,0
63,71,18,0.16
63,75,18,0.0
63,84,18,0.32
63,89,18,0.13
63,95,18,0.77
64,5,0,0.1
64,13,0,0.84
64,18,0,0.64
64,20,0,0.3
64,46,0,0.08
64,57,0,0.47
64,60,0,0.6
64,64,0,0
64,88,0,0.56
64,93,0,1.0
64,94,0,0.46
64,6,8,0.62
64,17,8,0.15
64,20,8,0.62
64,22,8,0.73
64,24,8,0.32
64,38,8,0.33
64,40,8,0.57
64,55,8,0.71
64,59,8,0.47
64,64,8,0
64,70,8,0.11
64,74,8,0.55
64,76,8,0.18
64,78,8,0.67
64,87,8,0.48
64,92,8,0.64
64,94,8,0.64
64,6,10,0.98
64,10,10,0.15
64,14,10,0.52
64,25,10,0.36
64,27,10,0.69
64,28,10,0.55
64,29,10,0.25
64,37,10,0.64
64,55,10,0.25
64,58,10,0.65
64,64,10,0
64,65,10,0.91
64,77,10,0.6
64,95,10,0.94
64,99,10,0.19
64,6,4,0.39
64,14,4,0.47
64,23,4,0.17
64,36,4,0.97
64,39,4,0.2
64,41,4,0.52
64,42,4,0.6
64,51,4,0.3
64,55,4,0.84
64,56,4,0.53
64,64,4,0
64,75,4,0.71
64,79,4,0.73
64,82,4,0.61
64,90,4,0.49
64,92,4,0.93
64,93,4,1.0
64,97,4,0.85
64,98,4,0.8
65,6,10,0.29
65,10,10,0.23
65,14,10,0.42
65,25,10,1.0
65,27,10,0.87
65,28,10,0.92
65,29,10,0.96
65,37,10,0.25
65,55,10,0.89
65,58,10,0.56
65,64,10,0.6
65,65,10,0
65,77,10,0.76
65,95,10,0.23
65,99,10,0.57
65,0,3,0.75
65,1,3,0.62
65,7,3,0.59
65,18,3,0.5
65,30,3,0.03
65,37,3,0.41
65,54,3,0.97
65,61,3,0.08
65,65,3,0
65,71,3,0.33
65,79,3,0.35
65,83,3,0.33
65,91,3,0.34
66,1,15,0.21
66,9,15,0.39
66,13,15,0.34
66,14,15,0.22
66,27,15,0.3
66,29,15,0.35
66,30,15,0.5
66,35,15,0.62
66,48,15,0.43
66,51,15,0.23
66,57,15,0.02
66,58,15,0.75
66,60,15,0.36
66,61,15,0.8
66,66,15,0
66,69,15,0.18
66,77,15,0.73
66,90,15,0.69
66,91,15,0.46
66,5,13,0.52
66,26,13,0.18
66,40,13,0.61
66,44,13,0.81
66,52,13,0.99
66,66,13,0
66,70,13,0.41
66,74,13,0.94
66,76,13,1.0
66,81,13,0.71
66,84,13,0.27
66,88,13,0.93
66,89,13,0.01
66,93,13,0.4
67,20,1,0.87
67,22,1,0.92
67,44,1,0.53
67,57,1,0.4
67,63,1,0.73
67,67,1,0
67,80,1,0.84
67,82,1,0.99
67,85,1,0.7
67,86,1,0.82
67,97,1,0.35
67,99,1,0.06
67,12,12,0.83
67,15,12,0.97
67,22,12,0.93
67,24,12,0.91
67,35,12,0.52
67,42,12,0.12
67,47,12,0.32
67,50,12,0.38
67,54,12,0.86
67,63,12,0.88
67,67,12,0
67,68,12,0.22
67,70,12,0.19
67,74,12,0.75
67,83,12,0.79
67,86,12,0.53
67,91,12,0.51
67,99,12,0.37
68,12,12,0.1
68,15,12,0.36
68,22,12,0.82
68,24,12,0.99
68,35,12,0.34
68,42,12,0.31
68,47,12,0.19
68,50,12,0.74
68,54,12,0.26
68,63,12,0.95
68,67,12,0.79
68,68,12,0
68,70,12,0.25
68,74,12,0.45
68,83,12,0.6
68,86,12,0.97
68,91,12,0.15
68,99,12,0.52
68,0,19,0.28
68,2,19,0.17
68,4,19,0.54
68,18,19,0.78
68,42,19,0.05
68,43,19,0.63
68,45,19,0.36
68,48,19,0.41
68,51,19,0.86
68,55,19,0.29
68,59,19,0.48
68,62,19,0.26
68,68,19,0
68,73,19,0.83
68,78,19,0.52
68,79,19,0.96
68,84,19,0.47
68,86,19,0.27
68,98,19,0.9
69,1,15,0.39
69,9,15,0.47
69,13,15,0.38
69,14,15,0.81
69,27,15,0.21
69,29,15,0.07
69,30,15,0.48
69,35,15,0.0
69,48,15,0.45
69,51,15,0.97
69,57,15,0.52
69,58,15,0.53
69,60,15,0.58
69,61,15,0.3
69,66,15,0.97
69,69,15,0
69,77,15,0.3
69,90,15,0.86
69,91,15,0.47
69,2,16,0.2
69,7,16,0.66
69,8,16,0.15
69,9,16,0.15
69,12,16,0.92
69,34,16,0.91
69,39,16,0.9
69,44,16,0.27
69,50,16,0.75
69,58,16,0.98
69,69,16,0
69,70,16,0.28
69,77,16,0.09
69,89,16,0.81
69,92,16,0.76
69,93,16,0.89
69,94,16,0.39
69,96,16,0.59
69,97,16,0.75
69,98,16,0.34
69,5,7,0.36
69,11,7,0.76
69,29,7,0.31
69,31,7,0.17
69,33,7,0.48
69,38,7,0.01
69,40,7,0.43
69,43,7,0.76
69,49,7,0.31
69,52,7,0.06
69,69,7,0
69,73,7,0.22
69,88,7,0.63
69,96,7,0.47
69,98,7,0.39
69,2,17,0.89
69,10,17,0.62
69,11,17,0.74
69,14,17,0.74
69,16,17,0.24
69,18,17,0.65
69,24,17,0.27
69,32,17,0.84
69,33,17,0.57
69,36,17,0.59
69,37,17,0.71
69,45,17,0.38
69,48,17,0.37
69,49,17,0.08
69,53,17,0.24
69,56,17,0.6
69,60,17,0.43
69,69,17,0
69,71,17,0.48
69,72,17,0.71
69,78,17,0.34
69,80,17,0.4
69,85,17,0.69
69,99,17,0.07
70,6,8,0.88
70,17,8,0.21
70,20,8,0.26
70,22,8,0.54
70,24,8,0.96
70,38,8,0.06
70,40,8,0.4
70,55,8,0.88
70,59,8,0.72
70,64,8,0.64
70,70,8,0
70,74,8,0.79
70,76,8,0.85
70,78,8,0.04
70,87,8,0.02
70,92,8,0.8
70,94,8,0.67
70,5,13,0.9
70,26,13,0.3
70,40,13,0.92
70,44,13,0.48
70,52,13,0.35
70,66,13,0.0
70,70,13,0
70,74,13,0.39
70,76,13,0.65
70,81,13,0.87
70,84,13,0.02
70,88,13,0.39
70,89,13,0.22
70,93,13,0.93
70,2,16,0.37
70,7,16,0.15
70,8,16,0.03
70,9,16,0.21
70,12,16,0.49
70,34,16,0.77
70,39,16,0.57
70,44,16,0.34
70,50,16,0.2
70,58,16,0.58
70,69,16,0.29
70,70,16,0
70,77,16,0.67
70,89,16,0.94
70,92,16,0.19
70,93,16,0.73
70,94,16,0.99
70,96,16,0.73
70,97,16,0.56
70,98,16,0.07
70,12,12,0.15
70,15,12,0.09
70,22,12,0.55
70,24,12,0.15
70,35,12,0.18
70,42,12,0.36
70,47,12,0.98
70,50,12,0.74
70,54,12,0.74
70,63,12,0.25
70,67,12,0.67
70,68,12,0.87
70,70,12,0
70,74,12,0.82
70,83,12,0.68
70,86,12,0.78
70,91,12,0.83
70,99,12,0.78
71,6,6,0.93
71,15,6,0.87
71,20,6,0.9
71,22,6,0.42
71,29,6,0.72
71,31,6,0.41
71,42,6,0.62
71,45,6,0.18
71,47,6,0.66
71,50,6,0.37
71,62,6,0.71
71,71,6,0
71,75,6,0.78
71,76,6,0.07
71,79,6,0.21
71,95,6,0.57
71,2,17,0.12
71,10,17,0.19
71,11,17,0.3
71,14,17,0.43
71,16,17,0.35
71,18,17,0.27
71,24,17,0.03
71,32,17,0.15
71,33,17,0.9
71,36,17,0.37
71,37,17,0.4
71,45,17,0.15
71,48,17,0.5
71,49,17,0.69
71,53,17,0.34
71,56,17,0.42
71,60,17,0.21
71,69,17,0.84
71,71,17,0
71,72,17,0.35
71,78,17,0.35
71,80,17,0.48
71,85,17,0.92
71,99,17,0.84
71,3,18,0.98
71,8,18,0.43
71,12,18,0.97
71,16,18,0.16
71,17,18,0.79
71,19,18,0.02
71,25,18,0.46
71,26,18,0.7
71,28,18,0.09
71,58,18,0.1
71,60,18,0.82
71,63,18,0.97
71,71,18,0
71,75,18,0.23
71,84,18,0.47
71,89,18,0.92
71,95,18,0.77
71,0,3,0.98
71,1,3,0.46
71,7,3,0.5
71,18,3,0.63
71,30,3,0.15
71,37,3,0.45
71,54,3,0.47
71,61,3,0.22
71,65,3,0.4
71,71,3,0
71,79,3,0.99
71,83,3,0.51
71,91,3,0.97
72,5,11,0.79
72,10,11,0.39
72,11,11,0.08
72,23,11,0.52
72,24,11,0.77
72,25,11,0.83
72,26,11,0.04
72,28,11,0.57
72,32,11,0.78
72,36,11,0.54
72,38,11,0.99
72,49,11,0.71
72,52,11,0.19
72,72,11,0
72,91,11,0.69
72,94,11,0.94
72,3,2,0.24
72,7,2,0.67
72,17,2,0.94
72,19,2,0.29
72,21,2,0.47
72,33,2,0.58
72,37,2,0.78
72,46,2,0.4
72,61,2,0.99
72,72,2,0
72,82,2,0.49
72,83,2,0.71
72,2,17,0.37
72,10,17,0.56
72,11,17,0.2
72,14,17,0.02
72,16,17,0.43
72,18,17,0.54
72,24,17,0.41
72,32,17,0.86
72,33,17,0.18
72,36,17,0.26
72,37,17,0.25
72,45,17,0.14
72,48,17,0.34
72,49,17,0.47
72,53,17,0.41
72,56,17,0.15
72,60,17,0.08
72,69,17,0.75
72,71,17,0.63
72,72,17,0
72,78,17,0.89
72,80,17,0.98
72,85,17,0.93
72,99,17,0.0
73,0,19,0.39
73,2,19,0.92
73,4,19,0.25
73,18,19,0.66
73,42,19,0.08
73,43,19,0.02
73,45,19,1.0
73,48,19,0.35
73,51,19,0.27
73,55,19,0.32
73,59,19,0.43
73,62,19,0.86
73,68,19,0.27
73,73,19,0
73,78,19,0.87
73,79,19,0.34
73,84,19,0.11
73,86,19,0.96
73,98,19,0.99
73,5,7,0.78
73,11,7,0.0
73,29,7,0.51
73,31,7,0.41
73,33,7,0.32
73,38,7,0.7
73,40,7,0.02
73,43,7,0.03
73,49,7,0.42
73,52,7,0.61
73,69,7,0.68
73,73,7,0
73,88,7,0.39
73,96,7,0.28
73,98,7,0.16
74,6,8,0.0
74,17,8,0.93
74,20,8,0.23
74,22,8,0.79
74,24,8,0.36
74,38,8,0.63
74,40,8,0.98
74,55,8,0.76
74,59,8,0.18
74,64,8,0.05
74,70,8,0.69
74,74,8,0
74,76,8,0.78
74,78,8,0.24
74,87,8,0.7
74,92,8,0.27
74,94,8,0.16
74,5,13,0.26
74,26,13,0.91
74,40,13,0.56
74,44,13,0.83
74,52,13,0.75
74,66,13,0.57
74,70,13,0.84
74,74,13,0
74,76,13,0.65
74,81,13,0.34
74,84,13,0.55
74,88,13,0.49
74,89,13,0.24
74,93,13,0.49
74,12,12,0.11
74,15,12,0.2
74,22,12,0.64
74,24,12,0.74
74,35,12,0.09
74,42,12,0.16
74,47,12,0.93
74,50,12,0.75
74,54,12,0.01
74,63,12,0.28
74,67,12,0.4
74,68,12,0.79
74,70,12,0.02
74,74,12,0
74,83,12,0.13
74,86,12,0.86
74,91,12,0.84
74,99,12,0.84
75,6,4,0.51
75,14,4,0.94
75,23,4,0.44
75,36,4,0.68
75,39,4,0.99
75,41,4,0.51
75,42,4,0.27
75,51,4,0.82
75,55,4,0.46
75,56,4,0.31
75,64,4,0.08
75,75,4,0
75,79,4,0.32
75,82,4,0.79
75,90,4,0.91
75,92,4,0.72
75,93,4,0.31
75,97,4,0.19
75,98,4,0.26
75,3,18,0.5
75,8,18,0.19
75,12,18,0.8
75,16,18,0.85
75,17,18,0.25
75,19,18,0.49
75,25,18,0.92
75,26,18,0.45
75,28,18,0.21
75,58,18,0.43
75,60,18,0.93
75,63,18,0.45
75,71,18,0.4
75,75,18,0
75,84,18,0.98
75,89,18,0.34
75,95,18,0.27
75,6,6,0.19
75,15,6,0.25
75,20,6,0.34
75,22,6,0.27
75,29,6,0.78
75,31,6,0.47
75,42,6,0.43
75,45,6,0.03
75,47,6,0.73
75,50,6,0.56
75,62,6,0.72
75,71,6,0.18
75,75,6,0
75,76,6,0.22
75,79,6,0.42
75,95,6,0.15
76,0,9,0.04
76,2,9,0.23
76,3,9,0.5
76,9,9,0.36
76,16,9,0.48
76,25,9,0.78
76,34,9,0.97
76,40,9,0.55
76,41,9,0.39
76,48,9,0.63
76,76,9,0
76,78,9,0.31
76,81,9,0.42
76,90,9,0.95
76,6,8,0.19
76,17,8,0.45
76,20,8,0.0
76,22,8,0.96
76,24,8,0.05
76,38,8,0.56
76,40,8,0.97
76,55,8,0.52
76,59,8,0.22
76,64,8,0.38
76,70,8,0.99
76,74,8,0.51
76,76,8,0
76,78,8,0.81
76,87,8,0.07
76,92,8,0.39
76,94,8,0.34
76,6,6,0.7
76,15,6,0.07
76,20,6,0.73
76,22,6,0.06
76,29,6,0.25
76,31,6,0.05
76,42,6,0.06
76,45,6,0.31
76,47,6,0.37
76,50,6,0.81
76,62,6,0.19
76,71,6,0.27
76,75,6,0.33
76,76,6,0
76,79,6,0.05
76,95,6,0.5
76,5,13,0.91
76,26,13,0.39
76,40,13,0.81
76,44,13,0.7
76,52,13,0.09
76,66,13,0.84
76,70,13,0.54
76,74,13,0.32
76,76,13,0
76,81,13,0.59
76,84,13,0.31
76,88,13,0.95
76,89,13,0.42
76,93,13,0.54
77,2,16,0.48
77,7,16,0.87
77,8,16,0.2
77,9,16,0.55
77,12,16,0.15
77,34,16,0.48
77,39,16,0.33
77,44,16,0.38
77,50,16,0.9
77,58,16,0.03
77,69,16,0.83
77,70,16,0.36
77,77,16,0
77,89,16,0.29
77,92,16,0.93
77,93,16,0.43
77,94,16,0.11
77,96,16,0.42
77,97,16,0.41
77,98,16,0.21
77,6,10,0.4
77,10,10,0.37
77,14,10,0.7
77,25,10,0.45
77,27,10,0.3
77,28,10,0.12
77,29,10,0.39
77,37,10,0.58
77,55,10,0.76
77,58,10,0.8
77,64,10,0.73
77,65,10,0.13
77,77,10,0
77,95,10,0.74
77,99,10,0.1
77,1,15,0.95
77,9,15,0.77
77,13,15,0.51
77,14,15,0.51
77,27,15,0.2
77,29,15,0.13
77,30,15,0.98
77,35,15,0.93
77,48,15,0.09
77,51,15,0.42
77,57,15,0.62
77,58,15,0.54
77,60,15,0.62
77,61,15,0.22
77,66,15,0.03
77,69,15,0.36
77,77,15,0
77,90,15,0.13
77,91,15,0.28
78,0,9,0.71
78,2,9,0.12
78,3,9,0.69
78,9,9,0.31
78,16,9,0.22
78,25,9,0.66
78,34,9,0.22
78,40,9,0.36
78,41,9,0.22
78,48,9,0.71
78,76,9,0.95
78,78,9,0
78,81,9,0.91
78,90,9,0.32
78,2,17,0.06
78,10,17,0.45
78,11,17,0.25
78,14,17,0.36
78,16,17,0.73
78,18,17,0.37
78,24,17,0.07
78,32,17,0.44
78,33,17,0.97
78,36,17,0.98
78,37,17,0.5
78,45,17,0.43
78,48,17,0.15
78,49,17,0.49
78,53,17,0.28
78,56,17,0.03
78,60,17,0.41
78,69,17,0.67
78,71,17,0.69
78,72,17,0.37
78,78,17,0
78,80,17,0.09
78,85,17,0.5
78,99,17,0.36
78,0,19,0.08
78,2,19,0.31
78,4,19,0.48
78,18,19,0.45
78,42,19,0.61
78,43,19,0.1
78,45,19,0.05
78,48,19,0.33
78,51,19,0.58
78,55,19,0.49
78,59,19,0.67
78,62,19,0.02
78,68,19,0.56
78,73,19,0.53
78,78,19,0
78,79,19,0.13
78,84,19,0.86
78,86,19,0.73
78,98,19,0.69
78,6,8,0.04
78,17,8,0.04
78,20,8,0.28
78,22,8,0.33
78,24,8,0.85
78,38,8,0.21
78,40,8,0.32
78,55,8,0.06
78,59,8,0.93
78,64,8,0.28
78,70,8,0.47
78,74,8,0.4
78,76,8,0.44
78,78,8,0
78,87,8,0.66
78,92,8,0.32
78,94,8,0.91
79,6,4,0.5
79,14,4,0.2
79,23,4,0.52
79,36,4,0.79
79,39,4,0.49
79,41,4,0.3
79,42,4,0.91
79,51,4,0.76
79,55,4,0.08
79,56,4,0.52
79,64,4,0.83
79,75,4,0.98
79,79,4,0
79,82,4,0.16
79,90,4,0.27
79,92,4,0.6
79,93,4,0.03
79,97,4,0.46
79,98,4,0.58
79,0,3,0.96
79,1,3,0.98
79,7,3,0.42
79,18,3,0.96
79,30,3,0.96
79,37,3,0.4
79,54,3,0.79
79,61,3,0.2
79,65,3,0.52
79,71,3,0.29
79,79,3,0
79,83,3,0.27
79,91,3,0.64
79,6,6,0.12
79,15,6,0.68
79,20,6,0.57
79,22,6,0.91
79,29,6,0.62
79,31,6,0.03
79,42,6,0.5
79,45,6,0.75
79,47,6,0.41
79,50,6,0.77
79,62,6,0.21
79,71,6,0.5
79,75,6,0.92
79,76,6,0.0
79,79,6,0
79,95,6,0.87
79,0,19,0.13
79,2,19,0.42
79,4,19,0.42
79,18,19,0.56
79,42,19,0.03
79,43,19,0.22
79,45,19,0.64
79,48,19,0.44
79,51,19,0.22
79,55,19,0.89
79,59,19,0.82
79,62,19,0.67
79,68,19,0.34
79,73,19,0.31
79,78,19,0.93
79,79,19,0
79,84,19,0.82
79,86,19,0.75
79,98,19,0.46
80,20,1,0.87
80,22,1,0.33
80,44,1,0.44
80,57,1,0.63
80,63,1,0.41
80,67,1,0.28
80,80,1,0
80,82,1,0.97
80,85,1,0.82
80,86,1,0.78
80,97,1,0.21
80,99,1,0.75
80,2,17,0.97
80,10,17,0.53
80,11,17,0.85
80,14,17,0.29
80,16,17,0.91
80,18,17,0.48
80,24,17,0.41
80,32,17,0.49
80,33,17,0.44
80,36,17,0.56
80,37,17,0.22
80,45,17,0.65
80,48,17,0.62
80,49,17,0.22
80,53,17,0.64
80,56,17,0.37
80,60,17,0.65
80,69,17,0.18
80,71,17,0.31
80,72,17,0.32
80,78,17,0.75
80,80,17,0
80,85,17,0.47
80,99,17,0.01
81,0,9,0.05
81,2,9,0.39
81,3,9,0.41
81,9,9,0.42
81,16,9,0.42
81,25,9,0.89
81,34,9,0.84
81,40,9,0.84
81,41,9,0.17
81,48,9,0.61
81,76,9,0.5
81,78,9,0.97
81,81,9,0
81,90,9,0.52
81,5,13,0.79
81,26,13,0.71
81,40,13,0.05
81,44,13,0.02
81,52,13,0.99
81,66,13,0.23
81,70,13,0.96
81,74,13,0.7
81,76,13,0.81
81,81,13,0
81,84,13,0.48
81,88,13,0.25
81,89,13,0.2
81,93,13,0.22
82,6,4,0.74
82,14,4,0.84
82,23,4,0.39
82,36,4,0.12
82,39,4,0.08
82,41,4,0.26
82,42,4,0.39
82,51,4,0.38
82,55,4,0.57
82,56,4,0.12
82,64,4,0.86
82,75,4,0.99
82,79,4,0.09
82,82,4,0
82,90,4,0.21
82,92,4,0.69
82,93,4,0.85
82,97,4,0.1
82,98,4,0.73
82,3,2,0.58
82,7,2,0.54
82,17,2,0.09
82,19,2,0.15
82,21,2,0.16
82,33,2,0.71
82,37,2,0.07
82,46,2,0.28
82,61,2,0.36
82,72,2,0.26
82,82,2,0
82,83,2,0.77
82,20,1,0.8
82,22,1,0.71
82,44,1,0.2
82,57,1,0.82
82,63,1,0.25
82,67,1,0.6
82,80,1,0.56
82,82,1,0
82,85,1,0.44
82,86,1,0.77
82,97,1,0.47
82,99,1,0.68
83,0,3,0.19
83,1,3,0.27
83,7,3,0.04
83,18,3,0.36
83,30,3,0.33
83,37,3,0.56
83,54,3,0.95
83,61,3,0.2
83,65,3,0.79
83,71,3,0.37
83,79,3,0.03
83,83,3,0
83,91,3,0.17
83,12,12,0.93
83,15,12,0.26
83,22,12,0.22
83,24,12,0.01
83,35,12,0.76
83,42,12,0.11
83,47,12,0.37
83,50,12,0.53
83,54,12,0.53
83,63,12,0.62
83,67,12,0.07
83,68,12,0.14
83,70,12,0.35
83,74,12,0.84
83,83,12,0
83,86,12,0.94
83,91,12,0.62
83,99,12,0.47
83,3,2,0.27
83,7,2,0.55
83,17,2,0.35
83,19,2,0.29
83,21,2,0.65
83,33,2,0.27
83,37,2,0.67
83,46,2,0.41
83,61,2,0.47
83,72,2,0.05
83,82,2,0.29
83,83,2,0
84,0,19,0.33
84,2,19,0.58
84,4,19,0.6
84,18,19,0.41
84,42,19,0.15
84,43,19,0.95
84,45,19,0.15
84,48,19,0.37
84,51,19,0.35
84,55,19,0.57
84,59,19,0.48
84,62,19,0.25
84,68,19,0.17
84,73,19,0.87
84,78,19,0.11
84,79,19,0.59
84,84,19,0
84,86,19,0.59
84,98,19,0.73
84,3,18,0.3
84,8,18,0.8
84,12,18,0.47
84,16,18,0.98
84,17,18,0.75
84,19,18,0.96
84,25,18,0.26
84,26,18,0.17
84,28,18,0.86
84,58,18,0.42
84,60,18,0.03
84,63,18,0.07
84,71,18,0.16
84,75,18,0.32
84,84,18,0
84,89,18,0.31
84,95,18,0.6
84,5,13,0.26
84,26,13,0.33
84,40,13,0.65
84,44,13,1.0
84,52,13,0.81
84,66,13,0.98
84,70,13,0.34
84,74,13,0.87
84,76,13,0.38
84,81,13,0.41
84,84,13,0
84,88,13,0.72
84,89,13,0.89
84,93,13,0.91
85,2,17,0.73
85,10,17,0.06
85,11,17,0.86
85,14,17,0.73
85,16,17,0.39
85,18,17,0.84
85,24,17,0.37
85,32,17,0.41
85,33,17,0.61
85,36,17,0.23
85,37,17,0.68
85,45,17,0.27
85,48,17,0.38
85,49,17,0.06
85,53,17,0.88
85,56,17,0.26
85,60,17,0.81
85,69,17,0.42
85,71,17,0.47
85,72,17,0.82
85,78,17,0.19
85,80,17,0.49
85,85,17,0
85,99,17,0.11
85,20,1,0.52
85,22,1,0.18
85,44,1,0.23
85,57,1,0.75
85,63,1,0.2
85,67,1,0.04
85,80,1,0.49
85,82,1,0.92
85,85,1,0
85,86,1,0.03
85,97,1,0.43
85,99,1,1.0
86,12,12,0.65
86,15,12,0.28
86,22,12,0.6
86,24,12,0.83
86,35,12,0.89
86,42,12,0.76
86,47,12,0.09
86,50,12,0.08
86,54,12,0.97
86,63,12,0.09
86,67,12,0.35
86,68,12,0.53
86,70,12,0.61
86,74,12,0.46
86,83,12,0.04
86,86,12,0
86,91,12,0.4
86,99,12,0.46
86,0,14,0.67
86,7,14,0.01
86,12,14,0.41
86,16,14,0.32
86,17,14,0.09
86,21,14,0.43
86,28,14,0.41
86,33,14,0.72
86,50,14,0.95
86,53,14,0.95
86,56,14,0.02
86,57,14,0.27
86,59,14,0.09
86,86,14,0
86,87,14,0.09
86,90,14,0.08
86,92,14,0.09
86,96,14,0.42
86,0,19,0.36
86,2,19,0.5
86,4,19,0.92
86,18,19,0.97
86,42,19,0.87
86,43,19,0.19
86,45,19,0.38
86,48,19,0.47
86,51,19,0.03
86,55,19,0.3
86,59,19,0.35
86,62,19,0.88
86,68,19,0.1
86,73,19,0.46
86,78,19,0.5
86,79,19,0.69
86,84,19,0.52
86,86,19,0
86,98,19,0.06
86,20,1,0.96
86,22,1,0.79
86,44,1,0.36
86,57,1,0.71
86,63,1,0.29
86,67,1,0.68
86,80,1,0.36
86,82,1,0.77
86,85,1,0.63
86,86,1,0
86,97,1,0.24
86,99,1,0.16
87,4,5,0.88
87,8,5,0.37
87,13,5,0.22
87,34,5,0.49
87,36,5,0.62
87,49,5,0.34
87,87,5,0
87,0,14,0.1
87,7,14,0.27
87,12,14,0.43
87,16,14,0.62
87,17,14,0.74
87,21,14,0.45
87,28,14,0.4
87,33,14,0.8
87,50,14,0.26
87,53,14,0.17
87,56,14,0.15
87,57,14,0.92
87,59,14,0.08
87,86,14,0.99
87,87,14,0
87,90,14,0.92
87,92,14,0.41
87,96,14,0.73
87,6,8,0.18
87,17,8,0.65
87,20,8,0.49
87,22,8,0.84
87,24,8,0.06
87,38,8,0.18
87,40,8,0.85
87,55,8,0.25
87,59,8,0.73
87,64,8,0.54
87,70,8,0.49
87,74,8,0.21
87,76,8,0.95
87,78,8,0.82
87,87,8,0
87,92,8,0.82
87,94,8,0.07
88,5,13,0.37
88,26,13,0.68
88,40,13,0.1
88,44,13,0.15
88,52,13,0.77
88,66,13,0.62
88,70,13,0.89
88,74,13,0.25
88,76,13,0.29
88,81,13,0.81
88,84,13,0.31
88,88,13,0
88,89,13,0.57
88,93,13,0.35
88,5,7,0.37
88,11,7,0.65
88,29,7,0.88
88,31,7,0.73
88,33,7,0.51
88,38,7,0.75
88,40,7,0.53
88,43,7,0.52
88,49,7,0.12
88,52,7,0.88
88,69,7,0.39
88,73,7,0.37
88,88,7,0
88,96,7,0.8
88,98,7,0.92
88,5,0,0.28
88,13,0,0.3
88,18,0,0.61
88,20,0,0.52
88,46,0,0.23
88,57,0,0.68
88,60,0,0.38
88,64,0,0.52
88,88,0,0
88,93,0,0.13
88,94,0,0.3
89,5,13,0.96
89,26,13,0.26
89,40,13,0.63
89,44,13,0.5
89,52,13,0.28
89,66,13,0.28
89,70,13,0.32
89,74,13,0.46
89,76,13,0.26
89,81,13,0.63
89,84,13,0.63
89,88,13,0.22
89,89,13,0
89,93,13,0.88
89,3,18,0.87
89,8,18,0.79
89,12,18,0.75
89,16,18,0.79
89,17,18,0.06
89,19,18,0.36
89,25,18,0.41
89,26,18,0.3
89,28,18,0.19
89,58,18,0.2
89,60,18,0.91
89,63,18,0.35
89,71,18,0.29
89,75,18,0.95
89,84,18,0.7
89,89,18,0
89,95,18,0.25
89,2,16,0.1
89,7,16,0.59
89,8,16,0.6
89,9,16,0.6
89,12,16,0.78
89,34,16,0.99
89,39,16,0.72
89,44,16,0.26
89,50,16,0.81
89,58,16,0.97
89,69,16,0.58
89,70,16,0.96
89,77,16,0.28
89,89,16,0
89,92,16,0.26
89,93,16,0.14
89,94,16,0.14
89,96,16,0.24
89,97,16,0.34
89,98,16,0.24
90,1,15,0.78
90,9,15,0.94
90,13,15,0.98
90,14,15,0.88
90,27,15,0.64
90,29,15,0.61
90,30,15,0.72
90,35,15,0.52
90,48,15,0.44
90,51,15,0.57
90,57,15,0.93
90,58,15,0.55
90,60,15,0.64
90,61,15,0.45
90,66,15,0.58
90,69,15,0.41
90,77,15,0.53
90,90,15,0
90,91,15,0.34
90,6,4,0.37
90,14,4,0.69
90,23,4,0.87
90,36,4,0.52
90,39,4,0.63
90,41,4,0.05
90,42,4,0.29
90,51,4,0.09
90,55,4,0.15
90,56,4,0.55
90,64,4,0.22
90,75,4,0.37
90,79,4,0.61
90,82,4,0.04
90,90,4,0
90,92,4,0.74
90,93,4,0.32
90,97,4,0.03
90,98,4,0.72
90,0,9,0.18
90,2,9,0.05
90,3,9,0.7
90,9,9,0.64
90,16,9,0.18
90,25,9,0.16
90,34,9,0.31
90,40,9,0.09
90,41,9,0.38
90,48,9,0.15
90,76,9,0.96
90,78,9,0.76
90,81,9,0.15
90,90,9,0
90,0,14,0.99
90,7,14,0.77
90,12,14,0.54
90,16,14,0.93
90,17,14,0.12
90,21,14,0.79
90,28,14,0.13
90,33,14,0.16
90,50,14,0.07
90,53,14,0.66
90,56,14,0.45
90,57,14,0.33
90,59,14,0.79
90,86,14,0.98
90,87,14,0.38
90,90,14,0
90,92,14,0.98
90,96,14,0.16
91,5,11,0.08
91,10,11,0.57
91,11,11,0.38
91,23,11,0.6
91,24,11,0.47
91,25,11,0.31
91,26,11,0.55
91,28,11,0.27
91,32,11,0.25
91,36,11,0.99
91,38,11,0.83
91,49,11,0.88
91,52,11,0.38
91,72,11,0.95
91,91,11,0
91,94,11,0.34
91,12,12,0.99
91,15,12,0.76
91,22,12,0.84
91,24,12,1.0
91,35,12,0.36
91,42,12,0.77
91,47,12,0.16
91,50,12,0.8
91,54,12,0.97
91,63,12,0.8
91,67,12,0.3
91,68,12,0.96
91,70,12,0.0
91,74,12,0.82
91,83,12,0.39
91,86,12,0.38
91,91,12,0
91,99,12,0.61
91,1,15,0.99
91,9,15,0.13
91,13,15,0.21
91,14,15,0.7
91,27,15,0.68
91,29,15,0.59
91,30,15,0.02
91,35,15,0.06
91,48,15,0.11
91,51,15,0.18
91,57,15,0.91
91,58,15,0.48
91,60,15,0.75
91,61,15,0.45
91,66,15,0.2
91,69,15,1.0
91,77,15,0.72
91,90,15,0.93
91,91,15,0
91,0,3,0.47
91,1,3,0.07
91,7,3,0.18
91,18,3,0.99
91,30,3,0.18
91,37,3,0.15
91,54,3,0.52
91,61,3,0.93
91,65,3,0.8
91,71,3,0.7
91,79,3,0.22
91,83,3,0.65
91,91,3,0
92,6,4,0.02
92,14,4,0.98
92,23,4,0.91
92,36,4,0.77
92,39,4,0.73
92,41,4,0.61
92,42,4,0.23
92,51,4,0.56
92,55,4,0.76
92,56,4,0.13
92,64,4,0.94
92,75,4,0.67
92,79,4,0.25
92,82,4,0.4
92,90,4,0.41
92,92,4,0
92,93,4,0.65
92,97,4,0.61
92,98,4,0.41
92,0,14,0.33
92,7,14,0.13
92,12,14,0.61
92,16,14,0.9
92,17,14,0.37
92,21,14,0.68
92,28,14,0.27
92,33,14,0.49
92,50,14,0.06
92,53,14,0.29
92,56,14,0.09
92,57,14,0.6
92,59,14,0.66
92,86,14,0.36
92,87,14,0.6
92,90,14,0.3
92,92,14,0
92,96,14,0.74
92,2,16,0.02
92,7,16,0.35
92,8,16,0.26
92,9,16,0.09
92,12,16,0.26
92,34,16,0.63
92,39,16,0.18
92,44,16,0.33
92,50,16,0.2
92,58,16,0.03
92,69,16,0.75
92,70,16,0.76
92,77,16,0.83
92,89,16,0.43
92,92,16,0
92,93,16,0.26
92,94,16,0.93
92,96,16,0.5
92,97,16,0.85
92,98,16,0.43
92,6,8,0.19
92,17,8,0.48
92,20,8,0.84
92,22,8,0.27
92,24,8,0.81
92,38,8,0.42
92,40,8,0.64
92,55,8,0.42
92,59,8,0.92
92,64,8,0.18
92,70,8,0.11
92,74,8,0.39
92,76,8,0.53
92,78,8,0.37
92,87,8,0.53
92,92,8,0
92,94,8,0.4
93,6,4,1.0
93,14,4,0.85
93,23,4,0.47
93,36,4,0.46
93,39,4,0.32
93,41,4,0.84
93,42,4,0.01
93,51,4,0.95
93,55,4,0.58
93,56,4,0.01
93,64,4,0.61
93,75,4,0.19
93,79,4,0.46
93,82,4,0.11
93,90,4,0.63
93,92,4,0.81
93,93,4,0
93,97,4,0.47
93,98,4,0.25
93,5,13,0.0
93,26,13,0.94
93,40,13,0.69
93,44,13,0.34
93,52,13,0.58
93,66,13,0.89
93,70,13,0.16
93,74,13,0.6
93,76,13,0.84
93,81,13,0.97
93,84,13,0.16
93,88,13,0.61
93,89,13,0.47
93,93,13,0
93,2,16,0.57
93,7,16,0.26
93,8,16,0.43
93,9,16,0.52
93,12,16,0.33
93,34,16,0.91
93,39,16,0.1
93,44,16,0.91
93,50,16,0.79
93,58,16,0.41
93,69,16,0.94
93,70,16,0.08
93,77,16,0.16
93,89,16,0.27
93,92,16,0.25
93,93,16,0
93,94,16,0.58
93,96,16,0.69
93,97,16,0.95
93,98,16,0.48
93,5,0,0.97
93,13,0,0.87
93,18,0,0.01
93,20,0,0.06
93,46,0,0.03
93,57,0,0.75
93,60,0,0.49
93,64,0,0.33
93,88,0,0.36
93,93,0,0
93,94,0,0.8
94,5,11,0.51
94,10,11,0.04
94,11,11,0.34
94,23,11,0.92
94,24,11,0.72
94,25,11,0.41
94,26,11,0.1
94,28,11,0.82
94,32,11,0.45
94,36,11,0.05
94,38,11,0.9
94,49,11,0.17
94,52,11,0.96
94,72,11,0.59
94,91,11,0.63
94,94,11,0
94,6,8,0.03
94,17,8,0.56
94,20,8,0.86
94,22,8,0.32
94,24,8,0.12
94,38,8,0.62
94,40,8,0.19
94,55,8,0.23
94,59,8,0.02
94,64,8,0.13
94,70,8,0.6
94,74,8,0.68
94,76,8,0.91
94,78,8,0.97
94,87,8,0.43
94,92,8,0.04
94,94,8,0
94,5,0,0.62
94,13,0,0.53
94,18,0,0.5
94,20,0,0.19
94,46,0,0.68
94,57,0,0.7
94,60,0,0.98
94,64,0,0.49
94,88,0,0.98
94,93,0,0.49
94,94,0,0
94,2,16,0.67
94,7,16,0.7
94,8,16,0.88
94,9,16,0.16
94,12,16,0.58
94,34,16,0.15
94,39,16,0.92
94,44,16,0.76
94,50,16,0.85
94,58,16,0.06
94,69,16,0.18
94,70,16,0.75
94,77,16,0.5
94,89,16,0.34
94,92,16,0.22
94,93,16,0.73
94,94,16,0
94,96,16,0.13
94,97,16,0.9
94,98,16,0.99
95,6,10,0.91
95,10,10,0.29
95,14,10,0.05
95,25,10,0.61
95,27,10,0.59
95,28,10,0.39
95,29,10,0.93
95,37,10,0.45
95,55,10,0.05
95,58,10,0.45
95,64,10,0.22
95,65,10,0.31
95,77,10,0.78
95,95,10,0
95,99,10,0.05
95,6,6,0.35
95,15,6,0.46
95,20,6,0.72
95,22,6,0.68
95,29,6,0.46
95,31,6,0.55
95,42,6,0.72
95,45,6,0.18
95,47,6,0.65
95,50,6,0.54
95,62,6,0.21
95,71,6,0.19
95,75,6,0.87
95,76,6,0.29
95,79,6,0.89
95,95,6,0
95,3,18,0.13
95,8,18,0.6
95,12,18,0.24
95,16,18,0.49
95,17,18,0.9
95,19,18,0.25
95,25,18,0.49
95,26,18,0.23
95,28,18,0.77
95,58,18,0.73
95,60,18,0.44
95,63,18,0.22
95,71,18,0.77
95,75,18,0.85
95,84,18,0.35
95,89,18,0.7
95,95,18,0
96,5,7,0.7
96,11,7,0.35
96,29,7,0.76
96,31,7,0.95
96,33,7,0.07
96,38,7,0.45
96,40,7,0.69
96,43,7,0.44
96,49,7,0.77
96,52,7,0.23
96,69,7,0.33
96,73,7,0.07
96,88,7,0.81
96,96,7,0
96,98,7,0.46
96,0,14,0.99
96,7,14,0.09
96,12,14,0.42
96,16,14,0.23
96,17,14,0.9
96,21,14,0.61
96,28,14,0.24
96,33,14,0.3
96,50,14,0.92
96,53,14,0.05
96,56,14,0.03
96,57,14,0.52
96,59,14,0.6
96,86,14,0.39
96,87,14,0.8
96,90,14,0.12
96,92,14,0.38
96,96,14,0
96,2,16,0.71
96,7,16,0.41
96,8,16,0.41
96,9,16,0.11
96,12,16,0.51
96,34,16,0.39
96,39,16,0.05
96,44,16,0.57
96,50,16,0.83
96,58,16,0.28
96,69,16,0.5
96,70,16,0.25
96,77,16,0.23
96,89,16,0.13
96,92,16,0.61
96,93,16,0.4
96,94,16,0.83
96,96,16,0
96,97,16,0.89
96,98,16,0.33
97,6,4,0.58
97,14,4,0.77
97,23,4,0.27
97,36,4,0.52
97,39,4,0.29
97,41,4,0.8
97,42,4,0.85
97,51,4,0.13
97,55,4,0.85
97,56,4,0.68
97,64,4,0.65
97,75,4,0.69
97,79,4,0.72
97,82,4,0.21
97,90,4,0.14
97,92,4,0.57
97,93,4,0.84
97,97,4,0
97,98,4,0.64
97,20,1,0.73
97,22,1,0.82
97,44,1,0.99
97,57,1,0.48
97,63,1,0.13
97,67,1,0.33
97,80,1,0.37
97,82,1,0.05
97,85,1,0.63
97,86,1,0.74
97,97,1,0
97,99,1,0.49
97,2,16,0.82
97,7,16,0.67
97,8,16,0.79
97,9,16,0.08
97,12,16,0.85
97,34,16,0.4
97,39,16,0.6
97,44,16,0.63
97,50,16,0.7
97,58,16,0.53
97,69,16,0.75
97,70,16,0.99
97,77,16,0.62
97,89,16,0.09
97,92,16,0.58
97,93,16,0.46
97,94,16,0.68
97,96,16,0.46
97,97,16,0
97,98,16,0.72
98,5,7,0.9
98,11,7,0.09
98,29,7,0.28
98,31,7,0.07
98,33,7,0.03
98,38,7,0.5
98,40,7,0.07
98,43,7,0.61
98,49,7,0.48
98,52,7,0.7
98,69,7,0.88
98,73,7,0.73
98,88,7,0.63
98,96,7,0.43
98,98,7,0
98,2,16,0.84
98,7,16,0.98
98,8,16,0.56
98,9,16,0.79
98,12,16,0.85
98,34,16,0.65
98,39,16,0.45
98,44,16,0.61
98,50,16,0.59
98,58,16,0.49
98,69,16,0.63
98,70,16,0.67
98,77,16,0.93
98,89,16,0.47
98,92,16,0.63
98,93,16,0.68
98,94,16,0.28
98,96,16,0.5
98,97,16,0.76
98,98,16,0
98,0,19,0.63
98,2,19,0.87
98,4,19,0.16
98,18,19,0.1
98,42,19,0.65
98,43,19,0.64
98,45,19,0.78
98,48,19,0.09
98,51,19,0.32
98,55,19,0.74
98,59,19,0.38
98,62,19,0.92
98,68,19,0.05
98,73,19,0.16
98,78,19,0.49
98,79,19,0.9
98,84,19,0.34
98,86,19,0.03
98,98,19,0
98,6,4,0.66
98,14,4,0.24
98,23,4,0.02
98,36,4,0.87
98,39,4,0.05
98,41,4,0.39
98,42,4,0.44
98,51,4,0.33
98,55,4,0.69
98,56,4,0.62
98,64,4,0.36
98,75,4,0.58
98,79,4,0.8
98,82,4,0.56
98,90,4,0.16
98,92,4,0.49
98,93,4,0.23
98,97,4,0.69
98,98,4,0
99,6,10,0.29
99,10,10,0.93
99,14,10,0.15
99,25,10,0.78
99,27,10,0.66
99,28,10,0.42
99,29,10,0.91
99,37,10,0.2
99,55,10,0.41
99,58,10,0.37
99,64,10,0.82
99,65,10,0.05
99,77,10,0.69
99,95,10,0.11
99,99,10,0
99,2,17,0.99
99,10,17,0.22
99,11,17,0.08
99,14,17,0.61
99,16,17,0.22
99,18,17,0.82
99,24,17,0.83
99,32,17,0.69
99,33,17,0.6
99,36,17,0.03
99,37,17,0.15
99,45,17,0.49
99,48,17,0.26
99,49,17,0.6
99,53,17,0.73
99,56,17,0.31
99,60,17,0.38
99,69,17,0.92
99,71,17,0.92
99,72,17,0.95
99,78,17,0.95
99,80,17,0.39
99,85,17,0.87
99,99,17,0
99,12,12,0.69
99,15,12,0.58
99,22,12,0.15
99,24,12,0.46
99,35,12,0.48
99,42,12,0.58
99,47,12,0.9
99,50,12,0.14
99,54,12,0.92
99,63,12,0.27
99,67,12,0.26
99,68,12,0.35
99,70,12,0.24
99,74,12,0.93
99,83,12,0.66
99,86,12,0.22
99,91,12,0.26
99,99,12,0
99,20,1,0.88
99,22,1,0.13
99,44,1,0.46
99,57,1,0.33
99,63,1,0.01
99,67,1,0.31
99,80,1,0.57
99,82,1,0.03
99,85,1,0.9
99,86,1,0.08
99,97,1,0.43
99,99,1,0