M,100,P,30,Q,100000,targetS,0.1,targetW,0.1

Resources name, resource id, current workload and max workload
R_0,0,0.74,1
R_1,1,0.71,1
R_2,2,0.73,1
R_3,3,0.72,1
R_4,4,0.77,1
R_5,5,0.64,1
R_6,6,0.74,1
R_7,7,0.7,1
R_8,8,0.61,1
R_9,9,0.77,1
R_10,10,0.79,1
R_11,11,0.68,1
R_12,12,0.77,1
R_13,13,0.73,1
R_14,14,0.68,1
R_15,15,0.72,1
R_16,16,0.62,1
R_17,17,0.79,1
R_18,18,0.68,1
R_19,19,0.6,1
R_20,20,0.77,1
R_21,21,0.72,1
R_22,22,0.71,1
R_23,23,0.75,1
R_24,24,0.73,1
R_25,25,0.62,1
R_26,26,0.7,1
R_27,27,0.73,1
R_28,28,0.77,1
R_29,29,0.75,1
R_30,30,0.69,1
R_31,31,0.76,1
R_32,32,0.73,1
R_33,33,0.78,1
R_34,34,0.71,1
R_35,35,0.65,1
R_36,36,0.8,1
R_37,37,0.63,1
R_38,38,0.75,1
R_39,39,0.72,1
R_40,40,0.69,1
R_41,41,0.76,1
R_42,42,0.63,1
R_43,43,0.76,1
R_44,44,0.72,1
R_45,45,0.66,1
R_46,46,0.76,1
R_47,47,0.63,1
R_48,48,0.75,1
R_49,49,0.61,1
R_50,50,0.61,1
R_51,51,0.79,1
R_52,52,0.67,1
R_53,53,0.73,1
R_54,54,0.62,1
R_55,55,0.75,1
R_56,56,0.71,1
R_57,57,0.75,1
R_58,58,0.64,1
R_59,59,0.68,1
R_60,60,0.68,1
R_61,61,0.77,1
R_62,62,0.67,1
R_63,63,0.77,1
R_64,64,0.64,1
R_65,65,0.77,1
R_66,66,0.69,1
R_67,67,0.63,1
R_68,68,0.8,1
R_69,69,0.78,1
R_70,70,0.66,1
R_71,71,0.6,1
R_72,72,0.72,1
R_73,73,0.63,1
R_74,74,0.63,1
R_75,75,0.63,1
R_76,76,0.65,1
R_77,77,0.71,1
R_78,78,0.79,1
R_79,79,0.77,1
R_80,80,0.71,1
R_81,81,0.72,1
R_82,82,0.66,1
R_83,83,0.73,1
R_84,84,0.79,1
R_85,85,0.68,1
R_86,86,0.71,1
R_87,87,0.62,1
R_88,88,0.79,1
R_89,89,0.71,1
R_90,90,0.63,1
R_91,91,0.71,1
R_92,92,0.61,1
R_93,93,0.8,1
R_94,94,0.73,1
R_95,95,0.73,1
R_96,96,0.76,1
R_97,97,0.75,1
R_98,98,0.69,1
R_99,99,0.61,1

Activities name, activity id, lambda, stress, resource id, priority, rifiutato
act_28,28,0.14,0.67,0,172,0
act_2,2,0.05,0.71,1,11,1
act_25,25,0.21,0.75,1,78,1
act_25,25,0.21,0.75,2,21,0
act_10,10,0.25,0.66,3,112,0
act_20,20,0.18,0.9,4,180,1
act_24,24,0.02,0.69,4,4,1
act_24,24,0.02,0.69,4,91,1
act_15,15,0.11,0.57,5,159,1
act_15,15,0.11,0.57,5,183,1
act_15,15,0.11,0.57,5,165,1
act_36,36,0.12,0.19,6,87,0
act_36,36,0.12,0.19,6,105,0
act_10,10,0.25,0.66,7,121,0
act_34,34,0.26,0.36,8,149,0
act_2,2,0.05,0.71,8,70,1
act_2,2,0.05,0.71,8,146,1
act_24,24,0.02,0.69,9,109,1
act_1,1,0.18,0.38,9,72,0
act_24,24,0.02,0.69,9,68,1
act_5,5,0.05,0.67,10,10,1
act_12,12,0.06,0.79,10,184,1
act_5,5,0.05,0.67,10,52,1
act_17,17,0.26,0.88,11,191,0
act_8,8,0.12,0.91,12,76,0
act_30,30,0.24,0.09,13,194,0
act_39,39,0.15,0.49,14,161,1
act_39,39,0.15,0.49,14,86,1
act_4,4,0.22,0.13,15,163,0
act_37,37,0.22,0.78,16,82,0
act_39,39,0.15,0.49,17,167,0
act_6,6,0.22,0.52,18,169,0
act_12,12,0.06,0.79,18,138,1
act_14,14,0.18,0.09,19,152,0
act_1,1,0.18,0.38,19,8,0
act_21,21,0.22,1.0,20,1,1
act_30,30,0.24,0.09,21,193,0
act_34,34,0.26,0.36,22,116,0
act_2,2,0.05,0.71,23,89,1
act_2,2,0.05,0.71,23,13,1
act_2,2,0.05,0.71,23,157,1
act_2,2,0.05,0.71,23,156,1
act_2,2,0.05,0.71,23,127,1
act_32,32,0.22,0.19,24,34,0
act_5,5,0.05,0.67,25,58,1
act_5,5,0.05,0.67,25,118,1
act_23,23,0.27,0.32,25,81,1
act_17,17,0.26,0.88,26,20,0
act_36,36,0.12,0.19,27,29,0
act_5,5,0.05,0.67,27,15,1
act_5,5,0.05,0.67,27,145,1
act_37,37,0.22,0.78,28,79,0
act_28,28,0.14,0.67,29,111,0
act_8,8,0.12,0.91,30,181,1
act_8,8,0.12,0.91,30,3,1
act_30,30,0.24,0.09,31,141,0
act_9,9,0.23,0.57,32,84,0
act_20,20,0.18,0.9,33,120,0
act_17,17,0.26,0.88,34,17,0
act_33,33,0.08,0.91,35,128,0
act_37,37,0.22,0.78,35,182,0
act_19,19,0.09,0.27,36,37,0
act_19,19,0.09,0.27,36,186,0
act_21,21,0.22,1.0,37,185,1
act_19,19,0.09,0.27,37,170,0
act_8,8,0.12,0.91,38,54,0
act_36,36,0.12,0.19,38,65,0
act_32,32,0.22,0.19,39,42,0
act_35,35,0.3,0.32,40,175,0
act_6,6,0.22,0.52,41,83,0
act_34,34,0.26,0.36,42,45,0
act_37,37,0.22,0.78,43,47,0
act_26,26,0.2,0.86,44,98,1
act_2,2,0.05,0.71,44,119,1
act_22,22,0.17,0.25,45,164,0
act_37,37,0.22,0.78,46,28,0
act_13,13,0.3,0.68,47,39,0
act_32,32,0.22,0.19,48,160,0
act_27,27,0.27,0.74,49,126,0
act_34,34,0.26,0.36,50,148,0
act_8,8,0.12,0.91,51,96,0
act_4,4,0.22,0.13,52,93,0
act_33,33,0.08,0.91,52,153,0
act_22,22,0.17,0.25,53,31,0
act_11,11,0.03,0.75,53,9,1
act_11,11,0.03,0.75,53,62,1
act_11,11,0.03,0.75,53,113,1
act_11,11,0.03,0.75,54,46,1
act_19,19,0.09,0.27,54,88,0
act_19,19,0.09,0.27,54,85,0
act_19,19,0.09,0.27,54,125,0
act_11,11,0.03,0.75,54,144,1
act_11,11,0.03,0.75,54,43,1
act_30,30,0.24,0.09,55,22,0
act_30,30,0.24,0.09,56,143,0
act_37,37,0.22,0.78,57,178,0
act_39,39,0.15,0.49,58,6,0
act_8,8,0.12,0.91,58,142,0
act_12,12,0.06,0.79,59,55,1
act_12,12,0.06,0.79,59,27,1
act_3,3,0.1,0.47,59,106,1
act_12,12,0.06,0.79,59,137,1
act_1,1,0.18,0.38,60,168,0
act_3,3,0.1,0.47,60,80,1
act_15,15,0.11,0.57,61,124,1
act_15,15,0.11,0.57,61,150,1
act_27,27,0.27,0.74,62,0,0
act_11,11,0.03,0.75,62,129,0
act_11,11,0.03,0.75,62,75,0
act_2,2,0.05,0.71,63,190,0
act_33,33,0.08,0.91,63,14,0
act_2,2,0.05,0.71,63,74,0
act_2,2,0.05,0.71,63,30,0
act_30,30,0.24,0.09,64,23,0
act_15,15,0.11,0.57,64,90,0
act_5,5,0.05,0.67,65,117,1
act_5,5,0.05,0.67,65,166,1
act_5,5,0.05,0.67,65,26,1
act_2,2,0.05,0.71,65,189,1
act_6,6,0.22,0.52,66,123,1
act_33,33,0.08,0.91,66,131,1
act_1,1,0.18,0.38,67,130,0
act_14,14,0.18,0.09,67,36,0
act_38,38,0.17,0.48,68,18,0
act_20,20,0.18,0.9,69,73,0
act_20,20,0.18,0.9,70,171,0
act_4,4,0.22,0.13,71,59,0
act_36,36,0.12,0.19,71,44,0
act_33,33,0.08,0.91,72,69,1
act_33,33,0.08,0.91,72,12,1
act_33,33,0.08,0.91,72,7,1
act_24,24,0.02,0.69,72,49,0
act_24,24,0.02,0.69,72,147,0
act_9,9,0.23,0.57,73,95,0
act_8,8,0.12,0.91,74,94,0
act_8,8,0.12,0.91,74,102,0
act_8,8,0.12,0.91,74,115,0
act_9,9,0.23,0.57,75,139,0
act_11,11,0.03,0.75,75,192,1
act_11,11,0.03,0.75,75,63,1
act_11,11,0.03,0.75,75,51,1
act_11,11,0.03,0.75,75,162,1
act_18,18,0.22,0.56,76,134,0
act_34,34,0.26,0.36,77,122,1
act_11,11,0.03,0.75,77,179,1
act_38,38,0.17,0.48,78,135,0
act_5,5,0.05,0.67,79,53,0
act_24,24,0.02,0.69,79,40,1
act_24,24,0.02,0.69,79,104,1
act_5,5,0.05,0.67,79,133,0
act_24,24,0.02,0.69,79,71,1
act_24,24,0.02,0.69,79,177,1
act_24,24,0.02,0.69,79,151,1
act_24,24,0.02,0.69,79,32,1
act_17,17,0.26,0.88,80,33,0
act_33,33,0.08,0.91,81,57,1
act_16,16,0.11,0.53,81,101,1
act_33,33,0.08,0.91,81,110,1
act_8,8,0.12,0.91,82,140,1
act_8,8,0.12,0.91,82,92,1
act_31,31,0.26,0.06,83,67,0
act_11,11,0.03,0.75,84,50,1
act_11,11,0.03,0.75,84,100,1
act_19,19,0.09,0.27,84,60,0
act_11,11,0.03,0.75,84,174,1
act_4,4,0.22,0.13,85,187,0
act_5,5,0.05,0.67,85,25,0
act_25,25,0.21,0.75,86,5,0
act_5,5,0.05,0.67,87,132,1
act_6,6,0.22,0.52,87,41,0
act_5,5,0.05,0.67,87,24,1
act_5,5,0.05,0.67,87,114,1
act_22,22,0.17,0.25,88,107,0
act_27,27,0.27,0.74,89,2,0
act_25,25,0.21,0.75,90,61,1
act_12,12,0.06,0.79,90,48,1
act_12,12,0.06,0.79,90,19,1
act_33,33,0.08,0.91,91,188,1
act_33,33,0.08,0.91,91,99,1
act_33,33,0.08,0.91,91,77,1
act_16,16,0.11,0.53,92,154,1
act_16,16,0.11,0.53,92,56,1
act_16,16,0.11,0.53,92,35,1
act_15,15,0.11,0.57,93,176,0
act_19,19,0.09,0.27,94,97,0
act_19,19,0.09,0.27,94,155,0
act_2,2,0.05,0.71,94,108,0
act_9,9,0.23,0.57,95,173,0
act_19,19,0.09,0.27,96,16,0
act_16,16,0.11,0.53,96,64,0
act_22,22,0.17,0.25,97,103,0
act_23,23,0.27,0.32,98,38,0
act_8,8,0.12,0.91,99,158,1
act_8,8,0.12,0.91,99,136,1
act_8,8,0.12,0.91,99,66,1

Alpha (resource id, list of activity ids)
0:22,31,28
1:2,25
2:25,23,14
3:10,30
4:24,20,27
5:27,20,15
6:36,21,34,31
7:5,18,10
8:2,22,34
9:26,2,1,24
10:12,5
11:17,21,31
12:14,8
13:30,39
14:39,37,25,26
15:1,30,4,35
16:34,22,26,37
17:39,23
18:6,18,12
19:14,1,26
20:25,31,9,21
21:30,2,21,15
22:34,9
23:37,2,35
24:32,12
25:5,4,33,23
26:39,32,13,17
27:17,36,5
28:1,10,37,13
29:28,39
30:27,1,8,16
31:5,30
32:30,9
33:39,16,13,20
34:28,17
35:25,37,33
36:9,19,25
37:19,32,21
38:2,4,8,36
39:38,32,39
40:19,35,12,3
41:6,14
42:34,8,17
43:27,37,32
44:26,2,27
45:21,22
46:34,31,37,6
47:13,16,10
48:27,32
49:22,27
50:34,32
51:9,8,20
52:36,33,4
53:11,18,22,15
54:11,3,19
55:35,30,14
56:37,30
57:37,38,32
58:39,8
59:3,12
60:3,1
61:15,6
62:11,27,25
63:33,22,23,2
64:22,30,15
65:5,2
66:35,6,17,33
67:18,14,1,25
68:28,10,38,32
69:20,10,27
70:20,27
71:36,4
72:18,33,24
73:21,9
74:8,14
75:9,31,11
76:18,34,25,14
77:11,34,25,39
78:9,25,38
79:24,5
80:17,23,10,25
81:33,16,27,1
82:15,17,8,3
83:2,31,37,26
84:19,11,32
85:5,20,4,27
86:25,8
87:5,8,6
88:14,22
89:1,34,13,27
90:25,12
91:27,33
92:17,16
93:15,38
94:23,2,19,32
95:9,31,26
96:35,19,16
97:22,39,38
98:17,9,23
99:19,8

Costs (resource, resource to replace, activity, cost)
0,0,22,0
0,8,22,0.5
0,16,22,0.7
0,45,22,0.89
0,49,22,0.04
0,53,22,0.93
0,63,22,0.62
0,64,22,0.53
0,88,22,0.04
0,97,22,0.92
0,0,31,0
0,6,31,0.19
0,11,31,0.65
0,20,31,0.1
0,46,31,0.77
0,75,31,0.87
0,83,31,0.86
0,95,31,0.01
0,0,28,0
0,29,28,0.65
0,34,28,0.38
0,68,28,0.57
1,1,2,0
1,8,2,0.13
1,9,2,0.35
1,21,2,0.0
1,23,2,0.07
1,38,2,0.52
1,44,2,0.36
1,63,2,0.88
1,65,2,0.18
1,83,2,0.68
1,94,2,0.23
1,1,25,0
1,2,25,0.45
1,14,25,0.5
1,20,25,0.09
1,35,25,0.86
1,36,25,0.44
1,62,25,0.37
1,67,25,0.62
1,76,25,0.63
1,77,25,0.76
1,78,25,0.51
1,80,25,0.68
1,86,25,0.11
1,90,25,0.01
2,2,0,0
2,22,0,0.78
2,23,0,0.02
2,31,0,0.95
2,36,0,0.93
2,52,0,0.65
2,73,0,0.68
2,90,0,0.02
2,1,25,0.01
2,2,25,0
2,14,25,0.63
2,20,25,0.59
2,35,25,0.43
2,36,25,0.84
2,62,25,0.46
2,67,25,0.48
2,76,25,0.19
2,77,25,0.09
2,78,25,0.08
2,80,25,0.32
2,86,25,0.37
2,90,25,0.04
2,2,23,0
2,17,23,0.95
2,25,23,0.85
2,63,23,0.88
2,80,23,0.09
2,94,23,0.16
2,98,23,0.66
2,2,14,0
2,12,14,0.47
2,19,14,0.12
2,41,14,0.36
2,55,14,0.76
2,67,14,0.57
2,74,14,0.11
2,76,14,0.41
2,88,14,0.46
3,3,10,0
3,7,10,0.05
3,28,10,0.85
3,47,10,0.34
3,68,10,0.87
3,69,10,0.16
3,80,10,0.83
3,3,30,0
3,13,30,0.06
3,15,30,0.54
3,21,30,1.0
3,31,30,0.72
3,32,30,0.75
3,55,30,0.2
3,56,30,0.05
3,64,30,0.01
4,4,24,0
4,9,24,0.51
4,72,24,0.33
4,79,24,0.91
4,4,20,0
4,5,20,0.47
4,33,20,0.22
4,51,20,0.01
4,69,20,0.53
4,70,20,0.65
4,85,20,0.74
4,4,27,0
4,5,27,0.81
4,30,27,0.58
4,43,27,0.72
4,44,27,0.08
4,48,27,0.75
4,49,27,0.28
4,62,27,0.84
4,69,27,0.75
4,70,27,0.37
4,81,27,0.55
4,85,27,0.76
4,89,27,0.8
4,91,27,0.62
5,4,27,0.74
5,5,27,0
5,30,27,0.26
5,43,27,0.08
5,44,27,0.6
5,48,27,0.01
5,49,27,0.36
5,62,27,0.77
5,69,27,0.29
5,70,27,0.04
5,81,27,0.76
5,85,27,0.65
5,89,27,0.87
5,91,27,0.16
5,4,20,0.87
5,5,20,0
5,33,20,0.29
5,51,20,0.11
5,69,20,0.78
5,70,20,0.29
5,85,20,0.16
5,5,15,0
5,21,15,0.79
5,53,15,0.22
5,61,15,0.97
5,64,15,0.76
5,82,15,0.28
5,93,15,0.51
6,6,36,0
6,27,36,0.98
6,38,36,0.95
6,52,36,0.08
6,71,36,0.74
6,6,21,0
6,11,21,0.93
6,20,21,0.08
6,21,21,0.99
6,37,21,0.25
6,45,21,0.21
6,73,21,0.47
6,6,34,0
6,8,34,0.93
6,16,34,0.98
6,22,34,0.48
6,42,34,0.73
6,46,34,0.58
6,50,34,0.14
6,76,34,0.87
6,77,34,0.69
6,89,34,0.04
6,0,31,0.94
6,6,31,0
6,11,31,0.64
6,20,31,0.57
6,46,31,0.56
6,75,31,0.58
6,83,31,0.8
6,95,31,0.41
7,7,5,0
7,10,5,0.06
7,25,5,0.85
7,27,5,0.83
7,31,5,0.58
7,65,5,0.14
7,79,5,0.81
7,85,5,0.63
7,87,5,0.84
7,7,18,0
7,18,18,0.23
7,53,18,0.0
7,67,18,0.28
7,72,18,0.44
7,76,18,0.74
7,3,10,0.8
7,7,10,0
7,28,10,0.8
7,47,10,0.35
7,68,10,0.43
7,69,10,0.97
7,80,10,0.6
8,1,2,0.83
8,8,2,0
8,9,2,0.82
8,21,2,0.21
8,23,2,0.22
8,38,2,0.11
8,44,2,0.65
8,63,2,0.8
8,65,2,0.0
8,83,2,0.54
8,94,2,0.73
8,0,22,0.96
8,8,22,0
8,16,22,0.42
8,45,22,0.69
8,49,22,0.11
8,53,22,0.15
8,63,22,0.28
8,64,22,0.16
8,88,22,0.06
8,97,22,0.38
8,6,34,0.05
8,8,34,0
8,16,34,0.01
8,22,34,0.47
8,42,34,0.41
8,46,34,0.88
8,50,34,0.12
8,76,34,0.01
8,77,34,0.01
8,89,34,0.19
9,9,26,0
9,14,26,0.05
9,16,26,0.96
9,19,26,0.16
9,44,26,0.69
9,83,26,0.75
9,95,26,0.07
9,1,2,0.01
9,8,2,0.61
9,9,2,0
9,21,2,0.27
9,23,2,0.67
9,38,2,0.9
9,44,2,0.33
9,63,2,0.08
9,65,2,0.59
9,83,2,0.67
9,94,2,0.22
9,9,1,0
9,15,1,0.95
9,19,1,0.71
9,28,1,0.78
9,30,1,0.64
9,60,1,0.37
9,67,1,0.05
9,81,1,0.17
9,89,1,0.62
9,4,24,0.45
9,9,24,0
9,72,24,0.78
9,79,24,0.21
10,10,12,0
10,18,12,0.75
10,24,12,0.12
10,40,12,0.87
10,59,12,0.69
10,90,12,0.45
10,7,5,0.36
10,10,5,0
10,25,5,0.51
10,27,5,0.69
10,31,5,0.14
10,65,5,0.99
10,79,5,0.32
10,85,5,0.25
10,87,5,0.16
11,11,17,0
11,26,17,0.17
11,27,17,0.79
11,34,17,0.61
11,42,17,0.59
11,66,17,0.76
11,80,17,0.82
11,82,17,0.86
11,92,17,0.34
11,98,17,0.05
11,6,21,0.16
11,11,21,0
11,20,21,0.51
11,21,21,0.84
11,37,21,0.89
11,45,21,0.16
11,73,21,0.41
11,0,31,0.03
11,6,31,0.02
11,11,31,0
11,20,31,0.27
11,46,31,0.36
11,75,31,0.33
11,83,31,0.79
11,95,31,0.11
12,2,14,0.79
12,12,14,0
12,19,14,0.52
12,41,14,0.85
12,55,14,0.26
12,67,14,0.68
12,74,14,0.72
12,76,14,0.13
12,88,14,0.77
12,12,8,0
12,30,8,0.49
12,38,8,0.06
12,42,8,0.77
12,51,8,0.23
12,58,8,0.54
12,74,8,0.01
12,82,8,0.11
12,86,8,0.69
12,87,8,0.51
12,99,8,0.52
13,13,29,0
13,50,29,0.47
13,51,29,0.11
13,59,29,0.68
13,65,29,0.07
13,90,29,0.37
13,96,29,0.38
13,3,30,0.07
13,13,30,0
13,15,30,0.52
13,21,30,0.64
13,31,30,0.7
13,32,30,0.57
13,55,30,0.32
13,56,30,0.78
13,64,30,0.45
13,13,39,0
13,14,39,0.75
13,17,39,0.72
13,26,39,0.49
13,29,39,0.17
13,33,39,0.77
13,39,39,0.04
13,58,39,0.63
13,77,39,0.39
13,97,39,0.89
14,13,39,0.61
14,14,39,0
14,17,39,0.14
14,26,39,0.34
14,29,39,0.79
14,33,39,0.3
14,39,39,0.18
14,58,39,0.14
14,77,39,0.68
14,97,39,0.12
14,14,37,0
14,16,37,0.16
14,23,37,0.15
14,28,37,0.44
14,35,37,0.75
14,43,37,0.96
14,46,37,0.46
14,56,37,0.7
14,57,37,0.08
14,83,37,0.78
14,1,25,0.34
14,2,25,0.84
14,14,25,0
14,20,25,0.2
14,35,25,0.46
14,36,25,0.87
14,62,25,0.38
14,67,25,0.06
14,76,25,0.19
14,77,25,0.15
14,78,25,0.23
14,80,25,0.58
14,86,25,0.3
14,90,25,0.26
14,9,26,0.83
14,14,26,0
14,16,26,0.88
14,19,26,0.52
14,44,26,0.73
14,83,26,0.39
14,95,26,0.54
15,9,1,0.1
15,15,1,0
15,19,1,0.01
15,28,1,0.65
15,30,1,0.11
15,60,1,0.3
15,67,1,0.92
15,81,1,0.38
15,89,1,0.16
15,3,30,0.62
15,13,30,0.45
15,15,30,0
15,21,30,0.61
15,31,30,0.6
15,32,30,0.81
15,55,30,0.62
15,56,30,0.3
15,64,30,0.06
15,15,4,0
15,25,4,0.82
15,38,4,0.11
15,52,4,0.35
15,71,4,0.46
15,85,4,0.53
15,15,35,0
15,23,35,0.18
15,40,35,0.95
15,55,35,0.16
15,66,35,0.84
15,96,35,0.54
16,6,34,0.63
16,8,34,0.63
16,16,34,0
16,22,34,0.25
16,42,34,0.44
16,46,34,0.55
16,50,34,0.71
16,76,34,0.16
16,77,34,0.16
16,89,34,0.18
16,0,22,0.39
16,8,22,0.88
16,16,22,0
16,45,22,0.72
16,49,22,0.84
16,53,22,0.48
16,63,22,0.15
16,64,22,0.77
16,88,22,0.54
16,97,22,0.01
16,9,26,0.32
16,14,26,0.1
16,16,26,0
16,19,26,0.78
16,44,26,0.14
16,83,26,0.36
16,95,26,0.68
16,14,37,0.5
16,16,37,0
16,23,37,0.77
16,28,37,0.45
16,35,37,0.35
16,43,37,0.9
16,46,37,0.2
16,56,37,0.36
16,57,37,0.34
16,83,37,0.8
17,13,39,0.22
17,14,39,0.43
17,17,39,0
17,26,39,0.15
17,29,39,0.08
17,33,39,0.57
17,39,39,0.36
17,58,39,0.84
17,77,39,0.05
17,97,39,0.36
17,2,23,0.24
17,17,23,0
17,25,23,1.0
17,63,23,0.69
17,80,23,0.11
17,94,23,0.64
17,98,23,0.03
18,18,6,0
18,41,6,0.59
18,46,6,0.17
18,61,6,0.53
18,66,6,0.43
18,87,6,0.38
18,7,18,0.24
18,18,18,0
18,53,18,0.37
18,67,18,0.07
18,72,18,0.17
18,76,18,0.69
18,10,12,0.68
18,18,12,0
18,24,12,0.65
18,40,12,0.32
18,59,12,0.0
18,90,12,0.17
19,2,14,0.78
19,12,14,0.61
19,19,14,0
19,41,14,0.25
19,55,14,0.11
19,67,14,0.94
19,74,14,0.04
19,76,14,0.08
19,88,14,0.65
19,9,1,0.3
19,15,1,0.03
19,19,1,0
19,28,1,0.39
19,30,1,0.99
19,60,1,0.6
19,67,1,0.38
19,81,1,0.88
19,89,1,0.76
19,9,26,0.53
19,14,26,0.51
19,16,26,0.67
19,19,26,0
19,44,26,0.6
19,83,26,0.1
19,95,26,0.33
20,1,25,0.0
20,2,25,0.17
20,14,25,0.27
20,20,25,0
20,35,25,0.11
20,36,25,0.66
20,62,25,0.6
20,67,25,0.34
20,76,25,0.95
20,77,25,0.59
20,78,25,0.49
20,80,25,0.83
20,86,25,0.03
20,90,25,0.95
20,0,31,0.22
20,6,31,0.54
20,11,31,0.38
20,20,31,0
20,46,31,0.15
20,75,31,0.84
20,83,31,0.92
20,95,31,0.93
20,20,9,0
20,22,9,0.41
20,32,9,0.1
20,36,9,0.01
20,51,9,0.49
20,73,9,0.72
20,75,9,0.03
20,78,9,0.74
20,95,9,0.89
20,98,9,0.17
20,6,21,0.01
20,11,21,0.12
20,20,21,0
20,21,21,0.88
20,37,21,0.14
20,45,21,0.92
20,73,21,0.46
21,3,30,0.52
21,13,30,0.84
21,15,30,0.78
21,21,30,0
21,31,30,0.02
21,32,30,0.77
21,55,30,0.03
21,56,30,0.32
21,64,30,0.65
21,1,2,0.77
21,8,2,0.63
21,9,2,0.24
21,21,2,0
21,23,2,0.04
21,38,2,0.45
21,44,2,0.72
21,63,2,0.26
21,65,2,0.44
21,83,2,0.53
21,94,2,0.29
21,6,21,0.6
21,11,21,0.65
21,20,21,0.73
21,21,21,0
21,37,21,0.33
21,45,21,0.55
21,73,21,0.51
21,5,15,0.83
21,21,15,0
21,53,15,0.62
21,61,15,0.17
21,64,15,0.7
21,82,15,0.19
21,93,15,0.14
22,6,34,0.9
22,8,34,0.95
22,16,34,0.2
22,22,34,0
22,42,34,0.06
22,46,34,0.74
22,50,34,0.59
22,76,34,0.08
22,77,34,0.01
22,89,34,0.22
22,20,9,0.78
22,22,9,0
22,32,9,0.71
22,36,9,0.52
22,51,9,0.92
22,73,9,0.81
22,75,9,0.77
22,78,9,0.3
22,95,9,0.05
22,98,9,0.09
22,2,0,0.09
22,22,0,0
22,23,0,0.73
22,31,0,0.18
22,36,0,0.28
22,52,0,0.49
22,73,0,0.02
22,90,0,0.51
23,14,37,0.26
23,16,37,0.93
23,23,37,0
23,28,37,0.85
23,35,37,0.29
23,43,37,0.92
23,46,37,0.57
23,56,37,0.44
23,57,37,0.37
23,83,37,0.71
23,2,0,0.33
23,22,0,0.25
23,23,0,0
23,31,0,0.05
23,36,0,0.61
23,52,0,0.27
23,73,0,0.98
23,90,0,0.58
23,1,2,0.73
23,8,2,0.41
23,9,2,0.78
23,21,2,0.49
23,23,2,0
23,38,2,0.52
23,44,2,0.83
23,63,2,0.47
23,65,2,0.43
23,83,2,0.21
23,94,2,0.33
23,15,35,0.13
23,23,35,0
23,40,35,0.38
23,55,35,0.03
23,66,35,0.61
23,96,35,0.07
24,24,32,0
24,26,32,0.85
24,37,32,0.92
24,39,32,0.32
24,43,32,0.57
24,48,32,0.47
24,50,32,0.06
24,57,32,0.85
24,68,32,0.45
24,84,32,0.14
24,94,32,0.12
24,10,12,0.45
24,18,12,0.59
24,24,12,0
24,40,12,0.9
24,59,12,0.16
24,90,12,0.02
25,7,5,0.9
25,10,5,0.29
25,25,5,0
25,27,5,0.91
25,31,5,0.59
25,65,5,0.81
25,79,5,0.51
25,85,5,0.45
25,87,5,0.07
25,15,4,0.21
25,25,4,0
25,38,4,0.67
25,52,4,0.52
25,71,4,0.37
25,85,4,0.95
25,25,33,0
25,35,33,0.67
25,52,33,0.56
25,63,33,0.8
25,66,33,0.35
25,72,33,0.24
25,81,33,0.27
25,91,33,0.62
25,2,23,0.04
25,17,23,0.74
25,25,23,0
25,63,23,0.3
25,80,23,0.0
25,94,23,0.77
25,98,23,0.95
26,13,39,0.16
26,14,39,0.7
26,17,39,0.57
26,26,39,0
26,29,39,0.99
26,33,39,0.1
26,39,39,0.81
26,58,39,0.42
26,77,39,0.51
26,97,39,0.65
26,24,32,0.76
26,26,32,0
26,37,32,0.8
26,39,32,0.57
26,43,32,0.92
26,48,32,0.29
26,50,32,0.74
26,57,32,0.44
26,68,32,0.63
26,84,32,0.23
26,94,32,0.68
26,26,13,0
26,28,13,0.44
26,33,13,0.15
26,47,13,0.69
26,89,13,0.9
26,11,17,0.11
26,26,17,0
26,27,17,0.69
26,34,17,0.92
26,42,17,0.72
26,66,17,0.7
26,80,17,0.5
26,82,17,0.63
26,92,17,0.68
26,98,17,0.43
27,11,17,0.28
27,26,17,0.34
27,27,17,0
27,34,17,0.7
27,42,17,0.48
27,66,17,0.74
27,80,17,0.75
27,82,17,0.56
27,92,17,0.59
27,98,17,0.97
27,6,36,0.11
27,27,36,0
27,38,36,0.6
27,52,36,0.92
27,71,36,0.87
27,7,5,0.06
27,10,5,0.04
27,25,5,0.45
27,27,5,0
27,31,5,0.64
27,65,5,0.41
27,79,5,0.9
27,85,5,0.06
27,87,5,0.41
28,9,1,0.52
28,15,1,0.64
28,19,1,0.39
28,28,1,0
28,30,1,0.23
28,60,1,0.62
28,67,1,0.68
28,81,1,0.46
28,89,1,0.26
28,3,10,0.05
28,7,10,0.58
28,28,10,0
28,47,10,0.79
28,68,10,0.08
28,69,10,0.36
28,80,10,0.74
28,14,37,0.84
28,16,37,0.82
28,23,37,0.33
28,28,37,0
28,35,37,0.52
28,43,37,0.81
28,46,37,0.73
28,56,37,0.85
28,57,37,0.24
28,83,37,0.95
28,26,13,0.09
28,28,13,0
28,33,13,0.84
28,47,13,0.73
28,89,13,0.0
29,0,28,0.31
29,29,28,0
29,34,28,0.87
29,68,28,0.87
29,13,39,0.72
29,14,39,0.12
29,17,39,0.75
29,26,39,0.0
29,29,39,0
29,33,39,0.29
29,39,39,0.32
29,58,39,0.77
29,77,39,0.14
29,97,39,0.14
30,4,27,0.4
30,5,27,0.64
30,30,27,0
30,43,27,0.67
30,44,27,0.83
30,48,27,0.5
30,49,27,0.18
30,62,27,0.41
30,69,27,0.4
30,70,27,0.64
30,81,27,0.22
30,85,27,0.42
30,89,27,0.54
30,91,27,0.35
30,9,1,0.45
30,15,1,0.97
30,19,1,0.73
30,28,1,0.83
30,30,1,0
30,60,1,0.7
30,67,1,0.86
30,81,1,0.83
30,89,1,0.08
30,12,8,0.68
30,30,8,0
30,38,8,0.27
30,42,8,0.56
30,51,8,0.89
30,58,8,0.25
30,74,8,0.19
30,82,8,0.6
30,86,8,0.13
30,87,8,0.53
30,99,8,0.13
30,30,16,0
30,33,16,0.67
30,47,16,0.69
30,81,16,0.95
30,92,16,0.23
30,96,16,0.62
31,7,5,0.23
31,10,5,0.89
31,25,5,0.38
31,27,5,0.86
31,31,5,0
31,65,5,0.52
31,79,5,0.07
31,85,5,0.72
31,87,5,0.4
31,2,0,0.31
31,22,0,0.62
31,23,0,0.59
31,31,0,0
31,36,0,0.57
31,52,0,0.79
31,73,0,0.67
31,90,0,1.0
31,3,30,0.44
31,13,30,0.35
31,15,30,0.77
31,21,30,0.27
31,31,30,0
31,32,30,0.78
31,55,30,0.42
31,56,30,0.34
31,64,30,0.17
32,3,30,0.39
32,13,30,0.64
32,15,30,0.88
32,21,30,0.15
32,31,30,0.11
32,32,30,0
32,55,30,0.73
32,56,30,0.08
32,64,30,0.06
32,20,9,0.7
32,22,9,0.83
32,32,9,0
32,36,9,0.34
32,51,9,0.68
32,73,9,0.2
32,75,9,0.09
32,78,9,0.59
32,95,9,0.14
32,98,9,0.21
33,13,39,0.8
33,14,39,0.7
33,17,39,0.26
33,26,39,0.07
33,29,39,0.53
33,33,39,0
33,39,39,0.8
33,58,39,0.35
33,77,39,1.0
33,97,39,0.92
33,30,16,0.37
33,33,16,0
33,47,16,0.85
33,81,16,0.05
33,92,16,0.26
33,96,16,0.16
33,26,13,0.14
33,28,13,0.93
33,33,13,0
33,47,13,0.28
33,89,13,0.52
33,4,20,0.98
33,5,20,0.08
33,33,20,0
33,51,20,0.19
33,69,20,0.85
33,70,20,0.16
33,85,20,0.74
34,0,28,0.12
34,29,28,0.23
34,34,28,0
34,68,28,0.69
34,34,7,0
34,87,7,0.63
34,11,17,0.89
34,26,17,0.43
34,27,17,0.67
34,34,17,0
34,42,17,0.51
34,66,17,0.03
34,80,17,0.13
34,82,17,0.56
34,92,17,0.34
34,98,17,0.35
35,1,25,0.01
35,2,25,0.78
35,14,25,0.08
35,20,25,0.44
35,35,25,0
35,36,25,0.61
35,62,25,0.56
35,67,25,0.44
35,76,25,0.02
35,77,25,0.42
35,78,25,0.54
35,80,25,0.86
35,86,25,0.82
35,90,25,0.79
35,14,37,0.52
35,16,37,0.79
35,23,37,0.23
35,28,37,0.9
35,35,37,0
35,43,37,0.72
35,46,37,0.36
35,56,37,0.21
35,57,37,0.98
35,83,37,0.36
35,25,33,0.84
35,35,33,0
35,52,33,0.58
35,63,33,0.46
35,66,33,0.21
35,72,33,0.62
35,81,33,0.46
35,91,33,0.19
36,20,9,0.7
36,22,9,0.63
36,32,9,0.69
36,36,9,0
36,51,9,0.26
36,73,9,0.81
36,75,9,0.01
36,78,9,0.29
36,95,9,0.98
36,98,9,0.24
36,36,19,0
36,37,19,0.69
36,40,19,0.3
36,54,19,0.59
36,84,19,0.18
36,94,19,0.61
36,96,19,0.49
36,99,19,0.57
36,2,0,0.0
36,22,0,0.54
36,23,0,0.59
36,31,0,0.24
36,36,0,0
36,52,0,0.29
36,73,0,0.78
36,90,0,0.9
36,1,25,0.72
36,2,25,0.66
36,14,25,0.25
36,20,25,0.43
36,35,25,0.46
36,36,25,0
36,62,25,0.31
36,67,25,0.11
36,76,25,0.65
36,77,25,0.55
36,78,25,0.64
36,80,25,0.88
36,86,25,0.12
36,90,25,0.5
37,36,19,0.79
37,37,19,0
37,40,19,0.62
37,54,19,0.61
37,84,19,0.81
37,94,19,0.11
37,96,19,0.28
37,99,19,0.1
37,24,32,0.84
37,26,32,0.23
37,37,32,0
37,39,32,0.41
37,43,32,0.79
37,48,32,0.68
37,50,32,0.36
37,57,32,0.08
37,68,32,0.31
37,84,32,0.11
37,94,32,0.29
37,6,21,0.95
37,11,21,0.73
37,20,21,0.01
37,21,21,0.14
37,37,21,0
37,45,21,0.97
37,73,21,0.04
38,1,2,0.32
38,8,2,0.5
38,9,2,0.68
38,21,2,0.11
38,23,2,0.35
38,38,2,0
38,44,2,0.82
38,63,2,0.63
38,65,2,0.02
38,83,2,0.5
38,94,2,0.3
38,15,4,0.9
38,25,4,0.41
38,38,4,0
38,52,4,0.61
38,71,4,0.58
38,85,4,0.77
38,12,8,0.67
38,30,8,0.3
38,38,8,0
38,42,8,0.18
38,51,8,0.28
38,58,8,0.39
38,74,8,0.63
38,82,8,0.7
38,86,8,0.31
38,87,8,0.6
38,99,8,0.95
38,6,36,0.38
38,27,36,0.05
38,38,36,0
38,52,36,0.01
38,71,36,0.66
39,39,38,0
39,57,38,0.38
39,68,38,0.26
39,78,38,0.52
39,93,38,0.61
39,97,38,0.96
39,24,32,0.72
39,26,32,0.31
39,37,32,0.0
39,39,32,0
39,43,32,0.06
39,48,32,0.96
39,50,32,0.59
39,57,32,0.15
39,68,32,0.48
39,84,32,0.66
39,94,32,0.66
39,13,39,0.95
39,14,39,0.0
39,17,39,0.81
39,26,39,0.15
39,29,39,0.35
39,33,39,0.27
39,39,39,0
39,58,39,0.79
39,77,39,0.07
39,97,39,0.96
40,36,19,0.9
40,37,19,0.61
40,40,19,0
40,54,19,0.57
40,84,19,0.31
40,94,19,0.81
40,96,19,0.52
40,99,19,0.52
40,15,35,0.54
40,23,35,0.94
40,40,35,0
40,55,35,0.78
40,66,35,0.59
40,96,35,0.7
40,10,12,0.92
40,18,12,0.88
40,24,12,0.1
40,40,12,0
40,59,12,0.45
40,90,12,0.34
40,40,3,0
40,54,3,0.52
40,59,3,0.07
40,60,3,0.12
40,82,3,0.1
41,18,6,0.86
41,41,6,0
41,46,6,0.4
41,61,6,0.44
41,66,6,0.17
41,87,6,0.79
41,2,14,0.08
41,12,14,0.98
41,19,14,0.46
41,41,14,0
41,55,14,0.1
41,67,14,0.41
41,74,14,0.47
41,76,14,0.49
41,88,14,0.34
42,6,34,0.91
42,8,34,0.94
42,16,34,0.05
42,22,34,0.53
42,42,34,0
42,46,34,0.66
42,50,34,0.51
42,76,34,0.47
42,77,34,0.91
42,89,34,0.09
42,12,8,0.75
42,30,8,0.46
42,38,8,0.49
42,42,8,0
42,51,8,0.41
42,58,8,0.66
42,74,8,0.12
42,82,8,0.96
42,86,8,0.04
42,87,8,0.42
42,99,8,0.21
42,11,17,0.09
42,26,17,0.09
42,27,17,0.46
42,34,17,0.4
42,42,17,0
42,66,17,0.11
42,80,17,0.51
42,82,17,0.71
42,92,17,1.0
42,98,17,0.43
43,4,27,0.64
43,5,27,0.03
43,30,27,0.34
43,43,27,0
43,44,27,0.83
43,48,27,0.64
43,49,27,0.48
43,62,27,0.13
43,69,27,0.29
43,70,27,0.51
43,81,27,0.55
43,85,27,0.35
43,89,27,0.51
43,91,27,0.92
43,14,37,0.64
43,16,37,0.64
43,23,37,0.51
43,28,37,0.86
43,35,37,0.89
43,43,37,0
43,46,37,0.5
43,56,37,0.2
43,57,37,0.84
43,83,37,0.69
43,24,32,0.13
43,26,32,0.85
43,37,32,0.11
43,39,32,0.63
43,43,32,0
43,48,32,0.18
43,50,32,0.92
43,57,32,0.66
43,68,32,0.93
43,84,32,0.6
43,94,32,0.73
44,9,26,0.91
44,14,26,0.3
44,16,26,0.66
44,19,26,0.06
44,44,26,0
44,83,26,0.58
44,95,26,0.72
44,1,2,0.5
44,8,2,0.06
44,9,2,0.42
44,21,2,0.44
44,23,2,0.45
44,38,2,0.43
44,44,2,0
44,63,2,0.35
44,65,2,0.89
44,83,2,0.92
44,94,2,0.45
44,4,27,0.15
44,5,27,0.54
44,30,27,0.33
44,43,27,0.12
44,44,27,0
44,48,27,0.85
44,49,27,0.89
44,62,27,0.77
44,69,27,0.65
44,70,27,0.85
44,81,27,0.23
44,85,27,0.62
44,89,27,0.52
44,91,27,0.75
45,6,21,0.34
45,11,21,0.21
45,20,21,0.04
45,21,21,0.42
45,37,21,0.06
45,45,21,0
45,73,21,0.96
45,0,22,0.29
45,8,22,0.19
45,16,22,0.37
45,45,22,0
45,49,22,0.49
45,53,22,0.17
45,63,22,0.51
45,64,22,0.59
45,88,22,0.51
45,97,22,0.82
46,6,34,0.81
46,8,34,0.64
46,16,34,0.75
46,22,34,0.47
46,42,34,0.59
46,46,34,0
46,50,34,0.94
46,76,34,0.12
46,77,34,0.28
46,89,34,0.04
46,0,31,0.14
46,6,31,0.45
46,11,31,0.16
46,20,31,0.29
46,46,31,0
46,75,31,0.56
46,83,31,0.23
46,95,31,0.99
46,14,37,0.31
46,16,37,0.68
46,23,37,0.68
46,28,37,0.35
46,35,37,0.96
46,43,37,0.27
46,46,37,0
46,56,37,0.06
46,57,37,0.57
46,83,37,0.64
46,18,6,0.36
46,41,6,0.44
46,46,6,0
46,61,6,0.25
46,66,6,0.43
46,87,6,0.36
47,26,13,0.0
47,28,13,0.7
47,33,13,0.78
47,47,13,0
47,89,13,0.58
47,30,16,0.19
47,33,16,0.42
47,47,16,0
47,81,16,0.17
47,92,16,0.84
47,96,16,0.41
47,3,10,0.64
47,7,10,1.0
47,28,10,0.62
47,47,10,0
47,68,10,0.44
47,69,10,0.61
47,80,10,0.24
48,4,27,0.58
48,5,27,0.79
48,30,27,0.35
48,43,27,0.51
48,44,27,0.62
48,48,27,0
48,49,27,0.43
48,62,27,0.9
48,69,27,0.13
48,70,27,0.53
48,81,27,0.05
48,85,27,0.99
48,89,27,0.56
48,91,27,0.49
48,24,32,0.5
48,26,32,0.81
48,37,32,0.23
48,39,32,0.26
48,43,32,0.54
48,48,32,0
48,50,32,0.64
48,57,32,0.31
48,68,32,0.31
48,84,32,0.82
48,94,32,0.23
49,0,22,0.36
49,8,22,0.54
49,16,22,1.0
49,45,22,0.56
49,49,22,0
49,53,22,0.32
49,63,22,0.96
49,64,22,0.35
49,88,22,0.39
49,97,22,0.75
49,4,27,0.48
49,5,27,0.32
49,30,27,0.88
49,43,27,0.9
49,44,27,0.77
49,48,27,0.54
49,49,27,0
49,62,27,0.33
49,69,27,0.95
49,70,27,0.83
49,81,27,0.59
49,85,27,0.52
49,89,27,0.24
49,91,27,0.58
50,13,29,0.1
50,50,29,0
50,51,29,0.57
50,59,29,0.06
50,65,29,0.65
50,90,29,0.51
50,96,29,0.98
50,6,34,0.83
50,8,34,0.47
50,16,34,0.89
50,22,34,0.09
50,42,34,0.29
50,46,34,0.1
50,50,34,0
50,76,34,0.68
50,77,34,0.1
50,89,34,0.89
50,24,32,0.51
50,26,32,0.22
50,37,32,0.48
50,39,32,0.01
50,43,32,0.26
50,48,32,0.64
50,50,32,0
50,57,32,0.33
50,68,32,0.46
50,84,32,0.67
50,94,32,0.43
51,20,9,0.71
51,22,9,0.24
51,32,9,0.7
51,36,9,0.15
51,51,9,0
51,73,9,0.1
51,75,9,0.39
51,78,9,0.73
51,95,9,0.84
51,98,9,0.07
51,13,29,0.27
51,50,29,0.08
51,51,29,0
51,59,29,0.93
51,65,29,0.5
51,90,29,0.04
51,96,29,0.09
51,12,8,0.26
51,30,8,0.98
51,38,8,0.97
51,42,8,0.31
51,51,8,0
51,58,8,0.76
51,74,8,0.63
51,82,8,0.51
51,86,8,0.66
51,87,8,0.78
51,99,8,0.26
51,4,20,0.77
51,5,20,0.92
51,33,20,0.18
51,51,20,0
51,69,20,0.76
51,70,20,0.23
51,85,20,0.39
52,6,36,0.55
52,27,36,0.46
52,38,36,0.53
52,52,36,0
52,71,36,0.03
52,25,33,0.23
52,35,33,0.07
52,52,33,0
52,63,33,0.74
52,66,33,0.21
52,72,33,0.7
52,81,33,0.27
52,91,33,0.98
52,15,4,0.25
52,25,4,0.95
52,38,4,0.81
52,52,4,0
52,71,4,0.95
52,85,4,0.24
52,2,0,0.0
52,22,0,0.4
52,23,0,0.35
52,31,0,0.84
52,36,0,0.44
52,52,0,0
52,73,0,0.43
52,90,0,0.07
53,53,11,0
53,54,11,0.85
53,62,11,0.45
53,75,11,0.48
53,77,11,0.47
53,84,11,0.91
53,7,18,0.95
53,18,18,0.48
53,53,18,0
53,67,18,0.12
53,72,18,0.59
53,76,18,0.69
53,0,22,0.37
53,8,22,0.23
53,16,22,0.96
53,45,22,0.12
53,49,22,0.27
53,53,22,0
53,63,22,0.06
53,64,22,0.87
53,88,22,0.98
53,97,22,0.61
53,5,15,0.49
53,21,15,0.9
53,53,15,0
53,61,15,0.56
53,64,15,0.93
53,82,15,0.81
53,93,15,0.34
54,53,11,0.05
54,54,11,0
54,62,11,0.47
54,75,11,0.69
54,77,11,0.58
54,84,11,0.42
54,40,3,0.85
54,54,3,0
54,59,3,0.58
54,60,3,0.49
54,82,3,0.63
54,36,19,0.03
54,37,19,1.0
54,40,19,0.49
54,54,19,0
54,84,19,0.18
54,94,19,0.87
54,96,19,0.56
54,99,19,0.24
55,15,35,0.39
55,23,35,0.54
55,40,35,0.94
55,55,35,0
55,66,35,0.27
55,96,35,0.92
55,3,30,0.65
55,13,30,0.8
55,15,30,0.01
55,21,30,0.45
55,31,30,0.01
55,32,30,0.8
55,55,30,0
55,56,30,0.13
55,64,30,0.16
55,2,14,0.21
55,12,14,0.41
55,19,14,0.02
55,41,14,0.68
55,55,14,0
55,67,14,0.18
55,74,14,0.71
55,76,14,0.56
55,88,14,0.28
56,14,37,0.86
56,16,37,0.61
56,23,37,0.17
56,28,37,0.51
56,35,37,0.17
56,43,37,0.65
56,46,37,0.76
56,56,37,0
56,57,37,0.96
56,83,37,0.19
56,3,30,0.47
56,13,30,0.14
56,15,30,0.96
56,21,30,0.77
56,31,30,0.07
56,32,30,0.6
56,55,30,0.22
56,56,30,0
56,64,30,0.01
57,14,37,0.08
57,16,37,0.39
57,23,37,0.17
57,28,37,0.93
57,35,37,0.52
57,43,37,0.81
57,46,37,0.98
57,56,37,0.26
57,57,37,0
57,83,37,0.09
57,39,38,0.72
57,57,38,0
57,68,38,0.54
57,78,38,0.46
57,93,38,0.96
57,97,38,0.49
57,24,32,0.98
57,26,32,0.08
57,37,32,0.13
57,39,32,0.35
57,43,32,0.22
57,48,32,0.41
57,50,32,0.35
57,57,32,0
57,68,32,0.21
57,84,32,0.81
57,94,32,0.37
58,13,39,0.51
58,14,39,0.65
58,17,39,0.19
58,26,39,0.56
58,29,39,0.59
58,33,39,0.06
58,39,39,0.04
58,58,39,0
58,77,39,0.53
58,97,39,0.72
58,12,8,0.58
58,30,8,0.42
58,38,8,0.67
58,42,8,0.21
58,51,8,0.98
58,58,8,0
58,74,8,0.64
58,82,8,0.19
58,86,8,0.35
58,87,8,0.85
58,99,8,0.05
59,40,3,0.87
59,54,3,0.06
59,59,3,0
59,60,3,0.93
59,82,3,0.16
59,10,12,0.72
59,18,12,0.94
59,24,12,0.82
59,40,12,0.63
59,59,12,0
59,90,12,0.45
59,13,29,0.46
59,50,29,0.02
59,51,29,0.2
59,59,29,0
59,65,29,0.31
59,90,29,0.38
59,96,29,0.47
60,40,3,0.09
60,54,3,0.06
60,59,3,0.69
60,60,3,0
60,82,3,0.7
60,9,1,0.35
60,15,1,0.87
60,19,1,0.77
60,28,1,0.99
60,30,1,0.91
60,60,1,0
60,67,1,0.82
60,81,1,0.32
60,89,1,0.79
61,5,15,0.29
61,21,15,0.96
61,53,15,0.54
61,61,15,0
61,64,15,0.5
61,82,15,0.98
61,93,15,0.08
61,18,6,0.76
61,41,6,0.48
61,46,6,0.87
61,61,6,0
61,66,6,0.22
61,87,6,0.79
62,53,11,0.63
62,54,11,0.7
62,62,11,0
62,75,11,0.34
62,77,11,0.1
62,84,11,0.66
62,4,27,0.38
62,5,27,0.7
62,30,27,0.79
62,43,27,0.62
62,44,27,0.8
62,48,27,0.73
62,49,27,0.26
62,62,27,0
62,69,27,0.27
62,70,27,0.59
62,81,27,0.73
62,85,27,0.61
62,89,27,0.53
62,91,27,0.85
62,1,25,0.51
62,2,25,0.25
62,14,25,0.39
62,20,25,0.24
62,35,25,0.5
62,36,25,0.59
62,62,25,0
62,67,25,0.93
62,76,25,0.02
62,77,25,0.18
62,78,25,0.06
62,80,25,0.41
62,86,25,0.74
62,90,25,0.58
63,25,33,0.12
63,35,33,0.76
63,52,33,0.79
63,63,33,0
63,66,33,0.8
63,72,33,0.25
63,81,33,0.45
63,91,33,0.07
63,0,22,0.88
63,8,22,0.04
63,16,22,0.94
63,45,22,0.5
63,49,22,0.06
63,53,22,0.59
63,63,22,0
63,64,22,0.2
63,88,22,0.28
63,97,22,0.92
63,2,23,0.83
63,17,23,0.2
63,25,23,0.51
63,63,23,0
63,80,23,0.04
63,94,23,0.79
63,98,23,0.59
63,1,2,0.39
63,8,2,0.24
63,9,2,0.39
63,21,2,0.52
63,23,2,0.94
63,38,2,0.73
63,44,2,0.29
63,63,2,0
63,65,2,0.44
63,83,2,0.98
63,94,2,0.47
64,0,22,0.95
64,8,22,0.1
64,16,22,0.21
64,45,22,0.29
64,49,22,0.44
64,53,22,0.48
64,63,22,0.91
64,64,22,0
64,88,22,0.91
64,97,22,0.0
64,3,30,0.68
64,13,30,0.08
64,15,30,0.97
64,21,30,0.59
64,31,30,0.84
64,32,30,0.74
64,55,30,0.9
64,56,30,0.27
64,64,30,0
64,5,15,0.59
64,21,15,0.3
64,53,15,0.95
64,61,15,0.51
64,64,15,0
64,82,15,0.54
64,93,15,0.03
65,13,29,0.29
65,50,29,0.53
65,51,29,0.3
65,59,29,0.2
65,65,29,0
65,90,29,0.82
65,96,29,0.11
65,7,5,0.64
65,10,5,0.55
65,25,5,0.36
65,27,5,0.59
65,31,5,0.22
65,65,5,0
65,79,5,0.08
65,85,5,0.3
65,87,5,0.35
65,1,2,0.02
65,8,2,0.99
65,9,2,0.78
65,21,2,0.32
65,23,2,0.78
65,38,2,0.44
65,44,2,0.35
65,63,2,0.19
65,65,2,0
65,83,2,0.38
65,94,2,0.51
66,15,35,0.02
66,23,35,0.91
66,40,35,0.08
66,55,35,0.24
66,66,35,0
66,96,35,0.72
66,18,6,1.0
66,41,6,0.53
66,46,6,0.77
66,61,6,0.39
66,66,6,0
66,87,6,0.53
66,11,17,0.95
66,26,17,0.23
66,27,17,0.53
66,34,17,0.36
66,42,17,0.96
66,66,17,0
66,80,17,0.54
66,82,17,0.8
66,92,17,0.82
66,98,17,0.24
66,25,33,0.1
66,35,33,0.67
66,52,33,0.2
66,63,33,0.17
66,66,33,0
66,72,33,0.48
66,81,33,0.55
66,91,33,0.03
67,7,18,0.46
67,18,18,0.39
67,53,18,0.37
67,67,18,0
67,72,18,0.32
67,76,18,0.58
67,2,14,0.37
67,12,14,0.01
67,19,14,0.76
67,41,14,0.13
67,55,14,0.61
67,67,14,0
67,74,14,0.07
67,76,14,0.91
67,88,14,0.69
67,9,1,0.94
67,15,1,0.05
67,19,1,0.84
67,28,1,0.68
67,30,1,0.91
67,60,1,0.16
67,67,1,0
67,81,1,0.61
67,89,1,0.65
67,1,25,0.8
67,2,25,0.75
67,14,25,0.89
67,20,25,0.34
67,35,25,0.69
67,36,25,0.57
67,62,25,0.42
67,67,25,0
67,76,25,0.61
67,77,25,0.89
67,78,25,0.38
67,80,25,0.18
67,86,25,0.41
67,90,25,0.45
68,0,28,0.89
68,29,28,0.45
68,34,28,0.2
68,68,28,0
68,3,10,0.74
68,7,10,0.82
68,28,10,0.58
68,47,10,0.57
68,68,10,0
68,69,10,0.77
68,80,10,0.62
68,39,38,0.75
68,57,38,0.99
68,68,38,0
68,78,38,0.06
68,93,38,0.13
68,97,38,0.26
68,24,32,0.72
68,26,32,0.29
68,37,32,0.34
68,39,32,0.62
68,43,32,0.95
68,48,32,0.56
68,50,32,0.29
68,57,32,0.65
68,68,32,0
68,84,32,0.45
68,94,32,0.03
69,4,20,0.67
69,5,20,0.23
69,33,20,0.72
69,51,20,0.87
69,69,20,0
69,70,20,0.45
69,85,20,0.2
69,3,10,0.27
69,7,10,0.53
69,28,10,0.53
69,47,10,0.96
69,68,10,0.32
69,69,10,0
69,80,10,0.62
69,4,27,0.72
69,5,27,0.88
69,30,27,0.92
69,43,27,0.98
69,44,27,0.39
69,48,27,0.23
69,49,27,0.46
69,62,27,0.25
69,69,27,0
69,70,27,0.05
69,81,27,0.64
69,85,27,0.1
69,89,27,0.36
69,91,27,1.0
70,4,20,0.61
70,5,20,0.27
70,33,20,0.51
70,51,20,0.48
70,69,20,0.88
70,70,20,0
70,85,20,0.81
70,4,27,0.49
70,5,27,0.9
70,30,27,0.99
70,43,27,0.43
70,44,27,0.03
70,48,27,0.73
70,49,27,0.94
70,62,27,0.77
70,69,27,0.25
70,70,27,0
70,81,27,0.59
70,85,27,0.04
70,89,27,0.7
70,91,27,0.25
71,6,36,0.2
71,27,36,0.61
71,38,36,0.2
71,52,36,0.19
71,71,36,0
71,15,4,0.63
71,25,4,0.62
71,38,4,0.66
71,52,4,0.48
71,71,4,0
71,85,4,0.54
72,7,18,0.53
72,18,18,0.07
72,53,18,0.85
72,67,18,0.08
72,72,18,0
72,76,18,0.46
72,25,33,0.31
72,35,33,0.79
72,52,33,0.19
72,63,33,0.91
72,66,33,0.55
72,72,33,0
72,81,33,0.6
72,91,33,0.41
72,4,24,0.85
72,9,24,0.71
72,72,24,0
72,79,24,0.0
73,6,21,0.51
73,11,21,0.62
73,20,21,0.42
73,21,21,0.49
73,37,21,0.06
73,45,21,0.42
73,73,21,0
73,20,9,0.91
73,22,9,0.87
73,32,9,0.15
73,36,9,0.99
73,51,9,0.36
73,73,9,0
73,75,9,0.15
73,78,9,0.71
73,95,9,0.86
73,98,9,0.98
73,2,0,0.1
73,22,0,0.79
73,23,0,0.57
73,31,0,0.89
73,36,0,0.7
73,52,0,0.01
73,73,0,0
73,90,0,0.44
74,12,8,0.92
74,30,8,0.2
74,38,8,0.85
74,42,8,0.06
74,51,8,0.86
74,58,8,0.25
74,74,8,0
74,82,8,0.9
74,86,8,0.64
74,87,8,0.95
74,99,8,0.02
74,2,14,0.91
74,12,14,0.45
74,19,14,0.91
74,41,14,0.05
74,55,14,0.11
74,67,14,0.15
74,74,14,0
74,76,14,0.97
74,88,14,0.04
75,20,9,0.76
75,22,9,0.29
75,32,9,0.6
75,36,9,0.0
75,51,9,0.15
75,73,9,0.46
75,75,9,0
75,78,9,0.12
75,95,9,0.21
75,98,9,0.97
75,0,31,0.96
75,6,31,0.63
75,11,31,0.84
75,20,31,0.43
75,46,31,0.49
75,75,31,0
75,83,31,0.9
75,95,31,0.34
75,53,11,0.02
75,54,11,0.03
75,62,11,0.61
75,75,11,0
75,77,11,0.67
75,84,11,0.22
76,7,18,0.41
76,18,18,0.01
76,53,18,0.03
76,67,18,0.15
76,72,18,0.12
76,76,18,0
76,6,34,0.38
76,8,34,0.05
76,16,34,0.09
76,22,34,0.41
76,42,34,0.88
76,46,34,0.01
76,50,34,0.68
76,76,34,0
76,77,34,0.21
76,89,34,0.2
76,1,25,0.03
76,2,25,0.79
76,14,25,0.54
76,20,25,0.27
76,35,25,0.2
76,36,25,0.74
76,62,25,0.55
76,67,25,0.2
76,76,25,0
76,77,25,0.84
76,78,25,0.61
76,80,25,0.67
76,86,25,0.87
76,90,25,0.97
76,2,14,0.39
76,12,14,0.85
76,19,14,0.61
76,41,14,0.42
76,55,14,0.72
76,67,14,0.64
76,74,14,0.75
76,76,14,0
76,88,14,0.1
77,53,11,0.61
77,54,11,0.11
77,62,11,0.95
77,75,11,0.47
77,77,11,0
77,84,11,0.3
77,6,34,0.63
77,8,34,0.29
77,16,34,0.22
77,22,34,0.96
77,42,34,0.03
77,46,34,0.87
77,50,34,0.4
77,76,34,0.67
77,77,34,0
77,89,34,0.62
77,1,25,0.76
77,2,25,0.19
77,14,25,0.2
77,20,25,0.33
77,35,25,1.0
77,36,25,0.35
77,62,25,0.83
77,67,25,0.78
77,76,25,0.67
77,77,25,0
77,78,25,0.67
77,80,25,0.1
77,86,25,0.01
77,90,25,0.88
77,13,39,0.89
77,14,39,0.09
77,17,39,0.04
77,26,39,0.01
77,29,39,0.36
77,33,39,0.34
77,39,39,0.62
77,58,39,0.1
77,77,39,0
77,97,39,0.32
78,20,9,0.38
78,22,9,0.4
78,32,9,0.63
78,36,9,0.96
78,51,9,0.2
78,73,9,0.95
78,75,9,0.78
78,78,9,0
78,95,9,0.12
78,98,9,0.35
78,1,25,0.84
78,2,25,0.83
78,14,25,0.28
78,20,25,0.84
78,35,25,0.01
78,36,25,0.44
78,62,25,0.28
78,67,25,0.3
78,76,25,0.24
78,77,25,0.43
78,78,25,0
78,80,25,0.88
78,86,25,0.74
78,90,25,0.65
78,39,38,0.21
78,57,38,0.43
78,68,38,0.27
78,78,38,0
78,93,38,1.0
78,97,38,0.37
79,4,24,0.29
79,9,24,0.76
79,72,24,0.68
79,79,24,0
79,7,5,0.97
79,10,5,0.81
79,25,5,0.63
79,27,5,0.38
79,31,5,0.4
79,65,5,0.18
79,79,5,0
79,85,5,0.65
79,87,5,0.92
80,11,17,0.69
80,26,17,0.92
80,27,17,0.68
80,34,17,0.57
80,42,17,0.38
80,66,17,0.99
80,80,17,0
80,82,17,0.71
80,92,17,0.62
80,98,17,0.39
80,2,23,0.48
80,17,23,0.41
80,25,23,0.38
80,63,23,0.96
80,80,23,0
80,94,23,0.83
80,98,23,0.11
80,3,10,0.89
80,7,10,0.18
80,28,10,0.56
80,47,10,0.05
80,68,10,0.33
80,69,10,0.05
80,80,10,0
80,1,25,0.13
80,2,25,0.44
80,14,25,0.48
80,20,25,0.93
80,35,25,0.99
80,36,25,0.47
80,62,25,0.2
80,67,25,0.83
80,76,25,0.17
80,77,25,0.28
80,78,25,0.7
80,80,25,0
80,86,25,0.87
80,90,25,0.14
81,25,33,0.18
81,35,33,0.86
81,52,33,0.35
81,63,33,0.32
81,66,33,0.48
81,72,33,0.68
81,81,33,0
81,91,33,0.21
81,30,16,0.45
81,33,16,0.92
81,47,16,0.21
81,81,16,0
81,92,16,0.49
81,96,16,0.57
81,4,27,0.16
81,5,27,0.01
81,30,27,0.9
81,43,27,0.65
81,44,27,0.88
81,48,27,0.71
81,49,27,0.43
81,62,27,0.01
81,69,27,0.58
81,70,27,0.95
81,81,27,0
81,85,27,0.51
81,89,27,0.25
81,91,27,0.12
81,9,1,0.7
81,15,1,0.08
81,19,1,0.56
81,28,1,0.9
81,30,1,0.03
81,60,1,0.74
81,67,1,0.54
81,81,1,0
81,89,1,0.54
82,5,15,0.68
82,21,15,0.53
82,53,15,0.47
82,61,15,0.36
82,64,15,0.7
82,82,15,0
82,93,15,0.89
82,11,17,0.4
82,26,17,0.16
82,27,17,0.87
82,34,17,0.53
82,42,17,0.83
82,66,17,0.53
82,80,17,0.27
82,82,17,0
82,92,17,0.76
82,98,17,0.75
82,12,8,0.01
82,30,8,0.69
82,38,8,0.32
82,42,8,0.45
82,51,8,0.33
82,58,8,0.97
82,74,8,0.2
82,82,8,0
82,86,8,0.12
82,87,8,0.13
82,99,8,0.8
82,40,3,0.24
82,54,3,0.66
82,59,3,0.62
82,60,3,0.83
82,82,3,0
83,1,2,0.58
83,8,2,0.15
83,9,2,0.73
83,21,2,0.59
83,23,2,0.54
83,38,2,0.41
83,44,2,0.7
83,63,2,0.41
83,65,2,0.07
83,83,2,0
83,94,2,0.18
83,0,31,0.82
83,6,31,0.67
83,11,31,0.43
83,20,31,0.89
83,46,31,0.26
83,75,31,0.66
83,83,31,0
83,95,31,0.89
83,14,37,0.57
83,16,37,0.99
83,23,37,0.63
83,28,37,0.15
83,35,37,0.11
83,43,37,0.39
83,46,37,0.24
83,56,37,0.85
83,57,37,0.37
83,83,37,0
83,9,26,0.74
83,14,26,0.64
83,16,26,0.0
83,19,26,0.0
83,44,26,0.19
83,83,26,0
83,95,26,0.27
84,36,19,0.52
84,37,19,0.46
84,40,19,0.7
84,54,19,0.7
84,84,19,0
84,94,19,0.88
84,96,19,0.2
84,99,19,0.02
84,53,11,0.89
84,54,11,0.45
84,62,11,0.29
84,75,11,0.18
84,77,11,0.2
84,84,11,0
84,24,32,0.47
84,26,32,0.73
84,37,32,0.82
84,39,32,0.48
84,43,32,0.59
84,48,32,0.73
84,50,32,0.31
84,57,32,0.52
84,68,32,0.8
84,84,32,0
84,94,32,0.9
85,7,5,0.95
85,10,5,0.9
85,25,5,0.54
85,27,5,0.24
85,31,5,0.35
85,65,5,0.62
85,79,5,0.34
85,85,5,0
85,87,5,0.11
85,4,20,0.44
85,5,20,0.37
85,33,20,0.94
85,51,20,0.02
85,69,20,0.42
85,70,20,0.36
85,85,20,0
85,15,4,0.17
85,25,4,0.72
85,38,4,0.57
85,52,4,0.17
85,71,4,0.25
85,85,4,0
85,4,27,0.92
85,5,27,0.07
85,30,27,0.22
85,43,27,0.23
85,44,27,0.56
85,48,27,0.5
85,49,27,0.79
85,62,27,0.12
85,69,27,0.66
85,70,27,0.44
85,81,27,0.89
85,85,27,0
85,89,27,0.04
85,91,27,0.32
86,1,25,0.54
86,2,25,0.49
86,14,25,0.88
86,20,25,0.16
86,35,25,0.81
86,36,25,0.63
86,62,25,0.13
86,67,25,0.94
86,76,25,0.44
86,77,25,0.44
86,78,25,0.45
86,80,25,0.4
86,86,25,0
86,90,25,0.11
86,12,8,0.95
86,30,8,0.61
86,38,8,0.69
86,42,8,0.31
86,51,8,0.94
86,58,8,0.28
86,74,8,0.2
86,82,8,0.7
86,86,8,0
86,87,8,0.04
86,99,8,0.58
87,7,5,0.85
87,10,5,0.6
87,25,5,0.55
87,27,5,0.56
87,31,5,0.18
87,65,5,0.79
87,79,5,0.1
87,85,5,0.84
87,87,5,0
87,12,8,0.33
87,30,8,0.26
87,38,8,0.02
87,42,8,0.92
87,51,8,0.64
87,58,8,0.75
87,74,8,0.89
87,82,8,0.62
87,86,8,0.67
87,87,8,0
87,99,8,0.99
87,18,6,0.16
87,41,6,0.79
87,46,6,0.32
87,61,6,0.72
87,66,6,0.75
87,87,6,0
87,34,7,0.26
87,87,7,0
88,2,14,0.19
88,12,14,0.3
88,19,14,0.68
88,41,14,1.0
88,55,14,0.66
88,67,14,0.84
88,74,14,0.07
88,76,14,0.59
88,88,14,0
88,0,22,0.88
88,8,22,0.77
88,16,22,0.37
88,45,22,0.1
88,49,22,0.04
88,53,22,0.54
88,63,22,0.66
88,64,22,0.1
88,88,22,0
88,97,22,0.2
89,9,1,0.19
89,15,1,0.74
89,19,1,0.66
89,28,1,0.1
89,30,1,0.09
89,60,1,0.71
89,67,1,0.6
89,81,1,0.79
89,89,1,0
89,6,34,0.52
89,8,34,0.06
89,16,34,0.37
89,22,34,0.28
89,42,34,0.03
89,46,34,0.86
89,50,34,0.99
89,76,34,0.77
89,77,34,0.99
89,89,34,0
89,26,13,0.58
89,28,13,0.14
89,33,13,0.05
89,47,13,0.6
89,89,13,0
89,4,27,0.99
89,5,27,0.99
89,30,27,0.88
89,43,27,0.98
89,44,27,0.76
89,48,27,0.63
89,49,27,0.56
89,62,27,0.42
89,69,27,0.12
89,70,27,0.1
89,81,27,0.78
89,85,27,0.53
89,89,27,0
89,91,27,0.44
90,1,25,0.16
90,2,25,0.63
90,14,25,0.93
90,20,25,0.78
90,35,25,0.81
90,36,25,0.91
90,62,25,0.33
90,67,25,0.55
90,76,25,0.44
90,77,25,0.89
90,78,25,0.76
90,80,25,0.07
90,86,25,0.11
90,90,25,0
90,13,29,0.35
90,50,29,0.11
90,51,29,0.34
90,59,29,0.9
90,65,29,0.98
90,90,29,0
90,96,29,0.58
90,10,12,0.23
90,18,12,0.22
90,24,12,0.16
90,40,12,0.81
90,59,12,0.1
90,90,12,0
90,2,0,0.65
90,22,0,0.13
90,23,0,0.62
90,31,0,0.01
90,36,0,0.97
90,52,0,0.87
90,73,0,0.9
90,90,0,0
91,4,27,0.89
91,5,27,0.6
91,30,27,0.48
91,43,27,0.97
91,44,27,0.61
91,48,27,0.45
91,49,27,0.62
91,62,27,0.14
91,69,27,0.84
91,70,27,0.1
91,81,27,0.26
91,85,27,0.85
91,89,27,0.76
91,91,27,0
91,25,33,0.87
91,35,33,0.1
91,52,33,0.49
91,63,33,0.27
91,66,33,0.24
91,72,33,0.98
91,81,33,0.34
91,91,33,0
92,11,17,0.91
92,26,17,0.77
92,27,17,0.03
92,34,17,0.41
92,42,17,0.52
92,66,17,0.38
92,80,17,0.17
92,82,17,0.3
92,92,17,0
92,98,17,0.36
92,30,16,0.32
92,33,16,0.7
92,47,16,0.88
92,81,16,0.98
92,92,16,0
92,96,16,0.3
93,5,15,0.51
93,21,15,0.04
93,53,15,0.11
93,61,15,0.43
93,64,15,0.38
93,82,15,0.65
93,93,15,0
93,39,38,0.92
93,57,38,0.25
93,68,38,0.37
93,78,38,0.28
93,93,38,0
93,97,38,0.85
94,2,23,0.12
94,17,23,0.14
94,25,23,0.06
94,63,23,0.13
94,80,23,0.38
94,94,23,0
94,98,23,0.11
94,1,2,0.37
94,8,2,0.34
94,9,2,0.06
94,21,2,0.95
94,23,2,0.12
94,38,2,0.6
94,44,2,0.14
94,63,2,0.96
94,65,2,0.41
94,83,2,0.44
94,94,2,0
94,36,19,0.33
94,37,19,0.8
94,40,19,0.58
94,54,19,0.22
94,84,19,0.04
94,94,19,0
94,96,19,0.05
94,99,19,0.76
94,24,32,0.92
94,26,32,0.23
94,37,32,0.4
94,39,32,0.75
94,43,32,0.96
94,48,32,0.81
94,50,32,0.62
94,57,32,0.86
94,68,32,0.81
94,84,32,0.91
94,94,32,0
95,20,9,0.11
95,22,9,0.78
95,32,9,0.2
95,36,9,0.08
95,51,9,0.57
95,73,9,0.93
95,75,9,0.07
95,78,9,0.58
95,95,9,0
95,98,9,0.95
95,0,31,0.29
95,6,31,0.28
95,11,31,0.8
95,20,31,0.7
95,46,31,0.01
95,75,31,0.45
95,83,31,0.58
95,95,31,0
95,9,26,0.49
95,14,26,0.62
95,16,26,0.24
95,19,26,0.63
95,44,26,0.82
95,83,26,0.27
95,95,26,0
96,15,35,0.29
96,23,35,0.49
96,40,35,0.95
96,55,35,0.83
96,66,35,0.22
96,96,35,0
96,13,29,0.03
96,50,29,0.04
96,51,29,0.39
96,59,29,0.89
96,65,29,0.28
96,90,29,0.27
96,96,29,0
96,36,19,0.05
96,37,19,0.4
96,40,19,0.73
96,54,19,0.25
96,84,19,0.76
96,94,19,0.62
96,96,19,0
96,99,19,0.35
96,30,16,0.92
96,33,16,0.68
96,47,16,0.59
96,81,16,0.02
96,92,16,0.77
96,96,16,0
97,0,22,0.31
97,8,22,0.48
97,16,22,0.23
97,45,22,0.02
97,49,22,0.84
97,53,22,0.43
97,63,22,0.67
97,64,22,0.28
97,88,22,0.35
97,97,22,0
97,13,39,0.06
97,14,39,0.25
97,17,39,0.8
97,26,39,0.5
97,29,39,0.32
97,33,39,0.66
97,39,39,0.02
97,58,39,0.04
97,77,39,0.28
97,97,39,0
97,39,38,0.67
97,57,38,0.78
97,68,38,0.12
97,78,38,0.67
97,93,38,0.15
97,97,38,0
98,11,17,0.84
98,26,17,0.09
98,27,17,0.03
98,34,17,0.59
98,42,17,0.28
98,66,17,0.74
98,80,17,0.72
98,82,17,0.39
98,92,17,0.0
98,98,17,0
98,20,9,0.2
98,22,9,0.15
98,32,9,0.12
98,36,9,0.24
98,51,9,0.45
98,73,9,0.78
98,75,9,0.68
98,78,9,0.51
98,95,9,0.89
98,98,9,0
98,2,23,0.39
98,17,23,0.91
98,25,23,0.86
98,63,23,0.59
98,80,23,0.15
98,94,23,0.28
98,98,23,0
99,36,19,0.21
99,37,19,0.5
99,40,19,0.41
99,54,19,0.6
99,84,19,0.48
99,94,19,0.11
99,96,19,0.47
99,99,19,0
99,12,8,0.43
99,30,8,0.95
99,38,8,0.86
99,42,8,0.01
99,51,8,0.34
99,58,8,0.87
99,74,8,0.34
99,82,8,0.19
99,86,8,0.8
99,87,8,0.9
99,99,8,0