M,100,P,30,Q,100000,targetS,0.1,targetW,0.1

Resources name, resource id, current workload and max workload
R_0,0,0.49,1
R_1,1,0.54,1
R_2,2,0.64,1
R_3,3,0.31,1
R_4,4,0.76,1
R_5,5,0.62,1
R_6,6,0.71,1
R_7,7,0.41,1
R_8,8,0.37,1
R_9,9,0.49,1
R_10,10,0.64,1
R_11,11,0.29,1
R_12,12,0.36,1
R_13,13,0.68,1
R_14,14,0.68,1
R_15,15,0.48,1
R_16,16,0.68,1
R_17,17,0.5,1
R_18,18,0.55,1
R_19,19,0.77,1
R_20,20,0.27,1
R_21,21,0.51,1
R_22,22,0.79,1
R_23,23,0.64,1
R_24,24,0.77,1
R_25,25,0.79,1
R_26,26,0.62,1
R_27,27,0.7,1
R_28,28,0.76,1
R_29,29,0.56,1
R_30,30,0.29,1
R_31,31,0.34,1
R_32,32,0.21,1
R_33,33,0.76,1
R_34,34,0.62,1
R_35,35,0.23,1
R_36,36,0.63,1
R_37,37,0.24,1
R_38,38,0.47,1
R_39,39,0.3,1
R_40,40,0.28,1
R_41,41,0.26,1
R_42,42,0.45,1
R_43,43,0.32,1
R_44,44,0.77,1
R_45,45,0.32,1
R_46,46,0.66,1
R_47,47,0.3,1
R_48,48,0.3,1
R_49,49,0.26,1
R_50,50,0.47,1
R_51,51,0.45,1
R_52,52,0.61,1
R_53,53,0.74,1
R_54,54,0.61,1
R_55,55,0.38,1
R_56,56,0.61,1
R_57,57,0.44,1
R_58,58,0.63,1
R_59,59,0.43,1
R_60,60,0.65,1
R_61,61,0.67,1
R_62,62,0.24,1
R_63,63,0.75,1
R_64,64,0.64,1
R_65,65,0.34,1
R_66,66,0.54,1
R_67,67,0.67,1
R_68,68,0.63,1
R_69,69,0.7,1
R_70,70,0.31,1
R_71,71,0.42,1
R_72,72,0.51,1
R_73,73,0.61,1
R_74,74,0.7,1
R_75,75,0.52,1
R_76,76,0.29,1
R_77,77,0.63,1
R_78,78,0.22,1
R_79,79,0.45,1
R_80,80,0.57,1
R_81,81,0.44,1
R_82,82,0.25,1
R_83,83,0.46,1
R_84,84,0.64,1
R_85,85,0.21,1
R_86,86,0.43,1
R_87,87,0.55,1
R_88,88,0.49,1
R_89,89,0.34,1
R_90,90,0.69,1
R_91,91,0.36,1
R_92,92,0.24,1
R_93,93,0.46,1
R_94,94,0.34,1
R_95,95,0.7,1
R_96,96,0.62,1
R_97,97,0.66,1
R_98,98,0.59,1
R_99,99,0.36,1

Activities name, activity id, lambda, stress, resource id, priority, rifiutato
act_9,9,0.03,0.01,0,217,0
act_9,9,0.03,0.01,0,391,0
act_38,38,0.09,0.16,0,259,0
act_23,23,0.08,0.82,0,479,1
act_23,23,0.08,0.82,0,291,1
act_38,38,0.09,0.16,0,263,0
act_9,9,0.03,0.01,0,396,0
act_9,9,0.03,0.01,0,460,0
act_9,9,0.03,0.01,0,80,0
act_6,6,0.23,0.88,1,68,1
act_20,20,0.02,0.93,1,151,1
act_10,10,0.13,0.6,1,294,0
act_20,20,0.02,0.93,1,29,1
act_20,20,0.02,0.93,1,519,1
act_20,20,0.02,0.93,1,228,1
act_18,18,0.29,0.28,2,508,0
act_4,4,0.01,0.68,2,111,1
act_4,4,0.01,0.68,2,411,1
act_4,4,0.01,0.68,2,462,1
act_4,4,0.01,0.68,2,85,1
act_4,4,0.01,0.68,2,514,1
act_4,4,0.01,0.68,2,323,1
act_12,12,0.28,0.05,3,262,0
act_12,12,0.28,0.05,3,70,0
act_32,32,0.08,0.36,3,435,0
act_19,19,0.05,0.15,4,349,0
act_19,19,0.05,0.15,4,76,0
act_39,39,0.11,0.14,4,464,0
act_12,12,0.28,0.05,5,516,0
act_2,2,0.12,0.07,6,270,0
act_2,2,0.12,0.07,6,285,0
act_26,26,0.17,0.09,7,274,0
act_26,26,0.17,0.09,7,399,0
act_26,26,0.17,0.09,7,84,0
act_20,20,0.02,0.93,8,357,1
act_7,7,0.07,0.1,8,3,0
act_25,25,0.1,0.78,8,486,1
act_25,25,0.1,0.78,8,261,1
act_0,0,0.14,0.5,8,322,0
act_0,0,0.14,0.5,8,4,0
act_20,20,0.02,0.93,8,237,1
act_20,20,0.02,0.93,8,234,1
act_20,20,0.02,0.93,8,37,1
act_18,18,0.29,0.28,9,86,0
act_20,20,0.02,0.93,9,249,1
act_5,5,0.19,0.51,9,276,0
act_22,22,0.06,0.2,10,356,0
act_22,22,0.06,0.2,10,77,0
act_22,22,0.06,0.2,10,129,0
act_14,14,0.07,0.76,10,326,1
act_14,14,0.07,0.76,10,198,1
act_29,29,0.25,0.95,11,184,0
act_39,39,0.11,0.14,11,444,0
act_39,39,0.11,0.14,11,358,0
act_39,39,0.11,0.14,11,215,0
act_39,39,0.11,0.14,11,503,0
act_27,27,0.05,0.33,12,41,1
act_18,18,0.29,0.28,12,60,0
act_27,27,0.05,0.33,12,433,1
act_27,27,0.05,0.33,12,409,1
act_38,38,0.09,0.16,12,246,0
act_14,14,0.07,0.76,12,280,1
act_11,11,0.3,0.34,13,309,0
act_5,5,0.19,0.51,14,240,0
act_38,38,0.09,0.16,14,232,0
act_1,1,0.25,0.75,15,136,1
act_3,3,0.25,0.35,15,300,1
act_12,12,0.28,0.05,16,311,0
act_17,17,0.08,0.37,17,250,1
act_17,17,0.08,0.37,17,46,1
act_17,17,0.08,0.37,17,260,1
act_17,17,0.08,0.37,17,90,1
act_16,16,0.16,0.45,17,415,1
act_22,22,0.06,0.2,18,454,0
act_38,38,0.09,0.16,18,54,0
act_5,5,0.19,0.51,18,224,0
act_22,22,0.06,0.2,18,48,0
act_15,15,0.09,0.76,19,205,1
act_15,15,0.09,0.76,19,121,1
act_11,11,0.3,0.34,20,203,1
act_4,4,0.01,0.68,20,11,1
act_11,11,0.3,0.34,20,390,1
act_4,4,0.01,0.68,20,231,1
act_27,27,0.05,0.33,20,89,1
act_4,4,0.01,0.68,20,303,1
act_27,27,0.05,0.33,20,191,1
act_22,22,0.06,0.2,21,293,0
act_22,22,0.06,0.2,21,204,0
act_22,22,0.06,0.2,21,62,0
act_0,0,0.14,0.5,21,400,0
act_22,22,0.06,0.2,21,331,0
act_22,22,0.06,0.2,21,109,0
act_27,27,0.05,0.33,22,122,0
act_7,7,0.07,0.1,22,206,0
act_7,7,0.07,0.1,22,467,0
act_19,19,0.05,0.15,23,115,0
act_19,19,0.05,0.15,23,218,0
act_22,22,0.06,0.2,23,196,0
act_19,19,0.05,0.15,23,113,0
act_22,22,0.06,0.2,23,172,0
act_22,22,0.06,0.2,23,137,0
act_2,2,0.12,0.07,24,134,0
act_20,20,0.02,0.93,24,50,1
act_20,20,0.02,0.93,24,371,1
act_20,20,0.02,0.93,24,168,1
act_20,20,0.02,0.93,24,275,1
act_20,20,0.02,0.93,24,370,1
act_5,5,0.19,0.51,25,130,1
act_4,4,0.01,0.68,25,330,1
act_4,4,0.01,0.68,25,207,1
act_0,0,0.14,0.5,26,142,1
act_0,0,0.14,0.5,26,22,1
act_5,5,0.19,0.51,27,465,0
act_28,28,0.19,0.45,28,213,0
act_10,10,0.13,0.6,29,170,0
act_13,13,0.22,0.8,29,256,1
act_30,30,0.29,0.17,30,288,0
act_9,9,0.03,0.01,30,417,0
act_5,5,0.19,0.51,30,116,1
act_5,5,0.19,0.51,30,160,1
act_16,16,0.16,0.45,31,445,1
act_16,16,0.16,0.45,31,418,1
act_31,31,0.15,0.6,31,369,1
act_16,16,0.16,0.45,31,34,1
act_22,22,0.06,0.2,32,114,0
act_22,22,0.06,0.2,32,446,0
act_4,4,0.01,0.68,32,487,1
act_22,22,0.06,0.2,32,515,0
act_4,4,0.01,0.68,32,25,1
act_22,22,0.06,0.2,32,429,0
act_22,22,0.06,0.2,32,384,0
act_22,22,0.06,0.2,32,167,0
act_22,22,0.06,0.2,32,192,0
act_22,22,0.06,0.2,32,277,0
act_4,4,0.01,0.68,32,491,1
act_22,22,0.06,0.2,32,107,0
act_22,22,0.06,0.2,32,377,0
act_4,4,0.01,0.68,32,253,1
act_22,22,0.06,0.2,32,421,0
act_22,22,0.06,0.2,32,334,0
act_4,4,0.01,0.68,32,57,1
act_4,4,0.01,0.68,32,284,1
act_4,4,0.01,0.68,32,459,1
act_21,21,0.05,0.8,33,299,0
act_22,22,0.06,0.2,33,98,0
act_22,22,0.06,0.2,33,132,0
act_22,22,0.06,0.2,33,412,0
act_0,0,0.14,0.5,34,159,0
act_26,26,0.17,0.09,34,407,0
act_7,7,0.07,0.1,35,145,0
act_7,7,0.07,0.1,35,272,0
act_7,7,0.07,0.1,35,69,0
act_5,5,0.19,0.51,35,314,1
act_7,7,0.07,0.1,35,146,0
act_5,5,0.19,0.51,35,306,1
act_7,7,0.07,0.1,35,458,0
act_20,20,0.02,0.93,36,500,1
act_29,29,0.25,0.95,36,437,1
act_35,35,0.1,0.18,36,442,0
act_18,18,0.29,0.28,37,141,0
act_35,35,0.1,0.18,37,97,0
act_35,35,0.1,0.18,37,450,0
act_5,5,0.19,0.51,37,183,1
act_21,21,0.05,0.8,37,182,1
act_18,18,0.29,0.28,38,32,0
act_6,6,0.23,0.88,38,210,0
act_36,36,0.28,0.55,39,443,1
act_36,36,0.28,0.55,39,59,1
act_22,22,0.06,0.2,39,157,0
act_22,22,0.06,0.2,39,176,0
act_7,7,0.07,0.1,40,466,0
act_34,34,0.24,0.7,40,287,1
act_30,30,0.29,0.17,40,302,0
act_17,17,0.08,0.37,40,219,0
act_19,19,0.05,0.15,41,140,0
act_32,32,0.08,0.36,41,478,1
act_26,26,0.17,0.09,41,295,0
act_19,19,0.05,0.15,41,364,0
act_21,21,0.05,0.8,41,229,1
act_32,32,0.08,0.36,41,143,1
act_26,26,0.17,0.09,41,267,0
act_19,19,0.05,0.15,41,365,0
act_18,18,0.29,0.28,42,171,0
act_27,27,0.05,0.33,42,36,1
act_27,27,0.05,0.33,42,495,1
act_27,27,0.05,0.33,42,153,1
act_27,27,0.05,0.33,42,473,1
act_27,27,0.05,0.33,42,342,1
act_22,22,0.06,0.2,43,45,0
act_6,6,0.23,0.88,43,195,0
act_6,6,0.23,0.88,43,214,0
act_22,22,0.06,0.2,43,496,0
act_22,22,0.06,0.2,43,511,0
act_31,31,0.15,0.6,44,58,0
act_8,8,0.04,0.82,44,476,1
act_8,8,0.04,0.82,44,2,1
act_24,24,0.08,0.02,45,106,0
act_33,33,0.28,0.4,45,254,0
act_2,2,0.12,0.07,45,238,0
act_2,2,0.12,0.07,45,28,0
act_39,39,0.11,0.14,46,35,0
act_39,39,0.11,0.14,46,475,0
act_8,8,0.04,0.82,46,104,1
act_8,8,0.04,0.82,46,448,1
act_8,8,0.04,0.82,46,413,1
act_36,36,0.28,0.55,47,297,0
act_35,35,0.1,0.18,47,329,0
act_35,35,0.1,0.18,47,10,0
act_35,35,0.1,0.18,47,128,0
act_35,35,0.1,0.18,47,83,0
act_20,20,0.02,0.93,48,110,1
act_11,11,0.3,0.34,48,463,0
act_23,23,0.08,0.82,48,120,0
act_20,20,0.02,0.93,48,325,1
act_19,19,0.05,0.15,48,484,0
act_20,20,0.02,0.93,48,410,1
act_20,20,0.02,0.93,48,78,1
act_23,23,0.08,0.82,48,432,0
act_20,20,0.02,0.93,48,16,1
act_20,20,0.02,0.93,48,501,1
act_19,19,0.05,0.15,48,363,0
act_20,20,0.02,0.93,48,20,1
act_20,20,0.02,0.93,49,424,0
act_7,7,0.07,0.1,49,242,0
act_7,7,0.07,0.1,49,88,0
act_14,14,0.07,0.76,49,194,0
act_14,14,0.07,0.76,49,403,0
act_39,39,0.11,0.14,49,202,0
act_39,39,0.11,0.14,49,47,0
act_14,14,0.07,0.76,49,268,0
act_7,7,0.07,0.1,49,0,0
act_20,20,0.02,0.93,49,42,0
act_20,20,0.02,0.93,49,318,0
act_20,20,0.02,0.93,49,376,0
act_20,20,0.02,0.93,49,440,0
act_27,27,0.05,0.33,50,482,1
act_19,19,0.05,0.15,50,374,0
act_27,27,0.05,0.33,50,244,1
act_19,19,0.05,0.15,50,49,0
act_19,19,0.05,0.15,50,316,0
act_19,19,0.05,0.15,50,162,0
act_19,19,0.05,0.15,50,169,0
act_27,27,0.05,0.33,50,165,1
act_19,19,0.05,0.15,50,305,0
act_19,19,0.05,0.15,50,385,0
act_6,6,0.23,0.88,51,343,1
act_16,16,0.16,0.45,51,156,1
act_16,16,0.16,0.45,51,416,1
act_26,26,0.17,0.09,52,489,0
act_23,23,0.08,0.82,52,360,1
act_32,32,0.08,0.36,52,133,1
act_0,0,0.14,0.5,53,19,0
act_8,8,0.04,0.82,53,71,0
act_8,8,0.04,0.82,53,286,0
act_8,8,0.04,0.82,53,103,0
act_36,36,0.28,0.55,54,33,1
act_15,15,0.09,0.76,54,1,1
act_12,12,0.28,0.05,55,255,0
act_12,12,0.28,0.05,55,493,0
act_21,21,0.05,0.8,55,507,0
act_38,38,0.09,0.16,56,449,0
act_21,21,0.05,0.8,56,307,0
act_39,39,0.11,0.14,56,414,0
act_39,39,0.11,0.14,56,150,0
act_19,19,0.05,0.15,57,74,0
act_15,15,0.09,0.76,57,320,1
act_27,27,0.05,0.33,57,138,1
act_19,19,0.05,0.15,57,101,0
act_27,27,0.05,0.33,57,155,1
act_19,19,0.05,0.15,57,273,0
act_15,15,0.09,0.76,57,350,1
act_27,27,0.05,0.33,57,100,1
act_27,27,0.05,0.33,57,502,1
act_25,25,0.1,0.78,58,200,1
act_25,25,0.1,0.78,58,379,1
act_7,7,0.07,0.1,58,327,0
act_7,7,0.07,0.1,58,402,0
act_25,25,0.1,0.78,59,422,0
act_16,16,0.16,0.45,59,39,0
act_25,25,0.1,0.78,59,87,0
act_16,16,0.16,0.45,59,264,0
act_16,16,0.16,0.45,60,373,1
act_17,17,0.08,0.37,60,367,1
act_17,17,0.08,0.37,60,375,1
act_32,32,0.08,0.36,61,185,1
act_32,32,0.08,0.36,61,471,1
act_32,32,0.08,0.36,61,56,1
act_32,32,0.08,0.36,61,408,1
act_18,18,0.29,0.28,62,118,0
act_23,23,0.08,0.82,62,405,1
act_23,23,0.08,0.82,62,23,1
act_18,18,0.29,0.28,62,27,0
act_14,14,0.07,0.76,63,154,1
act_14,14,0.07,0.76,63,7,1
act_14,14,0.07,0.76,63,209,1
act_27,27,0.05,0.33,64,55,0
act_3,3,0.25,0.35,64,175,1
act_27,27,0.05,0.33,64,279,0
act_23,23,0.08,0.82,65,61,1
act_23,23,0.08,0.82,65,63,1
act_22,22,0.06,0.2,65,378,0
act_27,27,0.05,0.33,65,163,0
act_27,27,0.05,0.33,65,338,0
act_22,22,0.06,0.2,65,64,0
act_27,27,0.05,0.33,65,216,0
act_22,22,0.06,0.2,65,211,0
act_22,22,0.06,0.2,65,283,0
act_27,27,0.05,0.33,65,221,0
act_27,27,0.05,0.33,65,353,0
act_22,22,0.06,0.2,66,225,0
act_31,31,0.15,0.6,66,319,1
act_24,24,0.08,0.02,66,324,0
act_31,31,0.15,0.6,66,152,1
act_13,13,0.22,0.8,67,147,1
act_21,21,0.05,0.8,67,398,1
act_21,21,0.05,0.8,67,447,1
act_20,20,0.02,0.93,68,30,1
act_28,28,0.19,0.45,68,494,0
act_25,25,0.1,0.78,68,72,0
act_20,20,0.02,0.93,68,281,1
act_20,20,0.02,0.93,68,91,1
act_2,2,0.12,0.07,69,453,0
act_19,19,0.05,0.15,69,125,0
act_2,2,0.12,0.07,69,395,0
act_3,3,0.25,0.35,70,301,0
act_26,26,0.17,0.09,70,506,0
act_26,26,0.17,0.09,70,497,0
act_9,9,0.03,0.01,70,474,0
act_9,9,0.03,0.01,70,485,0
act_9,9,0.03,0.01,70,258,0
act_28,28,0.19,0.45,71,26,0
act_31,31,0.15,0.6,71,180,1
act_28,28,0.19,0.45,71,223,0
act_35,35,0.1,0.18,72,361,0
act_35,35,0.1,0.18,72,469,0
act_1,1,0.25,0.75,72,313,0
act_22,22,0.06,0.2,73,296,0
act_6,6,0.23,0.88,73,158,0
act_22,22,0.06,0.2,73,386,0
act_6,6,0.23,0.88,74,389,1
act_14,14,0.07,0.76,74,38,1
act_26,26,0.17,0.09,75,438,0
act_37,37,0.22,0.89,75,431,0
act_10,10,0.13,0.6,76,509,0
act_1,1,0.25,0.75,76,173,1
act_22,22,0.06,0.2,76,282,0
act_1,1,0.25,0.75,76,252,1
act_21,21,0.05,0.8,77,328,1
act_21,21,0.05,0.8,77,368,1
act_21,21,0.05,0.8,77,340,1
act_21,21,0.05,0.8,77,505,1
act_21,21,0.05,0.8,77,251,1
act_21,21,0.05,0.8,77,190,1
act_21,21,0.05,0.8,77,230,1
act_12,12,0.28,0.05,78,468,0
act_12,12,0.28,0.05,78,312,0
act_10,10,0.13,0.6,78,504,1
act_8,8,0.04,0.82,78,193,1
act_8,8,0.04,0.82,78,186,1
act_9,9,0.03,0.01,79,510,0
act_9,9,0.03,0.01,79,423,0
act_9,9,0.03,0.01,79,5,0
act_28,28,0.19,0.45,79,52,0
act_28,28,0.19,0.45,79,226,0
act_9,9,0.03,0.01,79,135,0
act_9,9,0.03,0.01,79,308,0
act_5,5,0.19,0.51,80,452,0
act_4,4,0.01,0.68,80,499,1
act_4,4,0.01,0.68,80,24,1
act_5,5,0.19,0.51,80,439,0
act_4,4,0.01,0.68,80,208,1
act_4,4,0.01,0.68,80,181,1
act_4,4,0.01,0.68,80,66,1
act_18,18,0.29,0.28,81,488,0
act_16,16,0.16,0.45,81,212,0
act_7,7,0.07,0.1,82,92,0
act_4,4,0.01,0.68,82,434,0
act_37,37,0.22,0.89,82,220,1
act_37,37,0.22,0.89,82,406,1
act_4,4,0.01,0.68,82,492,0
act_37,37,0.22,0.89,82,108,1
act_14,14,0.07,0.76,83,289,1
act_14,14,0.07,0.76,83,339,1
act_14,14,0.07,0.76,83,148,1
act_14,14,0.07,0.76,83,79,1
act_14,14,0.07,0.76,83,96,1
act_14,14,0.07,0.76,83,227,1
act_14,14,0.07,0.76,83,498,1
act_16,16,0.16,0.45,84,333,1
act_16,16,0.16,0.45,84,6,1
act_34,34,0.24,0.7,85,164,0
act_34,34,0.24,0.7,85,189,0
act_21,21,0.05,0.8,85,247,1
act_21,21,0.05,0.8,85,392,1
act_21,21,0.05,0.8,85,354,1
act_21,21,0.05,0.8,85,278,1
act_21,21,0.05,0.8,85,341,1
act_21,21,0.05,0.8,85,345,1
act_4,4,0.01,0.68,86,93,1
act_36,36,0.28,0.55,86,332,0
act_4,4,0.01,0.68,86,457,1
act_4,4,0.01,0.68,86,336,1
act_4,4,0.01,0.68,86,241,1
act_4,4,0.01,0.68,86,419,1
act_4,4,0.01,0.68,86,117,1
act_4,4,0.01,0.68,86,483,1
act_4,4,0.01,0.68,86,161,1
act_4,4,0.01,0.68,86,201,1
act_4,4,0.01,0.68,86,317,1
act_4,4,0.01,0.68,86,73,1
act_4,4,0.01,0.68,86,179,1
act_4,4,0.01,0.68,86,67,1
act_4,4,0.01,0.68,86,366,1
act_4,4,0.01,0.68,86,426,1
act_4,4,0.01,0.68,86,43,1
act_4,4,0.01,0.68,86,187,1
act_4,4,0.01,0.68,86,456,1
act_4,4,0.01,0.68,86,53,1
act_4,4,0.01,0.68,86,199,1
act_4,4,0.01,0.68,86,472,1
act_4,4,0.01,0.68,86,17,1
act_4,4,0.01,0.68,86,388,1
act_4,4,0.01,0.68,86,131,1
act_4,4,0.01,0.68,86,359,1
act_4,4,0.01,0.68,86,348,1
act_4,4,0.01,0.68,86,119,1
act_4,4,0.01,0.68,86,425,1
act_4,4,0.01,0.68,86,257,1
act_22,22,0.06,0.2,87,51,0
act_10,10,0.13,0.6,87,222,1
act_19,19,0.05,0.15,87,347,0
act_10,10,0.13,0.6,87,387,1
act_19,19,0.05,0.15,87,420,0
act_14,14,0.07,0.76,88,174,1
act_27,27,0.05,0.33,88,44,1
act_4,4,0.01,0.68,88,380,1
act_14,14,0.07,0.76,88,298,1
act_27,27,0.05,0.33,88,310,1
act_4,4,0.01,0.68,88,31,1
act_4,4,0.01,0.68,88,188,1
act_23,23,0.08,0.82,88,430,1
act_23,23,0.08,0.82,88,344,1
act_14,14,0.07,0.76,88,461,1
act_4,4,0.01,0.68,88,477,1
act_4,4,0.01,0.68,89,149,1
act_4,4,0.01,0.68,89,321,1
act_4,4,0.01,0.68,89,239,1
act_4,4,0.01,0.68,89,271,1
act_4,4,0.01,0.68,89,517,1
act_23,23,0.08,0.82,89,512,1
act_4,4,0.01,0.68,89,401,1
act_23,23,0.08,0.82,89,381,1
act_23,23,0.08,0.82,89,404,1
act_4,4,0.01,0.68,89,266,1
act_4,4,0.01,0.68,89,248,1
act_4,4,0.01,0.68,89,9,1
act_4,4,0.01,0.68,89,82,1
act_4,4,0.01,0.68,89,315,1
act_4,4,0.01,0.68,89,269,1
act_23,23,0.08,0.82,89,292,1
act_23,23,0.08,0.82,89,346,1
act_23,23,0.08,0.82,89,290,1
act_4,4,0.01,0.68,89,490,1
act_4,4,0.01,0.68,89,12,1
act_4,4,0.01,0.68,89,123,1
act_4,4,0.01,0.68,89,455,1
act_4,4,0.01,0.68,89,382,1
act_4,4,0.01,0.68,89,352,1
act_0,0,0.14,0.5,90,13,0
act_22,22,0.06,0.2,90,177,0
act_22,22,0.06,0.2,90,245,0
act_15,15,0.09,0.76,91,428,0
act_22,22,0.06,0.2,91,451,0
act_38,38,0.09,0.16,91,21,0
act_22,22,0.06,0.2,91,139,0
act_38,38,0.09,0.16,91,304,0
act_22,22,0.06,0.2,91,394,0
act_22,22,0.06,0.2,91,351,0
act_22,22,0.06,0.2,91,337,0
act_22,22,0.06,0.2,91,427,0
act_35,35,0.1,0.18,92,99,0
act_35,35,0.1,0.18,92,81,0
act_3,3,0.25,0.35,92,127,0
act_35,35,0.1,0.18,92,265,0
act_35,35,0.1,0.18,92,14,0
act_35,35,0.1,0.18,92,65,0
act_4,4,0.01,0.68,93,112,1
act_15,15,0.09,0.76,93,105,1
act_4,4,0.01,0.68,93,94,1
act_4,4,0.01,0.68,93,513,1
act_9,9,0.03,0.01,93,383,0
act_9,9,0.03,0.01,93,126,0
act_9,9,0.03,0.01,93,480,0
act_15,15,0.09,0.76,93,335,1
act_15,15,0.09,0.76,93,144,1
act_15,15,0.09,0.76,93,518,1
act_4,4,0.01,0.68,93,236,1
act_9,9,0.03,0.01,93,178,0
act_4,4,0.01,0.68,93,441,1
act_16,16,0.16,0.45,94,393,1
act_29,29,0.25,0.95,94,233,1
act_16,16,0.16,0.45,94,436,1
act_32,32,0.08,0.36,95,102,0
act_32,32,0.08,0.36,95,362,0
act_8,8,0.04,0.82,95,75,1
act_8,8,0.04,0.82,95,40,1
act_8,8,0.04,0.82,95,197,1
act_39,39,0.11,0.14,96,166,0
act_39,39,0.11,0.14,96,95,0
act_17,17,0.08,0.37,96,243,1
act_17,17,0.08,0.37,96,470,1
act_3,3,0.25,0.35,97,372,0
act_19,19,0.05,0.15,97,124,0
act_19,19,0.05,0.15,98,235,0
act_19,19,0.05,0.15,98,18,0
act_17,17,0.08,0.37,98,481,0
act_31,31,0.15,0.6,98,15,1
act_19,19,0.05,0.15,98,397,0
act_12,12,0.28,0.05,99,355,0
act_12,12,0.28,0.05,99,8,0

Alpha (resource id, list of activity ids)
0:23,9,38
1:20,10,6
2:18,4,39
3:12,32
4:39,15,11,19
5:26,12,25
6:39,2
7:3,26
8:25,20,7,0
9:18,20,5,31
10:14,21,22
11:39,29
12:18,14,27,38
13:35,3,11,24
14:38,5,23
15:1,3
16:15,12,33,13
17:16,17
18:6,38,22,5
19:3,30,15,14
20:11,27,4,3
21:37,0,22
22:27,7,2
23:22,19,15
24:11,2,20
25:4,5
26:18,36,0,11
27:39,10,5,11
28:2,28
29:13,26,10,6
30:30,5,9,26
31:31,19,28,16
32:22,4
33:22,21,12
34:26,0
35:7,5
36:20,35,29,30
37:21,18,35,5
38:18,10,6,15
39:22,36,11
40:17,30,7,34
41:19,21,26,32
42:34,27,36,18
43:22,6
44:23,8,31,13
45:2,24,33
46:8,39
47:36,35
48:19,11,20,23
49:7,14,20,39
50:19,27
51:16,6
52:26,23,24,32
53:8,0
54:16,15,33,36
55:21,23,1,12
56:38,39,21
57:27,19,15
58:25,7,28,23
59:13,25,16,33
60:11,32,17,16
61:7,6,32,31
62:13,23,18,29
63:16,14
64:3,27
65:22,23,27
66:22,31,24
67:21,13
68:20,25,28
69:12,28,2,19
70:26,3,9,39
71:17,31,28,26
72:1,7,35
73:6,22
74:14,31,5,6
75:37,26
76:1,7,22,10
77:33,21
78:10,31,8,12
79:28,26,9
80:7,5,4
81:29,33,18,16
82:37,7,4
83:1,14
84:11,16,10,2
85:34,21
86:4,36
87:26,22,19,10
88:27,23,4,14
89:4,23
90:0,22
91:38,13,15,22
92:35,3
93:15,9,4
94:12,29,16
95:39,8,32
96:17,10,39
97:5,3,19
98:19,31,17
99:28,12

Costs (resource, resource to replace, activity, cost)
0,0,23,0
0,14,23,0.43
0,44,23,0.34
0,48,23,0.84
0,52,23,0.14
0,55,23,0.36
0,58,23,0.39
0,62,23,0.81
0,65,23,0.97
0,88,23,0.05
0,89,23,0.72
0,0,9,0
0,30,9,0.55
0,70,9,0.51
0,79,9,0.38
0,93,9,0.34
0,0,38,0
0,12,38,0.26
0,14,38,0.45
0,18,38,0.21
0,56,38,0.56
0,91,38,0.91
1,1,20,0
1,8,20,0.66
1,9,20,0.03
1,24,20,0.37
1,36,20,0.43
1,48,20,0.33
1,49,20,0.24
1,68,20,0.27
1,1,10,0
1,27,10,0.45
1,29,10,0.83
1,38,10,0.67
1,76,10,0.85
1,78,10,0.06
1,84,10,0.99
1,87,10,0.19
1,96,10,0.48
1,1,6,0
1,18,6,0.49
1,29,6,0.44
1,38,6,0.56
1,43,6,0.88
1,51,6,0.25
1,61,6,0.39
1,73,6,0.36
1,74,6,0.18
2,2,18,0
2,9,18,0.09
2,12,18,0.2
2,26,18,0.53
2,37,18,0.76
2,38,18,0.2
2,42,18,0.94
2,62,18,0.76
2,81,18,0.96
2,2,4,0
2,20,4,0.95
2,25,4,0.78
2,32,4,0.26
2,80,4,0.87
2,82,4,0.59
2,86,4,0.26
2,88,4,0.48
2,89,4,0.44
2,93,4,0.72
2,2,39,0
2,4,39,0.04
2,6,39,0.81
2,11,39,0.57
2,27,39,0.6
2,46,39,0.79
2,49,39,0.97
2,56,39,0.77
2,70,39,0.9
2,95,39,0.25
2,96,39,0.63
3,3,12,0
3,5,12,0.65
3,16,12,0.27
3,33,12,0.96
3,55,12,0.54
3,69,12,0.51
3,78,12,0.91
3,94,12,0.72
3,99,12,0.49
3,3,32,0
3,41,32,0.15
3,52,32,0.59
3,60,32,0.51
3,61,32,0.49
3,95,32,0.13
4,2,39,0.96
4,4,39,0
4,6,39,0.26
4,11,39,0.84
4,27,39,0.67
4,46,39,0.23
4,49,39,0.23
4,56,39,0.9
4,70,39,0.64
4,95,39,0.25
4,96,39,0.45
4,4,15,0
4,16,15,0.17
4,19,15,0.61
4,23,15,0.26
4,38,15,0.58
4,54,15,0.46
4,57,15,0.97
4,91,15,0.67
4,93,15,0.37
4,4,11,0
4,13,11,0.75
4,20,11,0.4
4,24,11,0.54
4,26,11,0.79
4,27,11,0.22
4,39,11,0.3
4,48,11,0.18
4,60,11,0.15
4,84,11,0.36
4,4,19,0
4,23,19,0.45
4,31,19,0.63
4,41,19,0.62
4,48,19,0.44
4,50,19,0.13
4,57,19,0.93
4,69,19,0.77
4,87,19,0.32
4,97,19,0.2
4,98,19,0.03
5,5,26,0
5,7,26,0.1
5,29,26,0.3
5,30,26,0.8
5,34,26,0.79
5,41,26,0.43
5,52,26,0.34
5,70,26,0.95
5,71,26,0.53
5,75,26,0.47
5,79,26,0.13
5,87,26,0.09
5,3,12,0.68
5,5,12,0
5,16,12,0.49
5,33,12,0.9
5,55,12,0.63
5,69,12,0.07
5,78,12,0.13
5,94,12,0.03
5,99,12,0.69
5,5,25,0
5,8,25,0.66
5,58,25,0.24
5,59,25,0.24
5,68,25,0.98
6,2,39,0.99
6,4,39,0.26
6,6,39,0
6,11,39,0.51
6,27,39,0.51
6,46,39,0.81
6,49,39,0.54
6,56,39,0.95
6,70,39,0.15
6,95,39,0.96
6,96,39,0.83
6,6,2,0
6,22,2,0.59
6,24,2,0.22
6,28,2,0.89
6,45,2,0.64
6,69,2,0.77
6,84,2,0.59
7,7,3,0
7,13,3,0.73
7,15,3,0.48
7,19,3,0.46
7,20,3,0.18
7,64,3,0.71
7,70,3,0.93
7,92,3,0.79
7,97,3,0.33
7,5,26,0.73
7,7,26,0
7,29,26,0.48
7,30,26,0.26
7,34,26,0.35
7,41,26,0.2
7,52,26,0.44
7,70,26,0.43
7,71,26,0.63
7,75,26,0.25
7,79,26,0.46
7,87,26,0.11
8,5,25,0.88
8,8,25,0
8,58,25,0.48
8,59,25,0.67
8,68,25,0.27
8,1,20,0.16
8,8,20,0
8,9,20,0.73
8,24,20,0.58
8,36,20,0.72
8,48,20,0.85
8,49,20,0.56
8,68,20,0.25
8,8,7,0
8,22,7,0.19
8,35,7,0.61
8,40,7,0.45
8,49,7,0.53
8,58,7,0.66
8,61,7,0.59
8,72,7,0.61
8,76,7,0.86
8,80,7,0.4
8,82,7,0.15
8,8,0,0
8,21,0,0.17
8,26,0,0.6
8,34,0,0.84
8,53,0,0.85
8,90,0,0.17
9,2,18,0.13
9,9,18,0
9,12,18,0.5
9,26,18,0.11
9,37,18,0.26
9,38,18,0.01
9,42,18,0.9
9,62,18,0.64
9,81,18,0.18
9,1,20,0.36
9,8,20,0.74
9,9,20,0
9,24,20,0.54
9,36,20,0.8
9,48,20,0.13
9,49,20,0.99
9,68,20,0.33
9,9,5,0
9,14,5,0.38
9,18,5,0.83
9,25,5,0.63
9,27,5,0.03
9,30,5,0.82
9,35,5,0.5
9,37,5,0.64
9,74,5,0.24
9,80,5,0.32
9,97,5,0.81
9,9,31,0
9,31,31,0.21
9,44,31,0.38
9,61,31,0.37
9,66,31,0.67
9,71,31,0.08
9,74,31,0.5
9,78,31,0.55
9,98,31,0.23
10,10,14,0
10,12,14,0.01
10,19,14,0.69
10,49,14,0.97
10,63,14,0.67
10,74,14,0.78
10,83,14,0.7
10,88,14,0.81
10,10,21,0
10,33,21,0.03
10,37,21,0.03
10,41,21,0.39
10,55,21,0.69
10,56,21,0.49
10,67,21,0.4
10,77,21,0.81
10,85,21,0.33
10,10,22,0
10,18,22,0.66
10,21,22,0.92
10,23,22,0.4
10,32,22,0.42
10,33,22,0.08
10,39,22,0.53
10,43,22,0.28
10,65,22,0.47
10,66,22,0.74
10,73,22,0.25
10,76,22,0.62
10,87,22,0.22
10,90,22,0.13
10,91,22,0.55
11,2,39,0.02
11,4,39,0.89
11,6,39,0.79
11,11,39,0
11,27,39,0.52
11,46,39,0.93
11,49,39,0.04
11,56,39,0.33
11,70,39,0.73
11,95,39,0.31
11,96,39,0.09
11,11,29,0
11,36,29,0.69
11,62,29,0.38
11,81,29,0.26
11,94,29,0.18
12,2,18,0.59
12,9,18,0.92
12,12,18,0
12,26,18,0.98
12,37,18,0.19
12,38,18,0.86
12,42,18,0.82
12,62,18,0.6
12,81,18,0.35
12,10,14,0.84
12,12,14,0
12,19,14,0.78
12,49,14,0.49
12,63,14,0.01
12,74,14,0.26
12,83,14,0.11
12,88,14,0.0
12,12,27,0
12,20,27,0.18
12,22,27,0.81
12,42,27,0.03
12,50,27,0.17
12,57,27,0.69
12,64,27,0.75
12,65,27,0.76
12,88,27,0.44
12,0,38,0.43
12,12,38,0
12,14,38,0.26
12,18,38,0.87
12,56,38,0.38
12,91,38,0.83
13,13,35,0
13,36,35,0.58
13,37,35,0.97
13,47,35,0.28
13,72,35,1.0
13,92,35,0.71
13,7,3,0.97
13,13,3,0
13,15,3,0.56
13,19,3,0.93
13,20,3,0.84
13,64,3,0.43
13,70,3,0.16
13,92,3,0.26
13,97,3,0.03
13,4,11,0.07
13,13,11,0
13,20,11,0.07
13,24,11,0.75
13,26,11,0.73
13,27,11,0.51
13,39,11,0.98
13,48,11,0.04
13,60,11,0.87
13,84,11,0.79
13,13,24,0
13,45,24,0.62
13,52,24,0.53
13,66,24,0.43
14,0,38,0.12
14,12,38,0.82
14,14,38,0
14,18,38,0.64
14,56,38,0.45
14,91,38,0.97
14,9,5,0.31
14,14,5,0
14,18,5,0.89
14,25,5,0.18
14,27,5,0.5
14,30,5,0.91
14,35,5,0.19
14,37,5,0.27
14,74,5,0.29
14,80,5,0.49
14,97,5,0.69
14,0,23,0.29
14,14,23,0
14,44,23,0.59
14,48,23,0.79
14,52,23,0.5
14,55,23,0.74
14,58,23,0.45
14,62,23,0.76
14,65,23,0.59
14,88,23,0.24
14,89,23,0.44
15,15,1,0
15,55,1,0.42
15,72,1,0.3
15,76,1,0.31
15,83,1,0.31
15,7,3,0.38
15,13,3,0.91
15,15,3,0
15,19,3,0.73
15,20,3,0.36
15,64,3,0.63
15,70,3,0.75
15,92,3,0.32
15,97,3,0.07
16,4,15,0.82
16,16,15,0
16,19,15,0.4
16,23,15,0.74
16,38,15,0.0
16,54,15,0.69
16,57,15,0.79
16,91,15,0.45
16,93,15,0.11
16,3,12,0.26
16,5,12,0.02
16,16,12,0
16,33,12,0.33
16,55,12,0.88
16,69,12,0.35
16,78,12,0.03
16,94,12,0.2
16,99,12,0.03
16,16,33,0
16,45,33,0.72
16,54,33,0.83
16,59,33,0.49
16,77,33,0.34
16,81,33,0.3
16,16,13,0
16,29,13,0.57
16,44,13,0.28
16,59,13,0.02
16,62,13,0.84
16,67,13,0.04
16,91,13,0.33
17,17,16,0
17,31,16,0.02
17,51,16,0.28
17,54,16,0.6
17,59,16,0.36
17,60,16,0.52
17,63,16,0.63
17,81,16,0.65
17,84,16,0.46
17,94,16,0.92
17,17,17,0
17,40,17,0.87
17,60,17,0.46
17,71,17,0.96
17,96,17,0.46
17,98,17,0.74
18,1,6,0.03
18,18,6,0
18,29,6,0.63
18,38,6,0.56
18,43,6,0.21
18,51,6,0.02
18,61,6,0.22
18,73,6,0.28
18,74,6,0.94
18,0,38,0.9
18,12,38,0.45
18,14,38,0.62
18,18,38,0
18,56,38,0.21
18,91,38,0.46
18,10,22,0.16
18,18,22,0
18,21,22,0.77
18,23,22,0.06
18,32,22,0.24
18,33,22,0.05
18,39,22,0.23
18,43,22,0.87
18,65,22,0.7
18,66,22,0.39
18,73,22,0.62
18,76,22,0.37
18,87,22,0.8
18,90,22,0.12
18,91,22,0.08
18,9,5,0.63
18,14,5,0.59
18,18,5,0
18,25,5,0.35
18,27,5,0.44
18,30,5,0.21
18,35,5,0.26
18,37,5,0.84
18,74,5,0.64
18,80,5,0.67
18,97,5,0.5
19,7,3,0.38
19,13,3,0.6
19,15,3,0.63
19,19,3,0
19,20,3,0.45
19,64,3,0.01
19,70,3,0.75
19,92,3,0.58
19,97,3,0.24
19,19,30,0
19,30,30,0.01
19,36,30,0.58
19,40,30,0.11
19,4,15,0.48
19,16,15,0.55
19,19,15,0
19,23,15,0.28
19,38,15,0.91
19,54,15,0.01
19,57,15,0.11
19,91,15,0.12
19,93,15,0.71
19,10,14,0.26
19,12,14,0.44
19,19,14,0
19,49,14,0.86
19,63,14,0.2
19,74,14,0.43
19,83,14,0.4
19,88,14,0.9
20,4,11,0.13
20,13,11,0.85
20,20,11,0
20,24,11,0.39
20,26,11,0.2
20,27,11,0.64
20,39,11,0.05
20,48,11,0.83
20,60,11,0.98
20,84,11,0.5
20,12,27,0.34
20,20,27,0
20,22,27,0.35
20,42,27,0.29
20,50,27,0.11
20,57,27,0.58
20,64,27,0.01
20,65,27,0.38
20,88,27,0.04
20,2,4,0.83
20,20,4,0
20,25,4,0.2
20,32,4,0.88
20,80,4,0.99
20,82,4,0.67
20,86,4,0.35
20,88,4,0.5
20,89,4,0.05
20,93,4,0.08
20,7,3,0.38
20,13,3,0.28
20,15,3,0.95
20,19,3,0.34
20,20,3,0
20,64,3,0.18
20,70,3,0.49
20,92,3,0.25
20,97,3,0.23
21,21,37,0
21,75,37,0.21
21,82,37,0.12
21,8,0,0.83
21,21,0,0
21,26,0,0.92
21,34,0,0.99
21,53,0,0.55
21,90,0,0.06
21,10,22,0.82
21,18,22,0.28
21,21,22,0
21,23,22,0.92
21,32,22,0.15
21,33,22,0.22
21,39,22,0.27
21,43,22,0.52
21,65,22,0.85
21,66,22,0.65
21,73,22,0.16
21,76,22,0.41
21,87,22,0.74
21,90,22,0.47
21,91,22,0.62
22,12,27,0.4
22,20,27,0.37
22,22,27,0
22,42,27,0.2
22,50,27,0.35
22,57,27,0.61
22,64,27,0.16
22,65,27,0.59
22,88,27,0.1
22,8,7,0.12
22,22,7,0
22,35,7,0.68
22,40,7,0.87
22,49,7,0.53
22,58,7,0.08
22,61,7,0.68
22,72,7,0.59
22,76,7,0.75
22,80,7,0.84
22,82,7,0.47
22,6,2,0.35
22,22,2,0
22,24,2,0.62
22,28,2,0.75
22,45,2,0.85
22,69,2,0.02
22,84,2,0.6
23,10,22,0.45
23,18,22,0.99
23,21,22,0.71
23,23,22,0
23,32,22,0.12
23,33,22,0.59
23,39,22,0.96
23,43,22,0.29
23,65,22,0.01
23,66,22,0.91
23,73,22,0.0
23,76,22,0.46
23,87,22,0.54
23,90,22,0.23
23,91,22,0.07
23,4,19,0.76
23,23,19,0
23,31,19,0.88
23,41,19,0.08
23,48,19,0.44
23,50,19,0.74
23,57,19,0.05
23,69,19,0.18
23,87,19,0.66
23,97,19,0.21
23,98,19,0.12
23,4,15,0.01
23,16,15,0.56
23,19,15,0.87
23,23,15,0
23,38,15,0.24
23,54,15,0.36
23,57,15,0.16
23,91,15,0.63
23,93,15,0.51
24,4,11,0.45
24,13,11,0.23
24,20,11,0.71
24,24,11,0
24,26,11,0.93
24,27,11,0.82
24,39,11,0.41
24,48,11,0.61
24,60,11,0.65
24,84,11,0.51
24,6,2,0.17
24,22,2,0.25
24,24,2,0
24,28,2,0.99
24,45,2,0.52
24,69,2,0.35
24,84,2,0.21
24,1,20,0.55
24,8,20,0.99
24,9,20,0.55
24,24,20,0
24,36,20,0.91
24,48,20,0.96
24,49,20,0.29
24,68,20,0.81
25,2,4,0.28
25,20,4,0.89
25,25,4,0
25,32,4,0.73
25,80,4,0.93
25,82,4,0.04
25,86,4,0.33
25,88,4,0.12
25,89,4,0.86
25,93,4,0.7
25,9,5,0.27
25,14,5,0.17
25,18,5,0.83
25,25,5,0
25,27,5,0.67
25,30,5,0.41
25,35,5,0.52
25,37,5,0.1
25,74,5,0.45
25,80,5,0.43
25,97,5,0.57
26,2,18,0.97
26,9,18,0.15
26,12,18,0.04
26,26,18,0
26,37,18,0.98
26,38,18,0.18
26,42,18,0.69
26,62,18,0.53
26,81,18,0.62
26,26,36,0
26,39,36,0.61
26,42,36,0.42
26,47,36,0.13
26,54,36,0.41
26,86,36,0.87
26,8,0,0.4
26,21,0,0.37
26,26,0,0
26,34,0,0.34
26,53,0,0.2
26,90,0,0.28
26,4,11,0.03
26,13,11,0.45
26,20,11,0.55
26,24,11,0.14
26,26,11,0
26,27,11,0.76
26,39,11,0.52
26,48,11,0.47
26,60,11,0.97
26,84,11,0.73
27,2,39,0.16
27,4,39,0.94
27,6,39,0.93
27,11,39,0.86
27,27,39,0
27,46,39,0.88
27,49,39,0.14
27,56,39,0.19
27,70,39,0.83
27,95,39,0.88
27,96,39,0.79
27,1,10,0.34
27,27,10,0
27,29,10,0.2
27,38,10,0.82
27,76,10,0.16
27,78,10,0.91
27,84,10,0.6
27,87,10,0.58
27,96,10,0.87
27,9,5,0.63
27,14,5,0.92
27,18,5,0.9
27,25,5,0.95
27,27,5,0
27,30,5,0.44
27,35,5,0.68
27,37,5,0.24
27,74,5,0.77
27,80,5,0.11
27,97,5,0.75
27,4,11,0.1
27,13,11,0.14
27,20,11,0.39
27,24,11,0.05
27,26,11,0.09
27,27,11,0
27,39,11,0.9
27,48,11,0.68
27,60,11,0.27
27,84,11,0.71
28,6,2,0.08
28,22,2,0.27
28,24,2,0.29
28,28,2,0
28,45,2,0.22
28,69,2,0.04
28,84,2,0.14
28,28,28,0
28,31,28,0.08
28,58,28,0.77
28,68,28,0.43
28,69,28,0.12
28,71,28,0.19
28,79,28,0.22
28,99,28,0.55
29,16,13,0.25
29,29,13,0
29,44,13,0.64
29,59,13,0.76
29,62,13,0.86
29,67,13,0.2
29,91,13,0.27
29,5,26,0.72
29,7,26,0.87
29,29,26,0
29,30,26,0.77
29,34,26,0.88
29,41,26,0.92
29,52,26,0.18
29,70,26,0.43
29,71,26,0.25
29,75,26,0.28
29,79,26,0.12
29,87,26,0.18
29,1,10,0.92
29,27,10,0.9
29,29,10,0
29,38,10,0.28
29,76,10,0.1
29,78,10,0.83
29,84,10,0.96
29,87,10,0.18
29,96,10,0.43
29,1,6,0.57
29,18,6,0.25
29,29,6,0
29,38,6,0.87
29,43,6,0.75
29,51,6,0.15
29,61,6,0.69
29,73,6,0.84
29,74,6,0.05
30,19,30,0.4
30,30,30,0
30,36,30,0.13
30,40,30,0.84
30,9,5,0.34
30,14,5,0.56
30,18,5,0.29
30,25,5,0.85
30,27,5,0.78
30,30,5,0
30,35,5,0.41
30,37,5,0.66
30,74,5,0.78
30,80,5,0.3
30,97,5,0.93
30,0,9,0.27
30,30,9,0
30,70,9,0.56
30,79,9,0.86
30,93,9,0.11
30,5,26,0.5
30,7,26,0.29
30,29,26,0.26
30,30,26,0
30,34,26,0.97
30,41,26,0.67
30,52,26,0.41
30,70,26,0.51
30,71,26,0.19
30,75,26,0.29
30,79,26,0.97
30,87,26,0.83
31,9,31,0.23
31,31,31,0
31,44,31,0.77
31,61,31,0.81
31,66,31,0.66
31,71,31,0.88
31,74,31,0.11
31,78,31,0.32
31,98,31,0.27
31,4,19,0.31
31,23,19,0.97
31,31,19,0
31,41,19,0.14
31,48,19,0.67
31,50,19,0.65
31,57,19,0.77
31,69,19,0.55
31,87,19,0.07
31,97,19,0.02
31,98,19,0.37
31,28,28,0.34
31,31,28,0
31,58,28,0.79
31,68,28,0.2
31,69,28,0.33
31,71,28,0.17
31,79,28,0.76
31,99,28,0.45
31,17,16,0.64
31,31,16,0
31,51,16,0.56
31,54,16,0.66
31,59,16,0.18
31,60,16,0.33
31,63,16,0.06
31,81,16,0.26
31,84,16,0.7
31,94,16,0.28
32,10,22,0.54
32,18,22,0.8
32,21,22,0.32
32,23,22,0.84
32,32,22,0
32,33,22,0.26
32,39,22,0.88
32,43,22,0.22
32,65,22,0.63
32,66,22,0.57
32,73,22,0.99
32,76,22,0.92
32,87,22,0.55
32,90,22,0.29
32,91,22,0.45
32,2,4,0.52
32,20,4,0.66
32,25,4,0.55
32,32,4,0
32,80,4,0.53
32,82,4,0.67
32,86,4,0.05
32,88,4,0.46
32,89,4,0.77
32,93,4,0.82
33,10,22,0.03
33,18,22,0.34
33,21,22,0.04
33,23,22,0.35
33,32,22,0.8
33,33,22,0
33,39,22,0.2
33,43,22,0.86
33,65,22,0.18
33,66,22,0.16
33,73,22,0.14
33,76,22,0.65
33,87,22,0.49
33,90,22,0.72
33,91,22,0.3
33,10,21,0.89
33,33,21,0
33,37,21,0.61
33,41,21,0.18
33,55,21,0.95
33,56,21,0.15
33,67,21,0.38
33,77,21,0.54
33,85,21,0.27
33,3,12,0.25
33,5,12,0.02
33,16,12,0.66
33,33,12,0
33,55,12,0.3
33,69,12,0.84
33,78,12,0.26
33,94,12,0.03
33,99,12,0.92
34,5,26,0.46
34,7,26,0.57
34,29,26,0.93
34,30,26,0.23
34,34,26,0
34,41,26,0.83
34,52,26,0.33
34,70,26,0.77
34,71,26,0.2
34,75,26,0.08
34,79,26,0.51
34,87,26,0.49
34,8,0,0.58
34,21,0,0.87
34,26,0,0.88
34,34,0,0
34,53,0,0.41
34,90,0,0.23
35,8,7,0.31
35,22,7,0.24
35,35,7,0
35,40,7,0.23
35,49,7,0.98
35,58,7,0.46
35,61,7,0.45
35,72,7,0.95
35,76,7,0.61
35,80,7,0.91
35,82,7,0.72
35,9,5,0.77
35,14,5,0.56
35,18,5,0.11
35,25,5,0.39
35,27,5,0.12
35,30,5,0.25
35,35,5,0
35,37,5,0.42
35,74,5,0.05
35,80,5,0.64
35,97,5,0.59
36,1,20,0.19
36,8,20,0.2
36,9,20,0.9
36,24,20,0.94
36,36,20,0
36,48,20,0.07
36,49,20,0.18
36,68,20,0.58
36,13,35,0.66
36,36,35,0
36,37,35,0.14
36,47,35,0.14
36,72,35,0.09
36,92,35,0.73
36,11,29,0.83
36,36,29,0
36,62,29,0.02
36,81,29,0.42
36,94,29,0.98
36,19,30,0.93
36,30,30,0.91
36,36,30,0
36,40,30,0.94
37,10,21,0.44
37,33,21,0.36
37,37,21,0
37,41,21,0.74
37,55,21,0.76
37,56,21,0.01
37,67,21,0.48
37,77,21,0.21
37,85,21,0.2
37,2,18,0.09
37,9,18,0.83
37,12,18,0.77
37,26,18,0.64
37,37,18,0
37,38,18,0.39
37,42,18,0.02
37,62,18,0.8
37,81,18,0.8
37,13,35,0.69
37,36,35,0.96
37,37,35,0
37,47,35,0.76
37,72,35,0.08
37,92,35,0.48
37,9,5,0.49
37,14,5,0.8
37,18,5,0.69
37,25,5,0.42
37,27,5,0.62
37,30,5,0.99
37,35,5,0.96
37,37,5,0
37,74,5,0.91
37,80,5,0.81
37,97,5,0.31
38,2,18,0.71
38,9,18,0.33
38,12,18,0.17
38,26,18,0.91
38,37,18,0.4
38,38,18,0
38,42,18,0.21
38,62,18,0.89
38,81,18,0.52
38,1,10,0.49
38,27,10,0.61
38,29,10,0.63
38,38,10,0
38,76,10,0.69
38,78,10,0.85
38,84,10,0.92
38,87,10,0.78
38,96,10,0.1
38,1,6,0.08
38,18,6,0.04
38,29,6,0.72
38,38,6,0
38,43,6,0.57
38,51,6,0.5
38,61,6,0.7
38,73,6,0.46
38,74,6,0.81
38,4,15,0.26
38,16,15,0.56
38,19,15,0.74
38,23,15,0.42
38,38,15,0
38,54,15,0.7
38,57,15,0.06
38,91,15,0.19
38,93,15,0.01
39,10,22,0.62
39,18,22,0.85
39,21,22,0.21
39,23,22,0.38
39,32,22,0.95
39,33,22,0.28
39,39,22,0
39,43,22,0.07
39,65,22,0.28
39,66,22,0.72
39,73,22,0.14
39,76,22,0.38
39,87,22,0.54
39,90,22,0.28
39,91,22,0.58
39,26,36,0.25
39,39,36,0
39,42,36,0.15
39,47,36,0.44
39,54,36,0.36
39,86,36,0.47
39,4,11,0.53
39,13,11,0.84
39,20,11,0.73
39,24,11,0.88
39,26,11,0.32
39,27,11,0.53
39,39,11,0
39,48,11,0.45
39,60,11,0.66
39,84,11,0.68
40,17,17,0.72
40,40,17,0
40,60,17,0.82
40,71,17,0.56
40,96,17,0.48
40,98,17,0.5
40,19,30,0.29
40,30,30,0.41
40,36,30,0.0
40,40,30,0
40,8,7,0.29
40,22,7,0.21
40,35,7,0.78
40,40,7,0
40,49,7,0.94
40,58,7,0.69
40,61,7,0.11
40,72,7,0.19
40,76,7,0.23
40,80,7,0.73
40,82,7,0.28
40,40,34,0
40,42,34,0.35
40,85,34,0.95
41,4,19,0.01
41,23,19,0.04
41,31,19,0.07
41,41,19,0
41,48,19,0.89
41,50,19,0.07
41,57,19,0.9
41,69,19,0.94
41,87,19,0.26
41,97,19,0.78
41,98,19,0.26
41,10,21,0.99
41,33,21,0.81
41,37,21,0.99
41,41,21,0
41,55,21,0.44
41,56,21,0.8
41,67,21,0.48
41,77,21,0.21
41,85,21,0.24
41,5,26,0.14
41,7,26,0.1
41,29,26,0.79
41,30,26,0.91
41,34,26,0.96
41,41,26,0
41,52,26,0.46
41,70,26,0.36
41,71,26,0.56
41,75,26,0.87
41,79,26,0.32
41,87,26,0.84
41,3,32,0.17
41,41,32,0
41,52,32,0.62
41,60,32,0.31
41,61,32,0.03
41,95,32,0.24
42,40,34,0.45
42,42,34,0
42,85,34,0.59
42,12,27,0.77
42,20,27,0.08
42,22,27,0.86
42,42,27,0
42,50,27,0.25
42,57,27,0.32
42,64,27,0.67
42,65,27,0.38
42,88,27,0.93
42,26,36,0.65
42,39,36,0.53
42,42,36,0
42,47,36,0.28
42,54,36,0.05
42,86,36,0.45
42,2,18,0.6
42,9,18,0.09
42,12,18,0.79
42,26,18,0.09
42,37,18,0.68
42,38,18,0.57
42,42,18,0
42,62,18,0.16
42,81,18,0.93
43,10,22,0.68
43,18,22,0.79
43,21,22,0.48
43,23,22,0.89
43,32,22,0.68
43,33,22,0.8
43,39,22,0.99
43,43,22,0
43,65,22,0.75
43,66,22,0.44
43,73,22,0.4
43,76,22,0.94
43,87,22,0.51
43,90,22,0.81
43,91,22,0.66
43,1,6,1.0
43,18,6,0.89
43,29,6,0.12
43,38,6,0.36
43,43,6,0
43,51,6,0.31
43,61,6,0.88
43,73,6,0.76
43,74,6,0.6
44,0,23,0.71
44,14,23,0.35
44,44,23,0
44,48,23,0.53
44,52,23,0.14
44,55,23,0.5
44,58,23,0.88
44,62,23,0.91
44,65,23,0.97
44,88,23,0.17
44,89,23,0.87
44,44,8,0
44,46,8,0.72
44,53,8,0.36
44,78,8,0.6
44,95,8,0.49
44,9,31,0.71
44,31,31,0.88
44,44,31,0
44,61,31,0.66
44,66,31,0.11
44,71,31,0.83
44,74,31,0.61
44,78,31,0.85
44,98,31,0.38
44,16,13,0.03
44,29,13,0.35
44,44,13,0
44,59,13,0.26
44,62,13,0.12
44,67,13,0.22
44,91,13,0.83
45,6,2,0.09
45,22,2,0.59
45,24,2,0.86
45,28,2,0.95
45,45,2,0
45,69,2,0.69
45,84,2,0.64
45,13,24,0.71
45,45,24,0
45,52,24,0.1
45,66,24,0.31
45,16,33,0.1
45,45,33,0
45,54,33,1.0
45,59,33,0.36
45,77,33,0.93
45,81,33,0.14
46,44,8,0.19
46,46,8,0
46,53,8,0.94
46,78,8,0.03
46,95,8,0.74
46,2,39,0.71
46,4,39,0.92
46,6,39,0.97
46,11,39,0.42
46,27,39,0.24
46,46,39,0
46,49,39,0.22
46,56,39,0.03
46,70,39,0.0
46,95,39,0.84
46,96,39,0.81
47,26,36,0.4
47,39,36,0.13
47,42,36,0.6
47,47,36,0
47,54,36,0.44
47,86,36,0.68
47,13,35,0.2
47,36,35,0.6
47,37,35,0.58
47,47,35,0
47,72,35,0.48
47,92,35,0.47
48,4,19,0.1
48,23,19,0.84
48,31,19,0.38
48,41,19,0.5
48,48,19,0
48,50,19,0.42
48,57,19,0.01
48,69,19,0.62
48,87,19,0.97
48,97,19,0.6
48,98,19,0.68
48,4,11,0.96
48,13,11,0.13
48,20,11,0.57
48,24,11,0.52
48,26,11,0.24
48,27,11,0.95
48,39,11,0.18
48,48,11,0
48,60,11,0.66
48,84,11,0.89
48,1,20,0.06
48,8,20,0.81
48,9,20,0.53
48,24,20,0.76
48,36,20,0.57
48,48,20,0
48,49,20,0.83
48,68,20,0.66
48,0,23,0.89
48,14,23,0.21
48,44,23,0.47
48,48,23,0
48,52,23,0.88
48,55,23,1.0
48,58,23,0.42
48,62,23,0.2
48,65,23,0.13
48,88,23,0.26
48,89,23,0.42
49,8,7,0.76
49,22,7,0.46
49,35,7,0.67
49,40,7,0.35
49,49,7,0
49,58,7,0.46
49,61,7,0.12
49,72,7,0.22
49,76,7,0.34
49,80,7,0.89
49,82,7,0.45
49,10,14,0.07
49,12,14,0.42
49,19,14,0.36
49,49,14,0
49,63,14,0.59
49,74,14,0.05
49,83,14,0.33
49,88,14,0.75
49,1,20,0.9
49,8,20,0.7
49,9,20,0.2
49,24,20,0.02
49,36,20,0.96
49,48,20,0.26
49,49,20,0
49,68,20,0.97
49,2,39,0.77
49,4,39,0.18
49,6,39,0.98
49,11,39,0.37
49,27,39,0.72
49,46,39,0.79
49,49,39,0
49,56,39,0.06
49,70,39,0.29
49,95,39,0.85
49,96,39,0.99
50,4,19,0.82
50,23,19,0.62
50,31,19,0.54
50,41,19,0.0
50,48,19,0.87
50,50,19,0
50,57,19,0.48
50,69,19,0.99
50,87,19,0.67
50,97,19,0.8
50,98,19,0.04
50,12,27,0.9
50,20,27,0.4
50,22,27,0.32
50,42,27,0.92
50,50,27,0
50,57,27,0.28
50,64,27,0.2
50,65,27,0.87
50,88,27,0.96
51,17,16,0.65
51,31,16,0.99
51,51,16,0
51,54,16,0.43
51,59,16,0.9
51,60,16,0.73
51,63,16,0.21
51,81,16,0.99
51,84,16,0.99
51,94,16,0.31
51,1,6,0.58
51,18,6,0.09
51,29,6,0.34
51,38,6,0.07
51,43,6,0.95
51,51,6,0
51,61,6,0.23
51,73,6,0.71
51,74,6,0.74
52,5,26,0.64
52,7,26,0.7
52,29,26,0.97
52,30,26,0.56
52,34,26,0.55
52,41,26,0.64
52,52,26,0
52,70,26,0.88
52,71,26,0.03
52,75,26,0.09
52,79,26,0.89
52,87,26,0.72
52,0,23,0.51
52,14,23,0.15
52,44,23,0.02
52,48,23,0.34
52,52,23,0
52,55,23,0.46
52,58,23,0.45
52,62,23,0.42
52,65,23,0.48
52,88,23,0.99
52,89,23,0.43
52,13,24,0.27
52,45,24,0.72
52,52,24,0
52,66,24,0.71
52,3,32,0.92
52,41,32,0.61
52,52,32,0
52,60,32,0.66
52,61,32,0.22
52,95,32,0.82
53,44,8,0.08
53,46,8,0.01
53,53,8,0
53,78,8,0.84
53,95,8,0.29
53,8,0,0.8
53,21,0,0.64
53,26,0,0.96
53,34,0,0.62
53,53,0,0
53,90,0,0.45
54,17,16,0.68
54,31,16,0.24
54,51,16,0.65
54,54,16,0
54,59,16,0.4
54,60,16,0.42
54,63,16,0.12
54,81,16,0.59
54,84,16,0.27
54,94,16,0.76
54,4,15,0.14
54,16,15,0.55
54,19,15,0.44
54,23,15,0.38
54,38,15,0.08
54,54,15,0
54,57,15,0.56
54,91,15,0.44
54,93,15,0.78
54,16,33,0.55
54,45,33,0.47
54,54,33,0
54,59,33,0.72
54,77,33,0.6
54,81,33,0.95
54,26,36,0.56
54,39,36,0.88
54,42,36,0.22
54,47,36,0.67
54,54,36,0
54,86,36,0.5
55,10,21,0.42
55,33,21,0.08
55,37,21,0.68
55,41,21,0.27
55,55,21,0
55,56,21,0.92
55,67,21,0.84
55,77,21,0.62
55,85,21,0.19
55,0,23,0.47
55,14,23,0.95
55,44,23,0.97
55,48,23,0.6
55,52,23,0.03
55,55,23,0
55,58,23,0.83
55,62,23,0.98
55,65,23,0.92
55,88,23,0.84
55,89,23,0.49
55,15,1,0.52
55,55,1,0
55,72,1,0.2
55,76,1,0.74
55,83,1,0.47
55,3,12,0.12
55,5,12,0.49
55,16,12,0.7
55,33,12,0.73
55,55,12,0
55,69,12,0.69
55,78,12,0.77
55,94,12,0.74
55,99,12,0.64
56,0,38,0.15
56,12,38,0.67
56,14,38,0.0
56,18,38,0.22
56,56,38,0
56,91,38,0.22
56,2,39,0.08
56,4,39,0.78
56,6,39,0.58
56,11,39,0.37
56,27,39,0.77
56,46,39,0.03
56,49,39,0.29
56,56,39,0
56,70,39,0.84
56,95,39,0.84
56,96,39,0.29
56,10,21,0.11
56,33,21,0.64
56,37,21,0.73
56,41,21,0.1
56,55,21,0.02
56,56,21,0
56,67,21,0.52
56,77,21,0.65
56,85,21,0.22
57,12,27,0.11
57,20,27,0.18
57,22,27,0.94
57,42,27,0.2
57,50,27,0.89
57,57,27,0
57,64,27,0.95
57,65,27,0.14
57,88,27,0.8
57,4,19,0.14
57,23,19,0.87
57,31,19,0.64
57,41,19,0.64
57,48,19,0.7
57,50,19,1.0
57,57,19,0
57,69,19,0.06
57,87,19,0.75
57,97,19,0.82
57,98,19,0.25
57,4,15,0.07
57,16,15,0.43
57,19,15,0.02
57,23,15,0.32
57,38,15,0.78
57,54,15,0.14
57,57,15,0
57,91,15,0.05
57,93,15,0.69
58,5,25,0.98
58,8,25,0.24
58,58,25,0
58,59,25,0.25
58,68,25,0.23
58,8,7,0.96
58,22,7,0.04
58,35,7,0.09
58,40,7,0.94
58,49,7,0.48
58,58,7,0
58,61,7,0.29
58,72,7,0.43
58,76,7,0.75
58,80,7,0.42
58,82,7,0.21
58,28,28,0.57
58,31,28,0.41
58,58,28,0
58,68,28,0.13
58,69,28,0.59
58,71,28,0.32
58,79,28,0.7
58,99,28,1.0
58,0,23,0.07
58,14,23,0.63
58,44,23,0.96
58,48,23,0.52
58,52,23,0.63
58,55,23,0.69
58,58,23,0
58,62,23,0.02
58,65,23,0.9
58,88,23,0.02
58,89,23,0.54
59,16,13,0.67
59,29,13,0.43
59,44,13,0.6
59,59,13,0
59,62,13,0.85
59,67,13,0.93
59,91,13,0.64
59,5,25,0.92
59,8,25,0.38
59,58,25,0.26
59,59,25,0
59,68,25,0.91
59,17,16,0.51
59,31,16,0.37
59,51,16,0.1
59,54,16,0.56
59,59,16,0
59,60,16,0.29
59,63,16,0.66
59,81,16,0.72
59,84,16,0.93
59,94,16,0.97
59,16,33,0.63
59,45,33,0.93
59,54,33,0.09
59,59,33,0
59,77,33,0.05
59,81,33,0.13
60,4,11,0.13
60,13,11,0.41
60,20,11,0.05
60,24,11,0.9
60,26,11,0.81
60,27,11,0.89
60,39,11,0.15
60,48,11,0.4
60,60,11,0
60,84,11,0.24
60,3,32,0.94
60,41,32,0.1
60,52,32,0.66
60,60,32,0
60,61,32,0.38
60,95,32,0.94
60,17,17,0.39
60,40,17,0.16
60,60,17,0
60,71,17,0.18
60,96,17,0.77
60,98,17,0.41
60,17,16,0.14
60,31,16,0.86
60,51,16,0.27
60,54,16,0.64
60,59,16,0.36
60,60,16,0
60,63,16,0.51
60,81,16,0.39
60,84,16,0.27
60,94,16,0.44
61,8,7,0.02
61,22,7,0.56
61,35,7,0.74
61,40,7,0.71
61,49,7,0.87
61,58,7,0.92
61,61,7,0
61,72,7,0.05
61,76,7,0.28
61,80,7,0.97
61,82,7,0.18
61,1,6,1.0
61,18,6,0.06
61,29,6,0.02
61,38,6,0.71
61,43,6,0.78
61,51,6,0.22
61,61,6,0
61,73,6,0.46
61,74,6,0.72
61,3,32,0.47
61,41,32,0.17
61,52,32,0.41
61,60,32,0.08
61,61,32,0
61,95,32,0.88
61,9,31,0.25
61,31,31,0.03
61,44,31,0.62
61,61,31,0
61,66,31,0.5
61,71,31,0.95
61,74,31,0.87
61,78,31,0.21
61,98,31,0.84
62,16,13,0.16
62,29,13,0.38
62,44,13,0.55
62,59,13,0.83
62,62,13,0
62,67,13,0.81
62,91,13,0.87
62,0,23,0.34
62,14,23,0.67
62,44,23,0.46
62,48,23,0.82
62,52,23,0.07
62,55,23,0.62
62,58,23,0.72
62,62,23,0
62,65,23,0.37
62,88,23,0.76
62,89,23,0.14
62,2,18,0.88
62,9,18,0.82
62,12,18,0.01
62,26,18,0.33
62,37,18,0.18
62,38,18,0.57
62,42,18,0.41
62,62,18,0
62,81,18,0.51
62,11,29,0.97
62,36,29,0.13
62,62,29,0
62,81,29,0.82
62,94,29,0.32
63,17,16,0.08
63,31,16,0.41
63,51,16,0.15
63,54,16,0.63
63,59,16,0.53
63,60,16,0.44
63,63,16,0
63,81,16,0.66
63,84,16,0.34
63,94,16,0.6
63,10,14,0.32
63,12,14,0.98
63,19,14,0.3
63,49,14,0.48
63,63,14,0
63,74,14,0.76
63,83,14,0.27
63,88,14,0.46
64,7,3,0.97
64,13,3,0.08
64,15,3,0.03
64,19,3,0.18
64,20,3,0.32
64,64,3,0
64,70,3,0.13
64,92,3,0.6
64,97,3,0.11
64,12,27,0.88
64,20,27,0.68
64,22,27,0.76
64,42,27,0.1
64,50,27,0.74
64,57,27,0.59
64,64,27,0
64,65,27,0.56
64,88,27,0.17
65,10,22,0.53
65,18,22,0.79
65,21,22,0.65
65,23,22,0.01
65,32,22,0.64
65,33,22,0.37
65,39,22,0.01
65,43,22,0.74
65,65,22,0
65,66,22,0.62
65,73,22,0.09
65,76,22,0.83
65,87,22,0.81
65,90,22,0.63
65,91,22,0.96
65,0,23,0.8
65,14,23,0.34
65,44,23,0.2
65,48,23,0.49
65,52,23,0.53
65,55,23,0.13
65,58,23,0.04
65,62,23,0.58
65,65,23,0
65,88,23,0.58
65,89,23,0.92
65,12,27,0.66
65,20,27,0.16
65,22,27,0.36
65,42,27,0.51
65,50,27,0.89
65,57,27,0.3
65,64,27,0.69
65,65,27,0
65,88,27,0.93
66,10,22,0.55
66,18,22,0.88
66,21,22,0.72
66,23,22,0.96
66,32,22,0.69
66,33,22,0.46
66,39,22,0.64
66,43,22,0.86
66,65,22,0.4
66,66,22,0
66,73,22,0.79
66,76,22,0.86
66,87,22,0.7
66,90,22,0.62
66,91,22,0.49
66,9,31,0.7
66,31,31,0.1
66,44,31,0.87
66,61,31,0.28
66,66,31,0
66,71,31,0.46
66,74,31,0.4
66,78,31,0.46
66,98,31,0.87
66,13,24,0.43
66,45,24,0.92
66,52,24,0.63
66,66,24,0
67,10,21,0.46
67,33,21,0.88
67,37,21,0.67
67,41,21,0.08
67,55,21,0.99
67,56,21,0.1
67,67,21,0
67,77,21,0.58
67,85,21,0.79
67,16,13,0.43
67,29,13,0.67
67,44,13,0.1
67,59,13,0.19
67,62,13,0.91
67,67,13,0
67,91,13,0.14
68,1,20,0.9
68,8,20,0.61
68,9,20,0.78
68,24,20,0.78
68,36,20,0.98
68,48,20,0.44
68,49,20,0.95
68,68,20,0
68,5,25,0.94
68,8,25,0.85
68,58,25,0.96
68,59,25,0.25
68,68,25,0
68,28,28,0.36
68,31,28,0.02
68,58,28,0.22
68,68,28,0
68,69,28,0.86
68,71,28,0.82
68,79,28,0.11
68,99,28,0.83
69,3,12,0.73
69,5,12,0.77
69,16,12,0.06
69,33,12,0.62
69,55,12,0.08
69,69,12,0
69,78,12,0.29
69,94,12,0.62
69,99,12,0.82
69,28,28,0.05
69,31,28,0.06
69,58,28,0.02
69,68,28,0.41
69,69,28,0
69,71,28,0.44
69,79,28,0.58
69,99,28,0.71
69,6,2,0.67
69,22,2,0.42
69,24,2,0.89
69,28,2,0.05
69,45,2,0.56
69,69,2,0
69,84,2,0.6
69,4,19,0.09
69,23,19,0.82
69,31,19,0.4
69,41,19,0.57
69,48,19,0.84
69,50,19,0.89
69,57,19,0.42
69,69,19,0
69,87,19,0.29
69,97,19,0.33
69,98,19,0.02
70,5,26,0.72
70,7,26,0.35
70,29,26,0.69
70,30,26,0.8
70,34,26,0.35
70,41,26,0.29
70,52,26,0.84
70,70,26,0
70,71,26,1.0
70,75,26,0.48
70,79,26,0.44
70,87,26,0.7
70,7,3,0.28
70,13,3,0.38
70,15,3,0.07
70,19,3,0.53
70,20,3,0.52
70,64,3,0.42
70,70,3,0
70,92,3,0.76
70,97,3,0.07
70,0,9,0.75
70,30,9,0.34
70,70,9,0
70,79,9,0.82
70,93,9,0.06
70,2,39,0.77
70,4,39,0.27
70,6,39,0.88
70,11,39,0.37
70,27,39,0.28
70,46,39,0.93
70,49,39,0.09
70,56,39,0.34
70,70,39,0
70,95,39,0.16
70,96,39,0.17
71,17,17,0.07
71,40,17,0.75
71,60,17,0.02
71,71,17,0
71,96,17,0.08
71,98,17,0.33
71,9,31,0.16
71,31,31,0.07
71,44,31,0.91
71,61,31,0.1
71,66,31,0.59
71,71,31,0
71,74,31,0.3
71,78,31,0.94
71,98,31,0.62
71,28,28,0.68
71,31,28,0.35
71,58,28,0.69
71,68,28,0.22
71,69,28,0.79
71,71,28,0
71,79,28,0.67
71,99,28,0.44
71,5,26,0.34
71,7,26,0.72
71,29,26,0.26
71,30,26,0.82
71,34,26,0.99
71,41,26,0.17
71,52,26,0.26
71,70,26,0.09
71,71,26,0
71,75,26,0.97
71,79,26,0.81
71,87,26,0.26
72,15,1,0.75
72,55,1,0.74
72,72,1,0
72,76,1,0.53
72,83,1,0.33
72,8,7,0.86
72,22,7,0.64
72,35,7,0.77
72,40,7,0.63
72,49,7,0.23
72,58,7,0.48
72,61,7,0.66
72,72,7,0
72,76,7,0.59
72,80,7,0.98
72,82,7,0.32
72,13,35,0.96
72,36,35,0.75
72,37,35,0.12
72,47,35,0.3
72,72,35,0
72,92,35,0.97
73,1,6,0.09
73,18,6,0.19
73,29,6,0.5
73,38,6,0.14
73,43,6,0.92
73,51,6,0.39
73,61,6,0.23
73,73,6,0
73,74,6,0.79
73,10,22,0.46
73,18,22,0.16
73,21,22,0.29
73,23,22,0.87
73,32,22,0.0
73,33,22,0.22
73,39,22,0.21
73,43,22,0.78
73,65,22,0.79
73,66,22,0.07
73,73,22,0
73,76,22,0.05
73,87,22,0.39
73,90,22,0.25
73,91,22,0.49
74,10,14,0.42
74,12,14,0.42
74,19,14,0.21
74,49,14,0.73
74,63,14,0.7
74,74,14,0
74,83,14,0.89
74,88,14,0.01
74,9,31,0.09
74,31,31,0.67
74,44,31,0.47
74,61,31,0.91
74,66,31,0.96
74,71,31,0.57
74,74,31,0
74,78,31,0.13
74,98,31,0.86
74,9,5,0.12
74,14,5,0.25
74,18,5,0.88
74,25,5,0.72
74,27,5,0.01
74,30,5,0.66
74,35,5,0.67
74,37,5,0.85
74,74,5,0
74,80,5,0.67
74,97,5,0.84
74,1,6,0.68
74,18,6,0.02
74,29,6,0.81
74,38,6,0.15
74,43,6,0.34
74,51,6,0.04
74,61,6,0.42
74,73,6,0.09
74,74,6,0
75,21,37,0.84
75,75,37,0
75,82,37,0.64
75,5,26,0.94
75,7,26,0.62
75,29,26,0.26
75,30,26,0.37
75,34,26,0.52
75,41,26,0.88
75,52,26,0.62
75,70,26,0.73
75,71,26,0.91
75,75,26,0
75,79,26,0.28
75,87,26,0.32
76,15,1,0.87
76,55,1,0.63
76,72,1,0.2
76,76,1,0
76,83,1,0.0
76,8,7,0.91
76,22,7,0.82
76,35,7,0.49
76,40,7,0.11
76,49,7,0.55
76,58,7,0.94
76,61,7,0.31
76,72,7,0.7
76,76,7,0
76,80,7,0.95
76,82,7,0.01
76,10,22,0.08
76,18,22,0.75
76,21,22,0.38
76,23,22,0.86
76,32,22,0.92
76,33,22,0.59
76,39,22,0.46
76,43,22,0.35
76,65,22,0.75
76,66,22,0.83
76,73,22,0.41
76,76,22,0
76,87,22,0.69
76,90,22,0.91
76,91,22,0.37
76,1,10,0.57
76,27,10,0.69
76,29,10,0.6
76,38,10,0.68
76,76,10,0
76,78,10,0.41
76,84,10,0.36
76,87,10,0.11
76,96,10,0.05
77,16,33,0.08
77,45,33,0.95
77,54,33,0.76
77,59,33,0.77
77,77,33,0
77,81,33,0.25
77,10,21,0.6
77,33,21,0.21
77,37,21,0.91
77,41,21,0.34
77,55,21,0.94
77,56,21,0.88
77,67,21,0.22
77,77,21,0
77,85,21,0.18
78,1,10,0.58
78,27,10,0.01
78,29,10,0.99
78,38,10,0.98
78,76,10,0.76
78,78,10,0
78,84,10,0.72
78,87,10,0.05
78,96,10,0.29
78,9,31,0.51
78,31,31,0.11
78,44,31,0.98
78,61,31,0.77
78,66,31,0.3
78,71,31,0.8
78,74,31,0.47
78,78,31,0
78,98,31,0.52
78,44,8,0.91
78,46,8,0.69
78,53,8,0.39
78,78,8,0
78,95,8,0.62
78,3,12,0.92
78,5,12,0.13
78,16,12,0.82
78,33,12,0.68
78,55,12,0.35
78,69,12,0.24
78,78,12,0
78,94,12,0.19
78,99,12,0.06
79,28,28,0.17
79,31,28,0.17
79,58,28,0.12
79,68,28,0.85
79,69,28,0.48
79,71,28,0.64
79,79,28,0
79,99,28,0.59
79,5,26,0.59
79,7,26,0.74
79,29,26,0.72
79,30,26,0.77
79,34,26,0.17
79,41,26,0.32
79,52,26,0.62
79,70,26,0.92
79,71,26,0.38
79,75,26,0.3
79,79,26,0
79,87,26,0.87
79,0,9,0.63
79,30,9,0.25
79,70,9,0.64
79,79,9,0
79,93,9,0.71
80,8,7,0.22
80,22,7,0.5
80,35,7,0.86
80,40,7,0.48
80,49,7,0.48
80,58,7,0.25
80,61,7,0.9
80,72,7,0.53
80,76,7,0.03
80,80,7,0
80,82,7,0.51
80,9,5,0.99
80,14,5,0.54
80,18,5,0.93
80,25,5,0.09
80,27,5,0.2
80,30,5,0.88
80,35,5,0.04
80,37,5,0.36
80,74,5,0.43
80,80,5,0
80,97,5,0.75
80,2,4,0.99
80,20,4,0.53
80,25,4,0.44
80,32,4,0.77
80,80,4,0
80,82,4,0.99
80,86,4,0.97
80,88,4,0.0
80,89,4,0.19
80,93,4,0.86
81,11,29,0.74
81,36,29,0.18
81,62,29,0.81
81,81,29,0
81,94,29,0.15
81,16,33,0.34
81,45,33,0.38
81,54,33,0.13
81,59,33,0.08
81,77,33,0.33
81,81,33,0
81,2,18,0.71
81,9,18,0.78
81,12,18,0.12
81,26,18,0.09
81,37,18,0.67
81,38,18,0.33
81,42,18,0.06
81,62,18,0.26
81,81,18,0
81,17,16,0.57
81,31,16,0.04
81,51,16,0.49
81,54,16,0.24
81,59,16,0.34
81,60,16,0.48
81,63,16,0.78
81,81,16,0
81,84,16,0.43
81,94,16,0.48
82,21,37,0.93
82,75,37,0.05
82,82,37,0
82,8,7,0.79
82,22,7,0.39
82,35,7,0.43
82,40,7,0.15
82,49,7,0.23
82,58,7,0.12
82,61,7,0.94
82,72,7,0.41
82,76,7,0.37
82,80,7,0.17
82,82,7,0
82,2,4,0.73
82,20,4,0.7
82,25,4,0.52
82,32,4,0.42
82,80,4,0.08
82,82,4,0
82,86,4,0.58
82,88,4,0.94
82,89,4,0.65
82,93,4,0.99
83,15,1,0.67
83,55,1,0.73
83,72,1,0.46
83,76,1,0.77
83,83,1,0
83,10,14,0.37
83,12,14,0.3
83,19,14,0.63
83,49,14,0.23
83,63,14,0.16
83,74,14,0.09
83,83,14,0
83,88,14,0.03
84,4,11,0.97
84,13,11,0.64
84,20,11,0.91
84,24,11,0.97
84,26,11,0.05
84,27,11,0.59
84,39,11,0.06
84,48,11,0.57
84,60,11,0.96
84,84,11,0
84,17,16,0.87
84,31,16,0.76
84,51,16,0.62
84,54,16,0.48
84,59,16,0.35
84,60,16,0.32
84,63,16,0.5
84,81,16,0.48
84,84,16,0
84,94,16,0.92
84,1,10,0.92
84,27,10,0.53
84,29,10,0.67
84,38,10,0.59
84,76,10,0.7
84,78,10,0.16
84,84,10,0
84,87,10,0.89
84,96,10,0.08
84,6,2,0.34
84,22,2,0.36
84,24,2,0.28
84,28,2,0.92
84,45,2,1.0
84,69,2,0.65
84,84,2,0
85,40,34,0.79
85,42,34,0.41
85,85,34,0
85,10,21,0.71
85,33,21,0.9
85,37,21,0.1
85,41,21,0.58
85,55,21,0.91
85,56,21,0.08
85,67,21,0.66
85,77,21,0.45
85,85,21,0
86,2,4,0.01
86,20,4,0.19
86,25,4,0.61
86,32,4,0.04
86,80,4,0.39
86,82,4,0.34
86,86,4,0
86,88,4,0.37
86,89,4,0.72
86,93,4,0.57
86,26,36,0.44
86,39,36,0.43
86,42,36,0.04
86,47,36,0.02
86,54,36,0.33
86,86,36,0
87,5,26,0.85
87,7,26,0.84
87,29,26,0.81
87,30,26,0.34
87,34,26,0.09
87,41,26,0.16
87,52,26,0.08
87,70,26,0.61
87,71,26,0.98
87,75,26,0.46
87,79,26,0.63
87,87,26,0
87,10,22,0.03
87,18,22,0.13
87,21,22,0.45
87,23,22,0.48
87,32,22,0.83
87,33,22,0.45
87,39,22,0.29
87,43,22,0.5
87,65,22,0.82
87,66,22,0.94
87,73,22,0.94
87,76,22,0.62
87,87,22,0
87,90,22,0.81
87,91,22,0.52
87,4,19,0.32
87,23,19,0.86
87,31,19,0.48
87,41,19,0.57
87,48,19,0.78
87,50,19,0.24
87,57,19,0.71
87,69,19,0.14
87,87,19,0
87,97,19,0.18
87,98,19,0.88
87,1,10,0.73
87,27,10,0.36
87,29,10,0.96
87,38,10,0.82
87,76,10,0.36
87,78,10,0.57
87,84,10,0.38
87,87,10,0
87,96,10,0.58
88,12,27,0.82
88,20,27,0.79
88,22,27,0.76
88,42,27,0.25
88,50,27,0.72
88,57,27,0.06
88,64,27,0.12
88,65,27,0.64
88,88,27,0
88,0,23,0.09
88,14,23,0.63
88,44,23,0.54
88,48,23,0.23
88,52,23,0.41
88,55,23,0.17
88,58,23,0.38
88,62,23,0.75
88,65,23,0.76
88,88,23,0
88,89,23,0.32
88,2,4,0.94
88,20,4,0.48
88,25,4,0.85
88,32,4,0.2
88,80,4,0.09
88,82,4,0.71
88,86,4,0.69
88,88,4,0
88,89,4,0.86
88,93,4,0.64
88,10,14,0.97
88,12,14,0.64
88,19,14,0.33
88,49,14,0.55
88,63,14,0.86
88,74,14,0.03
88,83,14,0.86
88,88,14,0
89,2,4,0.23
89,20,4,0.02
89,25,4,0.39
89,32,4,0.44
89,80,4,0.01
89,82,4,0.34
89,86,4,0.71
89,88,4,0.98
89,89,4,0
89,93,4,0.14
89,0,23,0.24
89,14,23,0.96
89,44,23,0.46
89,48,23,0.85
89,52,23,0.25
89,55,23,0.23
89,58,23,0.28
89,62,23,0.44
89,65,23,0.13
89,88,23,0.44
89,89,23,0
90,8,0,0.92
90,21,0,0.12
90,26,0,0.22
90,34,0,0.37
90,53,0,0.34
90,90,0,0
90,10,22,0.47
90,18,22,0.54
90,21,22,0.59
90,23,22,0.67
90,32,22,0.96
90,33,22,0.87
90,39,22,0.54
90,43,22,0.25
90,65,22,0.33
90,66,22,0.75
90,73,22,0.81
90,76,22,0.93
90,87,22,0.73
90,90,22,0
90,91,22,0.8
91,0,38,0.57
91,12,38,0.87
91,14,38,0.21
91,18,38,0.84
91,56,38,0.54
91,91,38,0
91,16,13,0.52
91,29,13,0.3
91,44,13,0.17
91,59,13,0.67
91,62,13,0.32
91,67,13,0.46
91,91,13,0
91,4,15,0.01
91,16,15,0.53
91,19,15,0.67
91,23,15,0.74
91,38,15,0.27
91,54,15,0.92
91,57,15,0.04
91,91,15,0
91,93,15,0.25
91,10,22,0.92
91,18,22,0.27
91,21,22,0.74
91,23,22,0.42
91,32,22,0.36
91,33,22,0.1
91,39,22,0.61
91,43,22,0.33
91,65,22,0.43
91,66,22,0.92
91,73,22,0.28
91,76,22,0.64
91,87,22,0.2
91,90,22,0.76
91,91,22,0
92,13,35,0.02
92,36,35,0.46
92,37,35,0.7
92,47,35,0.21
92,72,35,0.51
92,92,35,0
92,7,3,0.72
92,13,3,0.11
92,15,3,0.07
92,19,3,0.0
92,20,3,0.18
92,64,3,0.11
92,70,3,0.03
92,92,3,0
92,97,3,0.17
93,4,15,0.89
93,16,15,0.94
93,19,15,0.7
93,23,15,0.57
93,38,15,0.39
93,54,15,0.95
93,57,15,0.51
93,91,15,0.15
93,93,15,0
93,0,9,0.89
93,30,9,0.42
93,70,9,0.59
93,79,9,0.25
93,93,9,0
93,2,4,0.58
93,20,4,0.9
93,25,4,0.22
93,32,4,0.06
93,80,4,0.34
93,82,4,0.32
93,86,4,0.61
93,88,4,0.57
93,89,4,0.46
93,93,4,0
94,3,12,0.93
94,5,12,0.1
94,16,12,0.69
94,33,12,0.15
94,55,12,0.51
94,69,12,0.07
94,78,12,0.79
94,94,12,0
94,99,12,0.69
94,11,29,0.66
94,36,29,0.08
94,62,29,0.99
94,81,29,0.58
94,94,29,0
94,17,16,0.28
94,31,16,0.93
94,51,16,0.05
94,54,16,0.01
94,59,16,0.85
94,60,16,0.96
94,63,16,0.98
94,81,16,0.49
94,84,16,0.92
94,94,16,0
95,2,39,0.08
95,4,39,0.41
95,6,39,0.53
95,11,39,0.46
95,27,39,0.62
95,46,39,0.47
95,49,39,0.46
95,56,39,0.27
95,70,39,0.83
95,95,39,0
95,96,39,0.85
95,44,8,0.51
95,46,8,0.62
95,53,8,0.42
95,78,8,0.65
95,95,8,0
95,3,32,0.43
95,41,32,0.55
95,52,32,0.9
95,60,32,0.05
95,61,32,0.42
95,95,32,0
96,17,17,0.79
96,40,17,0.11
96,60,17,0.73
96,71,17,0.97
96,96,17,0
96,98,17,0.74
96,1,10,0.05
96,27,10,0.78
96,29,10,0.08
96,38,10,0.49
96,76,10,0.88
96,78,10,0.94
96,84,10,0.4
96,87,10,0.79
96,96,10,0
96,2,39,0.02
96,4,39,0.64
96,6,39,0.17
96,11,39,0.77
96,27,39,0.98
96,46,39,0.01
96,49,39,0.49
96,56,39,0.18
96,70,39,0.7
96,95,39,0.17
96,96,39,0
97,9,5,0.19
97,14,5,0.32
97,18,5,0.93
97,25,5,0.87
97,27,5,0.94
97,30,5,0.16
97,35,5,0.84
97,37,5,0.16
97,74,5,0.61
97,80,5,0.55
97,97,5,0
97,7,3,0.28
97,13,3,0.13
97,15,3,0.61
97,19,3,0.17
97,20,3,0.43
97,64,3,0.98
97,70,3,0.72
97,92,3,0.19
97,97,3,0
97,4,19,0.38
97,23,19,0.58
97,31,19,0.96
97,41,19,0.94
97,48,19,0.51
97,50,19,0.54
97,57,19,0.28
97,69,19,0.05
97,87,19,0.85
97,97,19,0
97,98,19,0.14
98,4,19,1.0
98,23,19,0.83
98,31,19,0.01
98,41,19,0.96
98,48,19,0.19
98,50,19,0.97
98,57,19,0.29
98,69,19,0.68
98,87,19,0.81
98,97,19,0.41
98,98,19,0
98,9,31,0.92
98,31,31,0.36
98,44,31,0.65
98,61,31,0.14
98,66,31,0.01
98,71,31,0.16
98,74,31,0.57
98,78,31,0.53
98,98,31,0
98,17,17,0.28
98,40,17,0.64
98,60,17,0.38
98,71,17,0.34
98,96,17,0.91
98,98,17,0
99,28,28,0.75
99,31,28,0.94
99,58,28,0.76
99,68,28,0.54
99,69,28,0.53
99,71,28,0.37
99,79,28,0.46
99,99,28,0
99,3,12,0.08
99,5,12,0.76
99,16,12,0.49
99,33,12,0.37
99,55,12,0.15
99,69,12,0.9
99,78,12,0.1
99,94,12,0.1
99,99,12,0