M,100,P,30,Q,100000,targetS,0.1,targetW,0.1

Resources name, resource id, current workload and max workload
R_0,0,0.53,1
R_1,1,0.77,1
R_2,2,0.56,1
R_3,3,0.6,1
R_4,4,0.75,1
R_5,5,0.53,1
R_6,6,0.6,1
R_7,7,0.73,1
R_8,8,0.71,1
R_9,9,0.74,1
R_10,10,0.77,1
R_11,11,0.56,1
R_12,12,0.8,1
R_13,13,0.56,1
R_14,14,0.46,1
R_15,15,0.8,1
R_16,16,0.45,1
R_17,17,0.56,1
R_18,18,0.41,1
R_19,19,0.79,1
R_20,20,0.78,1
R_21,21,0.76,1
R_22,22,0.44,1
R_23,23,0.46,1
R_24,24,0.79,1
R_25,25,0.41,1
R_26,26,0.42,1
R_27,27,0.67,1
R_28,28,0.77,1
R_29,29,0.71,1
R_30,30,0.55,1
R_31,31,0.67,1
R_32,32,0.73,1
R_33,33,0.53,1
R_34,34,0.66,1
R_35,35,0.77,1
R_36,36,0.74,1
R_37,37,0.53,1
R_38,38,0.69,1
R_39,39,0.68,1
R_40,40,0.63,1
R_41,41,0.54,1
R_42,42,0.51,1
R_43,43,0.44,1
R_44,44,0.56,1
R_45,45,0.66,1
R_46,46,0.59,1
R_47,47,0.69,1
R_48,48,0.67,1
R_49,49,0.64,1
R_50,50,0.41,1
R_51,51,0.45,1
R_52,52,0.57,1
R_53,53,0.57,1
R_54,54,0.6,1
R_55,55,0.63,1
R_56,56,0.63,1
R_57,57,0.76,1
R_58,58,0.53,1
R_59,59,0.45,1
R_60,60,0.52,1
R_61,61,0.53,1
R_62,62,0.42,1
R_63,63,0.74,1
R_64,64,0.48,1
R_65,65,0.73,1
R_66,66,0.63,1
R_67,67,0.63,1
R_68,68,0.67,1
R_69,69,0.58,1
R_70,70,0.58,1
R_71,71,0.54,1
R_72,72,0.54,1
R_73,73,0.41,1
R_74,74,0.75,1
R_75,75,0.41,1
R_76,76,0.76,1
R_77,77,0.75,1
R_78,78,0.78,1
R_79,79,0.55,1
R_80,80,0.62,1
R_81,81,0.72,1
R_82,82,0.65,1
R_83,83,0.44,1
R_84,84,0.56,1
R_85,85,0.43,1
R_86,86,0.74,1
R_87,87,0.6,1
R_88,88,0.41,1
R_89,89,0.61,1
R_90,90,0.44,1
R_91,91,0.5,1
R_92,92,0.51,1
R_93,93,0.62,1
R_94,94,0.77,1
R_95,95,0.57,1
R_96,96,0.42,1
R_97,97,0.42,1
R_98,98,0.54,1
R_99,99,0.69,1

Activities name, activity id, lambda, stress, resource id, priority, rifiutato
act_6,6,0.13,0.01,0,40,0
act_6,6,0.13,0.01,0,282,0
act_1,1,0.11,0.06,0,267,0
act_15,15,0.03,0.86,1,281,1
act_1,1,0.11,0.06,1,397,0
act_15,15,0.03,0.86,1,59,1
act_15,15,0.03,0.86,1,167,1
act_15,15,0.03,0.86,1,385,1
act_14,14,0.25,0.65,2,115,1
act_16,16,0.02,0.6,2,274,1
act_16,16,0.02,0.6,2,253,1
act_16,16,0.02,0.6,2,360,1
act_16,16,0.02,0.6,2,379,1
act_16,16,0.02,0.6,2,72,1
act_16,16,0.02,0.6,2,328,1
act_16,16,0.02,0.6,2,175,1
act_16,16,0.02,0.6,2,336,1
act_16,16,0.02,0.6,2,191,1
act_19,19,0.21,0.69,3,17,0
act_4,4,0.07,0.1,3,342,0
act_4,4,0.07,0.1,3,224,0
act_9,9,0.17,0.53,4,418,0
act_9,9,0.17,0.53,5,3,1
act_0,0,0.12,0.7,5,204,1
act_9,9,0.17,0.53,5,101,1
act_0,0,0.12,0.7,6,368,0
act_3,3,0.06,0.97,6,71,0
act_3,3,0.06,0.97,6,265,0
act_3,3,0.06,0.97,6,387,0
act_3,3,0.06,0.97,6,153,0
act_14,14,0.25,0.65,7,288,1
act_16,16,0.02,0.6,7,109,0
act_8,8,0.12,0.47,8,6,0
act_17,17,0.04,0.68,8,356,1
act_17,17,0.04,0.68,8,70,1
act_17,17,0.04,0.68,8,232,1
act_17,17,0.04,0.68,8,206,1
act_2,2,0.23,0.77,9,104,0
act_6,6,0.13,0.01,10,408,0
act_16,16,0.02,0.6,10,412,1
act_16,16,0.02,0.6,10,314,1
act_16,16,0.02,0.6,10,100,1
act_16,16,0.02,0.6,10,255,1
act_16,16,0.02,0.6,10,343,1
act_1,1,0.11,0.06,11,38,0
act_8,8,0.12,0.47,11,323,0
act_1,1,0.11,0.06,11,112,0
act_7,7,0.04,0.35,12,296,1
act_0,0,0.12,0.7,12,289,1
act_7,7,0.04,0.35,12,82,1
act_14,14,0.25,0.65,13,51,1
act_0,0,0.12,0.7,13,392,1
act_4,4,0.07,0.1,14,364,0
act_2,2,0.23,0.77,14,26,1
act_7,7,0.04,0.35,14,92,0
act_18,18,0.18,0.45,14,166,0
act_15,15,0.03,0.86,15,20,1
act_0,0,0.12,0.7,15,249,0
act_15,15,0.03,0.86,15,7,1
act_2,2,0.23,0.77,16,377,1
act_2,2,0.23,0.77,16,213,1
act_12,12,0.18,0.84,17,344,0
act_12,12,0.18,0.84,17,291,0
act_3,3,0.06,0.97,17,244,0
act_11,11,0.25,0.42,18,76,1
act_4,4,0.07,0.1,18,361,0
act_11,11,0.25,0.42,18,421,1
act_0,0,0.12,0.7,19,111,1
act_15,15,0.03,0.86,19,14,1
act_15,15,0.03,0.86,19,285,1
act_6,6,0.13,0.01,20,381,0
act_15,15,0.03,0.86,20,2,1
act_15,15,0.03,0.86,20,47,1
act_15,15,0.03,0.86,20,376,1
act_4,4,0.07,0.1,21,66,0
act_4,4,0.07,0.1,21,304,0
act_4,4,0.07,0.1,21,372,0
act_9,9,0.17,0.53,22,120,0
act_9,9,0.17,0.53,22,278,0
act_6,6,0.13,0.01,22,36,0
act_10,10,0.26,0.16,23,404,0
act_2,2,0.23,0.77,23,260,0
act_8,8,0.12,0.47,24,162,0
act_15,15,0.03,0.86,24,172,1
act_15,15,0.03,0.86,24,276,1
act_0,0,0.12,0.7,25,338,0
act_15,15,0.03,0.86,25,411,0
act_15,15,0.03,0.86,25,176,0
act_0,0,0.12,0.7,25,423,0
act_0,0,0.12,0.7,25,370,0
act_15,15,0.03,0.86,25,240,0
act_15,15,0.03,0.86,25,11,0
act_15,15,0.03,0.86,25,5,0
act_15,15,0.03,0.86,25,286,0
act_15,15,0.03,0.86,25,329,0
act_12,12,0.18,0.84,26,89,0
act_8,8,0.12,0.47,26,130,0
act_12,12,0.18,0.84,26,268,0
act_11,11,0.25,0.42,27,375,0
act_3,3,0.06,0.97,28,200,1
act_3,3,0.06,0.97,28,144,1
act_16,16,0.02,0.6,28,65,1
act_3,3,0.06,0.97,28,156,1
act_16,16,0.02,0.6,28,424,1
act_8,8,0.12,0.47,29,239,1
act_8,8,0.12,0.47,29,413,1
act_5,5,0.3,0.43,30,365,0
act_13,13,0.06,0.19,30,415,0
act_13,13,0.06,0.19,30,301,0
act_5,5,0.3,0.43,31,382,0
act_14,14,0.25,0.65,32,8,0
act_8,8,0.12,0.47,33,215,0
act_16,16,0.02,0.6,33,53,1
act_8,8,0.12,0.47,33,164,0
act_8,8,0.12,0.47,33,297,0
act_16,16,0.02,0.6,33,230,1
act_16,16,0.02,0.6,33,196,1
act_16,16,0.02,0.6,33,252,1
act_16,16,0.02,0.6,33,393,1
act_10,10,0.26,0.16,34,28,0
act_7,7,0.04,0.35,34,133,1
act_7,7,0.04,0.35,34,334,1
act_7,7,0.04,0.35,35,148,1
act_7,7,0.04,0.35,35,414,1
act_7,7,0.04,0.35,35,158,1
act_7,7,0.04,0.35,35,147,1
act_7,7,0.04,0.35,35,229,1
act_8,8,0.12,0.47,36,317,0
act_15,15,0.03,0.86,36,261,1
act_15,15,0.03,0.86,36,136,1
act_15,15,0.03,0.86,36,349,1
act_15,15,0.03,0.86,36,246,1
act_7,7,0.04,0.35,37,231,1
act_12,12,0.18,0.84,37,74,1
act_12,12,0.18,0.84,37,60,1
act_7,7,0.04,0.35,37,33,1
act_16,16,0.02,0.6,38,99,1
act_16,16,0.02,0.6,38,219,1
act_16,16,0.02,0.6,38,126,1
act_16,16,0.02,0.6,38,332,1
act_16,16,0.02,0.6,38,359,1
act_6,6,0.13,0.01,38,135,0
act_16,16,0.02,0.6,38,97,1
act_16,16,0.02,0.6,38,150,1
act_16,16,0.02,0.6,38,251,1
act_12,12,0.18,0.84,39,146,1
act_16,16,0.02,0.6,39,122,1
act_16,16,0.02,0.6,39,159,1
act_16,16,0.02,0.6,39,39,1
act_16,16,0.02,0.6,39,241,1
act_16,16,0.02,0.6,39,390,1
act_16,16,0.02,0.6,39,322,1
act_16,16,0.02,0.6,39,402,1
act_10,10,0.26,0.16,40,86,0
act_1,1,0.11,0.06,40,0,0
act_18,18,0.18,0.45,41,128,0
act_9,9,0.17,0.53,41,299,0
act_17,17,0.04,0.68,42,218,1
act_9,9,0.17,0.53,42,243,0
act_6,6,0.13,0.01,42,295,0
act_6,6,0.13,0.01,42,319,0
act_6,6,0.13,0.01,43,79,0
act_8,8,0.12,0.47,43,263,0
act_12,12,0.18,0.84,43,107,0
act_8,8,0.12,0.47,43,311,0
act_18,18,0.18,0.45,44,221,1
act_18,18,0.18,0.45,44,248,1
act_2,2,0.23,0.77,45,58,0
act_4,4,0.07,0.1,45,226,0
act_16,16,0.02,0.6,46,420,1
act_3,3,0.06,0.97,46,407,1
act_16,16,0.02,0.6,46,325,1
act_3,3,0.06,0.97,46,84,1
act_16,16,0.02,0.6,46,143,1
act_16,16,0.02,0.6,46,46,1
act_16,16,0.02,0.6,46,269,1
act_3,3,0.06,0.97,46,259,1
act_16,16,0.02,0.6,46,131,1
act_3,3,0.06,0.97,46,410,1
act_16,16,0.02,0.6,46,198,1
act_16,16,0.02,0.6,46,316,1
act_0,0,0.12,0.7,47,197,1
act_9,9,0.17,0.53,47,287,1
act_1,1,0.11,0.06,48,15,0
act_0,0,0.12,0.7,48,347,0
act_13,13,0.06,0.19,48,32,0
act_14,14,0.25,0.65,49,37,1
act_16,16,0.02,0.6,49,217,1
act_16,16,0.02,0.6,49,178,1
act_16,16,0.02,0.6,49,202,1
act_16,16,0.02,0.6,49,337,1
act_16,16,0.02,0.6,49,129,1
act_0,0,0.12,0.7,50,94,1
act_0,0,0.12,0.7,50,152,1
act_13,13,0.06,0.19,50,362,0
act_13,13,0.06,0.19,50,386,0
act_0,0,0.12,0.7,50,181,1
act_13,13,0.06,0.19,50,277,0
act_13,13,0.06,0.19,51,30,0
act_13,13,0.06,0.19,51,201,0
act_3,3,0.06,0.97,51,62,1
act_3,3,0.06,0.97,51,320,1
act_3,3,0.06,0.97,51,212,1
act_3,3,0.06,0.97,51,254,1
act_3,3,0.06,0.97,51,103,1
act_3,3,0.06,0.97,51,22,1
act_3,3,0.06,0.97,51,193,1
act_2,2,0.23,0.77,52,90,0
act_1,1,0.11,0.06,52,262,0
act_4,4,0.07,0.1,53,171,0
act_4,4,0.07,0.1,53,184,0
act_7,7,0.04,0.35,53,192,0
act_3,3,0.06,0.97,53,234,0
act_3,3,0.06,0.97,53,113,0
act_4,4,0.07,0.1,53,140,0
act_15,15,0.03,0.86,53,339,0
act_15,15,0.03,0.86,53,331,0
act_12,12,0.18,0.84,54,168,0
act_3,3,0.06,0.97,54,383,1
act_3,3,0.06,0.97,54,333,1
act_3,3,0.06,0.97,54,157,1
act_0,0,0.12,0.7,55,313,1
act_11,11,0.25,0.42,55,142,1
act_4,4,0.07,0.1,56,207,0
act_17,17,0.04,0.68,56,25,0
act_17,17,0.04,0.68,56,283,0
act_17,17,0.04,0.68,56,34,0
act_4,4,0.07,0.1,56,391,0
act_4,4,0.07,0.1,56,203,0
act_12,12,0.18,0.84,57,139,0
act_19,19,0.21,0.69,58,272,1
act_19,19,0.21,0.69,58,69,1
act_13,13,0.06,0.19,59,134,0
act_13,13,0.06,0.19,59,31,0
act_4,4,0.07,0.1,59,357,0
act_17,17,0.04,0.68,59,303,1
act_17,17,0.04,0.68,59,183,1
act_13,13,0.06,0.19,59,80,0
act_13,13,0.06,0.19,59,194,0
act_17,17,0.04,0.68,59,351,1
act_13,13,0.06,0.19,59,305,0
act_17,17,0.04,0.68,59,214,1
act_14,14,0.25,0.65,60,312,0
act_17,17,0.04,0.68,60,290,1
act_6,6,0.13,0.01,60,155,0
act_17,17,0.04,0.68,60,245,1
act_3,3,0.06,0.97,61,300,1
act_8,8,0.12,0.47,61,41,1
act_3,3,0.06,0.97,61,48,1
act_8,8,0.12,0.47,61,371,1
act_3,3,0.06,0.97,61,270,1
act_7,7,0.04,0.35,62,21,0
act_7,7,0.04,0.35,62,355,0
act_6,6,0.13,0.01,62,223,0
act_7,7,0.04,0.35,62,395,0
act_18,18,0.18,0.45,62,138,1
act_6,6,0.13,0.01,62,236,0
act_12,12,0.18,0.84,63,88,1
act_17,17,0.04,0.68,63,378,0
act_17,17,0.04,0.68,63,222,0
act_19,19,0.21,0.69,64,422,1
act_19,19,0.21,0.69,64,242,1
act_16,16,0.02,0.6,64,279,1
act_16,16,0.02,0.6,64,132,1
act_16,16,0.02,0.6,64,61,1
act_16,16,0.02,0.6,64,346,1
act_16,16,0.02,0.6,64,12,1
act_15,15,0.03,0.86,65,50,1
act_6,6,0.13,0.01,65,292,0
act_17,17,0.04,0.68,65,16,0
act_17,17,0.04,0.68,65,394,0
act_7,7,0.04,0.35,66,189,1
act_1,1,0.11,0.06,66,151,0
act_1,1,0.11,0.06,66,85,0
act_7,7,0.04,0.35,66,119,1
act_7,7,0.04,0.35,66,116,1
act_0,0,0.12,0.7,67,141,1
act_18,18,0.18,0.45,67,170,0
act_13,13,0.06,0.19,67,237,0
act_13,13,0.06,0.19,68,199,0
act_13,13,0.06,0.19,68,78,0
act_1,1,0.11,0.06,68,177,0
act_13,13,0.06,0.19,68,271,0
act_7,7,0.04,0.35,69,330,0
act_9,9,0.17,0.53,69,174,0
act_18,18,0.18,0.45,69,341,0
act_4,4,0.07,0.1,70,235,0
act_4,4,0.07,0.1,70,264,0
act_4,4,0.07,0.1,70,315,0
act_4,4,0.07,0.1,70,399,0
act_4,4,0.07,0.1,70,43,0
act_4,4,0.07,0.1,70,13,0
act_18,18,0.18,0.45,71,149,0
act_3,3,0.06,0.97,71,335,1
act_18,18,0.18,0.45,71,165,0
act_13,13,0.06,0.19,72,369,0
act_10,10,0.26,0.16,72,96,0
act_13,13,0.06,0.19,72,63,0
act_13,13,0.06,0.19,72,98,0
act_14,14,0.25,0.65,73,73,1
act_5,5,0.3,0.43,73,340,1
act_17,17,0.04,0.68,74,44,1
act_16,16,0.02,0.6,74,190,0
act_16,16,0.02,0.6,74,137,0
act_1,1,0.11,0.06,74,374,0
act_16,16,0.02,0.6,74,257,0
act_17,17,0.04,0.68,74,308,1
act_11,11,0.25,0.42,75,302,0
act_11,11,0.25,0.42,75,81,0
act_18,18,0.18,0.45,76,380,0
act_1,1,0.11,0.06,77,294,0
act_1,1,0.11,0.06,77,182,0
act_17,17,0.04,0.68,78,228,0
act_17,17,0.04,0.68,78,425,0
act_17,17,0.04,0.68,78,9,0
act_4,4,0.07,0.1,78,173,0
act_5,5,0.3,0.43,79,384,0
act_13,13,0.06,0.19,79,405,0
act_13,13,0.06,0.19,79,426,0
act_12,12,0.18,0.84,80,233,1
act_12,12,0.18,0.84,80,64,1
act_4,4,0.07,0.1,81,114,0
act_7,7,0.04,0.35,81,163,1
act_7,7,0.04,0.35,81,57,1
act_4,4,0.07,0.1,81,327,0
act_7,7,0.04,0.35,81,19,1
act_7,7,0.04,0.35,82,318,1
act_7,7,0.04,0.35,82,348,1
act_12,12,0.18,0.84,82,68,1
act_7,7,0.04,0.35,82,83,1
act_7,7,0.04,0.35,82,258,1
act_15,15,0.03,0.86,83,345,1
act_5,5,0.3,0.43,83,160,0
act_15,15,0.03,0.86,83,406,1
act_15,15,0.03,0.86,83,18,1
act_13,13,0.06,0.19,83,417,0
act_13,13,0.06,0.19,83,186,0
act_15,15,0.03,0.86,83,45,1
act_12,12,0.18,0.84,84,179,1
act_12,12,0.18,0.84,84,35,1
act_4,4,0.07,0.1,84,321,0
act_5,5,0.3,0.43,85,358,0
act_16,16,0.02,0.6,85,56,0
act_16,16,0.02,0.6,85,409,0
act_16,16,0.02,0.6,85,293,0
act_16,16,0.02,0.6,85,169,0
act_12,12,0.18,0.84,85,102,0
act_14,14,0.25,0.65,86,309,0
act_3,3,0.06,0.97,87,352,1
act_15,15,0.03,0.86,87,350,0
act_15,15,0.03,0.86,87,49,0
act_13,13,0.06,0.19,87,54,0
act_3,3,0.06,0.97,87,127,1
act_13,13,0.06,0.19,87,27,0
act_3,3,0.06,0.97,87,10,1
act_15,15,0.03,0.86,87,106,0
act_2,2,0.23,0.77,88,216,1
act_1,1,0.11,0.06,88,225,0
act_2,2,0.23,0.77,88,388,1
act_10,10,0.26,0.16,89,117,0
act_3,3,0.06,0.97,89,373,1
act_3,3,0.06,0.97,89,124,1
act_4,4,0.07,0.1,90,354,0
act_4,4,0.07,0.1,90,220,0
act_4,4,0.07,0.1,90,238,0
act_4,4,0.07,0.1,90,396,0
act_4,4,0.07,0.1,90,208,0
act_4,4,0.07,0.1,90,247,0
act_4,4,0.07,0.1,90,353,0
act_4,4,0.07,0.1,90,125,0
act_3,3,0.06,0.97,91,256,1
act_3,3,0.06,0.97,91,123,1
act_10,10,0.26,0.16,91,266,0
act_3,3,0.06,0.97,91,306,1
act_15,15,0.03,0.86,91,108,0
act_16,16,0.02,0.6,92,211,1
act_12,12,0.18,0.84,92,55,1
act_12,12,0.18,0.84,92,188,1
act_16,16,0.02,0.6,92,416,1
act_16,16,0.02,0.6,92,23,1
act_16,16,0.02,0.6,92,205,1
act_16,16,0.02,0.6,92,310,1
act_16,16,0.02,0.6,92,298,1
act_10,10,0.26,0.16,93,95,0
act_16,16,0.02,0.6,93,185,1
act_16,16,0.02,0.6,93,1,1
act_16,16,0.02,0.6,93,145,1
act_16,16,0.02,0.6,93,52,1
act_16,16,0.02,0.6,93,400,1
act_16,16,0.02,0.6,93,398,1
act_18,18,0.18,0.45,94,91,0
act_15,15,0.03,0.86,95,389,1
act_15,15,0.03,0.86,95,93,1
act_15,15,0.03,0.86,95,324,1
act_15,15,0.03,0.86,95,367,1
act_15,15,0.03,0.86,95,366,1
act_15,15,0.03,0.86,95,280,1
act_15,15,0.03,0.86,95,403,1
act_15,15,0.03,0.86,95,87,1
act_15,15,0.03,0.86,95,250,1
act_15,15,0.03,0.86,95,307,1
act_15,15,0.03,0.86,95,401,1
act_15,15,0.03,0.86,95,4,1
act_15,15,0.03,0.86,95,121,1
act_15,15,0.03,0.86,95,419,1
act_4,4,0.07,0.1,96,154,0
act_17,17,0.04,0.68,96,118,0
act_4,4,0.07,0.1,96,67,0
act_17,17,0.04,0.68,96,29,0
act_1,1,0.11,0.06,96,42,0
act_4,4,0.07,0.1,96,105,0
act_1,1,0.11,0.06,96,275,0
act_17,17,0.04,0.68,96,363,0
act_12,12,0.18,0.84,97,326,1
act_12,12,0.18,0.84,97,187,1
act_12,12,0.18,0.84,97,75,1
act_7,7,0.04,0.35,98,180,1
act_7,7,0.04,0.35,98,284,1
act_17,17,0.04,0.68,98,77,1
act_7,7,0.04,0.35,98,24,1
act_7,7,0.04,0.35,98,227,1
act_17,17,0.04,0.68,98,195,1
act_7,7,0.04,0.35,98,110,1
act_7,7,0.04,0.35,98,161,1
act_7,7,0.04,0.35,98,210,1
act_17,17,0.04,0.68,98,427,1
act_7,7,0.04,0.35,98,209,1
act_11,11,0.25,0.42,99,273,0

Alpha (resource id, list of activity ids)
0:6,1
1:1,11,15
2:14,16
3:19,4
4:10,8,9,2
5:18,0,9
6:3,0,10,5
7:6,16,14
8:17,10,11,8
9:0,2,5,14
10:16,4,6
11:1,8
12:0,7
13:5,0,14
14:7,18,4,2
15:0,15,18
16:18,2
17:3,7,12,11
18:19,4,11,3
19:18,0,11,15
20:6,15
21:5,4
22:6,9
23:2,10
24:15,3,19,8
25:15,0
26:12,8
27:8,11,5,12
28:16,3,15,5
29:6,11,8,19
30:13,5
31:6,5
32:15,14,7
33:10,8,1,16
34:1,7,10
35:7,14
36:15,9,12,8
37:12,7
38:6,16
39:9,16,12
40:5,9,10,1
41:18,9,14
42:11,6,17,9
43:12,6,8
44:1,18,6
45:4,2
46:16,3
47:0,16,9
48:13,0,6,1
49:2,14,16
50:3,1,0,13
51:13,3
52:2,10,19,1
53:15,4,3,7
54:18,12,3
55:0,11
56:17,4
57:0,19,12
58:19,13
59:17,13,4
60:17,14,6
61:8,3
62:7,18,6
63:8,19,12,17
64:18,19,16
65:10,17,6,15
66:2,1,7
67:18,0,13,10
68:13,6,5,1
69:7,18,9,11
70:18,4,12
71:3,18
72:13,10
73:5,14
74:17,1,16
75:11,14
76:11,18
77:7,1,12
78:17,4
79:6,13,19,5
80:10,1,12
81:7,4,18
82:12,19,7
83:13,15,5,17
84:11,14,12,4
85:5,12,16
86:7,14,12
87:13,15,5,3
88:1,2
89:10,3,5
90:19,4
91:15,3,10
92:0,10,16,12
93:5,10,16
94:2,18,9,0
95:18,15
96:17,1,4
97:12,4
98:7,17
99:12,11,10

Costs (resource, resource to replace, activity, cost)
0,0,6,0
0,7,6,0.18
0,10,6,0.18
0,20,6,0.78
0,22,6,0.55
0,29,6,0.42
0,31,6,0.82
0,38,6,0.18
0,42,6,0.56
0,43,6,0.6
0,44,6,0.05
0,48,6,0.45
0,60,6,0.75
0,62,6,0.88
0,65,6,0.31
0,68,6,0.1
0,79,6,0.31
0,0,1,0
0,1,1,0.2
0,11,1,0.53
0,33,1,0.92
0,34,1,0.11
0,40,1,0.67
0,44,1,0.65
0,48,1,0.44
0,50,1,0.07
0,52,1,0.52
0,66,1,0.36
0,68,1,0.89
0,74,1,0.32
0,77,1,0.85
0,80,1,0.71
0,88,1,0.74
0,96,1,0.83
1,0,1,0.76
1,1,1,0
1,11,1,0.57
1,33,1,0.31
1,34,1,0.92
1,40,1,0.02
1,44,1,0.42
1,48,1,0.08
1,50,1,0.23
1,52,1,0.74
1,66,1,0.72
1,68,1,0.09
1,74,1,0.75
1,77,1,0.42
1,80,1,0.57
1,88,1,0.23
1,96,1,0.03
1,1,11,0
1,8,11,0.06
1,17,11,0.49
1,18,11,0.7
1,19,11,0.47
1,27,11,0.46
1,29,11,0.5
1,42,11,0.32
1,55,11,0.45
1,69,11,0.82
1,75,11,0.02
1,76,11,0.98
1,84,11,0.49
1,99,11,0.41
1,1,15,0
1,15,15,0.28
1,19,15,0.55
1,20,15,0.1
1,24,15,0.4
1,25,15,0.62
1,28,15,0.46
1,32,15,0.89
1,36,15,0.24
1,53,15,0.86
1,65,15,0.55
1,83,15,0.26
1,87,15,0.28
1,91,15,0.38
1,95,15,0.25
2,2,14,0
2,7,14,0.49
2,9,14,0.42
2,13,14,0.91
2,32,14,0.67
2,35,14,0.67
2,41,14,0.09
2,49,14,0.09
2,60,14,0.51
2,73,14,0.55
2,75,14,0.76
2,84,14,0.36
2,86,14,0.97
2,2,16,0
2,7,16,0.41
2,10,16,0.89
2,28,16,0.76
2,33,16,0.43
2,38,16,0.92
2,39,16,0.17
2,46,16,0.12
2,47,16,0.37
2,49,16,0.79
2,64,16,0.18
2,74,16,0.27
2,85,16,0.26
2,92,16,0.85
2,93,16,0.96
3,3,19,0
3,18,19,0.42
3,24,19,0.11
3,29,19,0.74
3,52,19,0.18
3,57,19,0.5
3,58,19,0.05
3,63,19,0.37
3,64,19,0.72
3,79,19,0.89
3,82,19,0.89
3,90,19,0.74
3,3,4,0
3,10,4,0.8
3,14,4,0.54
3,18,4,0.78
3,21,4,0.89
3,45,4,0.97
3,53,4,0.45
3,56,4,0.72
3,59,4,0.52
3,70,4,0.18
3,78,4,0.7
3,81,4,0.17
3,84,4,0.34
3,90,4,0.03
3,96,4,0.96
3,97,4,0.92
4,4,10,0
4,6,10,0.62
4,8,10,0.21
4,23,10,0.65
4,33,10,0.22
4,34,10,0.82
4,40,10,0.42
4,52,10,0.18
4,65,10,0.06
4,67,10,0.32
4,72,10,0.54
4,80,10,0.87
4,89,10,0.51
4,91,10,0.48
4,92,10,0.23
4,93,10,0.52
4,99,10,0.41
4,4,8,0
4,8,8,0.64
4,11,8,0.84
4,24,8,0.59
4,26,8,0.19
4,27,8,0.64
4,29,8,0.35
4,33,8,0.55
4,36,8,0.67
4,43,8,0.86
4,61,8,0.06
4,63,8,0.63
4,4,9,0
4,5,9,0.61
4,22,9,0.34
4,36,9,0.58
4,39,9,0.29
4,40,9,0.2
4,41,9,0.47
4,42,9,0.9
4,47,9,0.08
4,69,9,0.99
4,94,9,0.09
4,4,2,0
4,9,2,0.85
4,14,2,0.0
4,16,2,0.44
4,23,2,0.03
4,45,2,0.57
4,49,2,0.46
4,52,2,0.84
4,66,2,0.43
4,88,2,0.37
4,94,2,0.76
5,5,18,0
5,14,18,0.92
5,15,18,0.38
5,16,18,0.09
5,19,18,0.26
5,41,18,0.73
5,44,18,0.19
5,54,18,0.17
5,62,18,0.46
5,64,18,0.37
5,67,18,0.05
5,69,18,0.55
5,70,18,0.14
5,71,18,0.13
5,76,18,0.38
5,81,18,0.92
5,94,18,0.14
5,95,18,0.14
5,5,0,0
5,6,0,0.22
5,9,0,0.36
5,12,0,0.16
5,13,0,0.68
5,15,0,0.72
5,19,0,0.18
5,25,0,0.05
5,47,0,0.98
5,48,0,0.49
5,50,0,0.48
5,55,0,0.87
5,57,0,0.63
5,67,0,0.47
5,92,0,0.47
5,94,0,0.75
5,4,9,0.29
5,5,9,0
5,22,9,0.62
5,36,9,0.9
5,39,9,0.56
5,40,9,0.54
5,41,9,0.71
5,42,9,0.84
5,47,9,0.33
5,69,9,0.43
5,94,9,0.32
6,6,3,0
6,17,3,0.95
6,18,3,0.08
6,24,3,0.69
6,28,3,0.54
6,46,3,0.97
6,50,3,0.81
6,51,3,0.18
6,53,3,0.68
6,54,3,0.73
6,61,3,0.53
6,71,3,0.78
6,87,3,0.23
6,89,3,0.99
6,91,3,0.76
6,5,0,0.24
6,6,0,0
6,9,0,0.71
6,12,0,0.47
6,13,0,0.78
6,15,0,0.24
6,19,0,0.75
6,25,0,0.31
6,47,0,0.57
6,48,0,0.56
6,50,0,0.13
6,55,0,0.59
6,57,0,0.14
6,67,0,0.73
6,92,0,0.89
6,94,0,0.92
6,4,10,0.24
6,6,10,0
6,8,10,0.84
6,23,10,0.33
6,33,10,0.99
6,34,10,0.57
6,40,10,0.62
6,52,10,0.21
6,65,10,0.78
6,67,10,0.71
6,72,10,0.34
6,80,10,0.19
6,89,10,0.89
6,91,10,0.42
6,92,10,0.65
6,93,10,0.12
6,99,10,0.2
6,6,5,0
6,9,5,0.82
6,13,5,0.41
6,21,5,0.53
6,27,5,0.18
6,28,5,0.59
6,30,5,0.58
6,31,5,0.69
6,40,5,0.1
6,68,5,0.72
6,73,5,0.99
6,79,5,0.41
6,83,5,0.36
6,85,5,0.27
6,87,5,0.28
6,89,5,0.97
6,93,5,0.64
7,0,6,0.37
7,7,6,0
7,10,6,0.87
7,20,6,0.98
7,22,6,0.89
7,29,6,0.6
7,31,6,0.53
7,38,6,0.2
7,42,6,0.76
7,43,6,0.11
7,44,6,0.93
7,48,6,0.03
7,60,6,0.79
7,62,6,0.2
7,65,6,0.03
7,68,6,0.53
7,79,6,0.67
7,2,16,0.7
7,7,16,0
7,10,16,0.81
7,28,16,0.19
7,33,16,0.48
7,38,16,0.95
7,39,16,0.12
7,46,16,0.32
7,47,16,0.0
7,49,16,1.0
7,64,16,0.22
7,74,16,0.09
7,85,16,0.09
7,92,16,0.44
7,93,16,0.33
7,2,14,0.66
7,7,14,0
7,9,14,0.02
7,13,14,0.95
7,32,14,0.7
7,35,14,0.78
7,41,14,0.36
7,49,14,0.02
7,60,14,0.77
7,73,14,0.15
7,75,14,0.9
7,84,14,0.9
7,86,14,0.22
8,8,17,0
8,42,17,0.85
8,56,17,0.14
8,59,17,0.32
8,60,17,0.35
8,63,17,0.4
8,65,17,0.02
8,74,17,0.14
8,78,17,0.58
8,83,17,0.86
8,96,17,0.11
8,98,17,0.02
8,4,10,0.76
8,6,10,0.53
8,8,10,0
8,23,10,0.93
8,33,10,0.87
8,34,10,0.3
8,40,10,0.74
8,52,10,0.91
8,65,10,0.99
8,67,10,0.71
8,72,10,0.05
8,80,10,0.54
8,89,10,0.73
8,91,10,0.26
8,92,10,0.67
8,93,10,0.69
8,99,10,0.55
8,1,11,0.2
8,8,11,0
8,17,11,0.63
8,18,11,0.19
8,19,11,0.68
8,27,11,0.15
8,29,11,0.76
8,42,11,0.05
8,55,11,0.86
8,69,11,0.81
8,75,11,0.89
8,76,11,0.3
8,84,11,0.59
8,99,11,0.36
8,4,8,0.79
8,8,8,0
8,11,8,0.62
8,24,8,0.45
8,26,8,0.28
8,27,8,0.93
8,29,8,0.51
8,33,8,0.37
8,36,8,0.68
8,43,8,0.74
8,61,8,0.09
8,63,8,0.91
9,5,0,0.87
9,6,0,0.85
9,9,0,0
9,12,0,0.53
9,13,0,0.05
9,15,0,0.79
9,19,0,0.49
9,25,0,0.29
9,47,0,0.4
9,48,0,0.35
9,50,0,0.67
9,55,0,0.93
9,57,0,0.83
9,67,0,0.34
9,92,0,0.42
9,94,0,0.63
9,4,2,0.06
9,9,2,0
9,14,2,0.83
9,16,2,0.06
9,23,2,0.94
9,45,2,0.55
9,49,2,0.31
9,52,2,0.56
9,66,2,0.61
9,88,2,0.16
9,94,2,0.52
9,6,5,0.01
9,9,5,0
9,13,5,0.72
9,21,5,0.98
9,27,5,0.83
9,28,5,0.98
9,30,5,0.52
9,31,5,0.09
9,40,5,0.62
9,68,5,0.93
9,73,5,0.5
9,79,5,0.52
9,83,5,0.33
9,85,5,0.87
9,87,5,0.96
9,89,5,0.24
9,93,5,0.68
9,2,14,0.41
9,7,14,0.98
9,9,14,0
9,13,14,0.57
9,32,14,0.32
9,35,14,0.55
9,41,14,0.3
9,49,14,0.83
9,60,14,0.68
9,73,14,0.35
9,75,14,0.81
9,84,14,0.6
9,86,14,0.16
10,2,16,0.41
10,7,16,0.8
10,10,16,0
10,28,16,0.82
10,33,16,0.19
10,38,16,0.82
10,39,16,0.74
10,46,16,0.49
10,47,16,0.57
10,49,16,0.37
10,64,16,0.59
10,74,16,0.62
10,85,16,0.76
10,92,16,0.1
10,93,16,0.3
10,3,4,0.88
10,10,4,0
10,14,4,0.01
10,18,4,0.16
10,21,4,0.29
10,45,4,0.72
10,53,4,0.94
10,56,4,0.13
10,59,4,0.2
10,70,4,0.24
10,78,4,0.27
10,81,4,0.23
10,84,4,0.88
10,90,4,0.12
10,96,4,0.03
10,97,4,0.53
10,0,6,0.19
10,7,6,0.13
10,10,6,0
10,20,6,0.74
10,22,6,0.28
10,29,6,0.89
10,31,6,0.94
10,38,6,0.84
10,42,6,0.98
10,43,6,0.53
10,44,6,0.38
10,48,6,0.28
10,60,6,0.21
10,62,6,0.74
10,65,6,0.46
10,68,6,0.4
10,79,6,0.13
11,0,1,0.48
11,1,1,0.7
11,11,1,0
11,33,1,0.57
11,34,1,0.11
11,40,1,0.61
11,44,1,0.4
11,48,1,0.25
11,50,1,0.01
11,52,1,0.86
11,66,1,0.45
11,68,1,0.42
11,74,1,0.3
11,77,1,0.44
11,80,1,0.06
11,88,1,0.33
11,96,1,0.43
11,4,8,0.27
11,8,8,0.23
11,11,8,0
11,24,8,0.4
11,26,8,0.75
11,27,8,0.54
11,29,8,0.78
11,33,8,0.88
11,36,8,0.07
11,43,8,0.92
11,61,8,0.96
11,63,8,0.86
12,5,0,0.6
12,6,0,0.6
12,9,0,0.54
12,12,0,0
12,13,0,0.58
12,15,0,0.41
12,19,0,0.82
12,25,0,0.16
12,47,0,0.56
12,48,0,0.26
12,50,0,0.84
12,55,0,0.39
12,57,0,0.91
12,67,0,0.24
12,92,0,0.99
12,94,0,0.52
12,12,7,0
12,14,7,0.3
12,17,7,0.91
12,32,7,0.61
12,34,7,0.35
12,35,7,0.52
12,37,7,0.03
12,53,7,0.68
12,62,7,0.5
12,66,7,0.16
12,69,7,0.42
12,77,7,0.34
12,81,7,0.16
12,82,7,0.0
12,86,7,0.33
12,98,7,0.19
13,6,5,0.97
13,9,5,0.45
13,13,5,0
13,21,5,0.73
13,27,5,0.2
13,28,5,0.01
13,30,5,0.94
13,31,5,0.87
13,40,5,0.03
13,68,5,0.29
13,73,5,0.0
13,79,5,0.39
13,83,5,0.81
13,85,5,0.45
13,87,5,0.88
13,89,5,0.65
13,93,5,0.64
13,5,0,0.05
13,6,0,0.52
13,9,0,0.93
13,12,0,0.3
13,13,0,0
13,15,0,0.8
13,19,0,0.74
13,25,0,0.05
13,47,0,0.29
13,48,0,0.34
13,50,0,0.61
13,55,0,0.25
13,57,0,0.76
13,67,0,0.01
13,92,0,0.16
13,94,0,0.45
13,2,14,0.12
13,7,14,0.24
13,9,14,0.34
13,13,14,0
13,32,14,0.54
13,35,14,0.07
13,41,14,0.16
13,49,14,0.69
13,60,14,0.75
13,73,14,0.6
13,75,14,0.91
13,84,14,0.28
13,86,14,0.03
14,12,7,0.67
14,14,7,0
14,17,7,0.38
14,32,7,0.53
14,34,7,0.82
14,35,7,0.29
14,37,7,0.85
14,53,7,0.51
14,62,7,0.09
14,66,7,0.79
14,69,7,0.64
14,77,7,0.9
14,81,7,0.36
14,82,7,0.25
14,86,7,0.51
14,98,7,0.9
14,5,18,0.89
14,14,18,0
14,15,18,0.5
14,16,18,0.28
14,19,18,0.66
14,41,18,0.62
14,44,18,0.17
14,54,18,0.89
14,62,18,0.48
14,64,18,0.62
14,67,18,0.75
14,69,18,0.36
14,70,18,0.66
14,71,18,0.34
14,76,18,0.38
14,81,18,0.01
14,94,18,0.89
14,95,18,0.6
14,3,4,0.59
14,10,4,0.19
14,14,4,0
14,18,4,0.25
14,21,4,0.5
14,45,4,0.05
14,53,4,0.72
14,56,4,0.11
14,59,4,0.21
14,70,4,0.74
14,78,4,0.21
14,81,4,0.94
14,84,4,0.63
14,90,4,0.66
14,96,4,0.25
14,97,4,0.78
14,4,2,0.75
14,9,2,0.37
14,14,2,0
14,16,2,0.56
14,23,2,0.71
14,45,2,0.27
14,49,2,0.03
14,52,2,0.53
14,66,2,0.49
14,88,2,0.37
14,94,2,0.38
15,5,0,0.04
15,6,0,0.39
15,9,0,0.4
15,12,0,0.19
15,13,0,0.95
15,15,0,0
15,19,0,0.22
15,25,0,0.08
15,47,0,0.58
15,48,0,0.46
15,50,0,0.32
15,55,0,0.36
15,57,0,0.24
15,67,0,0.5
15,92,0,0.92
15,94,0,0.41
15,1,15,0.44
15,15,15,0
15,19,15,0.56
15,20,15,0.51
15,24,15,0.62
15,25,15,0.83
15,28,15,0.97
15,32,15,0.29
15,36,15,0.12
15,53,15,0.45
15,65,15,0.46
15,83,15,0.68
15,87,15,0.82
15,91,15,0.34
15,95,15,0.38
15,5,18,0.43
15,14,18,0.85
15,15,18,0
15,16,18,0.79
15,19,18,0.46
15,41,18,0.89
15,44,18,0.28
15,54,18,0.08
15,62,18,0.27
15,64,18,0.94
15,67,18,0.43
15,69,18,0.88
15,70,18,0.65
15,71,18,0.48
15,76,18,0.74
15,81,18,0.43
15,94,18,0.83
15,95,18,0.44
16,5,18,0.67
16,14,18,0.74
16,15,18,0.82
16,16,18,0
16,19,18,0.1
16,41,18,0.15
16,44,18,0.25
16,54,18,0.96
16,62,18,0.49
16,64,18,0.09
16,67,18,0.1
16,69,18,0.45
16,70,18,0.05
16,71,18,0.16
16,76,18,0.87
16,81,18,0.62
16,94,18,0.73
16,95,18,0.32
16,4,2,0.95
16,9,2,0.6
16,14,2,0.62
16,16,2,0
16,23,2,0.99
16,45,2,0.97
16,49,2,0.1
16,52,2,0.19
16,66,2,0.12
16,88,2,0.7
16,94,2,0.85
17,6,3,0.83
17,17,3,0
17,18,3,0.51
17,24,3,0.42
17,28,3,0.27
17,46,3,0.93
17,50,3,0.6
17,51,3,0.85
17,53,3,0.09
17,54,3,0.97
17,61,3,0.52
17,71,3,0.89
17,87,3,0.86
17,89,3,0.6
17,91,3,0.11
17,12,7,0.91
17,14,7,0.99
17,17,7,0
17,32,7,0.8
17,34,7,0.99
17,35,7,0.97
17,37,7,0.25
17,53,7,0.3
17,62,7,0.48
17,66,7,0.82
17,69,7,0.49
17,77,7,0.27
17,81,7,0.88
17,82,7,0.78
17,86,7,0.3
17,98,7,0.22
17,17,12,0
17,26,12,0.47
17,27,12,0.03
17,36,12,0.38
17,37,12,0.26
17,39,12,0.89
17,43,12,0.68
17,54,12,0.67
17,57,12,0.2
17,63,12,0.74
17,70,12,0.13
17,77,12,0.13
17,80,12,0.89
17,82,12,0.79
17,84,12,0.52
17,85,12,0.61
17,86,12,0.97
17,92,12,0.65
17,97,12,0.73
17,99,12,0.4
17,1,11,0.06
17,8,11,0.86
17,17,11,0
17,18,11,0.26
17,19,11,0.72
17,27,11,0.7
17,29,11,0.83
17,42,11,0.0
17,55,11,0.16
17,69,11,0.68
17,75,11,0.69
17,76,11,0.77
17,84,11,0.63
17,99,11,0.86
18,3,19,0.95
18,18,19,0
18,24,19,0.11
18,29,19,0.06
18,52,19,0.91
18,57,19,0.58
18,58,19,0.01
18,63,19,0.64
18,64,19,0.06
18,79,19,0.42
18,82,19,0.86
18,90,19,0.07
18,3,4,0.81
18,10,4,0.56
18,14,4,0.42
18,18,4,0
18,21,4,0.58
18,45,4,0.33
18,53,4,0.35
18,56,4,0.21
18,59,4,0.85
18,70,4,0.72
18,78,4,0.52
18,81,4,0.38
18,84,4,0.11
18,90,4,0.2
18,96,4,0.14
18,97,4,0.81
18,1,11,0.99
18,8,11,0.15
18,17,11,0.91
18,18,11,0
18,19,11,0.3
18,27,11,0.93
18,29,11,0.65
18,42,11,0.41
18,55,11,0.19
18,69,11,0.08
18,75,11,0.91
18,76,11,0.09
18,84,11,0.96
18,99,11,0.78
18,6,3,0.82
18,17,3,0.17
18,18,3,0
18,24,3,0.79
18,28,3,0.57
18,46,3,0.04
18,50,3,0.05
18,51,3,0.8
18,53,3,0.6
18,54,3,0.85
18,61,3,0.16
18,71,3,0.26
18,87,3,0.69
18,89,3,1.0
18,91,3,0.73
19,5,18,0.56
19,14,18,0.96
19,15,18,0.55
19,16,18,0.99
19,19,18,0
19,41,18,0.28
19,44,18,0.27
19,54,18,0.83
19,62,18,0.04
19,64,18,0.3
19,67,18,0.79
19,69,18,0.41
19,70,18,0.06
19,71,18,0.56
19,76,18,0.8
19,81,18,0.65
19,94,18,0.45
19,95,18,0.99
19,5,0,0.59
19,6,0,0.71
19,9,0,0.86
19,12,0,0.0
19,13,0,0.46
19,15,0,0.71
19,19,0,0
19,25,0,0.41
19,47,0,0.39
19,48,0,0.33
19,50,0,0.5
19,55,0,0.99
19,57,0,0.87
19,67,0,0.72
19,92,0,0.15
19,94,0,0.66
19,1,11,0.08
19,8,11,0.47
19,17,11,0.91
19,18,11,0.48
19,19,11,0
19,27,11,0.09
19,29,11,1.0
19,42,11,0.93
19,55,11,0.87
19,69,11,0.32
19,75,11,0.64
19,76,11,0.31
19,84,11,0.68
19,99,11,0.51
19,1,15,0.3
19,15,15,0.74
19,19,15,0
19,20,15,0.35
19,24,15,0.24
19,25,15,0.93
19,28,15,0.88
19,32,15,0.85
19,36,15,0.93
19,53,15,0.45
19,65,15,0.38
19,83,15,0.03
19,87,15,0.12
19,91,15,0.83
19,95,15,0.56
20,0,6,0.3
20,7,6,0.41
20,10,6,0.83
20,20,6,0
20,22,6,0.16
20,29,6,0.34
20,31,6,0.81
20,38,6,0.67
20,42,6,0.94
20,43,6,0.55
20,44,6,0.02
20,48,6,0.04
20,60,6,0.16
20,62,6,0.52
20,65,6,0.27
20,68,6,0.96
20,79,6,0.15
20,1,15,0.18
20,15,15,0.02
20,19,15,0.92
20,20,15,0
20,24,15,0.87
20,25,15,0.94
20,28,15,0.66
20,32,15,0.51
20,36,15,0.46
20,53,15,0.7
20,65,15,0.25
20,83,15,0.38
20,87,15,0.87
20,91,15,0.87
20,95,15,0.34
21,6,5,0.18
21,9,5,0.46
21,13,5,0.2
21,21,5,0
21,27,5,0.57
21,28,5,0.75
21,30,5,0.14
21,31,5,0.98
21,40,5,0.31
21,68,5,0.44
21,73,5,0.47
21,79,5,0.7
21,83,5,0.48
21,85,5,0.43
21,87,5,0.89
21,89,5,0.44
21,93,5,0.83
21,3,4,0.58
21,10,4,0.88
21,14,4,0.23
21,18,4,0.48
21,21,4,0
21,45,4,0.91
21,53,4,0.27
21,56,4,0.8
21,59,4,0.82
21,70,4,0.07
21,78,4,0.24
21,81,4,0.66
21,84,4,0.09
21,90,4,0.2
21,96,4,0.19
21,97,4,0.08
22,0,6,0.48
22,7,6,0.86
22,10,6,0.78
22,20,6,0.85
22,22,6,0
22,29,6,0.81
22,31,6,0.65
22,38,6,0.56
22,42,6,0.86
22,43,6,0.94
22,44,6,0.55
22,48,6,0.89
22,60,6,0.52
22,62,6,0.89
22,65,6,0.04
22,68,6,0.92
22,79,6,0.36
22,4,9,0.55
22,5,9,0.5
22,22,9,0
22,36,9,0.52
22,39,9,0.87
22,40,9,0.68
22,41,9,0.91
22,42,9,0.61
22,47,9,0.07
22,69,9,0.07
22,94,9,0.94
23,4,2,0.76
23,9,2,0.07
23,14,2,0.89
23,16,2,0.03
23,23,2,0
23,45,2,0.66
23,49,2,0.12
23,52,2,0.19
23,66,2,0.36
23,88,2,0.42
23,94,2,0.32
23,4,10,0.59
23,6,10,0.9
23,8,10,0.98
23,23,10,0
23,33,10,0.72
23,34,10,0.56
23,40,10,0.93
23,52,10,0.69
23,65,10,0.99
23,67,10,0.48
23,72,10,0.59
23,80,10,0.55
23,89,10,0.85
23,91,10,0.62
23,92,10,0.84
23,93,10,0.16
23,99,10,0.73
24,1,15,0.48
24,15,15,0.48
24,19,15,0.13
24,20,15,0.24
24,24,15,0
24,25,15,0.58
24,28,15,0.59
24,32,15,0.44
24,36,15,0.94
24,53,15,0.23
24,65,15,0.45
24,83,15,0.23
24,87,15,0.29
24,91,15,0.87
24,95,15,0.77
24,6,3,0.06
24,17,3,0.53
24,18,3,0.15
24,24,3,0
24,28,3,0.85
24,46,3,0.82
24,50,3,0.4
24,51,3,0.23
24,53,3,0.78
24,54,3,0.83
24,61,3,0.55
24,71,3,0.49
24,87,3,0.62
24,89,3,0.19
24,91,3,0.75
24,3,19,0.7
24,18,19,0.28
24,24,19,0
24,29,19,0.25
24,52,19,0.27
24,57,19,0.91
24,58,19,0.97
24,63,19,0.04
24,64,19,0.8
24,79,19,0.04
24,82,19,0.8
24,90,19,0.93
24,4,8,0.26
24,8,8,0.39
24,11,8,0.06
24,24,8,0
24,26,8,0.96
24,27,8,0.69
24,29,8,0.39
24,33,8,0.52
24,36,8,0.87
24,43,8,0.72
24,61,8,0.87
24,63,8,0.69
25,1,15,0.27
25,15,15,0.34
25,19,15,0.95
25,20,15,0.0
25,24,15,0.61
25,25,15,0
25,28,15,0.51
25,32,15,0.2
25,36,15,0.12
25,53,15,0.58
25,65,15,0.66
25,83,15,0.71
25,87,15,0.48
25,91,15,0.8
25,95,15,0.24
25,5,0,0.51
25,6,0,0.67
25,9,0,0.56
25,12,0,0.13
25,13,0,0.64
25,15,0,0.59
25,19,0,0.03
25,25,0,0
25,47,0,0.91
25,48,0,0.95
25,50,0,0.23
25,55,0,0.36
25,57,0,0.56
25,67,0,0.65
25,92,0,0.47
25,94,0,0.38
26,17,12,0.49
26,26,12,0
26,27,12,0.75
26,36,12,0.35
26,37,12,0.6
26,39,12,0.5
26,43,12,0.35
26,54,12,0.35
26,57,12,0.1
26,63,12,0.16
26,70,12,0.89
26,77,12,0.91
26,80,12,0.12
26,82,12,0.72
26,84,12,0.04
26,85,12,0.38
26,86,12,0.61
26,92,12,0.76
26,97,12,0.35
26,99,12,0.1
26,4,8,0.99
26,8,8,0.03
26,11,8,0.92
26,24,8,0.64
26,26,8,0
26,27,8,0.26
26,29,8,0.88
26,33,8,0.26
26,36,8,0.09
26,43,8,0.94
26,61,8,0.03
26,63,8,0.92
27,4,8,0.76
27,8,8,0.13
27,11,8,0.89
27,24,8,0.63
27,26,8,0.93
27,27,8,0
27,29,8,0.39
27,33,8,0.48
27,36,8,0.15
27,43,8,0.31
27,61,8,0.6
27,63,8,0.71
27,1,11,0.9
27,8,11,0.37
27,17,11,0.88
27,18,11,0.77
27,19,11,0.45
27,27,11,0
27,29,11,0.87
27,42,11,0.27
27,55,11,0.82
27,69,11,0.67
27,75,11,0.17
27,76,11,0.97
27,84,11,0.08
27,99,11,0.13
27,6,5,0.39
27,9,5,0.65
27,13,5,0.32
27,21,5,0.67
27,27,5,0
27,28,5,0.85
27,30,5,0.66
27,31,5,0.74
27,40,5,0.31
27,68,5,0.05
27,73,5,0.74
27,79,5,0.73
27,83,5,0.74
27,85,5,0.31
27,87,5,0.33
27,89,5,0.01
27,93,5,0.24
27,17,12,0.29
27,26,12,0.16
27,27,12,0
27,36,12,0.87
27,37,12,0.59
27,39,12,0.38
27,43,12,0.77
27,54,12,0.25
27,57,12,0.29
27,63,12,0.02
27,70,12,0.26
27,77,12,0.55
27,80,12,0.32
27,82,12,0.35
27,84,12,0.61
27,85,12,0.11
27,86,12,0.72
27,92,12,0.98
27,97,12,0.07
27,99,12,0.44
28,2,16,0.37
28,7,16,0.77
28,10,16,0.22
28,28,16,0
28,33,16,0.66
28,38,16,0.2
28,39,16,0.02
28,46,16,0.04
28,47,16,0.42
28,49,16,0.79
28,64,16,0.74
28,74,16,0.07
28,85,16,0.4
28,92,16,0.2
28,93,16,0.22
28,6,3,0.82
28,17,3,0.31
28,18,3,0.3
28,24,3,0.87
28,28,3,0
28,46,3,0.86
28,50,3,0.26
28,51,3,0.98
28,53,3,0.03
28,54,3,0.35
28,61,3,0.23
28,71,3,0.69
28,87,3,0.67
28,89,3,0.34
28,91,3,0.08
28,1,15,0.58
28,15,15,0.53
28,19,15,0.67
28,20,15,0.13
28,24,15,0.78
28,25,15,0.49
28,28,15,0
28,32,15,0.1
28,36,15,0.99
28,53,15,0.4
28,65,15,0.58
28,83,15,0.62
28,87,15,0.32
28,91,15,0.26
28,95,15,0.11
28,6,5,0.41
28,9,5,0.71
28,13,5,0.31
28,21,5,0.99
28,27,5,0.08
28,28,5,0
28,30,5,0.36
28,31,5,0.77
28,40,5,0.93
28,68,5,0.39
28,73,5,0.36
28,79,5,1.0
28,83,5,0.12
28,85,5,0.85
28,87,5,0.95
28,89,5,0.59
28,93,5,0.33
29,0,6,0.74
29,7,6,0.07
29,10,6,0.43
29,20,6,0.29
29,22,6,0.36
29,29,6,0
29,31,6,0.75
29,38,6,0.61
29,42,6,0.28
29,43,6,0.28
29,44,6,0.53
29,48,6,0.26
29,60,6,0.95
29,62,6,0.02
29,65,6,0.37
29,68,6,0.35
29,79,6,0.13
29,1,11,0.94
29,8,11,0.14
29,17,11,0.46
29,18,11,0.21
29,19,11,0.29
29,27,11,0.25
29,29,11,0
29,42,11,0.93
29,55,11,0.34
29,69,11,0.52
29,75,11,0.82
29,76,11,0.92
29,84,11,0.87
29,99,11,0.68
29,4,8,0.18
29,8,8,0.76
29,11,8,0.58
29,24,8,0.62
29,26,8,0.57
29,27,8,0.65
29,29,8,0
29,33,8,0.34
29,36,8,0.23
29,43,8,0.24
29,61,8,0.45
29,63,8,0.97
29,3,19,0.2
29,18,19,0.02
29,24,19,0.96
29,29,19,0
29,52,19,0.41
29,57,19,0.98
29,58,19,0.35
29,63,19,0.17
29,64,19,0.94
29,79,19,0.5
29,82,19,0.98
29,90,19,0.26
30,30,13,0
30,48,13,0.1
30,50,13,0.94
30,51,13,0.76
30,58,13,0.21
30,59,13,0.49
30,67,13,0.3
30,68,13,0.64
30,72,13,0.57
30,79,13,0.71
30,83,13,0.35
30,87,13,0.89
30,6,5,0.39
30,9,5,0.74
30,13,5,0.73
30,21,5,0.11
30,27,5,0.2
30,28,5,0.11
30,30,5,0
30,31,5,0.05
30,40,5,0.04
30,68,5,0.76
30,73,5,0.37
30,79,5,0.38
30,83,5,0.21
30,85,5,0.39
30,87,5,0.39
30,89,5,0.98
30,93,5,0.79
31,0,6,0.82
31,7,6,0.84
31,10,6,0.64
31,20,6,0.74
31,22,6,0.5
31,29,6,0.58
31,31,6,0
31,38,6,0.41
31,42,6,0.18
31,43,6,0.25
31,44,6,0.54
31,48,6,0.0
31,60,6,0.17
31,62,6,0.51
31,65,6,0.12
31,68,6,0.57
31,79,6,0.25
31,6,5,0.94
31,9,5,0.93
31,13,5,0.97
31,21,5,0.06
31,27,5,0.27
31,28,5,0.5
31,30,5,0.16
31,31,5,0
31,40,5,0.27
31,68,5,0.57
31,73,5,0.07
31,79,5,0.27
31,83,5,0.41
31,85,5,0.59
31,87,5,0.39
31,89,5,0.47
31,93,5,0.51
32,1,15,0.57
32,15,15,0.24
32,19,15,0.45
32,20,15,0.4
32,24,15,0.67
32,25,15,0.11
32,28,15,0.18
32,32,15,0
32,36,15,0.22
32,53,15,0.93
32,65,15,0.71
32,83,15,0.23
32,87,15,0.05
32,91,15,0.87
32,95,15,0.5
32,2,14,0.4
32,7,14,0.06
32,9,14,0.49
32,13,14,0.26
32,32,14,0
32,35,14,0.32
32,41,14,0.76
32,49,14,0.83
32,60,14,0.93
32,73,14,0.32
32,75,14,0.07
32,84,14,0.54
32,86,14,0.44
32,12,7,0.34
32,14,7,0.93
32,17,7,0.05
32,32,7,0
32,34,7,0.88
32,35,7,0.4
32,37,7,0.74
32,53,7,0.88
32,62,7,0.68
32,66,7,0.54
32,69,7,0.58
32,77,7,0.16
32,81,7,0.49
32,82,7,0.79
32,86,7,0.49
32,98,7,0.46
33,4,10,0.49
33,6,10,0.73
33,8,10,0.08
33,23,10,0.27
33,33,10,0
33,34,10,0.77
33,40,10,0.75
33,52,10,0.02
33,65,10,0.07
33,67,10,0.42
33,72,10,0.41
33,80,10,0.6
33,89,10,0.18
33,91,10,0.08
33,92,10,0.45
33,93,10,0.92
33,99,10,0.62
33,4,8,0.52
33,8,8,0.07
33,11,8,0.41
33,24,8,0.42
33,26,8,0.15
33,27,8,0.82
33,29,8,0.44
33,33,8,0
33,36,8,0.65
33,43,8,0.83
33,61,8,0.89
33,63,8,0.08
33,0,1,0.22
33,1,1,0.23
33,11,1,1.0
33,33,1,0
33,34,1,0.31
33,40,1,0.08
33,44,1,0.7
33,48,1,0.55
33,50,1,0.35
33,52,1,0.98
33,66,1,0.62
33,68,1,0.26
33,74,1,0.65
33,77,1,0.15
33,80,1,0.97
33,88,1,0.32
33,96,1,0.81
33,2,16,0.27
33,7,16,0.24
33,10,16,0.49
33,28,16,0.62
33,33,16,0
33,38,16,0.24
33,39,16,0.1
33,46,16,0.13
33,47,16,0.21
33,49,16,0.44
33,64,16,0.75
33,74,16,0.76
33,85,16,0.16
33,92,16,0.24
33,93,16,0.25
34,0,1,0.7
34,1,1,0.03
34,11,1,0.49
34,33,1,0.34
34,34,1,0
34,40,1,0.93
34,44,1,0.24
34,48,1,0.1
34,50,1,0.61
34,52,1,0.62
34,66,1,0.13
34,68,1,0.96
34,74,1,0.16
34,77,1,0.79
34,80,1,0.49
34,88,1,0.83
34,96,1,0.58
34,12,7,0.78
34,14,7,0.66
34,17,7,0.97
34,32,7,0.52
34,34,7,0
34,35,7,0.58
34,37,7,0.6
34,53,7,0.88
34,62,7,0.32
34,66,7,0.82
34,69,7,0.58
34,77,7,0.81
34,81,7,0.06
34,82,7,0.52
34,86,7,0.09
34,98,7,0.28
34,4,10,0.67
34,6,10,0.69
34,8,10,0.81
34,23,10,0.62
34,33,10,0.5
34,34,10,0
34,40,10,0.94
34,52,10,0.11
34,65,10,0.97
34,67,10,0.76
34,72,10,0.29
34,80,10,0.15
34,89,10,0.64
34,91,10,0.42
34,92,10,0.64
34,93,10,0.24
34,99,10,0.04
35,12,7,0.89
35,14,7,0.05
35,17,7,0.01
35,32,7,0.9
35,34,7,0.14
35,35,7,0
35,37,7,0.6
35,53,7,0.27
35,62,7,0.65
35,66,7,0.08
35,69,7,0.44
35,77,7,0.46
35,81,7,0.19
35,82,7,0.35
35,86,7,0.56
35,98,7,0.02
35,2,14,0.68
35,7,14,0.62
35,9,14,0.43
35,13,14,0.28
35,32,14,0.13
35,35,14,0
35,41,14,0.79
35,49,14,0.04
35,60,14,0.51
35,73,14,0.01
35,75,14,0.3
35,84,14,0.58
35,86,14,0.84
36,1,15,0.66
36,15,15,0.45
36,19,15,0.5
36,20,15,0.56
36,24,15,0.81
36,25,15,0.97
36,28,15,0.99
36,32,15,0.69
36,36,15,0
36,53,15,0.03
36,65,15,0.59
36,83,15,0.36
36,87,15,0.86
36,91,15,0.75
36,95,15,0.35
36,4,9,0.27
36,5,9,0.5
36,22,9,0.47
36,36,9,0
36,39,9,0.6
36,40,9,0.04
36,41,9,0.77
36,42,9,0.68
36,47,9,0.4
36,69,9,0.18
36,94,9,0.63
36,17,12,0.15
36,26,12,0.95
36,27,12,0.58
36,36,12,0
36,37,12,0.06
36,39,12,0.67
36,43,12,0.37
36,54,12,0.4
36,57,12,0.08
36,63,12,0.02
36,70,12,0.17
36,77,12,0.25
36,80,12,0.83
36,82,12,0.24
36,84,12,0.55
36,85,12,0.66
36,86,12,0.91
36,92,12,0.22
36,97,12,0.28
36,99,12,0.32
36,4,8,0.36
36,8,8,0.13
36,11,8,0.22
36,24,8,0.7
36,26,8,0.44
36,27,8,0.95
36,29,8,0.87
36,33,8,0.69
36,36,8,0
36,43,8,0.62
36,61,8,0.13
36,63,8,0.69
37,17,12,0.73
37,26,12,0.32
37,27,12,0.19
37,36,12,0.55
37,37,12,0
37,39,12,0.25
37,43,12,0.95
37,54,12,0.42
37,57,12,0.72
37,63,12,0.38
37,70,12,0.41
37,77,12,0.82
37,80,12,0.75
37,82,12,0.25
37,84,12,0.74
37,85,12,0.45
37,86,12,0.24
37,92,12,0.7
37,97,12,0.72
37,99,12,0.38
37,12,7,0.82
37,14,7,0.84
37,17,7,0.17
37,32,7,0.02
37,34,7,0.26
37,35,7,0.5
37,37,7,0
37,53,7,0.89
37,62,7,0.95
37,66,7,0.12
37,69,7,0.2
37,77,7,0.05
37,81,7,0.45
37,82,7,0.94
37,86,7,0.43
37,98,7,1.0
38,0,6,0.02
38,7,6,0.9
38,10,6,0.09
38,20,6,0.32
38,22,6,0.7
38,29,6,0.02
38,31,6,0.35
38,38,6,0
38,42,6,0.18
38,43,6,0.83
38,44,6,0.45
38,48,6,0.44
38,60,6,0.53
38,62,6,0.48
38,65,6,0.28
38,68,6,0.8
38,79,6,0.3
38,2,16,0.64
38,7,16,0.46
38,10,16,0.21
38,28,16,0.38
38,33,16,0.97
38,38,16,0
38,39,16,0.18
38,46,16,0.01
38,47,16,0.21
38,49,16,0.75
38,64,16,0.42
38,74,16,0.1
38,85,16,0.11
38,92,16,0.62
38,93,16,0.78
39,4,9,0.12
39,5,9,0.34
39,22,9,0.8
39,36,9,0.88
39,39,9,0
39,40,9,0.42
39,41,9,0.99
39,42,9,0.74
39,47,9,0.8
39,69,9,0.53
39,94,9,0.5
39,2,16,0.39
39,7,16,0.21
39,10,16,0.41
39,28,16,0.47
39,33,16,0.29
39,38,16,0.32
39,39,16,0
39,46,16,0.5
39,47,16,0.09
39,49,16,0.44
39,64,16,0.82
39,74,16,0.98
39,85,16,0.99
39,92,16,0.67
39,93,16,0.1
39,17,12,0.69
39,26,12,0.96
39,27,12,0.82
39,36,12,0.53
39,37,12,0.16
39,39,12,0
39,43,12,0.75
39,54,12,0.45
39,57,12,0.65
39,63,12,0.24
39,70,12,0.64
39,77,12,0.0
39,80,12,0.67
39,82,12,0.17
39,84,12,0.85
39,85,12,0.84
39,86,12,0.71
39,92,12,0.29
39,97,12,0.02
39,99,12,0.17
40,6,5,0.34
40,9,5,0.56
40,13,5,0.81
40,21,5,0.62
40,27,5,0.54
40,28,5,0.54
40,30,5,0.15
40,31,5,0.23
40,40,5,0
40,68,5,0.91
40,73,5,0.23
40,79,5,0.49
40,83,5,0.71
40,85,5,0.6
40,87,5,0.82
40,89,5,0.08
40,93,5,0.55
40,4,9,0.51
40,5,9,0.68
40,22,9,0.27
40,36,9,0.99
40,39,9,0.16
40,40,9,0
40,41,9,0.16
40,42,9,0.52
40,47,9,0.46
40,69,9,0.71
40,94,9,0.38
40,4,10,0.88
40,6,10,0.4
40,8,10,0.5
40,23,10,0.81
40,33,10,0.21
40,34,10,0.28
40,40,10,0
40,52,10,0.28
40,65,10,0.53
40,67,10,0.51
40,72,10,0.4
40,80,10,0.69
40,89,10,0.09
40,91,10,0.55
40,92,10,0.84
40,93,10,0.16
40,99,10,0.7
40,0,1,0.56
40,1,1,0.87
40,11,1,0.18
40,33,1,0.52
40,34,1,0.63
40,40,1,0
40,44,1,0.43
40,48,1,0.22
40,50,1,0.27
40,52,1,0.64
40,66,1,0.5
40,68,1,0.78
40,74,1,0.34
40,77,1,0.21
40,80,1,0.4
40,88,1,0.08
40,96,1,0.78
41,5,18,0.79
41,14,18,0.28
41,15,18,0.28
41,16,18,0.82
41,19,18,0.96
41,41,18,0
41,44,18,0.73
41,54,18,0.06
41,62,18,0.84
41,64,18,0.12
41,67,18,0.24
41,69,18,0.47
41,70,18,0.12
41,71,18,0.53
41,76,18,0.0
41,81,18,0.22
41,94,18,0.82
41,95,18,0.99
41,4,9,0.49
41,5,9,0.27
41,22,9,1.0
41,36,9,0.37
41,39,9,0.46
41,40,9,0.71
41,41,9,0
41,42,9,0.25
41,47,9,0.19
41,69,9,0.59
41,94,9,0.03
41,2,14,0.81
41,7,14,0.67
41,9,14,0.56
41,13,14,0.21
41,32,14,0.7
41,35,14,0.11
41,41,14,0
41,49,14,0.95
41,60,14,0.87
41,73,14,0.36
41,75,14,0.02
41,84,14,0.26
41,86,14,0.65
42,1,11,0.02
42,8,11,0.15
42,17,11,0.98
42,18,11,0.61
42,19,11,0.15
42,27,11,0.52
42,29,11,0.53
42,42,11,0
42,55,11,0.49
42,69,11,0.39
42,75,11,0.94
42,76,11,0.66
42,84,11,0.04
42,99,11,0.88
42,0,6,0.52
42,7,6,0.01
42,10,6,0.29
42,20,6,0.77
42,22,6,0.13
42,29,6,0.97
42,31,6,0.36
42,38,6,0.7
42,42,6,0
42,43,6,0.98
42,44,6,0.56
42,48,6,0.05
42,60,6,0.56
42,62,6,0.1
42,65,6,0.21
42,68,6,0.22
42,79,6,1.0
42,8,17,0.39
42,42,17,0
42,56,17,0.17
42,59,17,0.09
42,60,17,0.68
42,63,17,0.52
42,65,17,0.28
42,74,17,0.94
42,78,17,0.78
42,83,17,0.09
42,96,17,0.74
42,98,17,0.33
42,4,9,0.7
42,5,9,0.35
42,22,9,0.46
42,36,9,0.62
42,39,9,0.42
42,40,9,0.48
42,41,9,0.28
42,42,9,0
42,47,9,0.12
42,69,9,0.62
42,94,9,0.97
43,17,12,0.94
43,26,12,0.74
43,27,12,0.28
43,36,12,0.26
43,37,12,0.55
43,39,12,0.56
43,43,12,0
43,54,12,0.17
43,57,12,0.29
43,63,12,0.17
43,70,12,0.55
43,77,12,0.21
43,80,12,0.31
43,82,12,0.69
43,84,12,0.58
43,85,12,0.55
43,86,12,0.12
43,92,12,0.19
43,97,12,0.58
43,99,12,0.89
43,0,6,0.5
43,7,6,0.68
43,10,6,0.65
43,20,6,0.87
43,22,6,0.04
43,29,6,0.94
43,31,6,0.12
43,38,6,0.4
43,42,6,0.78
43,43,6,0
43,44,6,0.02
43,48,6,0.39
43,60,6,0.69
43,62,6,0.06
43,65,6,0.95
43,68,6,0.37
43,79,6,0.3
43,4,8,0.49
43,8,8,0.92
43,11,8,0.22
43,24,8,0.75
43,26,8,0.93
43,27,8,0.89
43,29,8,0.32
43,33,8,0.53
43,36,8,0.24
43,43,8,0
43,61,8,0.27
43,63,8,0.09
44,0,1,0.91
44,1,1,0.97
44,11,1,0.89
44,33,1,0.01
44,34,1,0.06
44,40,1,0.14
44,44,1,0
44,48,1,0.97
44,50,1,0.18
44,52,1,0.14
44,66,1,0.63
44,68,1,0.82
44,74,1,0.78
44,77,1,0.48
44,80,1,0.59
44,88,1,0.72
44,96,1,0.12
44,5,18,0.08
44,14,18,0.11
44,15,18,0.61
44,16,18,0.2
44,19,18,0.6
44,41,18,0.44
44,44,18,0
44,54,18,0.39
44,62,18,0.99
44,64,18,0.88
44,67,18,0.84
44,69,18,0.95
44,70,18,0.32
44,71,18,0.05
44,76,18,0.54
44,81,18,0.72
44,94,18,0.78
44,95,18,0.6
44,0,6,0.89
44,7,6,0.72
44,10,6,0.77
44,20,6,0.94
44,22,6,0.48
44,29,6,0.06
44,31,6,0.14
44,38,6,1.0
44,42,6,0.29
44,43,6,0.31
44,44,6,0
44,48,6,0.06
44,60,6,0.28
44,62,6,0.65
44,65,6,0.46
44,68,6,0.08
44,79,6,0.2
45,3,4,0.78
45,10,4,0.47
45,14,4,0.48
45,18,4,0.72
45,21,4,0.32
45,45,4,0
45,53,4,0.3
45,56,4,0.25
45,59,4,0.01
45,70,4,0.91
45,78,4,0.06
45,81,4,0.89
45,84,4,0.84
45,90,4,0.16
45,96,4,0.49
45,97,4,0.39
45,4,2,0.71
45,9,2,0.5
45,14,2,0.47
45,16,2,0.69
45,23,2,0.07
45,45,2,0
45,49,2,0.36
45,52,2,0.29
45,66,2,0.89
45,88,2,0.53
45,94,2,0.81
46,2,16,0.55
46,7,16,0.39
46,10,16,0.22
46,28,16,0.53
46,33,16,0.54
46,38,16,0.42
46,39,16,0.0
46,46,16,0
46,47,16,0.66
46,49,16,0.2
46,64,16,0.2
46,74,16,0.74
46,85,16,0.49
46,92,16,0.07
46,93,16,0.15
46,6,3,0.25
46,17,3,0.24
46,18,3,0.67
46,24,3,0.31
46,28,3,0.17
46,46,3,0
46,50,3,0.63
46,51,3,0.63
46,53,3,0.79
46,54,3,0.44
46,61,3,0.07
46,71,3,0.96
46,87,3,0.96
46,89,3,0.05
46,91,3,0.34
47,5,0,0.75
47,6,0,0.51
47,9,0,0.7
47,12,0,0.74
47,13,0,0.73
47,15,0,0.16
47,19,0,0.54
47,25,0,0.5
47,47,0,0
47,48,0,0.37
47,50,0,0.23
47,55,0,0.78
47,57,0,0.97
47,67,0,0.29
47,92,0,0.79
47,94,0,0.4
47,2,16,0.97
47,7,16,0.2
47,10,16,0.85
47,28,16,0.2
47,33,16,0.33
47,38,16,0.51
47,39,16,0.6
47,46,16,0.59
47,47,16,0
47,49,16,0.54
47,64,16,0.99
47,74,16,0.47
47,85,16,0.59
47,92,16,0.11
47,93,16,0.54
47,4,9,0.73
47,5,9,0.67
47,22,9,0.62
47,36,9,0.79
47,39,9,0.9
47,40,9,0.15
47,41,9,0.88
47,42,9,0.0
47,47,9,0
47,69,9,0.99
47,94,9,0.69
48,30,13,0.09
48,48,13,0
48,50,13,0.44
48,51,13,0.76
48,58,13,0.71
48,59,13,0.3
48,67,13,0.87
48,68,13,0.04
48,72,13,0.24
48,79,13,0.32
48,83,13,0.04
48,87,13,0.85
48,5,0,0.9
48,6,0,0.83
48,9,0,0.04
48,12,0,0.68
48,13,0,0.82
48,15,0,0.18
48,19,0,0.58
48,25,0,0.4
48,47,0,0.59
48,48,0,0
48,50,0,0.84
48,55,0,0.3
48,57,0,0.25
48,67,0,0.82
48,92,0,0.72
48,94,0,0.71
48,0,6,0.08
48,7,6,0.68
48,10,6,0.51
48,20,6,0.14
48,22,6,0.05
48,29,6,0.23
48,31,6,0.18
48,38,6,0.66
48,42,6,0.18
48,43,6,0.28
48,44,6,0.8
48,48,6,0
48,60,6,0.88
48,62,6,0.09
48,65,6,0.88
48,68,6,0.74
48,79,6,0.24
48,0,1,0.82
48,1,1,0.32
48,11,1,0.38
48,33,1,0.92
48,34,1,0.36
48,40,1,0.54
48,44,1,0.7
48,48,1,0
48,50,1,0.87
48,52,1,0.72
48,66,1,0.09
48,68,1,0.17
48,74,1,0.48
48,77,1,0.8
48,80,1,0.05
48,88,1,0.27
48,96,1,0.88
49,4,2,0.75
49,9,2,0.5
49,14,2,0.16
49,16,2,0.89
49,23,2,0.88
49,45,2,0.71
49,49,2,0
49,52,2,0.61
49,66,2,0.34
49,88,2,0.07
49,94,2,0.72
49,2,14,0.76
49,7,14,0.83
49,9,14,0.67
49,13,14,0.28
49,32,14,0.47
49,35,14,0.46
49,41,14,0.95
49,49,14,0
49,60,14,0.07
49,73,14,0.21
49,75,14,0.77
49,84,14,0.01
49,86,14,0.93
49,2,16,0.16
49,7,16,0.05
49,10,16,0.94
49,28,16,0.54
49,33,16,0.69
49,38,16,0.32
49,39,16,0.9
49,46,16,0.57
49,47,16,0.91
49,49,16,0
49,64,16,0.98
49,74,16,0.12
49,85,16,0.23
49,92,16,0.9
49,93,16,0.73
50,6,3,0.43
50,17,3,0.35
50,18,3,0.85
50,24,3,0.11
50,28,3,0.61
50,46,3,0.1
50,50,3,0
50,51,3,0.67
50,53,3,0.91
50,54,3,0.27
50,61,3,0.78
50,71,3,0.11
50,87,3,0.94
50,89,3,0.9
50,91,3,0.89
50,0,1,0.69
50,1,1,0.99
50,11,1,0.63
50,33,1,0.16
50,34,1,0.28
50,40,1,0.42
50,44,1,0.24
50,48,1,0.62
50,50,1,0
50,52,1,0.95
50,66,1,0.33
50,68,1,0.83
50,74,1,0.28
50,77,1,0.46
50,80,1,0.88
50,88,1,0.84
50,96,1,0.74
50,5,0,0.84
50,6,0,0.57
50,9,0,0.72
50,12,0,0.57
50,13,0,0.54
50,15,0,0.42
50,19,0,0.12
50,25,0,0.96
50,47,0,0.18
50,48,0,0.06
50,50,0,0
50,55,0,0.36
50,57,0,0.98
50,67,0,0.18
50,92,0,0.44
50,94,0,0.28
50,30,13,0.81
50,48,13,0.47
50,50,13,0
50,51,13,0.25
50,58,13,0.76
50,59,13,0.68
50,67,13,0.32
50,68,13,0.82
50,72,13,0.6
50,79,13,0.3
50,83,13,0.0
50,87,13,0.38
51,30,13,0.66
51,48,13,0.95
51,50,13,0.98
51,51,13,0
51,58,13,0.59
51,59,13,0.38
51,67,13,0.93
51,68,13,0.0
51,72,13,0.77
51,79,13,0.74
51,83,13,0.62
51,87,13,0.94
51,6,3,0.02
51,17,3,0.67
51,18,3,0.43
51,24,3,0.13
51,28,3,0.12
51,46,3,0.51
51,50,3,0.41
51,51,3,0
51,53,3,0.62
51,54,3,0.21
51,61,3,0.72
51,71,3,0.4
51,87,3,0.05
51,89,3,0.91
51,91,3,0.09
52,4,2,0.55
52,9,2,0.13
52,14,2,0.34
52,16,2,0.44
52,23,2,0.88
52,45,2,0.14
52,49,2,0.03
52,52,2,0
52,66,2,0.58
52,88,2,0.1
52,94,2,0.83
52,4,10,0.41
52,6,10,0.87
52,8,10,0.71
52,23,10,0.41
52,33,10,0.01
52,34,10,0.27
52,40,10,0.83
52,52,10,0
52,65,10,0.21
52,67,10,0.51
52,72,10,0.97
52,80,10,0.7
52,89,10,0.91
52,91,10,0.89
52,92,10,0.58
52,93,10,0.1
52,99,10,0.4
52,3,19,0.74
52,18,19,0.48
52,24,19,0.52
52,29,19,0.06
52,52,19,0
52,57,19,0.39
52,58,19,0.94
52,63,19,0.4
52,64,19,0.8
52,79,19,0.84
52,82,19,0.85
52,90,19,0.08
52,0,1,0.36
52,1,1,0.93
52,11,1,0.21
52,33,1,0.97
52,34,1,0.72
52,40,1,0.24
52,44,1,0.27
52,48,1,0.77
52,50,1,0.79
52,52,1,0
52,66,1,0.72
52,68,1,0.63
52,74,1,0.4
52,77,1,0.62
52,80,1,0.23
52,88,1,0.0
52,96,1,0.25
53,1,15,0.27
53,15,15,0.15
53,19,15,0.65
53,20,15,0.67
53,24,15,0.51
53,25,15,0.89
53,28,15,0.26
53,32,15,0.99
53,36,15,0.33
53,53,15,0
53,65,15,0.06
53,83,15,0.79
53,87,15,0.59
53,91,15,0.11
53,95,15,0.35
53,3,4,0.32
53,10,4,0.15
53,14,4,0.36
53,18,4,0.45
53,21,4,0.53
53,45,4,0.51
53,53,4,0
53,56,4,0.22
53,59,4,0.12
53,70,4,0.6
53,78,4,0.89
53,81,4,0.4
53,84,4,0.22
53,90,4,0.57
53,96,4,0.78
53,97,4,0.2
53,6,3,0.98
53,17,3,0.9
53,18,3,0.26
53,24,3,0.01
53,28,3,0.36
53,46,3,0.37
53,50,3,0.66
53,51,3,0.47
53,53,3,0
53,54,3,0.3
53,61,3,0.78
53,71,3,0.77
53,87,3,0.41
53,89,3,0.78
53,91,3,0.16
53,12,7,0.8
53,14,7,0.73
53,17,7,0.95
53,32,7,0.88
53,34,7,0.22
53,35,7,0.3
53,37,7,0.21
53,53,7,0
53,62,7,0.97
53,66,7,0.57
53,69,7,0.36
53,77,7,0.19
53,81,7,0.99
53,82,7,0.12
53,86,7,0.52
53,98,7,0.96
54,5,18,0.46
54,14,18,0.73
54,15,18,0.82
54,16,18,0.95
54,19,18,0.63
54,41,18,0.83
54,44,18,0.95
54,54,18,0
54,62,18,0.54
54,64,18,0.36
54,67,18,0.11
54,69,18,0.76
54,70,18,0.69
54,71,18,0.05
54,76,18,0.52
54,81,18,0.94
54,94,18,0.35
54,95,18,0.22
54,17,12,0.18
54,26,12,0.07
54,27,12,0.14
54,36,12,0.54
54,37,12,0.19
54,39,12,0.41
54,43,12,0.21
54,54,12,0
54,57,12,0.88
54,63,12,0.97
54,70,12,0.04
54,77,12,0.15
54,80,12,0.93
54,82,12,0.85
54,84,12,0.41
54,85,12,0.36
54,86,12,0.15
54,92,12,0.68
54,97,12,0.07
54,99,12,0.83
54,6,3,0.89
54,17,3,0.43
54,18,3,0.35
54,24,3,0.42
54,28,3,0.05
54,46,3,0.77
54,50,3,0.54
54,51,3,0.99
54,53,3,0.43
54,54,3,0
54,61,3,0.45
54,71,3,0.5
54,87,3,0.43
54,89,3,0.76
54,91,3,0.65
55,5,0,0.85
55,6,0,0.78
55,9,0,0.07
55,12,0,0.32
55,13,0,0.16
55,15,0,0.79
55,19,0,0.3
55,25,0,0.77
55,47,0,0.7
55,48,0,0.61
55,50,0,0.25
55,55,0,0
55,57,0,0.54
55,67,0,0.37
55,92,0,0.56
55,94,0,0.48
55,1,11,0.6
55,8,11,0.59
55,17,11,0.96
55,18,11,0.96
55,19,11,0.82
55,27,11,0.91
55,29,11,0.57
55,42,11,0.26
55,55,11,0
55,69,11,0.4
55,75,11,0.82
55,76,11,0.49
55,84,11,0.59
55,99,11,0.6
56,8,17,0.27
56,42,17,0.73
56,56,17,0
56,59,17,0.55
56,60,17,0.67
56,63,17,0.35
56,65,17,0.59
56,74,17,0.93
56,78,17,0.96
56,83,17,0.92
56,96,17,0.83
56,98,17,0.2
56,3,4,0.53
56,10,4,0.07
56,14,4,0.45
56,18,4,0.47
56,21,4,0.62
56,45,4,1.0
56,53,4,0.26
56,56,4,0
56,59,4,0.55
56,70,4,0.44
56,78,4,0.39
56,81,4,0.23
56,84,4,0.07
56,90,4,0.5
56,96,4,0.48
56,97,4,0.89
57,5,0,0.71
57,6,0,0.64
57,9,0,0.18
57,12,0,0.46
57,13,0,0.39
57,15,0,0.33
57,19,0,0.35
57,25,0,0.14
57,47,0,0.87
57,48,0,0.35
57,50,0,0.63
57,55,0,0.26
57,57,0,0
57,67,0,0.64
57,92,0,0.62
57,94,0,0.03
57,3,19,0.32
57,18,19,0.62
57,24,19,0.21
57,29,19,0.25
57,52,19,0.48
57,57,19,0
57,58,19,0.05
57,63,19,0.1
57,64,19,0.07
57,79,19,0.15
57,82,19,1.0
57,90,19,0.09
57,17,12,0.24
57,26,12,0.26
57,27,12,0.84
57,36,12,0.85
57,37,12,0.55
57,39,12,0.16
57,43,12,0.51
57,54,12,0.15
57,57,12,0
57,63,12,0.86
57,70,12,0.32
57,77,12,0.6
57,80,12,0.58
57,82,12,0.07
57,84,12,0.79
57,85,12,0.66
57,86,12,0.31
57,92,12,0.96
57,97,12,0.85
57,99,12,0.93
58,3,19,0.57
58,18,19,0.03
58,24,19,0.6
58,29,19,0.81
58,52,19,0.59
58,57,19,1.0
58,58,19,0
58,63,19,0.17
58,64,19,0.3
58,79,19,0.23
58,82,19,0.33
58,90,19,0.68
58,30,13,0.94
58,48,13,0.88
58,50,13,0.87
58,51,13,0.91
58,58,13,0
58,59,13,0.31
58,67,13,0.8
58,68,13,0.23
58,72,13,0.35
58,79,13,0.75
58,83,13,0.85
58,87,13,0.31
59,8,17,0.52
59,42,17,0.46
59,56,17,0.63
59,59,17,0
59,60,17,0.62
59,63,17,0.6
59,65,17,0.25
59,74,17,0.96
59,78,17,0.43
59,83,17,0.1
59,96,17,0.81
59,98,17,0.29
59,30,13,0.52
59,48,13,0.3
59,50,13,0.83
59,51,13,0.35
59,58,13,0.06
59,59,13,0
59,67,13,0.27
59,68,13,0.44
59,72,13,0.05
59,79,13,0.96
59,83,13,0.21
59,87,13,0.43
59,3,4,0.38
59,10,4,0.49
59,14,4,0.05
59,18,4,0.41
59,21,4,0.36
59,45,4,0.96
59,53,4,0.62
59,56,4,0.44
59,59,4,0
59,70,4,0.02
59,78,4,0.14
59,81,4,0.79
59,84,4,0.93
59,90,4,0.16
59,96,4,0.71
59,97,4,0.27
60,8,17,0.35
60,42,17,0.62
60,56,17,0.52
60,59,17,0.94
60,60,17,0
60,63,17,0.77
60,65,17,0.35
60,74,17,0.57
60,78,17,0.69
60,83,17,0.03
60,96,17,0.75
60,98,17,0.41
60,2,14,0.22
60,7,14,0.51
60,9,14,0.4
60,13,14,0.04
60,32,14,0.91
60,35,14,0.66
60,41,14,0.89
60,49,14,0.23
60,60,14,0
60,73,14,0.28
60,75,14,0.32
60,84,14,0.35
60,86,14,0.01
60,0,6,0.72
60,7,6,0.45
60,10,6,0.85
60,20,6,0.92
60,22,6,0.93
60,29,6,0.42
60,31,6,0.39
60,38,6,0.26
60,42,6,0.96
60,43,6,0.86
60,44,6,0.34
60,48,6,0.67
60,60,6,0
60,62,6,0.83
60,65,6,0.12
60,68,6,0.98
60,79,6,0.52
61,4,8,0.35
61,8,8,0.92
61,11,8,0.26
61,24,8,0.01
61,26,8,0.21
61,27,8,0.05
61,29,8,0.15
61,33,8,0.96
61,36,8,0.27
61,43,8,0.12
61,61,8,0
61,63,8,0.32
61,6,3,0.98
61,17,3,0.67
61,18,3,0.97
61,24,3,0.9
61,28,3,0.39
61,46,3,0.92
61,50,3,0.88
61,51,3,0.89
61,53,3,0.19
61,54,3,0.35
61,61,3,0
61,71,3,0.18
61,87,3,0.94
61,89,3,0.05
61,91,3,0.91
62,12,7,0.76
62,14,7,0.21
62,17,7,0.13
62,32,7,0.66
62,34,7,0.19
62,35,7,0.91
62,37,7,0.76
62,53,7,0.81
62,62,7,0
62,66,7,0.16
62,69,7,0.69
62,77,7,0.36
62,81,7,0.31
62,82,7,0.18
62,86,7,0.37
62,98,7,0.44
62,5,18,0.21
62,14,18,0.86
62,15,18,0.42
62,16,18,0.98
62,19,18,0.45
62,41,18,0.53
62,44,18,0.58
62,54,18,0.46
62,62,18,0
62,64,18,0.62
62,67,18,0.03
62,69,18,0.67
62,70,18,0.35
62,71,18,0.88
62,76,18,0.92
62,81,18,0.88
62,94,18,0.09
62,95,18,0.32
62,0,6,0.22
62,7,6,0.1
62,10,6,0.5
62,20,6,0.99
62,22,6,0.69
62,29,6,0.03
62,31,6,0.57
62,38,6,0.89
62,42,6,0.68
62,43,6,0.7
62,44,6,0.52
62,48,6,0.69
62,60,6,0.89
62,62,6,0
62,65,6,0.28
62,68,6,0.84
62,79,6,0.6
63,4,8,0.24
63,8,8,0.16
63,11,8,0.44
63,24,8,0.53
63,26,8,0.39
63,27,8,0.79
63,29,8,0.84
63,33,8,0.79
63,36,8,0.54
63,43,8,0.24
63,61,8,0.86
63,63,8,0
63,3,19,0.71
63,18,19,0.83
63,24,19,0.98
63,29,19,0.34
63,52,19,0.5
63,57,19,0.07
63,58,19,0.04
63,63,19,0
63,64,19,0.64
63,79,19,0.23
63,82,19,0.07
63,90,19,0.51
63,17,12,0.99
63,26,12,0.16
63,27,12,0.57
63,36,12,0.17
63,37,12,0.65
63,39,12,0.43
63,43,12,0.16
63,54,12,0.44
63,57,12,0.58
63,63,12,0
63,70,12,0.19
63,77,12,0.32
63,80,12,0.34
63,82,12,0.62
63,84,12,0.76
63,85,12,0.9
63,86,12,0.72
63,92,12,0.3
63,97,12,0.7
63,99,12,0.85
63,8,17,0.22
63,42,17,0.08
63,56,17,0.66
63,59,17,0.79
63,60,17,0.47
63,63,17,0
63,65,17,0.17
63,74,17,0.78
63,78,17,0.97
63,83,17,0.49
63,96,17,0.29
63,98,17,0.32
64,5,18,0.66
64,14,18,0.23
64,15,18,0.27
64,16,18,0.11
64,19,18,0.36
64,41,18,0.96
64,44,18,0.16
64,54,18,0.82
64,62,18,0.54
64,64,18,0
64,67,18,0.63
64,69,18,0.68
64,70,18,0.97
64,71,18,0.19
64,76,18,0.15
64,81,18,0.09
64,94,18,0.66
64,95,18,0.79
64,3,19,0.18
64,18,19,0.78
64,24,19,0.92
64,29,19,0.12
64,52,19,0.45
64,57,19,0.22
64,58,19,0.24
64,63,19,0.72
64,64,19,0
64,79,19,0.8
64,82,19,0.67
64,90,19,0.41
64,2,16,0.3
64,7,16,0.81
64,10,16,0.31
64,28,16,0.73
64,33,16,0.01
64,38,16,0.49
64,39,16,0.69
64,46,16,0.41
64,47,16,0.87
64,49,16,0.22
64,64,16,0
64,74,16,0.84
64,85,16,0.92
64,92,16,0.81
64,93,16,0.91
65,4,10,0.73
65,6,10,0.13
65,8,10,0.49
65,23,10,0.88
65,33,10,0.25
65,34,10,0.35
65,40,10,0.97
65,52,10,0.24
65,65,10,0
65,67,10,0.78
65,72,10,0.18
65,80,10,0.76
65,89,10,0.18
65,91,10,0.34
65,92,10,0.86
65,93,10,0.72
65,99,10,0.16
65,8,17,0.19
65,42,17,0.95
65,56,17,0.3
65,59,17,0.33
65,60,17,0.25
65,63,17,0.0
65,65,17,0
65,74,17,0.76
65,78,17,0.02
65,83,17,0.03
65,96,17,0.85
65,98,17,0.17
65,0,6,0.99
65,7,6,0.6
65,10,6,0.33
65,20,6,0.38
65,22,6,0.1
65,29,6,0.75
65,31,6,0.47
65,38,6,0.15
65,42,6,0.26
65,43,6,0.2
65,44,6,0.53
65,48,6,0.34
65,60,6,0.5
65,62,6,0.43
65,65,6,0
65,68,6,0.33
65,79,6,0.44
65,1,15,0.18
65,15,15,0.74
65,19,15,0.85
65,20,15,0.99
65,24,15,0.35
65,25,15,0.97
65,28,15,0.33
65,32,15,0.73
65,36,15,0.54
65,53,15,0.84
65,65,15,0
65,83,15,0.04
65,87,15,0.53
65,91,15,0.65
65,95,15,0.44
66,4,2,0.29
66,9,2,0.32
66,14,2,0.4
66,16,2,0.47
66,23,2,0.91
66,45,2,0.58
66,49,2,0.79
66,52,2,0.12
66,66,2,0
66,88,2,0.44
66,94,2,0.86
66,0,1,0.9
66,1,1,0.25
66,11,1,0.2
66,33,1,0.25
66,34,1,0.33
66,40,1,0.73
66,44,1,0.91
66,48,1,0.6
66,50,1,0.99
66,52,1,1.0
66,66,1,0
66,68,1,0.74
66,74,1,0.4
66,77,1,0.52
66,80,1,0.37
66,88,1,0.61
66,96,1,0.02
66,12,7,0.2
66,14,7,0.03
66,17,7,0.67
66,32,7,0.99
66,34,7,0.19
66,35,7,0.97
66,37,7,0.15
66,53,7,0.7
66,62,7,0.27
66,66,7,0
66,69,7,0.5
66,77,7,0.88
66,81,7,0.27
66,82,7,0.72
66,86,7,0.44
66,98,7,0.27
67,5,18,0.23
67,14,18,0.67
67,15,18,0.05
67,16,18,0.89
67,19,18,0.39
67,41,18,0.28
67,44,18,0.06
67,54,18,0.08
67,62,18,0.86
67,64,18,0.9
67,67,18,0
67,69,18,0.45
67,70,18,0.94
67,71,18,0.61
67,76,18,0.78
67,81,18,0.86
67,94,18,0.61
67,95,18,0.26
67,5,0,0.31
67,6,0,0.45
67,9,0,0.97
67,12,0,0.57
67,13,0,0.05
67,15,0,0.76
67,19,0,0.53
67,25,0,0.89
67,47,0,0.81
67,48,0,0.03
67,50,0,0.63
67,55,0,0.5
67,57,0,0.48
67,67,0,0
67,92,0,0.45
67,94,0,0.62
67,30,13,0.72
67,48,13,0.59
67,50,13,0.29
67,51,13,0.4
67,58,13,0.01
67,59,13,0.12
67,67,13,0
67,68,13,0.44
67,72,13,0.6
67,79,13,0.47
67,83,13,0.08
67,87,13,0.96
67,4,10,0.76
67,6,10,0.24
67,8,10,0.48
67,23,10,0.84
67,33,10,0.24
67,34,10,0.27
67,40,10,0.84
67,52,10,0.06
67,65,10,0.65
67,67,10,0
67,72,10,0.9
67,80,10,0.33
67,89,10,0.51
67,91,10,0.84
67,92,10,0.86
67,93,10,0.44
67,99,10,0.84
68,30,13,0.37
68,48,13,1.0
68,50,13,0.64
68,51,13,0.32
68,58,13,0.92
68,59,13,0.11
68,67,13,0.3
68,68,13,0
68,72,13,0.7
68,79,13,0.15
68,83,13,0.6
68,87,13,0.02
68,0,6,0.98
68,7,6,0.46
68,10,6,0.69
68,20,6,0.99
68,22,6,0.12
68,29,6,0.26
68,31,6,0.89
68,38,6,0.0
68,42,6,0.9
68,43,6,0.22
68,44,6,0.15
68,48,6,0.8
68,60,6,0.72
68,62,6,0.12
68,65,6,0.4
68,68,6,0
68,79,6,0.02
68,6,5,0.5
68,9,5,0.9
68,13,5,0.84
68,21,5,0.75
68,27,5,0.17
68,28,5,0.15
68,30,5,0.36
68,31,5,0.38
68,40,5,0.92
68,68,5,0
68,73,5,0.34
68,79,5,0.55
68,83,5,0.11
68,85,5,0.91
68,87,5,0.87
68,89,5,0.0
68,93,5,0.87
68,0,1,0.85
68,1,1,0.67
68,11,1,0.84
68,33,1,0.24
68,34,1,0.42
68,40,1,0.22
68,44,1,0.13
68,48,1,0.78
68,50,1,0.42
68,52,1,0.51
68,66,1,0.35
68,68,1,0
68,74,1,0.83
68,77,1,0.86
68,80,1,0.86
68,88,1,0.86
68,96,1,0.75
69,12,7,0.97
69,14,7,0.05
69,17,7,0.26
69,32,7,0.78
69,34,7,0.0
69,35,7,0.7
69,37,7,0.14
69,53,7,0.76
69,62,7,0.06
69,66,7,0.19
69,69,7,0
69,77,7,0.08
69,81,7,0.27
69,82,7,0.8
69,86,7,0.41
69,98,7,0.51
69,5,18,0.27
69,14,18,0.61
69,15,18,0.86
69,16,18,0.32
69,19,18,0.3
69,41,18,0.45
69,44,18,0.03
69,54,18,0.59
69,62,18,0.92
69,64,18,0.5
69,67,18,0.56
69,69,18,0
69,70,18,0.6
69,71,18,0.68
69,76,18,0.05
69,81,18,0.16
69,94,18,0.19
69,95,18,0.15
69,4,9,0.78
69,5,9,0.42
69,22,9,0.63
69,36,9,0.24
69,39,9,0.29
69,40,9,0.72
69,41,9,0.98
69,42,9,0.97
69,47,9,0.23
69,69,9,0
69,94,9,0.08
69,1,11,0.06
69,8,11,0.11
69,17,11,0.58
69,18,11,0.91
69,19,11,0.7
69,27,11,0.29
69,29,11,0.81
69,42,11,0.03
69,55,11,0.59
69,69,11,0
69,75,11,0.76
69,76,11,0.99
69,84,11,0.2
69,99,11,0.46
70,5,18,0.14
70,14,18,0.4
70,15,18,0.33
70,16,18,0.32
70,19,18,0.1
70,41,18,0.7
70,44,18,0.34
70,54,18,0.95
70,62,18,0.47
70,64,18,0.86
70,67,18,0.63
70,69,18,0.64
70,70,18,0
70,71,18,0.54
70,76,18,0.25
70,81,18,0.16
70,94,18,0.9
70,95,18,0.05
70,3,4,0.1
70,10,4,0.2
70,14,4,0.94
70,18,4,0.61
70,21,4,0.43
70,45,4,0.65
70,53,4,0.31
70,56,4,0.42
70,59,4,0.94
70,70,4,0
70,78,4,0.95
70,81,4,0.05
70,84,4,0.31
70,90,4,0.01
70,96,4,0.07
70,97,4,0.6
70,17,12,0.87
70,26,12,0.16
70,27,12,0.65
70,36,12,0.15
70,37,12,0.58
70,39,12,0.72
70,43,12,0.94
70,54,12,0.05
70,57,12,0.25
70,63,12,0.89
70,70,12,0
70,77,12,0.03
70,80,12,0.93
70,82,12,0.51
70,84,12,0.26
70,85,12,0.68
70,86,12,0.7
70,92,12,0.56
70,97,12,0.62
70,99,12,0.79
71,6,3,0.36
71,17,3,0.9
71,18,3,0.84
71,24,3,0.88
71,28,3,0.9
71,46,3,0.43
71,50,3,0.58
71,51,3,0.66
71,53,3,0.12
71,54,3,0.08
71,61,3,0.7
71,71,3,0
71,87,3,0.18
71,89,3,0.17
71,91,3,0.74
71,5,18,0.09
71,14,18,0.63
71,15,18,0.23
71,16,18,0.5
71,19,18,0.32
71,41,18,0.04
71,44,18,0.2
71,54,18,0.97
71,62,18,0.78
71,64,18,0.4
71,67,18,0.51
71,69,18,0.95
71,70,18,0.11
71,71,18,0
71,76,18,0.78
71,81,18,0.42
71,94,18,0.81
71,95,18,0.1
72,30,13,0.46
72,48,13,0.09
72,50,13,0.89
72,51,13,0.8
72,58,13,0.88
72,59,13,0.51
72,67,13,0.05
72,68,13,0.77
72,72,13,0
72,79,13,0.19
72,83,13,0.65
72,87,13,0.93
72,4,10,0.44
72,6,10,0.1
72,8,10,0.99
72,23,10,0.6
72,33,10,0.73
72,34,10,0.27
72,40,10,0.05
72,52,10,0.53
72,65,10,0.09
72,67,10,0.01
72,72,10,0
72,80,10,0.57
72,89,10,0.07
72,91,10,0.67
72,92,10,0.39
72,93,10,0.66
72,99,10,0.11
73,6,5,0.12
73,9,5,0.84
73,13,5,0.44
73,21,5,0.2
73,27,5,0.22
73,28,5,0.96
73,30,5,0.49
73,31,5,0.32
73,40,5,0.06
73,68,5,0.51
73,73,5,0
73,79,5,0.43
73,83,5,0.09
73,85,5,0.56
73,87,5,0.81
73,89,5,0.24
73,93,5,0.87
73,2,14,0.19
73,7,14,0.2
73,9,14,0.81
73,13,14,0.26
73,32,14,0.09
73,35,14,0.04
73,41,14,0.75
73,49,14,0.76
73,60,14,0.89
73,73,14,0
73,75,14,0.95
73,84,14,0.84
73,86,14,0.52
74,8,17,0.35
74,42,17,0.47
74,56,17,0.36
74,59,17,0.97
74,60,17,0.44
74,63,17,0.76
74,65,17,0.05
74,74,17,0
74,78,17,0.37
74,83,17,0.2
74,96,17,0.04
74,98,17,0.91
74,0,1,0.69
74,1,1,0.83
74,11,1,0.17
74,33,1,0.15
74,34,1,0.93
74,40,1,0.61
74,44,1,0.22
74,48,1,0.05
74,50,1,0.41
74,52,1,0.09
74,66,1,0.52
74,68,1,0.5
74,74,1,0
74,77,1,0.18
74,80,1,0.74
74,88,1,0.41
74,96,1,0.8
74,2,16,0.77
74,7,16,0.94
74,10,16,0.86
74,28,16,0.93
74,33,16,0.89
74,38,16,0.15
74,39,16,0.57
74,46,16,0.11
74,47,16,0.46
74,49,16,0.08
74,64,16,0.1
74,74,16,0
74,85,16,0.66
74,92,16,0.95
74,93,16,0.17
75,1,11,0.63
75,8,11,0.2
75,17,11,0.86
75,18,11,0.57
75,19,11,0.89
75,27,11,0.22
75,29,11,0.5
75,42,11,0.43
75,55,11,0.87
75,69,11,0.39
75,75,11,0
75,76,11,0.87
75,84,11,0.49
75,99,11,0.73
75,2,14,0.2
75,7,14,0.12
75,9,14,0.55
75,13,14,0.95
75,32,14,0.81
75,35,14,0.46
75,41,14,0.97
75,49,14,0.84
75,60,14,0.41
75,73,14,0.44
75,75,14,0
75,84,14,0.98
75,86,14,0.9
76,1,11,0.89
76,8,11,0.82
76,17,11,0.75
76,18,11,0.89
76,19,11,0.7
76,27,11,0.34
76,29,11,0.64
76,42,11,0.28
76,55,11,0.78
76,69,11,0.76
76,75,11,0.54
76,76,11,0
76,84,11,0.99
76,99,11,0.65
76,5,18,0.76
76,14,18,0.82
76,15,18,0.8
76,16,18,0.62
76,19,18,0.92
76,41,18,0.46
76,44,18,0.18
76,54,18,0.44
76,62,18,0.54
76,64,18,0.09
76,67,18,0.17
76,69,18,0.15
76,70,18,0.69
76,71,18,0.81
76,76,18,0
76,81,18,0.74
76,94,18,0.84
76,95,18,0.28
77,12,7,0.64
77,14,7,0.55
77,17,7,0.47
77,32,7,0.04
77,34,7,0.48
77,35,7,0.28
77,37,7,0.81
77,53,7,0.0
77,62,7,0.98
77,66,7,0.12
77,69,7,0.4
77,77,7,0
77,81,7,0.5
77,82,7,0.03
77,86,7,0.94
77,98,7,0.15
77,0,1,0.19
77,1,1,0.64
77,11,1,1.0
77,33,1,0.28
77,34,1,0.89
77,40,1,0.24
77,44,1,0.53
77,48,1,0.0
77,50,1,0.68
77,52,1,0.03
77,66,1,0.22
77,68,1,0.03
77,74,1,0.47
77,77,1,0
77,80,1,0.68
77,88,1,0.68
77,96,1,0.44
77,17,12,0.49
77,26,12,0.39
77,27,12,0.58
77,36,12,0.96
77,37,12,0.49
77,39,12,0.44
77,43,12,0.86
77,54,12,0.55
77,57,12,0.85
77,63,12,0.92
77,70,12,0.39
77,77,12,0
77,80,12,0.96
77,82,12,0.59
77,84,12,0.41
77,85,12,0.01
77,86,12,0.93
77,92,12,0.41
77,97,12,0.63
77,99,12,0.62
78,8,17,0.9
78,42,17,0.21
78,56,17,0.9
78,59,17,0.28
78,60,17,0.47
78,63,17,0.76
78,65,17,0.92
78,74,17,0.72
78,78,17,0
78,83,17,0.83
78,96,17,0.45
78,98,17,0.94
78,3,4,0.9
78,10,4,0.14
78,14,4,0.12
78,18,4,0.35
78,21,4,0.77
78,45,4,0.84
78,53,4,0.76
78,56,4,0.97
78,59,4,0.67
78,70,4,0.85
78,78,4,0
78,81,4,0.38
78,84,4,0.41
78,90,4,0.05
78,96,4,0.7
78,97,4,0.62
79,0,6,0.42
79,7,6,0.33
79,10,6,0.41
79,20,6,0.29
79,22,6,0.79
79,29,6,0.09
79,31,6,0.97
79,38,6,0.53
79,42,6,0.21
79,43,6,0.46
79,44,6,0.4
79,48,6,0.11
79,60,6,0.54
79,62,6,0.21
79,65,6,0.42
79,68,6,0.74
79,79,6,0
79,30,13,0.71
79,48,13,0.21
79,50,13,0.65
79,51,13,0.04
79,58,13,0.39
79,59,13,0.58
79,67,13,0.37
79,68,13,0.09
79,72,13,0.4
79,79,13,0
79,83,13,0.99
79,87,13,0.98
79,3,19,0.67
79,18,19,0.95
79,24,19,0.84
79,29,19,0.71
79,52,19,0.98
79,57,19,0.71
79,58,19,0.36
79,63,19,0.46
79,64,19,0.39
79,79,19,0
79,82,19,0.39
79,90,19,0.7
79,6,5,0.95
79,9,5,0.9
79,13,5,0.74
79,21,5,0.47
79,27,5,0.66
79,28,5,0.93
79,30,5,0.41
79,31,5,0.41
79,40,5,0.35
79,68,5,0.22
79,73,5,0.02
79,79,5,0
79,83,5,0.98
79,85,5,0.28
79,87,5,0.49
79,89,5,0.97
79,93,5,0.53
80,4,10,0.98
80,6,10,0.73
80,8,10,0.74
80,23,10,0.98
80,33,10,0.15
80,34,10,0.89
80,40,10,0.89
80,52,10,0.94
80,65,10,0.77
80,67,10,0.53
80,72,10,0.2
80,80,10,0
80,89,10,0.36
80,91,10,0.72
80,92,10,0.59
80,93,10,0.22
80,99,10,0.97
80,0,1,0.09
80,1,1,0.26
80,11,1,0.3
80,33,1,0.19
80,34,1,0.23
80,40,1,0.4
80,44,1,0.98
80,48,1,0.84
80,50,1,0.97
80,52,1,0.5
80,66,1,0.45
80,68,1,0.15
80,74,1,0.22
80,77,1,0.52
80,80,1,0
80,88,1,0.86
80,96,1,0.62
80,17,12,0.96
80,26,12,0.47
80,27,12,0.45
80,36,12,0.48
80,37,12,0.95
80,39,12,0.47
80,43,12,0.81
80,54,12,0.15
80,57,12,0.51
80,63,12,0.89
80,70,12,0.65
80,77,12,0.44
80,80,12,0
80,82,12,0.66
80,84,12,0.02
80,85,12,0.49
80,86,12,0.58
80,92,12,0.13
80,97,12,0.45
80,99,12,0.83
81,12,7,0.34
81,14,7,0.49
81,17,7,0.94
81,32,7,0.05
81,34,7,0.89
81,35,7,0.25
81,37,7,0.15
81,53,7,0.96
81,62,7,0.47
81,66,7,0.87
81,69,7,0.7
81,77,7,0.65
81,81,7,0
81,82,7,0.42
81,86,7,0.71
81,98,7,0.18
81,3,4,0.25
81,10,4,0.76
81,14,4,0.42
81,18,4,0.85
81,21,4,0.91
81,45,4,0.49
81,53,4,0.1
81,56,4,0.61
81,59,4,0.65
81,70,4,0.94
81,78,4,0.16
81,81,4,0
81,84,4,0.79
81,90,4,0.17
81,96,4,0.29
81,97,4,0.36
81,5,18,0.96
81,14,18,0.55
81,15,18,0.29
81,16,18,0.43
81,19,18,0.13
81,41,18,0.45
81,44,18,0.44
81,54,18,0.69
81,62,18,0.49
81,64,18,0.06
81,67,18,0.68
81,69,18,0.58
81,70,18,0.38
81,71,18,0.23
81,76,18,0.43
81,81,18,0
81,94,18,0.7
81,95,18,0.17
82,17,12,0.56
82,26,12,0.57
82,27,12,0.85
82,36,12,0.02
82,37,12,0.5
82,39,12,0.93
82,43,12,0.33
82,54,12,0.49
82,57,12,0.1
82,63,12,0.19
82,70,12,0.78
82,77,12,0.16
82,80,12,0.54
82,82,12,0
82,84,12,0.87
82,85,12,0.97
82,86,12,0.6
82,92,12,0.35
82,97,12,0.0
82,99,12,0.23
82,3,19,0.61
82,18,19,0.78
82,24,19,0.1
82,29,19,0.47
82,52,19,0.1
82,57,19,0.51
82,58,19,0.08
82,63,19,0.47
82,64,19,0.74
82,79,19,0.93
82,82,19,0
82,90,19,0.29
82,12,7,0.47
82,14,7,0.23
82,17,7,0.87
82,32,7,0.08
82,34,7,0.45
82,35,7,0.22
82,37,7,0.75
82,53,7,0.87
82,62,7,0.23
82,66,7,0.24
82,69,7,0.91
82,77,7,0.28
82,81,7,0.83
82,82,7,0
82,86,7,0.73
82,98,7,0.61
83,30,13,0.83
83,48,13,0.65
83,50,13,0.93
83,51,13,0.63
83,58,13,0.37
83,59,13,0.97
83,67,13,0.01
83,68,13,0.2
83,72,13,0.37
83,79,13,0.07
83,83,13,0
83,87,13,0.32
83,1,15,0.68
83,15,15,0.05
83,19,15,0.5
83,20,15,0.75
83,24,15,0.63
83,25,15,0.17
83,28,15,0.84
83,32,15,0.07
83,36,15,0.24
83,53,15,0.24
83,65,15,0.44
83,83,15,0
83,87,15,0.08
83,91,15,0.14
83,95,15,0.78
83,6,5,0.35
83,9,5,0.86
83,13,5,0.75
83,21,5,0.25
83,27,5,0.02
83,28,5,0.18
83,30,5,0.68
83,31,5,0.52
83,40,5,0.18
83,68,5,0.7
83,73,5,0.12
83,79,5,0.61
83,83,5,0
83,85,5,0.21
83,87,5,0.28
83,89,5,0.1
83,93,5,1.0
83,8,17,0.09
83,42,17,0.67
83,56,17,0.75
83,59,17,0.58
83,60,17,0.22
83,63,17,0.33
83,65,17,0.04
83,74,17,0.44
83,78,17,0.59
83,83,17,0
83,96,17,0.71
83,98,17,0.61
84,1,11,0.46
84,8,11,0.17
84,17,11,0.89
84,18,11,0.86
84,19,11,0.51
84,27,11,0.17
84,29,11,0.37
84,42,11,0.77
84,55,11,0.49
84,69,11,0.03
84,75,11,0.6
84,76,11,0.64
84,84,11,0
84,99,11,0.21
84,2,14,0.46
84,7,14,0.96
84,9,14,0.07
84,13,14,0.99
84,32,14,0.14
84,35,14,0.5
84,41,14,0.5
84,49,14,0.05
84,60,14,0.42
84,73,14,0.81
84,75,14,0.85
84,84,14,0
84,86,14,0.48
84,17,12,0.22
84,26,12,0.16
84,27,12,0.81
84,36,12,0.24
84,37,12,0.51
84,39,12,0.97
84,43,12,0.53
84,54,12,0.28
84,57,12,0.16
84,63,12,0.04
84,70,12,0.86
84,77,12,0.43
84,80,12,0.5
84,82,12,0.03
84,84,12,0
84,85,12,0.34
84,86,12,0.56
84,92,12,0.92
84,97,12,0.96
84,99,12,0.77
84,3,4,0.4
84,10,4,0.85
84,14,4,0.32
84,18,4,0.94
84,21,4,0.73
84,45,4,0.61
84,53,4,0.78
84,56,4,0.16
84,59,4,0.42
84,70,4,0.27
84,78,4,0.1
84,81,4,1.0
84,84,4,0
84,90,4,0.69
84,96,4,0.96
84,97,4,0.06
85,6,5,0.17
85,9,5,0.46
85,13,5,0.19
85,21,5,0.04
85,27,5,0.13
85,28,5,0.0
85,30,5,0.69
85,31,5,0.84
85,40,5,0.11
85,68,5,0.04
85,73,5,0.68
85,79,5,0.38
85,83,5,0.1
85,85,5,0
85,87,5,0.53
85,89,5,0.23
85,93,5,0.32
85,17,12,0.87
85,26,12,0.5
85,27,12,0.94
85,36,12,0.05
85,37,12,0.84
85,39,12,0.07
85,43,12,0.88
85,54,12,0.83
85,57,12,0.05
85,63,12,0.44
85,70,12,0.97
85,77,12,0.52
85,80,12,0.05
85,82,12,0.26
85,84,12,0.66
85,85,12,0
85,86,12,0.25
85,92,12,0.55
85,97,12,0.76
85,99,12,0.58
85,2,16,0.66
85,7,16,0.22
85,10,16,0.37
85,28,16,0.2
85,33,16,0.89
85,38,16,0.16
85,39,16,0.69
85,46,16,0.49
85,47,16,0.1
85,49,16,0.85
85,64,16,0.82
85,74,16,0.79
85,85,16,0
85,92,16,0.41
85,93,16,0.89
86,12,7,0.45
86,14,7,0.9
86,17,7,0.11
86,32,7,0.1
86,34,7,0.95
86,35,7,0.43
86,37,7,0.88
86,53,7,0.36
86,62,7,0.44
86,66,7,0.08
86,69,7,0.69
86,77,7,0.22
86,81,7,0.58
86,82,7,0.02
86,86,7,0
86,98,7,0.01
86,2,14,0.11
86,7,14,0.32
86,9,14,0.97
86,13,14,0.91
86,32,14,0.05
86,35,14,0.81
86,41,14,0.22
86,49,14,0.81
86,60,14,0.57
86,73,14,0.49
86,75,14,0.81
86,84,14,0.53
86,86,14,0
86,17,12,0.91
86,26,12,0.13
86,27,12,0.31
86,36,12,0.44
86,37,12,0.52
86,39,12,1.0
86,43,12,0.8
86,54,12,0.35
86,57,12,0.32
86,63,12,0.12
86,70,12,0.76
86,77,12,0.89
86,80,12,0.32
86,82,12,0.64
86,84,12,0.35
86,85,12,0.17
86,86,12,0
86,92,12,0.32
86,97,12,0.75
86,99,12,0.12
87,30,13,0.98
87,48,13,0.65
87,50,13,0.55
87,51,13,0.61
87,58,13,0.76
87,59,13,0.89
87,67,13,0.75
87,68,13,0.94
87,72,13,0.39
87,79,13,0.2
87,83,13,0.13
87,87,13,0
87,1,15,0.52
87,15,15,0.52
87,19,15,0.28
87,20,15,0.6
87,24,15,0.38
87,25,15,0.89
87,28,15,0.05
87,32,15,0.31
87,36,15,0.35
87,53,15,0.38
87,65,15,0.25
87,83,15,0.57
87,87,15,0
87,91,15,0.64
87,95,15,0.28
87,6,5,0.51
87,9,5,0.26
87,13,5,0.84
87,21,5,0.37
87,27,5,0.69
87,28,5,0.09
87,30,5,0.02
87,31,5,0.72
87,40,5,0.1
87,68,5,0.38
87,73,5,0.83
87,79,5,0.69
87,83,5,0.79
87,85,5,0.78
87,87,5,0
87,89,5,0.5
87,93,5,0.01
87,6,3,0.67
87,17,3,0.32
87,18,3,0.17
87,24,3,0.73
87,28,3,0.48
87,46,3,0.01
87,50,3,0.71
87,51,3,0.17
87,53,3,0.29
87,54,3,0.77
87,61,3,0.22
87,71,3,0.47
87,87,3,0
87,89,3,0.9
87,91,3,0.03
88,0,1,0.53
88,1,1,0.47
88,11,1,0.06
88,33,1,0.88
88,34,1,0.99
88,40,1,0.71
88,44,1,0.56
88,48,1,0.58
88,50,1,0.51
88,52,1,0.64
88,66,1,0.98
88,68,1,0.6
88,74,1,0.25
88,77,1,0.41
88,80,1,0.65
88,88,1,0
88,96,1,0.06
88,4,2,0.99
88,9,2,0.28
88,14,2,0.63
88,16,2,0.34
88,23,2,0.54
88,45,2,0.26
88,49,2,0.78
88,52,2,0.46
88,66,2,0.34
88,88,2,0
88,94,2,0.57
89,4,10,0.83
89,6,10,0.82
89,8,10,0.0
89,23,10,0.7
89,33,10,0.25
89,34,10,0.13
89,40,10,0.98
89,52,10,0.81
89,65,10,0.05
89,67,10,0.97
89,72,10,0.45
89,80,10,0.3
89,89,10,0
89,91,10,0.27
89,92,10,0.76
89,93,10,0.33
89,99,10,0.92
89,6,3,0.86
89,17,3,0.58
89,18,3,0.4
89,24,3,0.33
89,28,3,0.89
89,46,3,0.41
89,50,3,0.73
89,51,3,0.36
89,53,3,0.54
89,54,3,0.51
89,61,3,0.83
89,71,3,0.64
89,87,3,0.08
89,89,3,0
89,91,3,0.1
89,6,5,0.81
89,9,5,0.5
89,13,5,0.51
89,21,5,0.4
89,27,5,0.76
89,28,5,0.99
89,30,5,0.49
89,31,5,0.46
89,40,5,0.59
89,68,5,0.38
89,73,5,0.19
89,79,5,0.57
89,83,5,0.94
89,85,5,0.53
89,87,5,0.64
89,89,5,0
89,93,5,0.69
90,3,19,0.05
90,18,19,0.47
90,24,19,0.3
90,29,19,0.3
90,52,19,0.53
90,57,19,0.82
90,58,19,0.38
90,63,19,0.47
90,64,19,0.78
90,79,19,0.4
90,82,19,0.08
90,90,19,0
90,3,4,0.06
90,10,4,0.76
90,14,4,0.31
90,18,4,0.81
90,21,4,0.57
90,45,4,0.12
90,53,4,0.11
90,56,4,0.74
90,59,4,0.3
90,70,4,0.24
90,78,4,0.97
90,81,4,0.92
90,84,4,0.28
90,90,4,0
90,96,4,0.7
90,97,4,0.21
91,1,15,0.23
91,15,15,0.76
91,19,15,0.75
91,20,15,0.49
91,24,15,0.97
91,25,15,0.3
91,28,15,0.92
91,32,15,0.51
91,36,15,0.99
91,53,15,0.01
91,65,15,0.27
91,83,15,0.05
91,87,15,0.08
91,91,15,0
91,95,15,0.27
91,6,3,0.83
91,17,3,0.21
91,18,3,0.58
91,24,3,0.13
91,28,3,0.75
91,46,3,0.25
91,50,3,0.49
91,51,3,0.46
91,53,3,0.37
91,54,3,0.72
91,61,3,0.35
91,71,3,0.68
91,87,3,0.22
91,89,3,0.52
91,91,3,0
91,4,10,0.83
91,6,10,0.29
91,8,10,0.1
91,23,10,0.21
91,33,10,0.36
91,34,10,0.62
91,40,10,0.06
91,52,10,0.78
91,65,10,0.33
91,67,10,0.7
91,72,10,0.44
91,80,10,0.17
91,89,10,0.43
91,91,10,0
91,92,10,0.07
91,93,10,0.2
91,99,10,0.6
92,5,0,1.0
92,6,0,0.53
92,9,0,0.03
92,12,0,0.6
92,13,0,0.27
92,15,0,0.03
92,19,0,0.47
92,25,0,0.33
92,47,0,0.73
92,48,0,0.8
92,50,0,0.35
92,55,0,0.74
92,57,0,0.43
92,67,0,0.24
92,92,0,0
92,94,0,0.27
92,4,10,0.04
92,6,10,0.42
92,8,10,0.53
92,23,10,0.25
92,33,10,0.51
92,34,10,0.24
92,40,10,0.24
92,52,10,0.72
92,65,10,0.23
92,67,10,0.68
92,72,10,0.91
92,80,10,0.03
92,89,10,0.29
92,91,10,0.51
92,92,10,0
92,93,10,0.93
92,99,10,0.68
92,2,16,0.85
92,7,16,0.68
92,10,16,0.92
92,28,16,0.65
92,33,16,0.11
92,38,16,0.31
92,39,16,0.88
92,46,16,0.06
92,47,16,0.13
92,49,16,0.72
92,64,16,0.86
92,74,16,0.75
92,85,16,0.25
92,92,16,0
92,93,16,0.15
92,17,12,0.54
92,26,12,0.67
92,27,12,0.94
92,36,12,1.0
92,37,12,0.19
92,39,12,0.63
92,43,12,0.32
92,54,12,0.5
92,57,12,0.65
92,63,12,0.45
92,70,12,0.4
92,77,12,0.99
92,80,12,0.01
92,82,12,0.22
92,84,12,0.0
92,85,12,0.93
92,86,12,0.17
92,92,12,0
92,97,12,0.75
92,99,12,0.27
93,6,5,0.69
93,9,5,0.09
93,13,5,0.62
93,21,5,0.13
93,27,5,0.19
93,28,5,0.63
93,30,5,0.54
93,31,5,0.04
93,40,5,0.53
93,68,5,0.33
93,73,5,0.45
93,79,5,0.08
93,83,5,0.88
93,85,5,0.23
93,87,5,0.42
93,89,5,0.13
93,93,5,0
93,4,10,0.14
93,6,10,0.39
93,8,10,0.52
93,23,10,0.06
93,33,10,0.7
93,34,10,0.69
93,40,10,0.75
93,52,10,0.07
93,65,10,0.91
93,67,10,0.14
93,72,10,0.76
93,80,10,0.86
93,89,10,0.7
93,91,10,0.96
93,92,10,0.91
93,93,10,0
93,99,10,0.32
93,2,16,0.56
93,7,16,0.21
93,10,16,0.29
93,28,16,0.84
93,33,16,0.58
93,38,16,0.73
93,39,16,0.65
93,46,16,0.33
93,47,16,0.15
93,49,16,0.49
93,64,16,0.12
93,74,16,0.38
93,85,16,0.33
93,92,16,0.55
93,93,16,0
94,4,2,0.1
94,9,2,0.99
94,14,2,0.78
94,16,2,0.94
94,23,2,0.85
94,45,2,0.82
94,49,2,0.04
94,52,2,0.27
94,66,2,0.86
94,88,2,0.51
94,94,2,0
94,5,18,0.23
94,14,18,0.51
94,15,18,0.49
94,16,18,0.58
94,19,18,0.81
94,41,18,0.97
94,44,18,0.86
94,54,18,0.71
94,62,18,0.66
94,64,18,0.52
94,67,18,0.78
94,69,18,0.36
94,70,18,0.1
94,71,18,0.28
94,76,18,1.0
94,81,18,0.54
94,94,18,0
94,95,18,0.17
94,4,9,0.72
94,5,9,0.54
94,22,9,0.05
94,36,9,0.95
94,39,9,0.72
94,40,9,0.63
94,41,9,0.14
94,42,9,0.1
94,47,9,0.42
94,69,9,0.5
94,94,9,0
94,5,0,0.43
94,6,0,0.61
94,9,0,0.28
94,12,0,0.12
94,13,0,0.47
94,15,0,0.09
94,19,0,0.87
94,25,0,0.64
94,47,0,1.0
94,48,0,0.44
94,50,0,1.0
94,55,0,0.23
94,57,0,0.61
94,67,0,0.46
94,92,0,0.96
94,94,0,0
95,5,18,0.63
95,14,18,0.64
95,15,18,0.88
95,16,18,0.85
95,19,18,0.3
95,41,18,0.93
95,44,18,0.73
95,54,18,0.85
95,62,18,0.95
95,64,18,0.8
95,67,18,0.2
95,69,18,0.77
95,70,18,0.7
95,71,18,0.92
95,76,18,0.98
95,81,18,0.53
95,94,18,0.93
95,95,18,0
95,1,15,0.24
95,15,15,0.38
95,19,15,0.41
95,20,15,0.91
95,24,15,0.65
95,25,15,0.9
95,28,15,0.14
95,32,15,0.27
95,36,15,0.22
95,53,15,0.22
95,65,15,0.75
95,83,15,0.72
95,87,15,0.78
95,91,15,0.97
95,95,15,0
96,8,17,0.53
96,42,17,0.2
96,56,17,0.43
96,59,17,0.09
96,60,17,0.81
96,63,17,0.48
96,65,17,0.64
96,74,17,0.36
96,78,17,0.49
96,83,17,0.34
96,96,17,0
96,98,17,0.28
96,0,1,0.09
96,1,1,0.47
96,11,1,0.75
96,33,1,0.16
96,34,1,0.28
96,40,1,0.67
96,44,1,0.98
96,48,1,0.23
96,50,1,0.1
96,52,1,0.1
96,66,1,0.8
96,68,1,0.15
96,74,1,0.42
96,77,1,0.38
96,80,1,0.96
96,88,1,0.68
96,96,1,0
96,3,4,0.57
96,10,4,0.69
96,14,4,0.37
96,18,4,0.31
96,21,4,0.64
96,45,4,0.29
96,53,4,0.06
96,56,4,0.28
96,59,4,0.91
96,70,4,0.88
96,78,4,0.75
96,81,4,0.41
96,84,4,0.94
96,90,4,0.12
96,96,4,0
96,97,4,1.0
97,17,12,0.89
97,26,12,0.1
97,27,12,0.13
97,36,12,0.28
97,37,12,0.86
97,39,12,0.63
97,43,12,0.77
97,54,12,0.32
97,57,12,0.41
97,63,12,0.99
97,70,12,0.98
97,77,12,0.53
97,80,12,0.89
97,82,12,0.92
97,84,12,0.68
97,85,12,0.6
97,86,12,0.67
97,92,12,0.5
97,97,12,0
97,99,12,0.87
97,3,4,0.76
97,10,4,0.87
97,14,4,0.96
97,18,4,0.68
97,21,4,0.67
97,45,4,0.6
97,53,4,0.36
97,56,4,0.9
97,59,4,0.01
97,70,4,0.13
97,78,4,0.22
97,81,4,0.74
97,84,4,0.47
97,90,4,0.53
97,96,4,0.69
97,97,4,0
98,12,7,0.95
98,14,7,0.6
98,17,7,0.98
98,32,7,0.66
98,34,7,0.17
98,35,7,0.54
98,37,7,0.43
98,53,7,0.75
98,62,7,0.62
98,66,7,0.78
98,69,7,0.23
98,77,7,0.53
98,81,7,0.78
98,82,7,0.18
98,86,7,0.37
98,98,7,0
98,8,17,0.99
98,42,17,0.06
98,56,17,0.13
98,59,17,0.3
98,60,17,0.1
98,63,17,0.46
98,65,17,0.13
98,74,17,0.78
98,78,17,0.75
98,83,17,0.05
98,96,17,0.94
98,98,17,0
99,17,12,0.28
99,26,12,0.4
99,27,12,0.88
99,36,12,0.16
99,37,12,0.93
99,39,12,0.44
99,43,12,0.42
99,54,12,0.97
99,57,12,0.25
99,63,12,0.61
99,70,12,0.38
99,77,12,0.77
99,80,12,0.33
99,82,12,0.45
99,84,12,0.72
99,85,12,0.09
99,86,12,0.57
99,92,12,0.03
99,97,12,0.12
99,99,12,0
99,1,11,0.91
99,8,11,0.6
99,17,11,0.68
99,18,11,0.51
99,19,11,0.22
99,27,11,0.77
99,29,11,0.93
99,42,11,0.14
99,55,11,0.6
99,69,11,0.56
99,75,11,0.29
99,76,11,0.25
99,84,11,0.26
99,99,11,0
99,4,10,0.65
99,6,10,0.51
99,8,10,0.8
99,23,10,0.03
99,33,10,0.46
99,34,10,0.43
99,40,10,0.9
99,52,10,0.26
99,65,10,0.9
99,67,10,0.78
99,72,10,0.01
99,80,10,0.04
99,89,10,0.01
99,91,10,0.08
99,92,10,0.78
99,93,10,0.52
99,99,10,0