M,100,P,30,Q,100000,targetS,0.1,targetW,0.1

Resources name, resource id, current workload and max workload
R_0,0,0.5,1
R_1,1,0.65,1
R_2,2,0.65,1
R_3,3,0.48,1
R_4,4,0.55,1
R_5,5,0.51,1
R_6,6,0.79,1
R_7,7,0.68,1
R_8,8,0.63,1
R_9,9,0.78,1
R_10,10,0.59,1
R_11,11,0.51,1
R_12,12,0.43,1
R_13,13,0.5,1
R_14,14,0.65,1
R_15,15,0.42,1
R_16,16,0.72,1
R_17,17,0.67,1
R_18,18,0.51,1
R_19,19,0.72,1
R_20,20,0.79,1
R_21,21,0.53,1
R_22,22,0.51,1
R_23,23,0.64,1
R_24,24,0.64,1
R_25,25,0.79,1
R_26,26,0.62,1
R_27,27,0.46,1
R_28,28,0.75,1
R_29,29,0.61,1
R_30,30,0.58,1
R_31,31,0.65,1
R_32,32,0.79,1
R_33,33,0.52,1
R_34,34,0.41,1
R_35,35,0.57,1
R_36,36,0.53,1
R_37,37,0.52,1
R_38,38,0.57,1
R_39,39,0.43,1
R_40,40,0.54,1
R_41,41,0.74,1
R_42,42,0.59,1
R_43,43,0.77,1
R_44,44,0.5,1
R_45,45,0.78,1
R_46,46,0.66,1
R_47,47,0.43,1
R_48,48,0.62,1
R_49,49,0.78,1
R_50,50,0.53,1
R_51,51,0.6,1
R_52,52,0.76,1
R_53,53,0.78,1
R_54,54,0.76,1
R_55,55,0.48,1
R_56,56,0.76,1
R_57,57,0.68,1
R_58,58,0.63,1
R_59,59,0.55,1
R_60,60,0.74,1
R_61,61,0.78,1
R_62,62,0.52,1
R_63,63,0.4,1
R_64,64,0.5,1
R_65,65,0.7,1
R_66,66,0.43,1
R_67,67,0.78,1
R_68,68,0.79,1
R_69,69,0.47,1
R_70,70,0.79,1
R_71,71,0.58,1
R_72,72,0.5,1
R_73,73,0.73,1
R_74,74,0.61,1
R_75,75,0.51,1
R_76,76,0.64,1
R_77,77,0.58,1
R_78,78,0.79,1
R_79,79,0.69,1
R_80,80,0.48,1
R_81,81,0.75,1
R_82,82,0.77,1
R_83,83,0.63,1
R_84,84,0.76,1
R_85,85,0.65,1
R_86,86,0.67,1
R_87,87,0.62,1
R_88,88,0.68,1
R_89,89,0.7,1
R_90,90,0.54,1
R_91,91,0.56,1
R_92,92,0.62,1
R_93,93,0.4,1
R_94,94,0.76,1
R_95,95,0.43,1
R_96,96,0.65,1
R_97,97,0.56,1
R_98,98,0.63,1
R_99,99,0.47,1

Activities name, activity id, lambda, stress, resource id, priority, rifiutato
act_1,1,0.14,0.81,0,73,0
act_1,1,0.14,0.81,0,142,0
act_1,1,0.14,0.81,0,221,0
act_7,7,0.18,0.67,1,81,0
act_5,5,0.14,0.94,1,218,1
act_4,4,0.15,0.39,2,182,0
act_4,4,0.15,0.39,2,3,0
act_11,11,0.18,0.19,3,31,0
act_11,11,0.18,0.19,3,137,0
act_15,15,0.04,0.45,3,301,0
act_15,15,0.04,0.45,3,116,0
act_15,15,0.04,0.45,3,159,0
act_9,9,0.1,0.77,4,259,0
act_13,13,0.1,0.58,4,127,0
act_17,17,0.21,0.89,4,341,0
act_1,1,0.14,0.81,5,89,1
act_3,3,0.16,0.42,5,325,0
act_1,1,0.14,0.81,5,82,1
act_19,19,0.01,0.75,5,144,0
act_19,19,0.01,0.75,5,155,0
act_19,19,0.01,0.75,5,233,0
act_19,19,0.01,0.75,5,170,0
act_19,19,0.01,0.75,5,291,0
act_8,8,0.1,0.89,6,74,1
act_9,9,0.1,0.77,6,38,0
act_8,8,0.1,0.89,7,272,0
act_11,11,0.18,0.19,7,333,0
act_8,8,0.1,0.89,8,77,0
act_9,9,0.1,0.77,8,197,0
act_8,8,0.1,0.89,8,75,0
act_16,16,0.18,0.32,9,163,0
act_4,4,0.15,0.39,10,104,0
act_4,4,0.15,0.39,10,47,0
act_15,15,0.04,0.45,11,263,0
act_18,18,0.21,0.67,11,220,0
act_12,12,0.08,0.69,11,327,0
act_12,12,0.08,0.69,11,201,0
act_15,15,0.04,0.45,11,288,0
act_6,6,0.27,0.29,12,338,0
act_0,0,0.07,0.87,12,62,1
act_7,7,0.18,0.67,12,123,1
act_0,0,0.07,0.87,13,85,0
act_11,11,0.18,0.19,13,61,0
act_11,11,0.18,0.19,13,214,0
act_0,0,0.07,0.87,13,245,0
act_0,0,0.07,0.87,14,23,1
act_17,17,0.21,0.89,14,145,1
act_0,0,0.07,0.87,14,223,1
act_11,11,0.18,0.19,15,267,0
act_17,17,0.21,0.89,15,339,1
act_0,0,0.07,0.87,15,41,0
act_8,8,0.1,0.89,15,111,1
act_7,7,0.18,0.67,16,20,0
act_6,6,0.27,0.29,17,299,0
act_1,1,0.14,0.81,18,32,0
act_0,0,0.07,0.87,18,105,0
act_1,1,0.14,0.81,18,58,0
act_19,19,0.01,0.75,18,161,0
act_19,19,0.01,0.75,18,136,0
act_0,0,0.07,0.87,18,119,0
act_19,19,0.01,0.75,18,209,0
act_19,19,0.01,0.75,18,323,0
act_19,19,0.01,0.75,18,99,0
act_19,19,0.01,0.75,18,252,0
act_0,0,0.07,0.87,19,5,0
act_8,8,0.1,0.89,19,298,0
act_0,0,0.07,0.87,19,229,0
act_19,19,0.01,0.75,19,14,0
act_19,19,0.01,0.75,19,46,0
act_19,19,0.01,0.75,19,167,0
act_19,19,0.01,0.75,19,21,0
act_13,13,0.1,0.58,20,36,1
act_12,12,0.08,0.69,20,282,1
act_3,3,0.16,0.42,21,134,1
act_10,10,0.22,0.65,21,304,1
act_9,9,0.1,0.77,22,280,0
act_11,11,0.18,0.19,22,169,0
act_11,11,0.18,0.19,22,287,0
act_18,18,0.21,0.67,23,240,1
act_8,8,0.1,0.89,23,71,1
act_6,6,0.27,0.29,24,251,0
act_15,15,0.04,0.45,24,195,1
act_15,15,0.04,0.45,24,90,1
act_5,5,0.14,0.94,25,80,1
act_19,19,0.01,0.75,25,39,0
act_19,19,0.01,0.75,25,8,0
act_19,19,0.01,0.75,25,148,0
act_19,19,0.01,0.75,25,24,0
act_19,19,0.01,0.75,25,33,0
act_19,19,0.01,0.75,25,307,0
act_19,19,0.01,0.75,25,16,0
act_15,15,0.04,0.45,26,147,1
act_17,17,0.21,0.89,26,78,1
act_15,15,0.04,0.45,26,228,1
act_15,15,0.04,0.45,26,258,1
act_19,19,0.01,0.75,26,124,1
act_15,15,0.04,0.45,26,202,1
act_5,5,0.14,0.94,27,92,0
act_3,3,0.16,0.42,27,28,0
act_11,11,0.18,0.19,27,129,0
act_5,5,0.14,0.94,28,107,0
act_8,8,0.1,0.89,29,262,0
act_5,5,0.14,0.94,29,254,1
act_5,5,0.14,0.94,29,336,1
act_17,17,0.21,0.89,30,76,0
act_12,12,0.08,0.69,30,35,0
act_12,12,0.08,0.69,30,302,0
act_14,14,0.13,0.2,31,311,0
act_14,14,0.13,0.2,31,255,0
act_12,12,0.08,0.69,31,289,0
act_8,8,0.1,0.89,32,285,0
act_8,8,0.1,0.89,32,42,0
act_4,4,0.15,0.39,33,66,0
act_12,12,0.08,0.69,33,310,0
act_3,3,0.16,0.42,33,57,0
act_12,12,0.08,0.69,33,27,0
act_7,7,0.18,0.67,34,70,0
act_19,19,0.01,0.75,34,326,1
act_7,7,0.18,0.67,34,212,0
act_19,19,0.01,0.75,34,54,1
act_7,7,0.18,0.67,34,316,0
act_19,19,0.01,0.75,34,29,1
act_19,19,0.01,0.75,34,125,1
act_19,19,0.01,0.75,34,303,1
act_5,5,0.14,0.94,35,246,0
act_5,5,0.14,0.94,35,238,0
act_5,5,0.14,0.94,35,43,0
act_15,15,0.04,0.45,36,296,1
act_6,6,0.27,0.29,36,69,0
act_15,15,0.04,0.45,36,181,1
act_15,15,0.04,0.45,36,162,1
act_15,15,0.04,0.45,36,12,1
act_7,7,0.18,0.67,37,120,0
act_7,7,0.18,0.67,37,286,0
act_13,13,0.1,0.58,37,109,0
act_18,18,0.21,0.67,38,194,1
act_16,16,0.18,0.32,38,308,0
act_17,17,0.21,0.89,39,131,0
act_15,15,0.04,0.45,39,48,0
act_2,2,0.25,0.71,39,25,0
act_15,15,0.04,0.45,39,88,0
act_5,5,0.14,0.94,40,26,1
act_13,13,0.1,0.58,40,274,0
act_5,5,0.14,0.94,40,1,1
act_0,0,0.07,0.87,41,332,0
act_7,7,0.18,0.67,41,225,0
act_17,17,0.21,0.89,42,157,0
act_14,14,0.13,0.2,42,249,0
act_16,16,0.18,0.32,43,344,0
act_2,2,0.25,0.71,44,180,0
act_14,14,0.13,0.2,44,256,0
act_0,0,0.07,0.87,45,324,1
act_0,0,0.07,0.87,45,15,1
act_0,0,0.07,0.87,45,100,1
act_15,15,0.04,0.45,46,13,1
act_15,15,0.04,0.45,46,9,1
act_16,16,0.18,0.32,46,257,0
act_15,15,0.04,0.45,46,328,1
act_15,15,0.04,0.45,47,312,0
act_17,17,0.21,0.89,47,279,1
act_6,6,0.27,0.29,47,44,0
act_19,19,0.01,0.75,47,97,1
act_19,19,0.01,0.75,47,40,1
act_19,19,0.01,0.75,47,283,1
act_19,19,0.01,0.75,47,203,1
act_6,6,0.27,0.29,48,200,0
act_9,9,0.1,0.77,48,347,0
act_1,1,0.14,0.81,49,295,0
act_5,5,0.14,0.94,50,239,0
act_8,8,0.1,0.89,50,135,0
act_1,1,0.14,0.81,50,315,0
act_15,15,0.04,0.45,50,226,0
act_15,15,0.04,0.45,50,260,0
act_0,0,0.07,0.87,51,22,0
act_0,0,0.07,0.87,51,174,0
act_0,0,0.07,0.87,51,118,0
act_0,0,0.07,0.87,51,140,0
act_0,0,0.07,0.87,51,222,0
act_9,9,0.1,0.77,52,177,0
act_9,9,0.1,0.77,52,248,0
act_13,13,0.1,0.58,53,45,1
act_13,13,0.1,0.58,53,199,1
act_7,7,0.18,0.67,54,278,0
act_8,8,0.1,0.89,55,204,0
act_18,18,0.21,0.67,55,265,0
act_19,19,0.01,0.75,55,179,0
act_19,19,0.01,0.75,55,321,0
act_19,19,0.01,0.75,55,103,0
act_8,8,0.1,0.89,55,98,0
act_19,19,0.01,0.75,55,139,0
act_19,19,0.01,0.75,55,269,0
act_19,19,0.01,0.75,55,68,0
act_19,19,0.01,0.75,55,297,0
act_19,19,0.01,0.75,55,67,0
act_19,19,0.01,0.75,55,230,0
act_19,19,0.01,0.75,55,264,0
act_19,19,0.01,0.75,55,294,0
act_16,16,0.18,0.32,56,10,0
act_13,13,0.1,0.58,57,342,0
act_3,3,0.16,0.42,57,217,0
act_16,16,0.18,0.32,58,96,1
act_16,16,0.18,0.32,58,290,1
act_13,13,0.1,0.58,59,234,1
act_7,7,0.18,0.67,59,319,1
act_13,13,0.1,0.58,59,178,1
act_8,8,0.1,0.89,60,172,1
act_12,12,0.08,0.69,60,153,1
act_12,12,0.08,0.69,60,6,1
act_14,14,0.13,0.2,61,55,0
act_12,12,0.08,0.69,61,250,0
act_6,6,0.27,0.29,62,236,0
act_0,0,0.07,0.87,62,334,1
act_0,0,0.07,0.87,62,87,1
act_13,13,0.1,0.58,63,101,1
act_15,15,0.04,0.45,63,164,1
act_15,15,0.04,0.45,63,83,1
act_13,13,0.1,0.58,63,126,1
act_13,13,0.1,0.58,63,60,1
act_15,15,0.04,0.45,63,49,1
act_13,13,0.1,0.58,63,141,1
act_15,15,0.04,0.45,63,191,1
act_8,8,0.1,0.89,64,150,1
act_4,4,0.15,0.39,64,184,0
act_12,12,0.08,0.69,64,331,1
act_8,8,0.1,0.89,64,146,1
act_13,13,0.1,0.58,65,329,1
act_0,0,0.07,0.87,65,160,1
act_13,13,0.1,0.58,65,314,1
act_13,13,0.1,0.58,66,115,0
act_11,11,0.18,0.19,66,320,0
act_12,12,0.08,0.69,66,205,0
act_11,11,0.18,0.19,66,79,0
act_9,9,0.1,0.77,67,219,0
act_9,9,0.1,0.77,67,18,0
act_4,4,0.15,0.39,68,7,0
act_11,11,0.18,0.19,69,2,0
act_17,17,0.21,0.89,69,52,0
act_19,19,0.01,0.75,69,114,0
act_19,19,0.01,0.75,69,50,0
act_0,0,0.07,0.87,69,208,0
act_19,19,0.01,0.75,69,128,0
act_19,19,0.01,0.75,69,106,0
act_19,19,0.01,0.75,69,193,0
act_19,19,0.01,0.75,69,247,0
act_19,19,0.01,0.75,69,276,0
act_1,1,0.14,0.81,70,94,0
act_3,3,0.16,0.42,71,318,1
act_3,3,0.16,0.42,71,306,1
act_10,10,0.22,0.65,72,241,1
act_17,17,0.21,0.89,72,189,1
act_5,5,0.14,0.94,73,37,0
act_19,19,0.01,0.75,73,112,0
act_19,19,0.01,0.75,73,95,0
act_19,19,0.01,0.75,73,108,0
act_19,19,0.01,0.75,73,337,0
act_19,19,0.01,0.75,73,309,0
act_19,19,0.01,0.75,73,143,0
act_19,19,0.01,0.75,73,165,0
act_19,19,0.01,0.75,73,110,0
act_19,19,0.01,0.75,73,281,0
act_19,19,0.01,0.75,73,138,0
act_19,19,0.01,0.75,73,0,0
act_19,19,0.01,0.75,73,121,0
act_6,6,0.27,0.29,74,232,0
act_19,19,0.01,0.75,75,117,1
act_10,10,0.22,0.65,75,188,0
act_10,10,0.22,0.65,75,284,0
act_19,19,0.01,0.75,75,56,1
act_19,19,0.01,0.75,75,59,1
act_19,19,0.01,0.75,75,122,1
act_19,19,0.01,0.75,75,322,1
act_16,16,0.18,0.32,76,330,0
act_0,0,0.07,0.87,77,293,1
act_17,17,0.21,0.89,77,152,1
act_0,0,0.07,0.87,77,270,1
act_3,3,0.16,0.42,78,300,0
act_6,6,0.27,0.29,79,261,0
act_8,8,0.1,0.89,80,19,0
act_14,14,0.13,0.2,80,235,0
act_8,8,0.1,0.89,80,313,0
act_14,14,0.13,0.2,80,348,0
act_8,8,0.1,0.89,81,171,0
act_12,12,0.08,0.69,81,185,0
act_15,15,0.04,0.45,81,133,0
act_15,15,0.04,0.45,82,292,1
act_8,8,0.1,0.89,82,271,1
act_15,15,0.04,0.45,82,231,1
act_15,15,0.04,0.45,82,64,1
act_11,11,0.18,0.19,83,113,0
act_11,11,0.18,0.19,83,206,0
act_5,5,0.14,0.94,84,192,0
act_13,13,0.1,0.58,84,343,0
act_7,7,0.18,0.67,85,149,0
act_0,0,0.07,0.87,85,210,0
act_0,0,0.07,0.87,85,30,0
act_17,17,0.21,0.89,86,346,0
act_0,0,0.07,0.87,86,91,0
act_16,16,0.18,0.32,87,154,0
act_3,3,0.16,0.42,87,196,0
act_0,0,0.07,0.87,88,213,0
act_0,0,0.07,0.87,88,4,0
act_12,12,0.08,0.69,88,227,0
act_12,12,0.08,0.69,88,243,0
act_18,18,0.21,0.67,89,207,1
act_15,15,0.04,0.45,89,53,1
act_15,15,0.04,0.45,89,190,1
act_4,4,0.15,0.39,90,273,1
act_14,14,0.13,0.2,90,176,0
act_4,4,0.15,0.39,90,198,1
act_8,8,0.1,0.89,91,224,0
act_11,11,0.18,0.19,91,168,0
act_12,12,0.08,0.69,91,166,0
act_19,19,0.01,0.75,91,63,0
act_19,19,0.01,0.75,91,132,0
act_19,19,0.01,0.75,91,102,0
act_19,19,0.01,0.75,91,72,0
act_19,19,0.01,0.75,91,244,0
act_19,19,0.01,0.75,91,151,0
act_19,19,0.01,0.75,91,84,0
act_1,1,0.14,0.81,92,65,0
act_16,16,0.18,0.32,92,93,0
act_8,8,0.1,0.89,93,345,0
act_15,15,0.04,0.45,93,156,0
act_16,16,0.18,0.32,93,130,0
act_5,5,0.14,0.94,93,242,0
act_8,8,0.1,0.89,93,237,0
act_9,9,0.1,0.77,94,211,1
act_19,19,0.01,0.75,94,340,0
act_9,9,0.1,0.77,94,268,1
act_19,19,0.01,0.75,94,266,0
act_19,19,0.01,0.75,94,216,0
act_19,19,0.01,0.75,94,305,0
act_14,14,0.13,0.2,95,17,0
act_14,14,0.13,0.2,95,158,0
act_11,11,0.18,0.19,95,215,0
act_14,14,0.13,0.2,95,275,0
act_0,0,0.07,0.87,96,34,1
act_1,1,0.14,0.81,96,175,1
act_1,1,0.14,0.81,96,335,1
act_14,14,0.13,0.2,97,11,0
act_15,15,0.04,0.45,97,277,0
act_14,14,0.13,0.2,97,51,0
act_14,14,0.13,0.2,97,187,0
act_7,7,0.18,0.67,98,317,1
act_7,7,0.18,0.67,98,173,1
act_9,9,0.1,0.77,99,183,1
act_9,9,0.1,0.77,99,253,1
act_18,18,0.21,0.67,99,186,0
act_9,9,0.1,0.77,99,86,1

Alpha (resource id, list of activity ids)
0:7,1,4
1:4,5,7,10
2:17,7,4
3:4,15,11,3
4:13,6,9,17
5:19,1,3
6:8,9
7:8,7,11,9
8:10,8,18,9
9:0,16,3,4
10:4,1
11:15,17,12,18
12:0,6,7
13:11,0,16
14:4,0,17,8
15:11,17,8,0
16:14,11,7
17:6,8
18:1,19,0
19:19,8,0
20:6,12,13
21:10,8,3
22:9,16,11
23:0,18,8
24:6,15,13
25:19,5,7
26:17,15,19
27:11,3,14,5
28:5,11,18,17
29:5,8
30:2,12,17
31:18,12,14
32:18,8
33:8,12,4,3
34:19,14,7
35:13,5
36:6,15,2
37:6,13,7
38:13,16,18,2
39:2,15,6,17
40:5,14,13,9
41:7,0,14
42:14,17,12
43:18,16,7
44:2,6,14
45:19,7,0
46:15,16
47:15,6,19,17
48:1,2,6,9
49:10,1
50:15,8,1,5
51:10,0
52:13,9
53:2,13
54:17,7,18,1
55:19,8,18,2
56:3,16
57:13,3
58:16,6,10,14
59:7,13,17
60:18,0,8,12
61:14,12
62:17,6,16,0
63:13,15
64:5,8,12,4
65:0,13
66:13,12,3,11
67:18,10,3,9
68:12,4,0
69:0,19,17,11
70:9,12,11,1
71:6,3
72:18,10,17
73:19,5
74:2,6,7,5
75:10,15,19,6
76:16,6,10
77:17,0
78:8,0,16,3
79:2,6
80:14,16,6,8
81:8,12,15
82:8,13,15
83:4,13,11,17
84:5,13,1
85:7,6,0
86:0,17,6
87:12,3,16,2
88:0,13,12,11
89:19,4,18,15
90:4,14
91:12,8,19,11
92:1,16
93:8,15,16,5
94:19,9,16,6
95:11,14
96:1,19,0,6
97:14,15
98:17,7,6
99:18,9

Costs (resource, resource to replace, activity, cost)
0,0,7,0
0,1,7,0.94
0,2,7,0.82
0,7,7,0.38
0,12,7,0.23
0,16,7,0.44
0,25,7,0.39
0,34,7,0.92
0,37,7,0.76
0,41,7,0.93
0,43,7,0.55
0,45,7,0.74
0,54,7,0.58
0,59,7,0.09
0,74,7,0.09
0,85,7,0.22
0,98,7,0.47
0,0,1,0
0,5,1,0.15
0,10,1,0.07
0,18,1,0.83
0,48,1,0.05
0,49,1,0.1
0,50,1,0.28
0,54,1,0.09
0,70,1,0.98
0,84,1,0.85
0,92,1,0.48
0,96,1,0.72
0,0,4,0
0,1,4,0.24
0,2,4,0.58
0,3,4,0.62
0,9,4,0.24
0,10,4,0.33
0,14,4,0.09
0,33,4,0.81
0,64,4,0.06
0,68,4,0.76
0,83,4,0.25
0,89,4,0.77
0,90,4,0.74
1,0,4,0.66
1,1,4,0
1,2,4,0.85
1,3,4,0.42
1,9,4,0.93
1,10,4,0.52
1,14,4,0.24
1,33,4,0.47
1,64,4,0.8
1,68,4,0.78
1,83,4,0.82
1,89,4,0.84
1,90,4,0.91
1,1,5,0
1,25,5,0.1
1,27,5,0.84
1,28,5,0.74
1,29,5,0.88
1,35,5,0.68
1,40,5,0.93
1,50,5,0.7
1,64,5,0.78
1,73,5,0.63
1,74,5,0.5
1,84,5,0.9
1,93,5,0.47
1,0,7,0.57
1,1,7,0
1,2,7,0.11
1,7,7,0.85
1,12,7,0.29
1,16,7,0.37
1,25,7,0.69
1,34,7,0.12
1,37,7,0.39
1,41,7,0.67
1,43,7,0.15
1,45,7,0.18
1,54,7,0.39
1,59,7,0.02
1,74,7,0.2
1,85,7,0.69
1,98,7,0.32
1,1,10,0
1,8,10,0.93
1,21,10,0.26
1,49,10,0.78
1,51,10,0.74
1,58,10,0.6
1,67,10,0.75
1,72,10,0.16
1,75,10,0.04
1,76,10,0.54
2,2,17,0
2,4,17,0.47
2,11,17,0.4
2,14,17,0.19
2,15,17,0.37
2,26,17,0.2
2,28,17,0.62
2,30,17,0.21
2,39,17,0.62
2,42,17,0.22
2,47,17,0.97
2,54,17,0.63
2,59,17,0.82
2,62,17,1.0
2,69,17,0.06
2,72,17,0.93
2,77,17,0.33
2,83,17,0.57
2,86,17,0.03
2,98,17,0.73
2,0,7,0.83
2,1,7,0.78
2,2,7,0
2,7,7,0.73
2,12,7,0.91
2,16,7,0.75
2,25,7,0.13
2,34,7,0.77
2,37,7,0.78
2,41,7,0.57
2,43,7,0.15
2,45,7,0.17
2,54,7,0.11
2,59,7,0.67
2,74,7,0.75
2,85,7,0.59
2,98,7,0.62
2,0,4,0.87
2,1,4,0.76
2,2,4,0
2,3,4,0.68
2,9,4,0.16
2,10,4,0.38
2,14,4,0.21
2,33,4,0.37
2,64,4,0.91
2,68,4,0.2
2,83,4,0.82
2,89,4,0.31
2,90,4,0.34
3,0,4,0.98
3,1,4,0.19
3,2,4,0.11
3,3,4,0
3,9,4,0.04
3,10,4,0.49
3,14,4,0.58
3,33,4,0.91
3,64,4,0.29
3,68,4,0.44
3,83,4,0.4
3,89,4,0.53
3,90,4,0.17
3,3,15,0
3,11,15,0.62
3,24,15,0.53
3,26,15,0.04
3,36,15,0.62
3,39,15,0.76
3,46,15,0.81
3,47,15,0.06
3,50,15,0.2
3,63,15,0.36
3,75,15,0.78
3,81,15,0.06
3,82,15,0.06
3,89,15,0.94
3,93,15,0.31
3,97,15,0.69
3,3,11,0
3,7,11,0.43
3,13,11,0.18
3,15,11,0.04
3,16,11,0.36
3,22,11,0.45
3,27,11,0.14
3,28,11,0.3
3,66,11,0.59
3,69,11,0.79
3,70,11,0.48
3,83,11,0.45
3,88,11,0.93
3,91,11,0.47
3,95,11,0.61
3,3,3,0
3,5,3,0.88
3,9,3,1.0
3,21,3,0.41
3,27,3,0.65
3,33,3,0.77
3,56,3,0.9
3,57,3,0.45
3,66,3,0.48
3,67,3,0.38
3,71,3,0.01
3,78,3,0.36
3,87,3,0.47
4,4,13,0
4,20,13,0.26
4,24,13,0.61
4,35,13,0.79
4,37,13,0.91
4,38,13,0.37
4,40,13,0.33
4,52,13,0.17
4,53,13,0.51
4,57,13,0.71
4,59,13,0.18
4,63,13,0.14
4,65,13,0.98
4,66,13,0.53
4,82,13,0.5
4,83,13,0.6
4,84,13,0.95
4,88,13,0.02
4,4,6,0
4,12,6,0.1
4,17,6,0.49
4,20,6,0.65
4,24,6,0.16
4,36,6,0.03
4,37,6,0.21
4,39,6,0.89
4,44,6,0.08
4,47,6,0.22
4,48,6,0.39
4,58,6,0.98
4,62,6,0.08
4,71,6,0.62
4,74,6,0.86
4,75,6,0.9
4,76,6,0.8
4,79,6,0.1
4,80,6,0.92
4,85,6,0.69
4,86,6,0.98
4,94,6,0.51
4,96,6,0.99
4,98,6,0.73
4,4,9,0
4,6,9,0.94
4,7,9,0.04
4,8,9,0.55
4,22,9,0.43
4,40,9,0.14
4,48,9,0.89
4,52,9,0.54
4,67,9,0.34
4,70,9,0.43
4,94,9,1.0
4,99,9,0.37
4,2,17,0.27
4,4,17,0
4,11,17,0.38
4,14,17,0.12
4,15,17,0.47
4,26,17,0.56
4,28,17,0.28
4,30,17,0.33
4,39,17,0.97
4,42,17,0.03
4,47,17,0.89
4,54,17,0.44
4,59,17,0.78
4,62,17,0.32
4,69,17,0.27
4,72,17,0.19
4,77,17,0.43
4,83,17,0.38
4,86,17,0.68
4,98,17,0.87
5,5,19,0
5,18,19,0.25
5,19,19,0.73
5,25,19,0.22
5,26,19,0.01
5,34,19,0.49
5,45,19,0.66
5,47,19,0.55
5,55,19,0.29
5,69,19,0.3
5,73,19,0.64
5,75,19,0.79
5,89,19,0.75
5,91,19,0.09
5,94,19,0.15
5,96,19,0.52
5,0,1,0.97
5,5,1,0
5,10,1,0.06
5,18,1,0.53
5,48,1,0.93
5,49,1,0.02
5,50,1,0.78
5,54,1,0.45
5,70,1,0.17
5,84,1,0.21
5,92,1,0.16
5,96,1,0.9
5,3,3,0.06
5,5,3,0
5,9,3,0.29
5,21,3,0.87
5,27,3,0.62
5,33,3,0.28
5,56,3,0.65
5,57,3,0.45
5,66,3,0.17
5,67,3,0.16
5,71,3,0.88
5,78,3,0.66
5,87,3,0.61
6,6,8,0
6,7,8,0.37
6,8,8,0.73
6,14,8,0.31
6,15,8,0.99
6,17,8,0.25
6,19,8,0.22
6,21,8,0.68
6,23,8,0.62
6,29,8,0.02
6,32,8,0.54
6,33,8,0.18
6,50,8,0.16
6,55,8,0.59
6,60,8,0.79
6,64,8,0.52
6,78,8,0.22
6,80,8,0.41
6,81,8,0.17
6,82,8,0.74
6,91,8,0.06
6,93,8,0.66
6,4,9,0.83
6,6,9,0
6,7,9,0.08
6,8,9,0.72
6,22,9,0.82
6,40,9,0.58
6,48,9,0.08
6,52,9,0.02
6,67,9,0.02
6,70,9,0.72
6,94,9,0.0
6,99,9,0.06
7,6,8,0.92
7,7,8,0
7,8,8,0.69
7,14,8,0.06
7,15,8,0.59
7,17,8,0.02
7,19,8,0.49
7,21,8,0.02
7,23,8,0.58
7,29,8,0.42
7,32,8,0.87
7,33,8,0.78
7,50,8,0.82
7,55,8,0.03
7,60,8,0.93
7,64,8,0.25
7,78,8,0.73
7,80,8,0.02
7,81,8,0.91
7,82,8,0.64
7,91,8,0.66
7,93,8,0.96
7,0,7,0.06
7,1,7,0.77
7,2,7,0.72
7,7,7,0
7,12,7,0.92
7,16,7,0.33
7,25,7,0.07
7,34,7,0.71
7,37,7,0.73
7,41,7,0.26
7,43,7,0.78
7,45,7,0.32
7,54,7,0.63
7,59,7,0.19
7,74,7,0.64
7,85,7,0.71
7,98,7,0.7
7,3,11,0.91
7,7,11,0
7,13,11,0.99
7,15,11,0.73
7,16,11,0.69
7,22,11,0.37
7,27,11,0.61
7,28,11,0.48
7,66,11,0.45
7,69,11,0.57
7,70,11,0.78
7,83,11,0.66
7,88,11,0.27
7,91,11,0.73
7,95,11,0.49
7,4,9,0.27
7,6,9,0.85
7,7,9,0
7,8,9,0.17
7,22,9,0.87
7,40,9,0.65
7,48,9,0.52
7,52,9,0.54
7,67,9,0.15
7,70,9,0.46
7,94,9,0.51
7,99,9,0.05
8,1,10,0.12
8,8,10,0
8,21,10,0.64
8,49,10,0.98
8,51,10,0.32
8,58,10,0.51
8,67,10,0.25
8,72,10,0.98
8,75,10,0.73
8,76,10,0.21
8,6,8,0.5
8,7,8,0.27
8,8,8,0
8,14,8,0.63
8,15,8,0.31
8,17,8,0.35
8,19,8,0.19
8,21,8,0.23
8,23,8,0.81
8,29,8,0.35
8,32,8,0.73
8,33,8,0.51
8,50,8,0.52
8,55,8,0.82
8,60,8,0.06
8,64,8,0.33
8,78,8,0.03
8,80,8,0.7
8,81,8,0.24
8,82,8,0.54
8,91,8,0.36
8,93,8,0.91
8,8,18,0
8,11,18,0.81
8,23,18,0.18
8,28,18,0.65
8,31,18,0.46
8,32,18,0.25
8,38,18,0.6
8,43,18,0.42
8,54,18,0.22
8,55,18,0.63
8,60,18,0.1
8,67,18,0.9
8,72,18,0.71
8,89,18,0.13
8,99,18,0.49
8,4,9,0.21
8,6,9,0.02
8,7,9,0.27
8,8,9,0
8,22,9,0.94
8,40,9,0.49
8,48,9,0.31
8,52,9,0.03
8,67,9,0.4
8,70,9,0.08
8,94,9,0.57
8,99,9,0.75
9,9,0,0
9,12,0,0.18
9,13,0,0.29
9,14,0,0.79
9,15,0,0.63
9,18,0,0.81
9,19,0,0.62
9,23,0,0.33
9,41,0,0.32
9,45,0,0.07
9,51,0,0.06
9,60,0,0.43
9,62,0,0.09
9,65,0,0.8
9,68,0,0.59
9,69,0,0.64
9,77,0,0.49
9,78,0,0.89
9,85,0,0.71
9,86,0,0.24
9,88,0,0.9
9,96,0,0.9
9,9,16,0
9,13,16,0.18
9,22,16,0.7
9,38,16,0.63
9,43,16,0.9
9,46,16,0.55
9,56,16,0.84
9,58,16,0.17
9,62,16,0.83
9,76,16,1.0
9,78,16,0.98
9,80,16,0.69
9,87,16,0.91
9,92,16,0.71
9,93,16,0.66
9,94,16,0.38
9,3,3,0.82
9,5,3,0.73
9,9,3,0
9,21,3,0.95
9,27,3,0.4
9,33,3,0.26
9,56,3,0.44
9,57,3,0.66
9,66,3,0.62
9,67,3,0.33
9,71,3,0.3
9,78,3,0.03
9,87,3,0.07
9,0,4,0.73
9,1,4,0.41
9,2,4,0.73
9,3,4,0.22
9,9,4,0
9,10,4,0.42
9,14,4,0.01
9,33,4,0.13
9,64,4,0.96
9,68,4,0.69
9,83,4,0.52
9,89,4,0.43
9,90,4,0.87
10,0,4,0.45
10,1,4,0.81
10,2,4,0.54
10,3,4,0.38
10,9,4,0.65
10,10,4,0
10,14,4,0.84
10,33,4,0.7
10,64,4,0.01
10,68,4,0.5
10,83,4,0.85
10,89,4,0.12
10,90,4,0.67
10,0,1,0.39
10,5,1,0.89
10,10,1,0
10,18,1,0.03
10,48,1,0.5
10,49,1,0.05
10,50,1,0.09
10,54,1,0.31
10,70,1,0.77
10,84,1,0.31
10,92,1,0.38
10,96,1,0.31
11,3,15,0.86
11,11,15,0
11,24,15,0.71
11,26,15,0.82
11,36,15,0.65
11,39,15,0.85
11,46,15,0.18
11,47,15,0.88
11,50,15,0.17
11,63,15,0.92
11,75,15,0.32
11,81,15,0.2
11,82,15,0.5
11,89,15,0.12
11,93,15,0.0
11,97,15,0.02
11,2,17,0.09
11,4,17,0.7
11,11,17,0
11,14,17,0.19
11,15,17,0.89
11,26,17,0.15
11,28,17,0.38
11,30,17,0.73
11,39,17,0.97
11,42,17,0.85
11,47,17,0.79
11,54,17,0.52
11,59,17,0.73
11,62,17,0.42
11,69,17,0.0
11,72,17,0.84
11,77,17,0.59
11,83,17,0.51
11,86,17,0.69
11,98,17,0.99
11,11,12,0
11,20,12,0.16
11,30,12,0.18
11,31,12,0.25
11,33,12,0.3
11,42,12,0.34
11,60,12,0.96
11,61,12,0.55
11,64,12,0.14
11,66,12,0.8
11,68,12,0.8
11,70,12,0.23
11,81,12,0.35
11,87,12,0.38
11,88,12,0.77
11,91,12,0.85
11,8,18,0.49
11,11,18,0
11,23,18,0.11
11,28,18,0.73
11,31,18,0.13
11,32,18,0.82
11,38,18,0.73
11,43,18,0.36
11,54,18,0.96
11,55,18,0.84
11,60,18,0.28
11,67,18,0.29
11,72,18,0.4
11,89,18,0.43
11,99,18,0.07
12,9,0,0.61
12,12,0,0
12,13,0,0.11
12,14,0,0.49
12,15,0,0.55
12,18,0,0.27
12,19,0,0.56
12,23,0,0.19
12,41,0,0.53
12,45,0,0.38
12,51,0,0.23
12,60,0,0.6
12,62,0,0.94
12,65,0,0.44
12,68,0,0.15
12,69,0,0.72
12,77,0,0.96
12,78,0,0.28
12,85,0,0.91
12,86,0,0.07
12,88,0,0.76
12,96,0,0.78
12,4,6,0.15
12,12,6,0
12,17,6,0.16
12,20,6,0.84
12,24,6,0.31
12,36,6,0.21
12,37,6,0.35
12,39,6,0.73
12,44,6,0.7
12,47,6,0.09
12,48,6,0.49
12,58,6,0.16
12,62,6,0.98
12,71,6,0.61
12,74,6,0.85
12,75,6,0.98
12,76,6,0.19
12,79,6,0.69
12,80,6,0.96
12,85,6,0.66
12,86,6,0.07
12,94,6,0.4
12,96,6,0.18
12,98,6,0.08
12,0,7,0.92
12,1,7,0.03
12,2,7,0.77
12,7,7,0.57
12,12,7,0
12,16,7,0.63
12,25,7,0.47
12,34,7,0.32
12,37,7,0.88
12,41,7,0.74
12,43,7,1.0
12,45,7,0.81
12,54,7,0.24
12,59,7,0.57
12,74,7,0.67
12,85,7,0.04
12,98,7,0.73
13,3,11,0.36
13,7,11,0.23
13,13,11,0
13,15,11,0.41
13,16,11,0.46
13,22,11,0.99
13,27,11,0.71
13,28,11,0.8
13,66,11,0.54
13,69,11,0.96
13,70,11,0.19
13,83,11,0.2
13,88,11,0.19
13,91,11,0.73
13,95,11,0.83
13,9,0,0.31
13,12,0,0.98
13,13,0,0
13,14,0,0.92
13,15,0,0.45
13,18,0,0.18
13,19,0,0.28
13,23,0,0.98
13,41,0,0.07
13,45,0,0.26
13,51,0,0.68
13,60,0,0.74
13,62,0,0.07
13,65,0,0.01
13,68,0,0.82
13,69,0,0.53
13,77,0,0.08
13,78,0,0.33
13,85,0,0.47
13,86,0,0.9
13,88,0,0.6
13,96,0,0.79
13,9,16,0.51
13,13,16,0
13,22,16,0.38
13,38,16,0.59
13,43,16,0.99
13,46,16,0.47
13,56,16,0.31
13,58,16,0.24
13,62,16,0.6
13,76,16,0.04
13,78,16,0.84
13,80,16,0.26
13,87,16,0.34
13,92,16,0.51
13,93,16,0.2
13,94,16,0.37
14,0,4,0.29
14,1,4,0.07
14,2,4,0.39
14,3,4,0.32
14,9,4,0.21
14,10,4,0.79
14,14,4,0
14,33,4,0.1
14,64,4,0.62
14,68,4,0.8
14,83,4,0.35
14,89,4,0.09
14,90,4,0.61
14,9,0,0.28
14,12,0,0.31
14,13,0,0.59
14,14,0,0
14,15,0,0.32
14,18,0,0.74
14,19,0,0.05
14,23,0,0.69
14,41,0,0.36
14,45,0,0.65
14,51,0,0.93
14,60,0,0.19
14,62,0,0.92
14,65,0,0.04
14,68,0,0.69
14,69,0,0.97
14,77,0,0.02
14,78,0,0.15
14,85,0,0.43
14,86,0,0.67
14,88,0,0.29
14,96,0,0.69
14,2,17,0.47
14,4,17,0.46
14,11,17,0.15
14,14,17,0
14,15,17,0.63
14,26,17,0.12
14,28,17,0.87
14,30,17,0.27
14,39,17,0.93
14,42,17,0.79
14,47,17,0.55
14,54,17,0.02
14,59,17,0.6
14,62,17,0.2
14,69,17,0.84
14,72,17,0.22
14,77,17,0.03
14,83,17,0.26
14,86,17,0.74
14,98,17,0.56
14,6,8,0.78
14,7,8,0.4
14,8,8,0.53
14,14,8,0
14,15,8,0.14
14,17,8,0.22
14,19,8,0.69
14,21,8,0.73
14,23,8,0.18
14,29,8,0.17
14,32,8,0.79
14,33,8,0.21
14,50,8,0.81
14,55,8,0.52
14,60,8,0.14
14,64,8,0.15
14,78,8,0.21
14,80,8,0.28
14,81,8,0.79
14,82,8,0.72
14,91,8,0.48
14,93,8,0.84
15,3,11,0.13
15,7,11,0.47
15,13,11,0.99
15,15,11,0
15,16,11,0.8
15,22,11,0.48
15,27,11,0.75
15,28,11,0.65
15,66,11,0.35
15,69,11,0.72
15,70,11,0.56
15,83,11,0.28
15,88,11,0.67
15,91,11,0.43
15,95,11,0.21
15,2,17,0.78
15,4,17,0.46
15,11,17,0.31
15,14,17,0.48
15,15,17,0
15,26,17,0.04
15,28,17,0.58
15,30,17,0.46
15,39,17,0.03
15,42,17,0.1
15,47,17,0.41
15,54,17,0.46
15,59,17,0.72
15,62,17,0.82
15,69,17,0.45
15,72,17,0.89
15,77,17,0.46
15,83,17,0.92
15,86,17,0.71
15,98,17,0.64
15,6,8,0.69
15,7,8,0.8
15,8,8,0.09
15,14,8,0.28
15,15,8,0
15,17,8,0.38
15,19,8,0.63
15,21,8,0.41
15,23,8,0.19
15,29,8,0.55
15,32,8,0.42
15,33,8,0.67
15,50,8,0.77
15,55,8,0.42
15,60,8,0.68
15,64,8,0.72
15,78,8,0.78
15,80,8,0.87
15,81,8,0.64
15,82,8,0.95
15,91,8,0.82
15,93,8,0.4
15,9,0,0.9
15,12,0,0.77
15,13,0,0.83
15,14,0,0.89
15,15,0,0
15,18,0,0.67
15,19,0,0.57
15,23,0,0.35
15,41,0,0.86
15,45,0,0.04
15,51,0,0.53
15,60,0,0.59
15,62,0,0.62
15,65,0,0.75
15,68,0,0.8
15,69,0,0.42
15,77,0,0.11
15,78,0,0.28
15,85,0,0.9
15,86,0,0.64
15,88,0,0.66
15,96,0,0.46
16,16,14,0
16,27,14,0.51
16,31,14,0.3
16,34,14,0.39
16,40,14,0.77
16,41,14,0.25
16,42,14,0.34
16,44,14,0.57
16,58,14,0.18
16,61,14,0.39
16,80,14,0.65
16,90,14,0.83
16,95,14,0.41
16,97,14,0.88
16,3,11,0.44
16,7,11,0.25
16,13,11,0.45
16,15,11,0.1
16,16,11,0
16,22,11,0.14
16,27,11,0.03
16,28,11,0.41
16,66,11,0.64
16,69,11,0.58
16,70,11,0.61
16,83,11,0.96
16,88,11,0.63
16,91,11,0.45
16,95,11,0.18
16,0,7,0.46
16,1,7,0.07
16,2,7,0.37
16,7,7,0.91
16,12,7,0.96
16,16,7,0
16,25,7,0.25
16,34,7,0.05
16,37,7,0.25
16,41,7,0.19
16,43,7,0.09
16,45,7,0.37
16,54,7,0.98
16,59,7,0.43
16,74,7,0.78
16,85,7,0.06
16,98,7,0.23
17,4,6,0.4
17,12,6,0.35
17,17,6,0
17,20,6,0.65
17,24,6,0.73
17,36,6,0.83
17,37,6,0.99
17,39,6,0.36
17,44,6,0.02
17,47,6,0.07
17,48,6,0.67
17,58,6,0.3
17,62,6,0.04
17,71,6,0.32
17,74,6,0.21
17,75,6,0.34
17,76,6,0.85
17,79,6,0.16
17,80,6,0.99
17,85,6,0.65
17,86,6,0.8
17,94,6,0.3
17,96,6,0.24
17,98,6,0.75
17,6,8,0.38
17,7,8,0.53
17,8,8,0.57
17,14,8,0.87
17,15,8,0.86
17,17,8,0
17,19,8,0.55
17,21,8,0.26
17,23,8,0.63
17,29,8,0.85
17,32,8,0.47
17,33,8,0.06
17,50,8,0.65
17,55,8,0.51
17,60,8,0.98
17,64,8,0.93
17,78,8,0.27
17,80,8,0.71
17,81,8,0.06
17,82,8,0.58
17,91,8,0.03
17,93,8,0.01
18,0,1,0.61
18,5,1,0.36
18,10,1,0.81
18,18,1,0
18,48,1,0.42
18,49,1,0.0
18,50,1,0.98
18,54,1,0.3
18,70,1,0.0
18,84,1,0.66
18,92,1,0.96
18,96,1,0.85
18,5,19,0.65
18,18,19,0
18,19,19,0.86
18,25,19,0.64
18,26,19,0.43
18,34,19,0.59
18,45,19,0.32
18,47,19,0.37
18,55,19,0.31
18,69,19,0.58
18,73,19,0.73
18,75,19,0.79
18,89,19,0.89
18,91,19,0.49
18,94,19,0.84
18,96,19,0.14
18,9,0,0.76
18,12,0,0.3
18,13,0,0.7
18,14,0,0.34
18,15,0,0.77
18,18,0,0
18,19,0,0.27
18,23,0,0.22
18,41,0,0.93
18,45,0,0.57
18,51,0,0.2
18,60,0,0.97
18,62,0,0.24
18,65,0,0.82
18,68,0,0.47
18,69,0,0.2
18,77,0,0.69
18,78,0,0.87
18,85,0,0.51
18,86,0,0.58
18,88,0,0.7
18,96,0,0.0
19,5,19,0.5
19,18,19,0.42
19,19,19,0
19,25,19,0.51
19,26,19,0.67
19,34,19,0.32
19,45,19,0.62
19,47,19,0.93
19,55,19,0.85
19,69,19,0.49
19,73,19,0.36
19,75,19,0.13
19,89,19,0.32
19,91,19,0.9
19,94,19,0.41
19,96,19,0.51
19,6,8,0.95
19,7,8,0.32
19,8,8,0.76
19,14,8,0.98
19,15,8,0.35
19,17,8,0.35
19,19,8,0
19,21,8,0.42
19,23,8,0.75
19,29,8,0.8
19,32,8,0.77
19,33,8,0.05
19,50,8,0.22
19,55,8,0.65
19,60,8,0.71
19,64,8,0.44
19,78,8,0.74
19,80,8,0.46
19,81,8,0.09
19,82,8,0.76
19,91,8,0.34
19,93,8,0.04
19,9,0,0.53
19,12,0,0.35
19,13,0,0.97
19,14,0,0.53
19,15,0,0.3
19,18,0,0.76
19,19,0,0
19,23,0,0.73
19,41,0,0.13
19,45,0,0.26
19,51,0,0.82
19,60,0,0.71
19,62,0,0.03
19,65,0,0.51
19,68,0,0.95
19,69,0,0.25
19,77,0,0.21
19,78,0,0.93
19,85,0,0.87
19,86,0,0.61
19,88,0,0.79
19,96,0,0.16
20,4,6,0.91
20,12,6,0.31
20,17,6,0.49
20,20,6,0
20,24,6,0.18
20,36,6,0.05
20,37,6,0.08
20,39,6,0.02
20,44,6,0.53
20,47,6,0.32
20,48,6,0.58
20,58,6,0.63
20,62,6,0.48
20,71,6,0.75
20,74,6,0.59
20,75,6,0.3
20,76,6,0.33
20,79,6,0.3
20,80,6,0.4
20,85,6,0.62
20,86,6,0.99
20,94,6,0.68
20,96,6,0.06
20,98,6,0.47
20,11,12,0.87
20,20,12,0
20,30,12,0.62
20,31,12,0.89
20,33,12,0.45
20,42,12,0.93
20,60,12,0.22
20,61,12,0.16
20,64,12,0.78
20,66,12,0.98
20,68,12,0.34
20,70,12,0.97
20,81,12,0.2
20,87,12,0.54
20,88,12,0.11
20,91,12,0.82
20,4,13,0.97
20,20,13,0
20,24,13,0.7
20,35,13,0.04
20,37,13,0.15
20,38,13,0.09
20,40,13,0.57
20,52,13,0.1
20,53,13,0.38
20,57,13,1.0
20,59,13,0.34
20,63,13,0.79
20,65,13,0.94
20,66,13,0.62
20,82,13,0.24
20,83,13,0.6
20,84,13,0.14
20,88,13,0.93
21,1,10,0.71
21,8,10,0.95
21,21,10,0
21,49,10,0.73
21,51,10,0.17
21,58,10,0.57
21,67,10,0.62
21,72,10,0.18
21,75,10,0.99
21,76,10,0.65
21,6,8,0.06
21,7,8,0.34
21,8,8,0.17
21,14,8,0.48
21,15,8,0.67
21,17,8,0.76
21,19,8,0.24
21,21,8,0
21,23,8,0.67
21,29,8,0.99
21,32,8,0.46
21,33,8,0.54
21,50,8,0.36
21,55,8,0.06
21,60,8,0.81
21,64,8,0.21
21,78,8,0.05
21,80,8,0.83
21,81,8,0.97
21,82,8,0.04
21,91,8,0.39
21,93,8,0.53
21,3,3,0.62
21,5,3,0.95
21,9,3,0.58
21,21,3,0
21,27,3,0.57
21,33,3,0.73
21,56,3,0.81
21,57,3,0.6
21,66,3,0.98
21,67,3,0.21
21,71,3,0.64
21,78,3,0.77
21,87,3,0.39
22,4,9,0.04
22,6,9,0.55
22,7,9,0.16
22,8,9,0.3
22,22,9,0
22,40,9,0.96
22,48,9,0.78
22,52,9,0.2
22,67,9,0.84
22,70,9,0.17
22,94,9,0.03
22,99,9,0.17
22,9,16,0.15
22,13,16,0.37
22,22,16,0
22,38,16,0.57
22,43,16,0.31
22,46,16,0.2
22,56,16,0.83
22,58,16,0.3
22,62,16,0.09
22,76,16,0.24
22,78,16,0.18
22,80,16,0.91
22,87,16,0.16
22,92,16,0.03
22,93,16,0.38
22,94,16,0.03
22,3,11,0.87
22,7,11,0.54
22,13,11,0.99
22,15,11,0.37
22,16,11,0.63
22,22,11,0
22,27,11,0.18
22,28,11,0.86
22,66,11,0.4
22,69,11,0.66
22,70,11,0.33
22,83,11,0.41
22,88,11,0.7
22,91,11,0.16
22,95,11,0.44
23,9,0,0.96
23,12,0,0.56
23,13,0,0.11
23,14,0,0.66
23,15,0,0.12
23,18,0,0.92
23,19,0,0.81
23,23,0,0
23,41,0,0.85
23,45,0,0.78
23,51,0,0.28
23,60,0,0.24
23,62,0,0.85
23,65,0,0.24
23,68,0,0.38
23,69,0,0.41
23,77,0,0.28
23,78,0,0.56
23,85,0,0.17
23,86,0,0.79
23,88,0,0.27
23,96,0,0.51
23,8,18,0.75
23,11,18,0.46
23,23,18,0
23,28,18,0.3
23,31,18,0.66
23,32,18,0.53
23,38,18,0.81
23,43,18,0.54
23,54,18,0.17
23,55,18,0.6
23,60,18,0.42
23,67,18,0.85
23,72,18,0.06
23,89,18,0.07
23,99,18,0.04
23,6,8,0.0
23,7,8,0.73
23,8,8,0.0
23,14,8,0.79
23,15,8,0.48
23,17,8,0.19
23,19,8,0.63
23,21,8,0.03
23,23,8,0
23,29,8,0.35
23,32,8,0.88
23,33,8,0.27
23,50,8,0.8
23,55,8,0.7
23,60,8,0.1
23,64,8,0.4
23,78,8,0.57
23,80,8,0.43
23,81,8,0.03
23,82,8,0.59
23,91,8,0.97
23,93,8,0.26
24,4,6,0.16
24,12,6,0.01
24,17,6,0.22
24,20,6,0.88
24,24,6,0
24,36,6,0.9
24,37,6,0.7
24,39,6,0.09
24,44,6,0.01
24,47,6,0.92
24,48,6,0.55
24,58,6,0.79
24,62,6,0.77
24,71,6,0.45
24,74,6,0.88
24,75,6,0.57
24,76,6,0.15
24,79,6,0.73
24,80,6,0.38
24,85,6,0.05
24,86,6,0.72
24,94,6,0.9
24,96,6,0.99
24,98,6,0.3
24,3,15,0.91
24,11,15,0.24
24,24,15,0
24,26,15,0.45
24,36,15,0.07
24,39,15,0.7
24,46,15,0.59
24,47,15,0.86
24,50,15,0.31
24,63,15,0.63
24,75,15,0.6
24,81,15,0.93
24,82,15,0.54
24,89,15,0.84
24,93,15,0.65
24,97,15,0.11
24,4,13,0.7
24,20,13,0.61
24,24,13,0
24,35,13,0.1
24,37,13,0.36
24,38,13,0.67
24,40,13,0.83
24,52,13,0.6
24,53,13,0.12
24,57,13,0.11
24,59,13,0.88
24,63,13,0.56
24,65,13,0.39
24,66,13,0.72
24,82,13,0.47
24,83,13,0.53
24,84,13,0.13
24,88,13,0.18
25,5,19,0.61
25,18,19,0.35
25,19,19,0.83
25,25,19,0
25,26,19,0.06
25,34,19,0.02
25,45,19,0.61
25,47,19,0.08
25,55,19,0.01
25,69,19,0.41
25,73,19,0.16
25,75,19,0.18
25,89,19,0.77
25,91,19,0.58
25,94,19,0.26
25,96,19,0.09
25,1,5,0.49
25,25,5,0
25,27,5,0.64
25,28,5,0.91
25,29,5,0.66
25,35,5,0.36
25,40,5,0.94
25,50,5,0.31
25,64,5,0.27
25,73,5,0.94
25,74,5,0.15
25,84,5,0.04
25,93,5,0.7
25,0,7,0.91
25,1,7,0.65
25,2,7,0.24
25,7,7,0.98
25,12,7,0.69
25,16,7,0.29
25,25,7,0
25,34,7,0.47
25,37,7,0.42
25,41,7,0.08
25,43,7,0.61
25,45,7,0.77
25,54,7,0.85
25,59,7,0.68
25,74,7,0.13
25,85,7,0.72
25,98,7,0.36
26,2,17,0.06
26,4,17,0.14
26,11,17,0.27
26,14,17,0.3
26,15,17,0.95
26,26,17,0
26,28,17,0.43
26,30,17,0.32
26,39,17,0.39
26,42,17,0.76
26,47,17,0.48
26,54,17,0.27
26,59,17,0.49
26,62,17,0.52
26,69,17,0.91
26,72,17,0.77
26,77,17,0.95
26,83,17,0.02
26,86,17,0.3
26,98,17,0.07
26,3,15,0.17
26,11,15,0.06
26,24,15,0.38
26,26,15,0
26,36,15,0.44
26,39,15,0.33
26,46,15,0.49
26,47,15,0.65
26,50,15,0.46
26,63,15,0.51
26,75,15,0.08
26,81,15,0.93
26,82,15,0.81
26,89,15,0.84
26,93,15,0.31
26,97,15,0.82
26,5,19,0.87
26,18,19,0.18
26,19,19,0.82
26,25,19,0.1
26,26,19,0
26,34,19,0.89
26,45,19,0.97
26,47,19,0.18
26,55,19,0.25
26,69,19,0.24
26,73,19,0.55
26,75,19,0.77
26,89,19,0.25
26,91,19,0.43
26,94,19,0.9
26,96,19,0.34
27,3,11,0.59
27,7,11,0.79
27,13,11,0.95
27,15,11,0.96
27,16,11,0.86
27,22,11,0.84
27,27,11,0
27,28,11,0.89
27,66,11,0.58
27,69,11,0.34
27,70,11,0.22
27,83,11,0.9
27,88,11,0.48
27,91,11,0.78
27,95,11,0.1
27,3,3,0.54
27,5,3,0.26
27,9,3,0.2
27,21,3,0.98
27,27,3,0
27,33,3,0.62
27,56,3,1.0
27,57,3,0.06
27,66,3,0.1
27,67,3,0.58
27,71,3,0.42
27,78,3,0.99
27,87,3,0.89
27,16,14,0.1
27,27,14,0
27,31,14,0.36
27,34,14,0.37
27,40,14,1.0
27,41,14,0.27
27,42,14,0.03
27,44,14,0.63
27,58,14,0.87
27,61,14,0.05
27,80,14,0.42
27,90,14,0.21
27,95,14,0.85
27,97,14,0.08
27,1,5,0.07
27,25,5,0.7
27,27,5,0
27,28,5,0.05
27,29,5,0.88
27,35,5,0.66
27,40,5,0.49
27,50,5,0.17
27,64,5,0.5
27,73,5,0.43
27,74,5,0.26
27,84,5,0.82
27,93,5,0.65
28,1,5,0.29
28,25,5,0.82
28,27,5,0.05
28,28,5,0
28,29,5,0.06
28,35,5,0.58
28,40,5,0.38
28,50,5,0.59
28,64,5,0.26
28,73,5,0.09
28,74,5,0.15
28,84,5,0.23
28,93,5,0.53
28,3,11,0.95
28,7,11,0.64
28,13,11,0.43
28,15,11,0.65
28,16,11,0.38
28,22,11,0.74
28,27,11,0.65
28,28,11,0
28,66,11,0.14
28,69,11,0.31
28,70,11,0.01
28,83,11,0.72
28,88,11,0.92
28,91,11,0.13
28,95,11,0.8
28,8,18,0.72
28,11,18,0.91
28,23,18,0.88
28,28,18,0
28,31,18,0.65
28,32,18,0.14
28,38,18,0.49
28,43,18,0.75
28,54,18,0.32
28,55,18,0.65
28,60,18,0.21
28,67,18,0.53
28,72,18,0.99
28,89,18,0.96
28,99,18,0.48
28,2,17,0.65
28,4,17,0.04
28,11,17,0.13
28,14,17,0.81
28,15,17,0.79
28,26,17,0.69
28,28,17,0
28,30,17,0.92
28,39,17,0.66
28,42,17,0.15
28,47,17,0.07
28,54,17,0.28
28,59,17,0.12
28,62,17,0.52
28,69,17,0.2
28,72,17,0.59
28,77,17,0.6
28,83,17,0.62
28,86,17,0.48
28,98,17,0.38
29,1,5,0.62
29,25,5,0.02
29,27,5,0.67
29,28,5,0.62
29,29,5,0
29,35,5,0.39
29,40,5,0.13
29,50,5,0.92
29,64,5,0.41
29,73,5,0.8
29,74,5,0.99
29,84,5,0.44
29,93,5,0.42
29,6,8,0.53
29,7,8,0.41
29,8,8,0.51
29,14,8,0.99
29,15,8,0.34
29,17,8,0.07
29,19,8,0.3
29,21,8,0.39
29,23,8,0.57
29,29,8,0
29,32,8,0.3
29,33,8,0.1
29,50,8,0.71
29,55,8,0.64
29,60,8,0.95
29,64,8,0.85
29,78,8,0.41
29,80,8,0.95
29,81,8,0.84
29,82,8,0.92
29,91,8,0.64
29,93,8,0.87
30,30,2,0
30,36,2,0.84
30,38,2,0.62
30,39,2,0.56
30,44,2,0.76
30,48,2,0.14
30,53,2,0.33
30,55,2,0.11
30,74,2,0.48
30,79,2,0.15
30,87,2,0.98
30,11,12,0.46
30,20,12,0.82
30,30,12,0
30,31,12,0.25
30,33,12,0.13
30,42,12,0.11
30,60,12,0.32
30,61,12,0.71
30,64,12,0.41
30,66,12,0.39
30,68,12,0.18
30,70,12,0.29
30,81,12,0.59
30,87,12,0.49
30,88,12,0.79
30,91,12,0.6
30,2,17,0.51
30,4,17,0.81
30,11,17,0.38
30,14,17,0.83
30,15,17,0.17
30,26,17,0.93
30,28,17,0.52
30,30,17,0
30,39,17,0.45
30,42,17,0.7
30,47,17,0.53
30,54,17,0.63
30,59,17,0.52
30,62,17,0.36
30,69,17,0.45
30,72,17,0.21
30,77,17,0.44
30,83,17,0.59
30,86,17,0.93
30,98,17,0.72
31,8,18,0.17
31,11,18,0.12
31,23,18,0.7
31,28,18,0.52
31,31,18,0
31,32,18,0.44
31,38,18,0.92
31,43,18,0.34
31,54,18,0.45
31,55,18,0.31
31,60,18,0.36
31,67,18,0.51
31,72,18,0.39
31,89,18,0.62
31,99,18,0.93
31,11,12,0.24
31,20,12,0.38
31,30,12,0.91
31,31,12,0
31,33,12,0.43
31,42,12,0.88
31,60,12,0.15
31,61,12,0.61
31,64,12,0.86
31,66,12,0.08
31,68,12,0.88
31,70,12,0.81
31,81,12,0.62
31,87,12,0.37
31,88,12,0.19
31,91,12,0.38
31,16,14,0.29
31,27,14,0.45
31,31,14,0
31,34,14,0.2
31,40,14,0.97
31,41,14,0.29
31,42,14,0.7
31,44,14,0.5
31,58,14,0.19
31,61,14,0.23
31,80,14,0.51
31,90,14,0.29
31,95,14,0.24
31,97,14,0.02
32,8,18,0.44
32,11,18,0.22
32,23,18,0.63
32,28,18,0.41
32,31,18,0.4
32,32,18,0
32,38,18,0.75
32,43,18,0.19
32,54,18,0.7
32,55,18,0.21
32,60,18,0.87
32,67,18,0.39
32,72,18,0.76
32,89,18,0.39
32,99,18,0.52
32,6,8,0.38
32,7,8,0.8
32,8,8,0.62
32,14,8,0.06
32,15,8,0.1
32,17,8,0.06
32,19,8,0.82
32,21,8,0.74
32,23,8,0.73
32,29,8,0.52
32,32,8,0
32,33,8,0.86
32,50,8,0.85
32,55,8,0.49
32,60,8,0.21
32,64,8,0.16
32,78,8,0.75
32,80,8,0.36
32,81,8,0.78
32,82,8,0.1
32,91,8,0.22
32,93,8,0.93
33,6,8,0.76
33,7,8,0.43
33,8,8,0.78
33,14,8,0.04
33,15,8,0.79
33,17,8,0.45
33,19,8,0.38
33,21,8,0.11
33,23,8,0.95
33,29,8,0.19
33,32,8,0.33
33,33,8,0
33,50,8,0.06
33,55,8,0.63
33,60,8,0.52
33,64,8,0.11
33,78,8,0.71
33,80,8,0.11
33,81,8,0.27
33,82,8,0.61
33,91,8,0.11
33,93,8,0.35
33,11,12,0.19
33,20,12,0.68
33,30,12,0.22
33,31,12,0.17
33,33,12,0
33,42,12,0.12
33,60,12,0.22
33,61,12,0.17
33,64,12,0.26
33,66,12,0.47
33,68,12,0.11
33,70,12,0.36
33,81,12,0.44
33,87,12,0.46
33,88,12,0.66
33,91,12,0.02
33,0,4,0.37
33,1,4,0.38
33,2,4,0.77
33,3,4,0.85
33,9,4,0.65
33,10,4,0.82
33,14,4,0.21
33,33,4,0
33,64,4,0.57
33,68,4,0.25
33,83,4,0.09
33,89,4,0.06
33,90,4,0.22
33,3,3,0.8
33,5,3,0.98
33,9,3,0.36
33,21,3,0.26
33,27,3,0.48
33,33,3,0
33,56,3,0.56
33,57,3,0.94
33,66,3,0.7
33,67,3,0.32
33,71,3,0.98
33,78,3,0.31
33,87,3,0.24
34,5,19,0.17
34,18,19,0.88
34,19,19,0.27
34,25,19,0.46
34,26,19,0.53
34,34,19,0
34,45,19,0.81
34,47,19,0.2
34,55,19,0.81
34,69,19,0.1
34,73,19,0.5
34,75,19,0.55
34,89,19,0.3
34,91,19,0.86
34,94,19,0.63
34,96,19,0.22
34,16,14,0.96
34,27,14,0.89
34,31,14,0.2
34,34,14,0
34,40,14,0.19
34,41,14,0.12
34,42,14,0.78
34,44,14,0.77
34,58,14,0.53
34,61,14,0.89
34,80,14,0.21
34,90,14,0.27
34,95,14,0.1
34,97,14,0.65
34,0,7,0.82
34,1,7,0.57
34,2,7,0.96
34,7,7,0.13
34,12,7,0.2
34,16,7,0.09
34,25,7,0.75
34,34,7,0
34,37,7,0.17
34,41,7,0.35
34,43,7,0.07
34,45,7,0.44
34,54,7,0.6
34,59,7,0.88
34,74,7,0.7
34,85,7,0.93
34,98,7,0.04
35,4,13,0.15
35,20,13,0.08
35,24,13,0.99
35,35,13,0
35,37,13,0.89
35,38,13,0.27
35,40,13,0.76
35,52,13,0.17
35,53,13,0.16
35,57,13,0.67
35,59,13,0.76
35,63,13,0.54
35,65,13,0.08
35,66,13,0.13
35,82,13,0.45
35,83,13,0.18
35,84,13,0.4
35,88,13,0.65
35,1,5,0.0
35,25,5,0.37
35,27,5,0.32
35,28,5,0.57
35,29,5,0.66
35,35,5,0
35,40,5,0.35
35,50,5,0.75
35,64,5,0.17
35,73,5,0.87
35,74,5,0.38
35,84,5,0.36
35,93,5,0.9
36,4,6,0.79
36,12,6,0.69
36,17,6,0.02
36,20,6,0.37
36,24,6,0.65
36,36,6,0
36,37,6,0.36
36,39,6,0.71
36,44,6,1.0
36,47,6,0.12
36,48,6,0.05
36,58,6,0.46
36,62,6,0.63
36,71,6,0.45
36,74,6,0.52
36,75,6,0.71
36,76,6,0.31
36,79,6,0.63
36,80,6,0.29
36,85,6,0.96
36,86,6,0.46
36,94,6,0.59
36,96,6,0.46
36,98,6,0.25
36,3,15,0.2
36,11,15,0.65
36,24,15,0.83
36,26,15,0.13
36,36,15,0
36,39,15,0.56
36,46,15,0.0
36,47,15,0.26
36,50,15,0.48
36,63,15,0.14
36,75,15,0.98
36,81,15,0.17
36,82,15,0.74
36,89,15,0.14
36,93,15,0.27
36,97,15,0.02
36,30,2,0.09
36,36,2,0
36,38,2,0.46
36,39,2,0.23
36,44,2,0.33
36,48,2,1.0
36,53,2,0.43
36,55,2,0.17
36,74,2,0.95
36,79,2,0.73
36,87,2,0.01
37,4,6,0.72
37,12,6,0.74
37,17,6,0.44
37,20,6,0.64
37,24,6,0.27
37,36,6,0.81
37,37,6,0
37,39,6,0.1
37,44,6,0.08
37,47,6,0.3
37,48,6,0.64
37,58,6,0.17
37,62,6,0.15
37,71,6,0.78
37,74,6,0.7
37,75,6,0.13
37,76,6,0.07
37,79,6,0.69
37,80,6,0.16
37,85,6,0.2
37,86,6,0.06
37,94,6,0.52
37,96,6,0.68
37,98,6,0.36
37,4,13,0.22
37,20,13,0.55
37,24,13,0.82
37,35,13,0.69
37,37,13,0
37,38,13,0.52
37,40,13,0.78
37,52,13,0.31
37,53,13,0.36
37,57,13,0.02
37,59,13,0.07
37,63,13,0.36
37,65,13,0.59
37,66,13,0.81
37,82,13,0.98
37,83,13,0.3
37,84,13,0.25
37,88,13,0.88
37,0,7,0.09
37,1,7,0.39
37,2,7,0.81
37,7,7,0.07
37,12,7,0.56
37,16,7,0.45
37,25,7,0.97
37,34,7,0.62
37,37,7,0
37,41,7,0.65
37,43,7,0.59
37,45,7,0.58
37,54,7,0.12
37,59,7,0.65
37,74,7,0.11
37,85,7,0.26
37,98,7,0.29
38,4,13,0.98
38,20,13,0.78
38,24,13,0.88
38,35,13,0.66
38,37,13,0.68
38,38,13,0
38,40,13,0.32
38,52,13,0.26
38,53,13,0.76
38,57,13,0.57
38,59,13,0.53
38,63,13,1.0
38,65,13,0.69
38,66,13,0.3
38,82,13,0.36
38,83,13,0.22
38,84,13,0.29
38,88,13,0.73
38,9,16,0.82
38,13,16,0.28
38,22,16,0.42
38,38,16,0
38,43,16,0.08
38,46,16,0.61
38,56,16,0.85
38,58,16,0.58
38,62,16,0.96
38,76,16,0.08
38,78,16,0.06
38,80,16,0.61
38,87,16,0.95
38,92,16,0.55
38,93,16,0.61
38,94,16,0.04
38,8,18,0.13
38,11,18,0.01
38,23,18,0.07
38,28,18,0.8
38,31,18,0.98
38,32,18,0.83
38,38,18,0
38,43,18,0.37
38,54,18,0.26
38,55,18,0.46
38,60,18,0.3
38,67,18,0.45
38,72,18,0.2
38,89,18,0.44
38,99,18,0.52
38,30,2,0.3
38,36,2,0.91
38,38,2,0
38,39,2,0.89
38,44,2,0.41
38,48,2,0.61
38,53,2,0.83
38,55,2,0.2
38,74,2,0.36
38,79,2,0.33
38,87,2,0.98
39,30,2,0.25
39,36,2,0.29
39,38,2,0.44
39,39,2,0
39,44,2,1.0
39,48,2,0.85
39,53,2,0.42
39,55,2,0.79
39,74,2,0.99
39,79,2,0.46
39,87,2,0.47
39,3,15,0.92
39,11,15,0.07
39,24,15,0.11
39,26,15,0.85
39,36,15,0.88
39,39,15,0
39,46,15,0.23
39,47,15,0.85
39,50,15,0.18
39,63,15,0.38
39,75,15,0.34
39,81,15,0.62
39,82,15,0.87
39,89,15,0.13
39,93,15,0.04
39,97,15,0.91
39,4,6,0.92
39,12,6,0.34
39,17,6,0.96
39,20,6,0.2
39,24,6,0.44
39,36,6,0.37
39,37,6,0.25
39,39,6,0
39,44,6,0.18
39,47,6,0.88
39,48,6,0.41
39,58,6,0.17
39,62,6,0.59
39,71,6,0.2
39,74,6,0.54
39,75,6,0.06
39,76,6,0.98
39,79,6,0.76
39,80,6,0.31
39,85,6,0.26
39,86,6,0.1
39,94,6,0.28
39,96,6,0.05
39,98,6,0.51
39,2,17,0.44
39,4,17,0.54
39,11,17,0.87
39,14,17,0.02
39,15,17,0.32
39,26,17,0.92
39,28,17,0.14
39,30,17,0.81
39,39,17,0
39,42,17,0.49
39,47,17,0.52
39,54,17,0.01
39,59,17,0.49
39,62,17,0.24
39,69,17,0.1
39,72,17,0.6
39,77,17,0.35
39,83,17,0.04
39,86,17,0.85
39,98,17,0.48
40,1,5,0.78
40,25,5,0.94
40,27,5,0.69
40,28,5,0.21
40,29,5,0.95
40,35,5,0.85
40,40,5,0
40,50,5,0.73
40,64,5,0.34
40,73,5,0.04
40,74,5,0.09
40,84,5,0.52
40,93,5,0.92
40,16,14,0.16
40,27,14,0.11
40,31,14,0.62
40,34,14,0.73
40,40,14,0
40,41,14,0.28
40,42,14,0.77
40,44,14,0.58
40,58,14,0.86
40,61,14,0.91
40,80,14,0.95
40,90,14,0.44
40,95,14,0.75
40,97,14,0.92
40,4,13,0.19
40,20,13,0.01
40,24,13,0.39
40,35,13,0.84
40,37,13,0.43
40,38,13,0.03
40,40,13,0
40,52,13,0.87
40,53,13,0.68
40,57,13,0.45
40,59,13,0.04
40,63,13,0.89
40,65,13,0.41
40,66,13,0.13
40,82,13,0.71
40,83,13,0.98
40,84,13,0.84
40,88,13,0.33
40,4,9,0.34
40,6,9,0.59
40,7,9,0.79
40,8,9,0.13
40,22,9,0.6
40,40,9,0
40,48,9,0.5
40,52,9,0.15
40,67,9,0.01
40,70,9,0.26
40,94,9,0.53
40,99,9,0.67
41,0,7,0.37
41,1,7,0.37
41,2,7,0.8
41,7,7,0.37
41,12,7,0.1
41,16,7,0.66
41,25,7,0.04
41,34,7,0.66
41,37,7,0.34
41,41,7,0
41,43,7,0.68
41,45,7,1.0
41,54,7,0.22
41,59,7,0.41
41,74,7,0.12
41,85,7,0.59
41,98,7,0.03
41,9,0,0.62
41,12,0,0.63
41,13,0,0.5
41,14,0,0.2
41,15,0,0.47
41,18,0,0.55
41,19,0,0.71
41,23,0,0.67
41,41,0,0
41,45,0,0.53
41,51,0,0.54
41,60,0,0.19
41,62,0,0.05
41,65,0,0.83
41,68,0,0.0
41,69,0,0.61
41,77,0,0.71
41,78,0,0.88
41,85,0,0.19
41,86,0,0.36
41,88,0,0.84
41,96,0,0.96
41,16,14,0.34
41,27,14,0.35
41,31,14,0.93
41,34,14,0.31
41,40,14,0.55
41,41,14,0
41,42,14,0.34
41,44,14,1.0
41,58,14,0.35
41,61,14,0.88
41,80,14,0.81
41,90,14,0.95
41,95,14,0.85
41,97,14,0.12
42,16,14,0.56
42,27,14,0.84
42,31,14,0.18
42,34,14,0.01
42,40,14,0.56
42,41,14,0.02
42,42,14,0
42,44,14,0.66
42,58,14,0.47
42,61,14,0.82
42,80,14,0.6
42,90,14,0.57
42,95,14,0.68
42,97,14,0.61
42,2,17,0.5
42,4,17,0.88
42,11,17,0.18
42,14,17,0.32
42,15,17,0.21
42,26,17,0.81
42,28,17,0.12
42,30,17,0.54
42,39,17,0.35
42,42,17,0
42,47,17,0.69
42,54,17,0.53
42,59,17,0.66
42,62,17,0.0
42,69,17,0.1
42,72,17,0.43
42,77,17,0.77
42,83,17,0.71
42,86,17,0.67
42,98,17,0.33
42,11,12,0.38
42,20,12,0.33
42,30,12,0.58
42,31,12,0.76
42,33,12,0.35
42,42,12,0
42,60,12,0.54
42,61,12,0.6
42,64,12,0.36
42,66,12,0.84
42,68,12,0.77
42,70,12,0.89
42,81,12,0.43
42,87,12,0.44
42,88,12,0.5
42,91,12,0.14
43,8,18,0.41
43,11,18,0.65
43,23,18,0.86
43,28,18,0.46
43,31,18,0.54
43,32,18,0.17
43,38,18,0.36
43,43,18,0
43,54,18,0.9
43,55,18,0.93
43,60,18,0.12
43,67,18,0.48
43,72,18,0.8
43,89,18,0.2
43,99,18,0.27
43,9,16,0.88
43,13,16,0.29
43,22,16,0.66
43,38,16,0.11
43,43,16,0
43,46,16,0.21
43,56,16,0.73
43,58,16,0.02
43,62,16,0.62
43,76,16,0.84
43,78,16,0.3
43,80,16,0.74
43,87,16,0.56
43,92,16,0.1
43,93,16,0.3
43,94,16,0.51
43,0,7,0.92
43,1,7,0.93
43,2,7,0.95
43,7,7,0.7
43,12,7,0.31
43,16,7,0.45
43,25,7,0.95
43,34,7,0.58
43,37,7,0.23
43,41,7,0.48
43,43,7,0
43,45,7,0.88
43,54,7,0.67
43,59,7,0.96
43,74,7,0.45
43,85,7,0.08
43,98,7,0.8
44,30,2,0.44
44,36,2,0.67
44,38,2,0.09
44,39,2,0.04
44,44,2,0
44,48,2,0.84
44,53,2,0.1
44,55,2,0.38
44,74,2,0.93
44,79,2,0.33
44,87,2,0.49
44,4,6,0.83
44,12,6,0.08
44,17,6,0.11
44,20,6,0.42
44,24,6,0.58
44,36,6,0.85
44,37,6,0.29
44,39,6,0.91
44,44,6,0
44,47,6,0.18
44,48,6,0.5
44,58,6,0.66
44,62,6,0.75
44,71,6,0.6
44,74,6,0.05
44,75,6,0.77
44,76,6,0.35
44,79,6,0.56
44,80,6,0.85
44,85,6,0.58
44,86,6,0.82
44,94,6,0.09
44,96,6,0.66
44,98,6,0.2
44,16,14,0.13
44,27,14,0.86
44,31,14,0.39
44,34,14,0.9
44,40,14,0.61
44,41,14,0.28
44,42,14,0.57
44,44,14,0
44,58,14,0.71
44,61,14,0.26
44,80,14,0.59
44,90,14,0.6
44,95,14,0.05
44,97,14,0.31
45,5,19,0.24
45,18,19,0.2
45,19,19,0.4
45,25,19,0.31
45,26,19,0.88
45,34,19,0.69
45,45,19,0
45,47,19,0.1
45,55,19,0.15
45,69,19,0.41
45,73,19,0.27
45,75,19,0.72
45,89,19,0.95
45,91,19,0.48
45,94,19,0.24
45,96,19,0.22
45,0,7,0.55
45,1,7,0.17
45,2,7,0.76
45,7,7,0.76
45,12,7,0.45
45,16,7,0.84
45,25,7,0.59
45,34,7,0.75
45,37,7,0.08
45,41,7,0.76
45,43,7,0.96
45,45,7,0
45,54,7,0.93
45,59,7,0.4
45,74,7,0.66
45,85,7,0.35
45,98,7,0.75
45,9,0,0.83
45,12,0,0.89
45,13,0,0.83
45,14,0,0.6
45,15,0,0.56
45,18,0,0.06
45,19,0,0.69
45,23,0,0.84
45,41,0,0.65
45,45,0,0
45,51,0,0.67
45,60,0,0.95
45,62,0,0.97
45,65,0,0.33
45,68,0,0.94
45,69,0,0.39
45,77,0,0.3
45,78,0,0.79
45,85,0,0.54
45,86,0,0.34
45,88,0,0.18
45,96,0,0.05
46,3,15,0.07
46,11,15,0.31
46,24,15,0.82
46,26,15,0.05
46,36,15,0.75
46,39,15,0.01
46,46,15,0
46,47,15,0.74
46,50,15,0.39
46,63,15,0.6
46,75,15,0.67
46,81,15,0.36
46,82,15,0.55
46,89,15,0.36
46,93,15,0.18
46,97,15,0.63
46,9,16,0.57
46,13,16,0.51
46,22,16,0.12
46,38,16,0.02
46,43,16,0.04
46,46,16,0
46,56,16,0.46
46,58,16,0.07
46,62,16,0.92
46,76,16,0.12
46,78,16,0.39
46,80,16,0.8
46,87,16,0.21
46,92,16,0.26
46,93,16,0.68
46,94,16,0.6
47,3,15,0.71
47,11,15,0.89
47,24,15,0.47
47,26,15,0.99
47,36,15,0.59
47,39,15,0.95
47,46,15,0.98
47,47,15,0
47,50,15,0.99
47,63,15,0.1
47,75,15,0.8
47,81,15,0.3
47,82,15,0.71
47,89,15,0.72
47,93,15,0.99
47,97,15,0.04
47,4,6,0.18
47,12,6,0.99
47,17,6,0.37
47,20,6,0.46
47,24,6,0.34
47,36,6,0.6
47,37,6,0.6
47,39,6,0.69
47,44,6,0.86
47,47,6,0
47,48,6,0.7
47,58,6,0.04
47,62,6,0.9
47,71,6,0.28
47,74,6,0.49
47,75,6,0.9
47,76,6,0.61
47,79,6,0.51
47,80,6,0.18
47,85,6,0.97
47,86,6,0.09
47,94,6,0.32
47,96,6,0.43
47,98,6,0.38
47,5,19,0.1
47,18,19,0.05
47,19,19,0.16
47,25,19,0.54
47,26,19,0.97
47,34,19,0.71
47,45,19,0.52
47,47,19,0
47,55,19,0.98
47,69,19,0.97
47,73,19,0.5
47,75,19,0.5
47,89,19,0.55
47,91,19,0.85
47,94,19,0.71
47,96,19,0.52
47,2,17,0.68
47,4,17,0.19
47,11,17,0.72
47,14,17,0.16
47,15,17,0.34
47,26,17,0.84
47,28,17,0.77
47,30,17,0.71
47,39,17,0.9
47,42,17,0.58
47,47,17,0
47,54,17,0.58
47,59,17,0.16
47,62,17,0.99
47,69,17,0.6
47,72,17,0.07
47,77,17,0.39
47,83,17,0.76
47,86,17,0.15
47,98,17,0.51
48,0,1,0.83
48,5,1,0.54
48,10,1,0.94
48,18,1,0.35
48,48,1,0
48,49,1,0.1
48,50,1,0.92
48,54,1,0.71
48,70,1,0.68
48,84,1,0.13
48,92,1,0.48
48,96,1,0.93
48,30,2,0.31
48,36,2,0.26
48,38,2,0.72
48,39,2,0.27
48,44,2,0.74
48,48,2,0
48,53,2,0.94
48,55,2,1.0
48,74,2,0.84
48,79,2,0.33
48,87,2,0.77
48,4,6,0.32
48,12,6,0.39
48,17,6,0.18
48,20,6,0.53
48,24,6,0.23
48,36,6,0.59
48,37,6,0.48
48,39,6,0.62
48,44,6,0.66
48,47,6,0.08
48,48,6,0
48,58,6,0.22
48,62,6,0.3
48,71,6,0.99
48,74,6,0.22
48,75,6,0.47
48,76,6,0.42
48,79,6,0.97
48,80,6,0.15
48,85,6,0.82
48,86,6,0.46
48,94,6,0.37
48,96,6,0.58
48,98,6,0.48
48,4,9,0.66
48,6,9,0.82
48,7,9,0.71
48,8,9,0.74
48,22,9,0.94
48,40,9,0.73
48,48,9,0
48,52,9,0.54
48,67,9,0.43
48,70,9,0.7
48,94,9,0.14
48,99,9,0.75
49,1,10,0.85
49,8,10,0.92
49,21,10,0.93
49,49,10,0
49,51,10,0.37
49,58,10,0.09
49,67,10,0.74
49,72,10,0.16
49,75,10,0.19
49,76,10,0.54
49,0,1,0.48
49,5,1,0.37
49,10,1,0.5
49,18,1,0.32
49,48,1,0.63
49,49,1,0
49,50,1,0.26
49,54,1,0.2
49,70,1,0.53
49,84,1,0.7
49,92,1,0.68
49,96,1,0.08
50,3,15,0.13
50,11,15,0.72
50,24,15,0.44
50,26,15,0.77
50,36,15,0.75
50,39,15,0.56
50,46,15,0.17
50,47,15,0.66
50,50,15,0
50,63,15,0.05
50,75,15,0.24
50,81,15,0.4
50,82,15,0.68
50,89,15,0.35
50,93,15,0.43
50,97,15,0.82
50,6,8,0.72
50,7,8,0.91
50,8,8,0.65
50,14,8,0.28
50,15,8,0.85
50,17,8,0.89
50,19,8,0.94
50,21,8,0.33
50,23,8,0.38
50,29,8,0.48
50,32,8,0.04
50,33,8,0.64
50,50,8,0
50,55,8,0.24
50,60,8,0.75
50,64,8,0.14
50,78,8,0.4
50,80,8,0.21
50,81,8,0.56
50,82,8,0.81
50,91,8,0.42
50,93,8,0.72
50,0,1,0.11
50,5,1,0.18
50,10,1,0.19
50,18,1,0.55
50,48,1,0.05
50,49,1,0.88
50,50,1,0
50,54,1,0.43
50,70,1,0.4
50,84,1,0.17
50,92,1,0.6
50,96,1,0.19
50,1,5,0.66
50,25,5,0.29
50,27,5,0.65
50,28,5,0.44
50,29,5,0.09
50,35,5,0.64
50,40,5,0.58
50,50,5,0
50,64,5,0.66
50,73,5,0.01
50,74,5,0.84
50,84,5,0.16
50,93,5,0.58
51,1,10,0.06
51,8,10,0.93
51,21,10,0.42
51,49,10,0.56
51,51,10,0
51,58,10,0.13
51,67,10,0.38
51,72,10,0.82
51,75,10,0.93
51,76,10,0.95
51,9,0,0.0
51,12,0,0.72
51,13,0,0.83
51,14,0,0.94
51,15,0,0.16
51,18,0,0.15
51,19,0,0.08
51,23,0,0.44
51,41,0,0.63
51,45,0,0.55
51,51,0,0
51,60,0,0.74
51,62,0,0.43
51,65,0,0.16
51,68,0,0.5
51,69,0,0.52
51,77,0,0.88
51,78,0,0.79
51,85,0,0.18
51,86,0,0.77
51,88,0,0.46
51,96,0,0.68
52,4,13,0.26
52,20,13,0.43
52,24,13,0.4
52,35,13,0.75
52,37,13,0.61
52,38,13,0.86
52,40,13,0.72
52,52,13,0
52,53,13,0.19
52,57,13,0.35
52,59,13,0.3
52,63,13,0.63
52,65,13,0.5
52,66,13,0.72
52,82,13,0.7
52,83,13,0.21
52,84,13,0.7
52,88,13,0.39
52,4,9,0.19
52,6,9,0.72
52,7,9,0.17
52,8,9,0.77
52,22,9,0.09
52,40,9,0.48
52,48,9,0.31
52,52,9,0
52,67,9,0.95
52,70,9,0.21
52,94,9,0.19
52,99,9,0.81
53,30,2,0.6
53,36,2,0.54
53,38,2,0.5
53,39,2,0.2
53,44,2,0.21
53,48,2,0.02
53,53,2,0
53,55,2,0.54
53,74,2,0.22
53,79,2,0.69
53,87,2,0.19
53,4,13,0.37
53,20,13,0.4
53,24,13,0.0
53,35,13,0.89
53,37,13,0.58
53,38,13,0.62
53,40,13,0.16
53,52,13,0.93
53,53,13,0
53,57,13,0.36
53,59,13,0.46
53,63,13,0.69
53,65,13,0.5
53,66,13,0.19
53,82,13,0.9
53,83,13,0.54
53,84,13,0.56
53,88,13,0.42
54,2,17,0.09
54,4,17,0.88
54,11,17,0.97
54,14,17,0.05
54,15,17,0.98
54,26,17,0.13
54,28,17,0.9
54,30,17,0.5
54,39,17,0.4
54,42,17,0.94
54,47,17,0.41
54,54,17,0
54,59,17,0.33
54,62,17,0.24
54,69,17,0.71
54,72,17,0.97
54,77,17,0.04
54,83,17,0.17
54,86,17,0.36
54,98,17,0.28
54,0,7,0.79
54,1,7,0.07
54,2,7,0.97
54,7,7,0.95
54,12,7,0.66
54,16,7,0.72
54,25,7,0.09
54,34,7,0.02
54,37,7,0.58
54,41,7,0.26
54,43,7,0.58
54,45,7,0.11
54,54,7,0
54,59,7,0.75
54,74,7,0.93
54,85,7,0.29
54,98,7,0.08
54,8,18,0.12
54,11,18,0.72
54,23,18,0.24
54,28,18,0.89
54,31,18,0.83
54,32,18,0.81
54,38,18,0.46
54,43,18,0.15
54,54,18,0
54,55,18,0.67
54,60,18,0.86
54,67,18,0.87
54,72,18,0.44
54,89,18,0.37
54,99,18,0.1
54,0,1,0.44
54,5,1,0.18
54,10,1,0.92
54,18,1,0.03
54,48,1,0.33
54,49,1,0.72
54,50,1,0.67
54,54,1,0
54,70,1,0.2
54,84,1,0.43
54,92,1,0.52
54,96,1,0.06
55,5,19,0.33
55,18,19,0.97
55,19,19,0.26
55,25,19,0.39
55,26,19,0.58
55,34,19,0.15
55,45,19,0.85
55,47,19,0.97
55,55,19,0
55,69,19,0.37
55,73,19,0.8
55,75,19,0.17
55,89,19,0.95
55,91,19,0.85
55,94,19,0.46
55,96,19,0.3
55,6,8,0.96
55,7,8,0.45
55,8,8,0.37
55,14,8,0.01
55,15,8,0.92
55,17,8,0.81
55,19,8,0.76
55,21,8,0.4
55,23,8,1.0
55,29,8,0.64
55,32,8,0.06
55,33,8,0.85
55,50,8,0.16
55,55,8,0
55,60,8,0.12
55,64,8,0.34
55,78,8,0.15
55,80,8,0.42
55,81,8,0.45
55,82,8,0.68
55,91,8,0.54
55,93,8,0.9
55,8,18,0.85
55,11,18,0.48
55,23,18,0.04
55,28,18,0.35
55,31,18,0.53
55,32,18,0.83
55,38,18,0.59
55,43,18,0.75
55,54,18,0.34
55,55,18,0
55,60,18,0.19
55,67,18,0.61
55,72,18,0.65
55,89,18,0.43
55,99,18,0.66
55,30,2,0.17
55,36,2,0.65
55,38,2,0.22
55,39,2,0.47
55,44,2,0.97
55,48,2,0.83
55,53,2,0.13
55,55,2,0
55,74,2,0.22
55,79,2,0.61
55,87,2,0.82
56,3,3,0.42
56,5,3,0.55
56,9,3,0.03
56,21,3,0.11
56,27,3,0.05
56,33,3,0.27
56,56,3,0
56,57,3,0.56
56,66,3,0.01
56,67,3,0.29
56,71,3,0.55
56,78,3,0.69
56,87,3,0.67
56,9,16,0.92
56,13,16,0.0
56,22,16,0.36
56,38,16,0.85
56,43,16,0.43
56,46,16,0.01
56,56,16,0
56,58,16,0.33
56,62,16,0.64
56,76,16,0.92
56,78,16,0.71
56,80,16,0.26
56,87,16,0.67
56,92,16,0.41
56,93,16,0.09
56,94,16,0.57
57,4,13,0.51
57,20,13,0.04
57,24,13,0.32
57,35,13,0.96
57,37,13,0.26
57,38,13,0.4
57,40,13,0.74
57,52,13,0.36
57,53,13,0.97
57,57,13,0
57,59,13,0.27
57,63,13,0.27
57,65,13,0.53
57,66,13,0.77
57,82,13,0.68
57,83,13,0.92
57,84,13,0.53
57,88,13,0.11
57,3,3,0.46
57,5,3,0.63
57,9,3,0.98
57,21,3,0.81
57,27,3,0.34
57,33,3,0.13
57,56,3,0.48
57,57,3,0
57,66,3,0.19
57,67,3,0.4
57,71,3,0.05
57,78,3,0.81
57,87,3,0.72
58,9,16,0.39
58,13,16,0.21
58,22,16,0.31
58,38,16,0.26
58,43,16,0.36
58,46,16,0.32
58,56,16,0.11
58,58,16,0
58,62,16,0.9
58,76,16,0.67
58,78,16,0.31
58,80,16,0.59
58,87,16,0.32
58,92,16,0.34
58,93,16,0.65
58,94,16,0.05
58,4,6,0.83
58,12,6,0.87
58,17,6,0.82
58,20,6,0.62
58,24,6,0.89
58,36,6,0.37
58,37,6,0.48
58,39,6,0.07
58,44,6,0.53
58,47,6,0.27
58,48,6,0.54
58,58,6,0
58,62,6,0.91
58,71,6,0.36
58,74,6,0.9
58,75,6,0.31
58,76,6,0.07
58,79,6,0.49
58,80,6,1.0
58,85,6,0.27
58,86,6,0.38
58,94,6,0.6
58,96,6,0.95
58,98,6,0.52
58,1,10,0.08
58,8,10,0.07
58,21,10,0.3
58,49,10,0.91
58,51,10,0.46
58,58,10,0
58,67,10,0.64
58,72,10,0.99
58,75,10,0.87
58,76,10,0.78
58,16,14,0.01
58,27,14,0.59
58,31,14,0.01
58,34,14,0.96
58,40,14,0.12
58,41,14,0.32
58,42,14,0.53
58,44,14,0.6
58,58,14,0
58,61,14,0.78
58,80,14,0.87
58,90,14,0.93
58,95,14,0.71
58,97,14,0.19
59,0,7,0.64
59,1,7,0.29
59,2,7,0.21
59,7,7,0.81
59,12,7,0.22
59,16,7,0.53
59,25,7,0.64
59,34,7,0.1
59,37,7,0.0
59,41,7,0.95
59,43,7,0.08
59,45,7,0.95
59,54,7,0.42
59,59,7,0
59,74,7,0.38
59,85,7,0.75
59,98,7,0.6
59,4,13,0.93
59,20,13,0.09
59,24,13,0.55
59,35,13,0.75
59,37,13,0.24
59,38,13,0.87
59,40,13,0.15
59,52,13,0.29
59,53,13,0.55
59,57,13,0.37
59,59,13,0
59,63,13,0.43
59,65,13,0.93
59,66,13,0.28
59,82,13,0.51
59,83,13,0.21
59,84,13,0.04
59,88,13,0.25
59,2,17,0.16
59,4,17,0.53
59,11,17,0.13
59,14,17,0.51
59,15,17,0.39
59,26,17,0.85
59,28,17,0.07
59,30,17,0.25
59,39,17,0.34
59,42,17,0.88
59,47,17,0.63
59,54,17,0.86
59,59,17,0
59,62,17,0.14
59,69,17,0.95
59,72,17,0.42
59,77,17,0.06
59,83,17,0.53
59,86,17,0.55
59,98,17,0.67
60,8,18,0.9
60,11,18,0.73
60,23,18,0.44
60,28,18,0.92
60,31,18,0.48
60,32,18,0.28
60,38,18,0.18
60,43,18,0.49
60,54,18,0.63
60,55,18,0.45
60,60,18,0
60,67,18,0.53
60,72,18,0.17
60,89,18,0.87
60,99,18,0.45
60,9,0,0.34
60,12,0,0.31
60,13,0,0.52
60,14,0,0.7
60,15,0,0.44
60,18,0,0.71
60,19,0,0.78
60,23,0,0.48
60,41,0,0.74
60,45,0,1.0
60,51,0,0.06
60,60,0,0
60,62,0,0.61
60,65,0,0.56
60,68,0,0.49
60,69,0,0.02
60,77,0,0.87
60,78,0,0.92
60,85,0,0.77
60,86,0,0.09
60,88,0,0.8
60,96,0,0.58
60,6,8,0.01
60,7,8,0.85
60,8,8,0.44
60,14,8,0.75
60,15,8,0.5
60,17,8,0.78
60,19,8,0.76
60,21,8,0.05
60,23,8,0.37
60,29,8,0.73
60,32,8,0.33
60,33,8,0.78
60,50,8,0.46
60,55,8,0.6
60,60,8,0
60,64,8,0.24
60,78,8,0.94
60,80,8,0.99
60,81,8,0.54
60,82,8,0.71
60,91,8,0.88
60,93,8,0.44
60,11,12,0.09
60,20,12,0.85
60,30,12,0.91
60,31,12,0.9
60,33,12,0.31
60,42,12,0.65
60,60,12,0
60,61,12,0.82
60,64,12,0.01
60,66,12,0.07
60,68,12,0.5
60,70,12,0.08
60,81,12,0.54
60,87,12,0.12
60,88,12,0.16
60,91,12,0.91
61,16,14,0.11
61,27,14,0.32
61,31,14,0.68
61,34,14,0.19
61,40,14,0.67
61,41,14,1.0
61,42,14,0.05
61,44,14,0.44
61,58,14,0.85
61,61,14,0
61,80,14,0.35
61,90,14,0.18
61,95,14,0.72
61,97,14,0.3
61,11,12,0.36
61,20,12,0.6
61,30,12,0.49
61,31,12,0.12
61,33,12,0.63
61,42,12,0.19
61,60,12,0.11
61,61,12,0
61,64,12,0.16
61,66,12,0.49
61,68,12,0.29
61,70,12,0.04
61,81,12,0.82
61,87,12,0.13
61,88,12,0.22
61,91,12,0.32
62,2,17,0.84
62,4,17,0.94
62,11,17,0.11
62,14,17,0.52
62,15,17,0.36
62,26,17,0.94
62,28,17,0.26
62,30,17,0.51
62,39,17,0.31
62,42,17,0.13
62,47,17,0.68
62,54,17,0.82
62,59,17,0.16
62,62,17,0
62,69,17,0.93
62,72,17,0.27
62,77,17,0.18
62,83,17,0.12
62,86,17,0.25
62,98,17,0.49
62,4,6,0.97
62,12,6,0.7
62,17,6,0.26
62,20,6,0.78
62,24,6,0.95
62,36,6,0.17
62,37,6,0.75
62,39,6,0.87
62,44,6,0.77
62,47,6,0.65
62,48,6,0.83
62,58,6,0.41
62,62,6,0
62,71,6,0.0
62,74,6,0.95
62,75,6,0.79
62,76,6,0.64
62,79,6,0.42
62,80,6,0.89
62,85,6,0.97
62,86,6,0.04
62,94,6,0.8
62,96,6,0.56
62,98,6,0.91
62,9,16,0.27
62,13,16,0.38
62,22,16,0.95
62,38,16,0.48
62,43,16,0.22
62,46,16,0.35
62,56,16,0.16
62,58,16,0.16
62,62,16,0
62,76,16,0.88
62,78,16,0.3
62,80,16,0.68
62,87,16,0.63
62,92,16,0.52
62,93,16,0.37
62,94,16,0.68
62,9,0,0.03
62,12,0,0.33
62,13,0,0.61
62,14,0,0.36
62,15,0,0.01
62,18,0,0.01
62,19,0,0.26
62,23,0,0.66
62,41,0,0.04
62,45,0,0.72
62,51,0,0.28
62,60,0,0.79
62,62,0,0
62,65,0,0.71
62,68,0,0.42
62,69,0,0.34
62,77,0,0.89
62,78,0,0.53
62,85,0,0.29
62,86,0,0.24
62,88,0,0.3
62,96,0,0.11
63,4,13,0.54
63,20,13,0.53
63,24,13,0.64
63,35,13,0.22
63,37,13,0.15
63,38,13,1.0
63,40,13,0.03
63,52,13,0.89
63,53,13,0.63
63,57,13,0.9
63,59,13,0.1
63,63,13,0
63,65,13,0.75
63,66,13,0.4
63,82,13,0.9
63,83,13,0.17
63,84,13,0.22
63,88,13,0.1
63,3,15,0.33
63,11,15,0.49
63,24,15,0.85
63,26,15,0.93
63,36,15,0.42
63,39,15,0.62
63,46,15,0.27
63,47,15,0.81
63,50,15,0.11
63,63,15,0
63,75,15,0.51
63,81,15,0.59
63,82,15,0.43
63,89,15,0.09
63,93,15,0.22
63,97,15,0.31
64,1,5,0.02
64,25,5,0.46
64,27,5,0.25
64,28,5,0.28
64,29,5,0.08
64,35,5,0.82
64,40,5,0.31
64,50,5,0.7
64,64,5,0
64,73,5,0.52
64,74,5,0.47
64,84,5,0.15
64,93,5,0.38
64,6,8,0.25
64,7,8,0.06
64,8,8,0.56
64,14,8,0.98
64,15,8,0.39
64,17,8,0.93
64,19,8,0.96
64,21,8,0.4
64,23,8,0.11
64,29,8,0.02
64,32,8,0.6
64,33,8,0.15
64,50,8,0.23
64,55,8,0.02
64,60,8,0.73
64,64,8,0
64,78,8,0.72
64,80,8,0.29
64,81,8,0.8
64,82,8,0.78
64,91,8,0.85
64,93,8,0.43
64,11,12,0.54
64,20,12,0.35
64,30,12,0.28
64,31,12,0.47
64,33,12,0.02
64,42,12,0.97
64,60,12,0.41
64,61,12,0.71
64,64,12,0
64,66,12,0.47
64,68,12,0.72
64,70,12,0.24
64,81,12,0.65
64,87,12,0.1
64,88,12,0.97
64,91,12,0.44
64,0,4,0.55
64,1,4,0.71
64,2,4,0.42
64,3,4,0.01
64,9,4,0.89
64,10,4,0.5
64,14,4,0.97
64,33,4,0.19
64,64,4,0
64,68,4,0.6
64,83,4,0.72
64,89,4,0.54
64,90,4,0.77
65,9,0,0.49
65,12,0,0.88
65,13,0,0.02
65,14,0,0.79
65,15,0,0.28
65,18,0,0.61
65,19,0,0.09
65,23,0,0.29
65,41,0,0.52
65,45,0,0.63
65,51,0,0.21
65,60,0,0.03
65,62,0,0.36
65,65,0,0
65,68,0,0.63
65,69,0,0.04
65,77,0,0.91
65,78,0,0.08
65,85,0,0.45
65,86,0,0.87
65,88,0,0.86
65,96,0,0.13
65,4,13,0.8
65,20,13,0.27
65,24,13,0.61
65,35,13,0.5
65,37,13,0.48
65,38,13,0.5
65,40,13,0.47
65,52,13,0.55
65,53,13,0.03
65,57,13,0.87
65,59,13,0.41
65,63,13,0.97
65,65,13,0
65,66,13,0.89
65,82,13,0.35
65,83,13,0.15
65,84,13,0.69
65,88,13,0.91
66,4,13,0.26
66,20,13,0.49
66,24,13,0.32
66,35,13,0.38
66,37,13,0.4
66,38,13,0.28
66,40,13,0.77
66,52,13,0.82
66,53,13,0.31
66,57,13,0.44
66,59,13,0.38
66,63,13,0.64
66,65,13,0.2
66,66,13,0
66,82,13,0.68
66,83,13,0.94
66,84,13,0.9
66,88,13,0.6
66,11,12,0.82
66,20,12,0.03
66,30,12,0.1
66,31,12,0.26
66,33,12,0.44
66,42,12,0.28
66,60,12,0.72
66,61,12,0.43
66,64,12,0.78
66,66,12,0
66,68,12,0.58
66,70,12,0.13
66,81,12,0.7
66,87,12,0.09
66,88,12,0.22
66,91,12,0.9
66,3,3,0.01
66,5,3,0.02
66,9,3,0.74
66,21,3,0.24
66,27,3,0.24
66,33,3,0.67
66,56,3,0.76
66,57,3,0.34
66,66,3,0
66,67,3,0.4
66,71,3,0.49
66,78,3,0.07
66,87,3,0.37
66,3,11,0.78
66,7,11,0.94
66,13,11,0.43
66,15,11,0.25
66,16,11,0.07
66,22,11,0.38
66,27,11,0.21
66,28,11,0.76
66,66,11,0
66,69,11,0.72
66,70,11,0.99
66,83,11,0.38
66,88,11,0.94
66,91,11,0.44
66,95,11,0.93
67,8,18,0.3
67,11,18,0.52
67,23,18,0.25
67,28,18,0.58
67,31,18,0.18
67,32,18,0.87
67,38,18,0.63
67,43,18,0.12
67,54,18,0.75
67,55,18,0.57
67,60,18,0.96
67,67,18,0
67,72,18,0.27
67,89,18,0.24
67,99,18,0.98
67,1,10,0.03
67,8,10,0.86
67,21,10,0.37
67,49,10,0.3
67,51,10,0.93
67,58,10,0.42
67,67,10,0
67,72,10,0.85
67,75,10,1.0
67,76,10,0.02
67,3,3,0.46
67,5,3,0.79
67,9,3,0.62
67,21,3,0.67
67,27,3,0.21
67,33,3,0.19
67,56,3,0.31
67,57,3,0.96
67,66,3,0.06
67,67,3,0
67,71,3,0.31
67,78,3,0.47
67,87,3,0.28
67,4,9,0.09
67,6,9,0.48
67,7,9,0.45
67,8,9,0.92
67,22,9,0.93
67,40,9,0.68
67,48,9,0.03
67,52,9,0.05
67,67,9,0
67,70,9,0.33
67,94,9,0.2
67,99,9,0.78
68,11,12,0.0
68,20,12,0.25
68,30,12,0.74
68,31,12,0.39
68,33,12,0.17
68,42,12,0.87
68,60,12,0.61
68,61,12,0.95
68,64,12,0.52
68,66,12,0.94
68,68,12,0
68,70,12,0.67
68,81,12,0.82
68,87,12,0.71
68,88,12,0.49
68,91,12,0.36
68,0,4,0.86
68,1,4,0.55
68,2,4,0.57
68,3,4,0.98
68,9,4,0.3
68,10,4,0.75
68,14,4,0.38
68,33,4,0.69
68,64,4,0.36
68,68,4,0
68,83,4,0.99
68,89,4,0.96
68,90,4,0.56
68,9,0,0.55
68,12,0,0.62
68,13,0,0.95
68,14,0,0.08
68,15,0,0.98
68,18,0,0.07
68,19,0,0.48
68,23,0,0.27
68,41,0,0.8
68,45,0,0.74
68,51,0,0.4
68,60,0,0.83
68,62,0,0.18
68,65,0,0.48
68,68,0,0
68,69,0,0.37
68,77,0,0.1
68,78,0,0.47
68,85,0,0.28
68,86,0,0.21
68,88,0,0.85
68,96,0,0.73
69,9,0,0.71
69,12,0,0.49
69,13,0,0.46
69,14,0,0.04
69,15,0,0.56
69,18,0,0.09
69,19,0,0.44
69,23,0,0.17
69,41,0,0.58
69,45,0,0.55
69,51,0,0.38
69,60,0,0.86
69,62,0,0.44
69,65,0,0.05
69,68,0,1.0
69,69,0,0
69,77,0,0.61
69,78,0,0.57
69,85,0,0.36
69,86,0,0.9
69,88,0,0.55
69,96,0,0.91
69,5,19,0.01
69,18,19,0.67
69,19,19,0.78
69,25,19,0.56
69,26,19,0.89
69,34,19,0.82
69,45,19,0.08
69,47,19,0.86
69,55,19,0.52
69,69,19,0
69,73,19,0.17
69,75,19,0.85
69,89,19,0.91
69,91,19,0.28
69,94,19,0.69
69,96,19,0.22
69,2,17,0.44
69,4,17,0.53
69,11,17,0.42
69,14,17,0.15
69,15,17,0.75
69,26,17,0.99
69,28,17,0.56
69,30,17,0.51
69,39,17,0.47
69,42,17,0.95
69,47,17,0.91
69,54,17,0.05
69,59,17,0.68
69,62,17,0.95
69,69,17,0
69,72,17,0.74
69,77,17,0.1
69,83,17,0.25
69,86,17,0.74
69,98,17,0.12
69,3,11,0.35
69,7,11,0.8
69,13,11,0.31
69,15,11,0.18
69,16,11,0.71
69,22,11,0.16
69,27,11,0.13
69,28,11,0.08
69,66,11,0.61
69,69,11,0
69,70,11,0.35
69,83,11,0.93
69,88,11,0.8
69,91,11,0.08
69,95,11,0.85
70,4,9,0.24
70,6,9,0.51
70,7,9,0.57
70,8,9,0.84
70,22,9,0.62
70,40,9,0.57
70,48,9,0.83
70,52,9,0.85
70,67,9,0.18
70,70,9,0
70,94,9,0.28
70,99,9,0.28
70,11,12,0.91
70,20,12,0.54
70,30,12,0.2
70,31,12,0.44
70,33,12,0.24
70,42,12,0.86
70,60,12,0.43
70,61,12,0.73
70,64,12,0.37
70,66,12,0.26
70,68,12,0.14
70,70,12,0
70,81,12,0.41
70,87,12,0.63
70,88,12,0.33
70,91,12,0.15
70,3,11,0.05
70,7,11,0.53
70,13,11,0.14
70,15,11,0.59
70,16,11,0.19
70,22,11,0.7
70,27,11,0.33
70,28,11,0.8
70,66,11,0.22
70,69,11,0.07
70,70,11,0
70,83,11,0.99
70,88,11,0.47
70,91,11,0.71
70,95,11,0.4
70,0,1,0.63
70,5,1,0.9
70,10,1,0.23
70,18,1,0.7
70,48,1,0.11
70,49,1,0.5
70,50,1,0.49
70,54,1,0.29
70,70,1,0
70,84,1,0.78
70,92,1,0.82
70,96,1,0.75
71,4,6,0.58
71,12,6,0.73
71,17,6,0.36
71,20,6,0.43
71,24,6,0.86
71,36,6,0.56
71,37,6,0.68
71,39,6,0.68
71,44,6,0.01
71,47,6,0.3
71,48,6,0.04
71,58,6,0.76
71,62,6,0.39
71,71,6,0
71,74,6,0.53
71,75,6,0.35
71,76,6,0.15
71,79,6,0.42
71,80,6,0.89
71,85,6,0.29
71,86,6,0.7
71,94,6,0.28
71,96,6,0.56
71,98,6,0.99
71,3,3,0.65
71,5,3,0.62
71,9,3,0.69
71,21,3,0.99
71,27,3,0.82
71,33,3,0.42
71,56,3,0.47
71,57,3,0.48
71,66,3,0.69
71,67,3,0.02
71,71,3,0
71,78,3,0.93
71,87,3,0.84
72,8,18,0.18
72,11,18,0.1
72,23,18,0.81
72,28,18,0.97
72,31,18,0.11
72,32,18,0.43
72,38,18,0.99
72,43,18,0.86
72,54,18,0.5
72,55,18,0.6
72,60,18,0.24
72,67,18,0.08
72,72,18,0
72,89,18,0.18
72,99,18,0.44
72,1,10,0.98
72,8,10,0.05
72,21,10,0.92
72,49,10,0.93
72,51,10,0.01
72,58,10,0.95
72,67,10,0.92
72,72,10,0
72,75,10,0.98
72,76,10,0.82
72,2,17,0.47
72,4,17,0.84
72,11,17,0.07
72,14,17,0.24
72,15,17,0.19
72,26,17,0.53
72,28,17,0.25
72,30,17,0.1
72,39,17,0.02
72,42,17,0.31
72,47,17,0.71
72,54,17,0.93
72,59,17,0.55
72,62,17,0.35
72,69,17,0.91
72,72,17,0
72,77,17,0.17
72,83,17,0.42
72,86,17,0.56
72,98,17,0.05
73,5,19,0.56
73,18,19,0.26
73,19,19,0.22
73,25,19,0.76
73,26,19,0.75
73,34,19,0.29
73,45,19,0.26
73,47,19,0.68
73,55,19,0.73
73,69,19,0.49
73,73,19,0
73,75,19,0.42
73,89,19,0.85
73,91,19,0.34
73,94,19,0.37
73,96,19,0.63
73,1,5,0.89
73,25,5,0.7
73,27,5,0.31
73,28,5,0.38
73,29,5,0.15
73,35,5,0.64
73,40,5,0.7
73,50,5,0.89
73,64,5,0.39
73,73,5,0
73,74,5,0.8
73,84,5,0.02
73,93,5,0.61
74,30,2,0.6
74,36,2,0.15
74,38,2,0.87
74,39,2,0.33
74,44,2,0.83
74,48,2,0.2
74,53,2,0.27
74,55,2,0.97
74,74,2,0
74,79,2,0.44
74,87,2,0.29
74,4,6,0.09
74,12,6,0.43
74,17,6,0.69
74,20,6,0.15
74,24,6,0.34
74,36,6,0.75
74,37,6,0.67
74,39,6,0.03
74,44,6,0.33
74,47,6,0.1
74,48,6,0.62
74,58,6,0.44
74,62,6,0.01
74,71,6,0.24
74,74,6,0
74,75,6,0.59
74,76,6,0.99
74,79,6,0.78
74,80,6,1.0
74,85,6,0.37
74,86,6,0.26
74,94,6,0.96
74,96,6,0.09
74,98,6,0.27
74,0,7,0.65
74,1,7,0.49
74,2,7,0.81
74,7,7,0.81
74,12,7,0.73
74,16,7,0.83
74,25,7,0.58
74,34,7,0.7
74,37,7,0.13
74,41,7,0.69
74,43,7,0.01
74,45,7,0.14
74,54,7,0.85
74,59,7,0.17
74,74,7,0
74,85,7,0.05
74,98,7,0.17
74,1,5,0.71
74,25,5,0.03
74,27,5,0.26
74,28,5,0.92
74,29,5,0.6
74,35,5,0.57
74,40,5,0.49
74,50,5,0.47
74,64,5,0.27
74,73,5,0.07
74,74,5,0
74,84,5,0.38
74,93,5,0.99
75,1,10,0.51
75,8,10,0.88
75,21,10,0.07
75,49,10,0.48
75,51,10,0.39
75,58,10,0.04
75,67,10,0.92
75,72,10,0.66
75,75,10,0
75,76,10,0.12
75,3,15,0.89
75,11,15,0.22
75,24,15,0.03
75,26,15,0.8
75,36,15,0.59
75,39,15,0.97
75,46,15,0.53
75,47,15,0.28
75,50,15,0.15
75,63,15,0.46
75,75,15,0
75,81,15,0.38
75,82,15,0.72
75,89,15,0.95
75,93,15,0.52
75,97,15,0.93
75,5,19,0.84
75,18,19,0.81
75,19,19,0.75
75,25,19,0.03
75,26,19,0.67
75,34,19,0.63
75,45,19,0.48
75,47,19,0.21
75,55,19,0.34
75,69,19,0.69
75,73,19,0.73
75,75,19,0
75,89,19,0.84
75,91,19,0.84
75,94,19,0.85
75,96,19,0.74
75,4,6,0.04
75,12,6,0.33
75,17,6,0.21
75,20,6,0.87
75,24,6,0.63
75,36,6,0.05
75,37,6,0.88
75,39,6,0.53
75,44,6,0.28
75,47,6,1.0
75,48,6,0.08
75,58,6,0.4
75,62,6,0.35
75,71,6,0.52
75,74,6,0.68
75,75,6,0
75,76,6,0.96
75,79,6,0.26
75,80,6,0.98
75,85,6,0.43
75,86,6,0.68
75,94,6,0.81
75,96,6,0.03
75,98,6,0.65
76,9,16,0.85
76,13,16,0.33
76,22,16,0.44
76,38,16,0.3
76,43,16,0.02
76,46,16,0.68
76,56,16,0.15
76,58,16,0.85
76,62,16,0.77
76,76,16,0
76,78,16,0.74
76,80,16,0.85
76,87,16,0.11
76,92,16,0.11
76,93,16,0.33
76,94,16,0.66
76,4,6,0.39
76,12,6,0.95
76,17,6,0.23
76,20,6,0.59
76,24,6,0.53
76,36,6,0.26
76,37,6,0.8
76,39,6,0.68
76,44,6,0.61
76,47,6,0.13
76,48,6,0.65
76,58,6,0.67
76,62,6,0.37
76,71,6,0.73
76,74,6,0.72
76,75,6,0.93
76,76,6,0
76,79,6,0.19
76,80,6,0.75
76,85,6,0.67
76,86,6,0.33
76,94,6,0.74
76,96,6,0.55
76,98,6,0.52
76,1,10,0.77
76,8,10,0.46
76,21,10,0.46
76,49,10,0.12
76,51,10,0.55
76,58,10,0.88
76,67,10,0.25
76,72,10,0.58
76,75,10,0.88
76,76,10,0
77,2,17,0.85
77,4,17,0.81
77,11,17,0.55
77,14,17,0.93
77,15,17,0.2
77,26,17,0.38
77,28,17,0.73
77,30,17,0.24
77,39,17,0.76
77,42,17,0.71
77,47,17,0.39
77,54,17,0.38
77,59,17,0.63
77,62,17,0.97
77,69,17,0.02
77,72,17,0.6
77,77,17,0
77,83,17,0.25
77,86,17,0.67
77,98,17,0.15
77,9,0,0.64
77,12,0,0.72
77,13,0,0.58
77,14,0,0.4
77,15,0,0.76
77,18,0,0.97
77,19,0,0.9
77,23,0,0.77
77,41,0,0.19
77,45,0,0.26
77,51,0,0.14
77,60,0,0.47
77,62,0,0.29
77,65,0,0.66
77,68,0,0.71
77,69,0,0.56
77,77,0,0
77,78,0,0.6
77,85,0,0.13
77,86,0,0.89
77,88,0,0.34
77,96,0,0.43
78,6,8,0.2
78,7,8,0.71
78,8,8,0.67
78,14,8,0.49
78,15,8,0.65
78,17,8,0.14
78,19,8,0.56
78,21,8,0.81
78,23,8,0.86
78,29,8,0.58
78,32,8,0.46
78,33,8,0.07
78,50,8,0.69
78,55,8,0.48
78,60,8,0.63
78,64,8,0.28
78,78,8,0
78,80,8,0.02
78,81,8,0.15
78,82,8,0.1
78,91,8,0.02
78,93,8,0.78
78,9,0,0.22
78,12,0,0.92
78,13,0,0.82
78,14,0,0.39
78,15,0,0.4
78,18,0,0.17
78,19,0,0.16
78,23,0,0.41
78,41,0,0.84
78,45,0,0.13
78,51,0,0.23
78,60,0,0.67
78,62,0,0.56
78,65,0,0.78
78,68,0,0.69
78,69,0,0.97
78,77,0,0.69
78,78,0,0
78,85,0,0.9
78,86,0,0.51
78,88,0,0.97
78,96,0,0.31
78,9,16,0.01
78,13,16,0.5
78,22,16,0.91
78,38,16,0.25
78,43,16,0.33
78,46,16,0.14
78,56,16,0.13
78,58,16,0.57
78,62,16,0.21
78,76,16,0.36
78,78,16,0
78,80,16,0.02
78,87,16,0.55
78,92,16,0.78
78,93,16,0.91
78,94,16,0.47
78,3,3,0.38
78,5,3,0.92
78,9,3,0.51
78,21,3,0.7
78,27,3,0.72
78,33,3,0.86
78,56,3,0.72
78,57,3,0.2
78,66,3,0.75
78,67,3,0.86
78,71,3,0.2
78,78,3,0
78,87,3,0.5
79,30,2,0.11
79,36,2,0.28
79,38,2,0.23
79,39,2,0.12
79,44,2,0.46
79,48,2,0.75
79,53,2,0.71
79,55,2,0.26
79,74,2,0.78
79,79,2,0
79,87,2,0.01
79,4,6,0.56
79,12,6,0.82
79,17,6,0.19
79,20,6,0.04
79,24,6,0.42
79,36,6,0.85
79,37,6,0.33
79,39,6,0.92
79,44,6,0.9
79,47,6,0.79
79,48,6,0.44
79,58,6,0.05
79,62,6,0.34
79,71,6,0.19
79,74,6,0.54
79,75,6,0.44
79,76,6,0.07
79,79,6,0
79,80,6,0.01
79,85,6,0.47
79,86,6,0.79
79,94,6,0.37
79,96,6,0.51
79,98,6,0.72
80,16,14,0.86
80,27,14,0.16
80,31,14,0.17
80,34,14,0.03
80,40,14,0.0
80,41,14,0.76
80,42,14,0.5
80,44,14,0.44
80,58,14,0.57
80,61,14,0.27
80,80,14,0
80,90,14,0.07
80,95,14,0.71
80,97,14,0.86
80,9,16,0.22
80,13,16,0.81
80,22,16,0.13
80,38,16,0.48
80,43,16,0.4
80,46,16,0.73
80,56,16,0.06
80,58,16,0.23
80,62,16,0.09
80,76,16,0.37
80,78,16,0.2
80,80,16,0
80,87,16,0.99
80,92,16,0.02
80,93,16,0.92
80,94,16,0.44
80,4,6,0.36
80,12,6,0.88
80,17,6,0.43
80,20,6,0.56
80,24,6,0.14
80,36,6,0.46
80,37,6,0.93
80,39,6,0.42
80,44,6,0.81
80,47,6,0.23
80,48,6,0.45
80,58,6,0.47
80,62,6,0.09
80,71,6,0.16
80,74,6,0.43
80,75,6,0.57
80,76,6,0.32
80,79,6,0.3
80,80,6,0
80,85,6,0.24
80,86,6,0.58
80,94,6,0.09
80,96,6,0.0
80,98,6,0.12
80,6,8,0.81
80,7,8,0.74
80,8,8,1.0
80,14,8,0.26
80,15,8,0.4
80,17,8,0.49
80,19,8,0.54
80,21,8,0.89
80,23,8,0.63
80,29,8,0.3
80,32,8,0.22
80,33,8,0.41
80,50,8,0.39
80,55,8,0.58
80,60,8,0.38
80,64,8,0.43
80,78,8,0.55
80,80,8,0
80,81,8,0.38
80,82,8,0.11
80,91,8,0.83
80,93,8,0.9
81,6,8,0.0
81,7,8,0.13
81,8,8,0.04
81,14,8,0.35
81,15,8,0.85
81,17,8,0.02
81,19,8,0.46
81,21,8,0.63
81,23,8,0.42
81,29,8,0.74
81,32,8,0.61
81,33,8,0.99
81,50,8,0.78
81,55,8,0.99
81,60,8,0.8
81,64,8,0.34
81,78,8,0.8
81,80,8,0.21
81,81,8,0
81,82,8,0.4
81,91,8,0.05
81,93,8,0.62
81,11,12,0.89
81,20,12,0.15
81,30,12,0.86
81,31,12,0.29
81,33,12,0.57
81,42,12,0.67
81,60,12,0.49
81,61,12,0.9
81,64,12,0.98
81,66,12,0.48
81,68,12,0.81
81,70,12,0.32
81,81,12,0
81,87,12,0.92
81,88,12,0.72
81,91,12,0.19
81,3,15,0.55
81,11,15,0.01
81,24,15,0.75
81,26,15,0.48
81,36,15,0.56
81,39,15,0.09
81,46,15,0.68
81,47,15,0.92
81,50,15,1.0
81,63,15,0.4
81,75,15,0.45
81,81,15,0
81,82,15,0.57
81,89,15,0.47
81,93,15,0.34
81,97,15,0.12
82,6,8,0.39
82,7,8,0.16
82,8,8,0.82
82,14,8,0.43
82,15,8,0.55
82,17,8,0.52
82,19,8,0.82
82,21,8,0.41
82,23,8,0.45
82,29,8,0.9
82,32,8,0.61
82,33,8,0.68
82,50,8,0.16
82,55,8,0.47
82,60,8,0.01
82,64,8,0.98
82,78,8,0.99
82,80,8,0.64
82,81,8,0.23
82,82,8,0
82,91,8,0.35
82,93,8,0.6
82,4,13,0.1
82,20,13,0.53
82,24,13,0.1
82,35,13,0.95
82,37,13,0.2
82,38,13,0.08
82,40,13,0.95
82,52,13,0.95
82,53,13,0.66
82,57,13,0.12
82,59,13,0.18
82,63,13,0.72
82,65,13,0.89
82,66,13,0.72
82,82,13,0
82,83,13,0.11
82,84,13,0.4
82,88,13,0.34
82,3,15,0.93
82,11,15,0.65
82,24,15,0.64
82,26,15,0.5
82,36,15,0.02
82,39,15,0.9
82,46,15,0.23
82,47,15,0.72
82,50,15,0.33
82,63,15,0.24
82,75,15,0.32
82,81,15,0.23
82,82,15,0
82,89,15,0.89
82,93,15,0.15
82,97,15,0.42
83,0,4,0.96
83,1,4,0.2
83,2,4,0.28
83,3,4,0.24
83,9,4,0.96
83,10,4,0.8
83,14,4,0.77
83,33,4,0.14
83,64,4,0.63
83,68,4,0.16
83,83,4,0
83,89,4,0.69
83,90,4,0.32
83,4,13,0.77
83,20,13,0.13
83,24,13,0.79
83,35,13,0.96
83,37,13,0.79
83,38,13,0.21
83,40,13,0.24
83,52,13,0.09
83,53,13,0.18
83,57,13,0.86
83,59,13,0.75
83,63,13,0.8
83,65,13,0.05
83,66,13,0.58
83,82,13,0.95
83,83,13,0
83,84,13,0.37
83,88,13,0.89
83,3,11,0.53
83,7,11,0.27
83,13,11,0.06
83,15,11,0.95
83,16,11,0.03
83,22,11,0.73
83,27,11,0.29
83,28,11,0.55
83,66,11,0.79
83,69,11,0.74
83,70,11,0.67
83,83,11,0
83,88,11,0.74
83,91,11,0.87
83,95,11,0.31
83,2,17,0.77
83,4,17,0.59
83,11,17,0.2
83,14,17,0.75
83,15,17,0.23
83,26,17,0.32
83,28,17,0.55
83,30,17,0.77
83,39,17,0.68
83,42,17,0.41
83,47,17,0.24
83,54,17,0.76
83,59,17,0.52
83,62,17,0.31
83,69,17,0.38
83,72,17,0.03
83,77,17,0.84
83,83,17,0
83,86,17,0.01
83,98,17,0.81
84,1,5,0.83
84,25,5,0.92
84,27,5,0.6
84,28,5,0.22
84,29,5,0.43
84,35,5,0.74
84,40,5,0.68
84,50,5,0.58
84,64,5,0.57
84,73,5,0.24
84,74,5,0.31
84,84,5,0
84,93,5,0.0
84,4,13,0.17
84,20,13,0.43
84,24,13,0.04
84,35,13,0.33
84,37,13,0.63
84,38,13,0.5
84,40,13,0.68
84,52,13,0.4
84,53,13,0.53
84,57,13,0.17
84,59,13,0.77
84,63,13,0.55
84,65,13,0.39
84,66,13,0.92
84,82,13,0.95
84,83,13,0.21
84,84,13,0
84,88,13,0.97
84,0,1,0.84
84,5,1,0.63
84,10,1,0.39
84,18,1,0.9
84,48,1,0.04
84,49,1,0.75
84,50,1,0.68
84,54,1,0.06
84,70,1,0.22
84,84,1,0
84,92,1,0.2
84,96,1,0.48
85,0,7,0.29
85,1,7,0.91
85,2,7,0.55
85,7,7,0.22
85,12,7,0.25
85,16,7,0.23
85,25,7,0.24
85,34,7,0.45
85,37,7,0.37
85,41,7,0.4
85,43,7,0.29
85,45,7,0.99
85,54,7,0.7
85,59,7,0.42
85,74,7,0.18
85,85,7,0
85,98,7,0.07
85,4,6,0.48
85,12,6,0.18
85,17,6,0.34
85,20,6,0.53
85,24,6,0.27
85,36,6,0.5
85,37,6,0.99
85,39,6,0.96
85,44,6,0.32
85,47,6,0.36
85,48,6,0.0
85,58,6,0.68
85,62,6,0.73
85,71,6,0.62
85,74,6,0.92
85,75,6,0.61
85,76,6,0.45
85,79,6,0.11
85,80,6,0.68
85,85,6,0
85,86,6,0.04
85,94,6,0.45
85,96,6,0.95
85,98,6,0.64
85,9,0,0.42
85,12,0,0.97
85,13,0,0.98
85,14,0,0.22
85,15,0,0.95
85,18,0,0.5
85,19,0,0.45
85,23,0,0.47
85,41,0,0.17
85,45,0,0.02
85,51,0,0.35
85,60,0,0.82
85,62,0,0.38
85,65,0,0.72
85,68,0,0.25
85,69,0,0.06
85,77,0,0.98
85,78,0,0.52
85,85,0,0
85,86,0,0.08
85,88,0,0.85
85,96,0,0.31
86,9,0,0.07
86,12,0,0.71
86,13,0,0.82
86,14,0,0.57
86,15,0,0.91
86,18,0,0.39
86,19,0,0.43
86,23,0,0.91
86,41,0,0.08
86,45,0,0.48
86,51,0,0.62
86,60,0,0.26
86,62,0,0.91
86,65,0,0.41
86,68,0,0.48
86,69,0,0.41
86,77,0,0.1
86,78,0,0.57
86,85,0,0.93
86,86,0,0
86,88,0,0.66
86,96,0,0.75
86,2,17,0.95
86,4,17,0.96
86,11,17,0.32
86,14,17,0.01
86,15,17,0.35
86,26,17,0.85
86,28,17,0.75
86,30,17,0.66
86,39,17,0.35
86,42,17,0.13
86,47,17,0.27
86,54,17,0.8
86,59,17,0.14
86,62,17,0.72
86,69,17,0.26
86,72,17,0.01
86,77,17,0.58
86,83,17,0.79
86,86,17,0
86,98,17,0.23
86,4,6,0.21
86,12,6,0.55
86,17,6,0.34
86,20,6,0.88
86,24,6,0.7
86,36,6,0.85
86,37,6,0.46
86,39,6,0.29
86,44,6,0.4
86,47,6,0.57
86,48,6,0.59
86,58,6,0.81
86,62,6,0.47
86,71,6,0.04
86,74,6,0.09
86,75,6,0.29
86,76,6,0.19
86,79,6,0.75
86,80,6,0.53
86,85,6,0.06
86,86,6,0
86,94,6,0.44
86,96,6,0.61
86,98,6,0.14
87,11,12,0.39
87,20,12,0.55
87,30,12,0.82
87,31,12,0.88
87,33,12,0.49
87,42,12,0.72
87,60,12,0.47
87,61,12,0.12
87,64,12,0.12
87,66,12,0.76
87,68,12,0.83
87,70,12,0.23
87,81,12,0.53
87,87,12,0
87,88,12,0.15
87,91,12,0.57
87,3,3,0.09
87,5,3,0.09
87,9,3,0.85
87,21,3,0.16
87,27,3,0.89
87,33,3,0.98
87,56,3,0.05
87,57,3,0.2
87,66,3,0.11
87,67,3,0.14
87,71,3,0.65
87,78,3,0.81
87,87,3,0
87,9,16,0.48
87,13,16,0.73
87,22,16,0.7
87,38,16,0.09
87,43,16,0.76
87,46,16,0.32
87,56,16,0.44
87,58,16,0.72
87,62,16,0.3
87,76,16,0.51
87,78,16,0.11
87,80,16,0.25
87,87,16,0
87,92,16,0.01
87,93,16,0.4
87,94,16,0.42
87,30,2,0.92
87,36,2,0.98
87,38,2,0.74
87,39,2,0.01
87,44,2,0.47
87,48,2,0.81
87,53,2,0.92
87,55,2,0.66
87,74,2,0.1
87,79,2,0.01
87,87,2,0
88,9,0,0.1
88,12,0,0.81
88,13,0,0.23
88,14,0,0.36
88,15,0,0.67
88,18,0,0.79
88,19,0,0.75
88,23,0,0.05
88,41,0,0.91
88,45,0,0.29
88,51,0,0.07
88,60,0,0.62
88,62,0,0.05
88,65,0,0.22
88,68,0,0.61
88,69,0,0.43
88,77,0,0.65
88,78,0,0.45
88,85,0,0.87
88,86,0,0.35
88,88,0,0
88,96,0,0.46
88,4,13,0.55
88,20,13,0.76
88,24,13,0.06
88,35,13,0.31
88,37,13,0.65
88,38,13,0.66
88,40,13,0.75
88,52,13,0.16
88,53,13,0.39
88,57,13,0.76
88,59,13,0.69
88,63,13,0.78
88,65,13,0.46
88,66,13,0.77
88,82,13,0.08
88,83,13,0.85
88,84,13,0.46
88,88,13,0
88,11,12,0.24
88,20,12,0.58
88,30,12,0.9
88,31,12,0.94
88,33,12,0.61
88,42,12,0.75
88,60,12,0.07
88,61,12,0.22
88,64,12,0.75
88,66,12,0.76
88,68,12,0.4
88,70,12,0.73
88,81,12,0.1
88,87,12,0.65
88,88,12,0
88,91,12,0.32
88,3,11,0.25
88,7,11,0.51
88,13,11,0.34
88,15,11,0.41
88,16,11,0.53
88,22,11,0.84
88,27,11,0.74
88,28,11,0.3
88,66,11,0.85
88,69,11,0.39
88,70,11,0.93
88,83,11,0.43
88,88,11,0
88,91,11,0.07
88,95,11,0.54
89,5,19,0.91
89,18,19,0.98
89,19,19,0.0
89,25,19,0.01
89,26,19,0.57
89,34,19,0.37
89,45,19,0.05
89,47,19,0.32
89,55,19,0.16
89,69,19,0.73
89,73,19,0.23
89,75,19,0.17
89,89,19,0
89,91,19,0.65
89,94,19,0.73
89,96,19,0.76
89,0,4,0.43
89,1,4,0.46
89,2,4,0.43
89,3,4,0.82
89,9,4,0.89
89,10,4,0.93
89,14,4,0.46
89,33,4,0.18
89,64,4,0.73
89,68,4,0.5
89,83,4,0.62
89,89,4,0
89,90,4,0.44
89,8,18,0.21
89,11,18,0.71
89,23,18,0.37
89,28,18,0.25
89,31,18,1.0
89,32,18,0.99
89,38,18,0.84
89,43,18,0.75
89,54,18,0.13
89,55,18,0.41
89,60,18,0.25
89,67,18,0.76
89,72,18,0.21
89,89,18,0
89,99,18,0.09
89,3,15,0.9
89,11,15,0.38
89,24,15,0.84
89,26,15,1.0
89,36,15,0.06
89,39,15,0.07
89,46,15,0.14
89,47,15,0.6
89,50,15,0.06
89,63,15,0.75
89,75,15,0.45
89,81,15,0.41
89,82,15,0.92
89,89,15,0
89,93,15,0.14
89,97,15,0.14
90,0,4,0.54
90,1,4,0.94
90,2,4,0.14
90,3,4,0.7
90,9,4,0.43
90,10,4,0.62
90,14,4,0.59
90,33,4,0.78
90,64,4,0.48
90,68,4,0.46
90,83,4,0.87
90,89,4,0.06
90,90,4,0
90,16,14,0.15
90,27,14,0.09
90,31,14,0.4
90,34,14,0.61
90,40,14,0.35
90,41,14,0.91
90,42,14,0.52
90,44,14,0.18
90,58,14,0.83
90,61,14,0.72
90,80,14,0.9
90,90,14,0
90,95,14,0.44
90,97,14,0.59
91,11,12,0.82
91,20,12,0.64
91,30,12,0.27
91,31,12,0.85
91,33,12,0.89
91,42,12,0.33
91,60,12,0.97
91,61,12,0.52
91,64,12,0.05
91,66,12,0.52
91,68,12,0.64
91,70,12,0.37
91,81,12,0.53
91,87,12,0.23
91,88,12,0.58
91,91,12,0
91,6,8,0.74
91,7,8,0.11
91,8,8,0.6
91,14,8,0.39
91,15,8,0.51
91,17,8,0.53
91,19,8,0.16
91,21,8,0.87
91,23,8,0.25
91,29,8,0.66
91,32,8,0.46
91,33,8,0.11
91,50,8,0.83
91,55,8,0.56
91,60,8,0.77
91,64,8,0.36
91,78,8,0.6
91,80,8,0.56
91,81,8,0.84
91,82,8,0.02
91,91,8,0
91,93,8,0.78
91,5,19,0.41
91,18,19,0.83
91,19,19,0.64
91,25,19,0.8
91,26,19,0.03
91,34,19,0.75
91,45,19,0.08
91,47,19,0.75
91,55,19,0.03
91,69,19,0.4
91,73,19,0.26
91,75,19,0.47
91,89,19,0.65
91,91,19,0
91,94,19,0.17
91,96,19,0.92
91,3,11,0.13
91,7,11,0.75
91,13,11,0.1
91,15,11,1.0
91,16,11,0.86
91,22,11,0.72
91,27,11,0.34
91,28,11,0.27
91,66,11,0.25
91,69,11,0.55
91,70,11,0.29
91,83,11,0.92
91,88,11,0.2
91,91,11,0
91,95,11,0.84
92,0,1,0.61
92,5,1,0.83
92,10,1,0.15
92,18,1,0.12
92,48,1,0.51
92,49,1,0.82
92,50,1,0.51
92,54,1,0.35
92,70,1,0.77
92,84,1,0.35
92,92,1,0
92,96,1,0.3
92,9,16,0.29
92,13,16,0.31
92,22,16,0.47
92,38,16,0.84
92,43,16,0.36
92,46,16,0.65
92,56,16,0.11
92,58,16,0.95
92,62,16,0.07
92,76,16,0.46
92,78,16,0.19
92,80,16,0.91
92,87,16,0.61
92,92,16,0
92,93,16,0.92
92,94,16,0.19
93,6,8,0.75
93,7,8,0.77
93,8,8,0.66
93,14,8,0.07
93,15,8,0.75
93,17,8,0.29
93,19,8,0.57
93,21,8,0.74
93,23,8,0.76
93,29,8,0.09
93,32,8,0.75
93,33,8,0.18
93,50,8,0.8
93,55,8,0.13
93,60,8,0.3
93,64,8,0.2
93,78,8,0.98
93,80,8,0.3
93,81,8,0.98
93,82,8,0.69
93,91,8,0.61
93,93,8,0
93,3,15,0.65
93,11,15,0.45
93,24,15,0.3
93,26,15,0.65
93,36,15,0.8
93,39,15,0.37
93,46,15,0.8
93,47,15,0.87
93,50,15,0.67
93,63,15,0.89
93,75,15,0.93
93,81,15,0.84
93,82,15,0.55
93,89,15,0.68
93,93,15,0
93,97,15,0.69
93,9,16,0.72
93,13,16,0.64
93,22,16,0.12
93,38,16,0.13
93,43,16,0.55
93,46,16,0.43
93,56,16,0.01
93,58,16,0.28
93,62,16,0.87
93,76,16,0.48
93,78,16,0.56
93,80,16,0.98
93,87,16,0.55
93,92,16,0.65
93,93,16,0
93,94,16,0.0
93,1,5,0.68
93,25,5,0.46
93,27,5,0.07
93,28,5,0.35
93,29,5,0.16
93,35,5,0.63
93,40,5,0.46
93,50,5,0.87
93,64,5,0.97
93,73,5,0.53
93,74,5,0.32
93,84,5,0.72
93,93,5,0
94,5,19,0.01
94,18,19,0.96
94,19,19,0.96
94,25,19,0.06
94,26,19,0.09
94,34,19,0.87
94,45,19,0.13
94,47,19,0.55
94,55,19,0.97
94,69,19,0.58
94,73,19,0.25
94,75,19,0.31
94,89,19,0.52
94,91,19,0.5
94,94,19,0
94,96,19,0.3
94,4,9,0.63
94,6,9,0.82
94,7,9,0.48
94,8,9,0.02
94,22,9,0.39
94,40,9,0.91
94,48,9,0.17
94,52,9,0.27
94,67,9,0.69
94,70,9,0.1
94,94,9,0
94,99,9,0.57
94,9,16,0.5
94,13,16,0.85
94,22,16,0.2
94,38,16,0.28
94,43,16,0.64
94,46,16,0.25
94,56,16,0.62
94,58,16,0.56
94,62,16,0.57
94,76,16,0.25
94,78,16,0.83
94,80,16,0.78
94,87,16,0.43
94,92,16,0.53
94,93,16,0.01
94,94,16,0
94,4,6,0.61
94,12,6,0.26
94,17,6,0.58
94,20,6,0.23
94,24,6,0.72
94,36,6,0.85
94,37,6,0.7
94,39,6,0.08
94,44,6,0.86
94,47,6,0.04
94,48,6,0.41
94,58,6,0.29
94,62,6,0.25
94,71,6,0.11
94,74,6,0.07
94,75,6,0.07
94,76,6,0.48
94,79,6,0.33
94,80,6,0.08
94,85,6,0.93
94,86,6,0.86
94,94,6,0
94,96,6,0.48
94,98,6,0.36
95,3,11,0.16
95,7,11,0.71
95,13,11,0.74
95,15,11,0.47
95,16,11,0.26
95,22,11,0.28
95,27,11,0.27
95,28,11,0.19
95,66,11,0.44
95,69,11,0.76
95,70,11,0.71
95,83,11,0.35
95,88,11,0.17
95,91,11,0.16
95,95,11,0
95,16,14,0.48
95,27,14,0.11
95,31,14,0.97
95,34,14,0.46
95,40,14,0.62
95,41,14,0.94
95,42,14,0.4
95,44,14,0.57
95,58,14,0.96
95,61,14,0.52
95,80,14,0.66
95,90,14,0.3
95,95,14,0
95,97,14,0.99
96,0,1,0.6
96,5,1,0.97
96,10,1,0.81
96,18,1,0.96
96,48,1,0.58
96,49,1,0.37
96,50,1,0.87
96,54,1,0.93
96,70,1,0.9
96,84,1,0.45
96,92,1,0.96
96,96,1,0
96,5,19,0.65
96,18,19,0.06
96,19,19,0.3
96,25,19,0.21
96,26,19,0.59
96,34,19,0.03
96,45,19,0.63
96,47,19,0.01
96,55,19,0.13
96,69,19,0.15
96,73,19,0.18
96,75,19,1.0
96,89,19,0.48
96,91,19,0.22
96,94,19,0.74
96,96,19,0
96,9,0,0.31
96,12,0,0.41
96,13,0,0.44
96,14,0,0.05
96,15,0,0.9
96,18,0,0.47
96,19,0,0.68
96,23,0,0.29
96,41,0,0.56
96,45,0,0.2
96,51,0,0.58
96,60,0,0.79
96,62,0,0.12
96,65,0,0.21
96,68,0,0.24
96,69,0,0.42
96,77,0,0.11
96,78,0,0.19
96,85,0,0.63
96,86,0,0.02
96,88,0,0.59
96,96,0,0
96,4,6,0.31
96,12,6,0.16
96,17,6,0.1
96,20,6,0.66
96,24,6,0.09
96,36,6,0.79
96,37,6,0.11
96,39,6,0.81
96,44,6,0.24
96,47,6,0.68
96,48,6,0.12
96,58,6,0.95
96,62,6,0.78
96,71,6,0.77
96,74,6,0.2
96,75,6,0.87
96,76,6,0.66
96,79,6,0.27
96,80,6,1.0
96,85,6,0.76
96,86,6,0.99
96,94,6,0.78
96,96,6,0
96,98,6,0.81
97,16,14,0.88
97,27,14,0.78
97,31,14,0.09
97,34,14,0.94
97,40,14,0.16
97,41,14,0.08
97,42,14,0.22
97,44,14,0.67
97,58,14,0.13
97,61,14,0.38
97,80,14,0.89
97,90,14,0.58
97,95,14,0.1
97,97,14,0
97,3,15,0.84
97,11,15,0.64
97,24,15,0.22
97,26,15,0.83
97,36,15,0.95
97,39,15,0.66
97,46,15,0.09
97,47,15,0.96
97,50,15,0.52
97,63,15,0.8
97,75,15,0.98
97,81,15,0.39
97,82,15,0.18
97,89,15,0.64
97,93,15,0.75
97,97,15,0
98,2,17,0.84
98,4,17,0.9
98,11,17,0.67
98,14,17,0.85
98,15,17,0.4
98,26,17,0.85
98,28,17,0.44
98,30,17,0.85
98,39,17,0.74
98,42,17,0.09
98,47,17,0.21
98,54,17,0.2
98,59,17,0.42
98,62,17,0.77
98,69,17,0.35
98,72,17,0.37
98,77,17,0.4
98,83,17,0.94
98,86,17,0.79
98,98,17,0
98,0,7,0.24
98,1,7,0.33
98,2,7,0.29
98,7,7,0.26
98,12,7,0.01
98,16,7,0.14
98,25,7,0.97
98,34,7,0.11
98,37,7,0.45
98,41,7,0.2
98,43,7,0.68
98,45,7,0.08
98,54,7,0.93
98,59,7,0.11
98,74,7,0.79
98,85,7,0.34
98,98,7,0
98,4,6,0.07
98,12,6,0.73
98,17,6,0.11
98,20,6,0.5
98,24,6,0.67
98,36,6,0.87
98,37,6,0.56
98,39,6,0.7
98,44,6,0.55
98,47,6,0.68
98,48,6,0.51
98,58,6,0.9
98,62,6,0.29
98,71,6,0.09
98,74,6,0.64
98,75,6,0.14
98,76,6,0.2
98,79,6,0.41
98,80,6,0.83
98,85,6,0.17
98,86,6,0.0
98,94,6,0.48
98,96,6,0.31
98,98,6,0
99,8,18,0.97
99,11,18,0.32
99,23,18,0.33
99,28,18,0.09
99,31,18,0.59
99,32,18,0.22
99,38,18,0.46
99,43,18,0.1
99,54,18,0.74
99,55,18,0.63
99,60,18,0.87
99,67,18,0.85
99,72,18,0.78
99,89,18,0.42
99,99,18,0
99,4,9,0.76
99,6,9,0.46
99,7,9,0.45
99,8,9,0.93
99,22,9,0.59
99,40,9,0.3
99,48,9,0.31
99,52,9,0.82
99,67,9,0.68
99,70,9,0.2
99,94,9,0.72
99,99,9,0