M,100,P,30,Q,100000,targetS,0.1,targetW,0.1

Resources name, resource id, current workload and max workload
R_0,0,0.78,1
R_1,1,0.77,1
R_2,2,0.47,1
R_3,3,0.35,1
R_4,4,0.78,1
R_5,5,0.4,1
R_6,6,0.3,1
R_7,7,0.26,1
R_8,8,0.51,1
R_9,9,0.51,1
R_10,10,0.26,1
R_11,11,0.4,1
R_12,12,0.33,1
R_13,13,0.59,1
R_14,14,0.8,1
R_15,15,0.66,1
R_16,16,0.58,1
R_17,17,0.6,1
R_18,18,0.6,1
R_19,19,0.61,1
R_20,20,0.62,1
R_21,21,0.31,1
R_22,22,0.73,1
R_23,23,0.27,1
R_24,24,0.5,1
R_25,25,0.55,1
R_26,26,0.59,1
R_27,27,0.4,1
R_28,28,0.44,1
R_29,29,0.27,1
R_30,30,0.77,1
R_31,31,0.35,1
R_32,32,0.59,1
R_33,33,0.5,1
R_34,34,0.54,1
R_35,35,0.5,1
R_36,36,0.41,1
R_37,37,0.66,1
R_38,38,0.79,1
R_39,39,0.29,1
R_40,40,0.57,1
R_41,41,0.56,1
R_42,42,0.31,1
R_43,43,0.4,1
R_44,44,0.77,1
R_45,45,0.74,1
R_46,46,0.62,1
R_47,47,0.23,1
R_48,48,0.57,1
R_49,49,0.76,1
R_50,50,0.28,1
R_51,51,0.3,1
R_52,52,0.48,1
R_53,53,0.7,1
R_54,54,0.77,1
R_55,55,0.31,1
R_56,56,0.45,1
R_57,57,0.65,1
R_58,58,0.69,1
R_59,59,0.46,1
R_60,60,0.52,1
R_61,61,0.57,1
R_62,62,0.71,1
R_63,63,0.44,1
R_64,64,0.32,1
R_65,65,0.25,1
R_66,66,0.65,1
R_67,67,0.25,1
R_68,68,0.71,1
R_69,69,0.43,1
R_70,70,0.78,1
R_71,71,0.22,1
R_72,72,0.72,1
R_73,73,0.63,1
R_74,74,0.39,1
R_75,75,0.68,1
R_76,76,0.35,1
R_77,77,0.31,1
R_78,78,0.72,1
R_79,79,0.25,1
R_80,80,0.25,1
R_81,81,0.54,1
R_82,82,0.73,1
R_83,83,0.67,1
R_84,84,0.51,1
R_85,85,0.4,1
R_86,86,0.65,1
R_87,87,0.67,1
R_88,88,0.68,1
R_89,89,0.59,1
R_90,90,0.44,1
R_91,91,0.75,1
R_92,92,0.76,1
R_93,93,0.58,1
R_94,94,0.49,1
R_95,95,0.57,1
R_96,96,0.54,1
R_97,97,0.7,1
R_98,98,0.42,1
R_99,99,0.75,1

Activities name, activity id, lambda, stress, resource id, priority, rifiutato
act_2,2,0.04,0.55,0,160,0
act_2,2,0.04,0.55,0,86,0
act_6,6,0.11,0.51,0,282,0
act_9,9,0.05,0.26,1,92,0
act_8,8,0.06,0.42,1,329,0
act_9,9,0.05,0.26,1,361,0
act_9,9,0.05,0.26,1,263,0
act_15,15,0.12,0.33,2,243,1
act_8,8,0.06,0.42,2,2,1
act_15,15,0.12,0.33,2,441,1
act_8,8,0.06,0.42,2,155,1
act_15,15,0.12,0.33,2,380,1
act_5,5,0.02,0.33,2,128,1
act_5,5,0.02,0.33,2,403,1
act_9,9,0.05,0.26,3,391,0
act_18,18,0.06,0.23,3,327,0
act_3,3,0.05,0.08,3,406,0
act_18,18,0.06,0.23,3,437,0
act_9,9,0.05,0.26,3,405,0
act_3,3,0.05,0.08,3,501,0
act_3,3,0.05,0.08,3,419,0
act_9,9,0.05,0.26,3,135,0
act_9,9,0.05,0.26,3,260,0
act_9,9,0.05,0.26,3,236,0
act_18,18,0.06,0.23,3,126,0
act_3,3,0.05,0.08,3,174,0
act_2,2,0.04,0.55,4,246,0
act_11,11,0.07,0.86,4,183,1
act_2,2,0.04,0.55,4,317,0
act_3,3,0.05,0.08,4,505,0
act_0,0,0.03,0.39,5,164,1
act_18,18,0.06,0.23,5,203,0
act_0,0,0.03,0.39,5,319,1
act_18,18,0.06,0.23,5,346,0
act_18,18,0.06,0.23,5,341,0
act_18,18,0.06,0.23,5,485,0
act_18,18,0.06,0.23,5,162,0
act_18,18,0.06,0.23,5,24,0
act_0,0,0.03,0.39,5,117,1
act_18,18,0.06,0.23,5,345,0
act_0,0,0.03,0.39,5,44,1
act_0,0,0.03,0.39,5,411,1
act_9,9,0.05,0.26,6,80,0
act_17,17,0.3,0.08,6,487,0
act_9,9,0.05,0.26,6,222,0
act_9,9,0.05,0.26,6,250,0
act_16,16,0.1,0.69,6,193,1
act_16,16,0.1,0.69,6,38,1
act_2,2,0.04,0.55,7,297,1
act_19,19,0.25,0.31,7,383,0
act_2,2,0.04,0.55,7,364,1
act_19,19,0.25,0.31,7,89,0
act_0,0,0.03,0.39,7,144,1
act_0,0,0.03,0.39,7,206,1
act_0,0,0.03,0.39,7,200,1
act_2,2,0.04,0.55,7,220,1
act_0,0,0.03,0.39,7,151,1
act_10,10,0.16,0.08,8,82,0
act_18,18,0.06,0.23,8,416,0
act_10,10,0.16,0.08,8,324,0
act_18,18,0.06,0.23,8,194,0
act_9,9,0.05,0.26,8,502,0
act_17,17,0.3,0.08,9,359,0
act_8,8,0.06,0.42,9,181,1
act_8,8,0.06,0.42,9,438,1
act_8,8,0.06,0.42,9,30,1
act_16,16,0.1,0.69,10,52,1
act_18,18,0.06,0.23,10,417,0
act_16,16,0.1,0.69,10,352,1
act_14,14,0.15,0.01,10,284,0
act_16,16,0.1,0.69,10,471,1
act_18,18,0.06,0.23,10,176,0
act_18,18,0.06,0.23,10,231,0
act_16,16,0.1,0.69,10,91,1
act_6,6,0.11,0.51,11,229,1
act_6,6,0.11,0.51,11,43,1
act_16,16,0.1,0.69,11,311,1
act_16,16,0.1,0.69,11,330,1
act_6,6,0.11,0.51,11,451,1
act_12,12,0.16,0.47,12,175,0
act_12,12,0.16,0.47,12,328,0
act_6,6,0.11,0.51,12,402,0
act_6,6,0.11,0.51,12,93,0
act_6,6,0.11,0.51,12,56,0
act_15,15,0.12,0.33,13,434,0
act_4,4,0.25,0.19,13,87,0
act_11,11,0.07,0.86,14,388,1
act_11,11,0.07,0.86,14,490,1
act_17,17,0.3,0.08,15,23,0
act_9,9,0.05,0.26,16,178,0
act_6,6,0.11,0.51,16,196,0
act_2,2,0.04,0.55,16,367,1
act_2,2,0.04,0.55,16,111,1
act_3,3,0.05,0.08,16,338,0
act_9,9,0.05,0.26,16,335,0
act_3,3,0.05,0.08,16,130,0
act_8,8,0.06,0.42,17,371,1
act_6,6,0.11,0.51,17,112,1
act_8,8,0.06,0.42,17,431,1
act_8,8,0.06,0.42,17,354,1
act_6,6,0.11,0.51,17,67,1
act_15,15,0.12,0.33,18,108,1
act_10,10,0.16,0.08,18,17,0
act_15,15,0.12,0.33,18,226,1
act_9,9,0.05,0.26,19,225,0
act_3,3,0.05,0.08,19,224,0
act_3,3,0.05,0.08,19,285,0
act_11,11,0.07,0.86,19,491,1
act_9,9,0.05,0.26,19,237,0
act_11,11,0.07,0.86,19,279,1
act_9,9,0.05,0.26,19,172,0
act_15,15,0.12,0.33,20,223,1
act_15,15,0.12,0.33,20,214,1
act_15,15,0.12,0.33,20,320,1
act_17,17,0.3,0.08,21,313,0
act_19,19,0.25,0.31,21,448,0
act_9,9,0.05,0.26,21,292,0
act_9,9,0.05,0.26,21,186,0
act_16,16,0.1,0.69,22,198,1
act_16,16,0.1,0.69,22,25,1
act_8,8,0.06,0.42,23,484,1
act_8,8,0.06,0.42,23,140,1
act_0,0,0.03,0.39,23,290,0
act_17,17,0.3,0.08,23,253,0
act_8,8,0.06,0.42,23,212,1
act_8,8,0.06,0.42,23,137,1
act_0,0,0.03,0.39,23,235,0
act_0,0,0.03,0.39,23,393,0
act_0,0,0.03,0.39,23,428,0
act_0,0,0.03,0.39,23,492,0
act_0,0,0.03,0.39,23,179,0
act_17,17,0.3,0.08,24,365,0
act_3,3,0.05,0.08,24,355,0
act_0,0,0.03,0.39,24,381,0
act_3,3,0.05,0.08,24,301,0
act_3,3,0.05,0.08,24,262,0
act_15,15,0.12,0.33,25,251,1
act_15,15,0.12,0.33,25,58,1
act_15,15,0.12,0.33,25,96,1
act_13,13,0.05,0.5,26,414,1
act_13,13,0.05,0.5,26,14,1
act_11,11,0.07,0.86,26,334,1
act_11,11,0.07,0.86,26,78,1
act_13,13,0.05,0.5,26,156,1
act_11,11,0.07,0.86,26,177,1
act_10,10,0.16,0.08,27,468,0
act_15,15,0.12,0.33,27,310,0
act_4,4,0.25,0.19,27,423,0
act_10,10,0.16,0.08,28,209,0
act_10,10,0.16,0.08,28,433,0
act_6,6,0.11,0.51,28,142,1
act_6,6,0.11,0.51,28,455,1
act_9,9,0.05,0.26,29,81,0
act_5,5,0.02,0.33,29,274,1
act_9,9,0.05,0.26,29,57,0
act_9,9,0.05,0.26,29,204,0
act_18,18,0.06,0.23,29,469,0
act_15,15,0.12,0.33,29,309,1
act_9,9,0.05,0.26,29,318,0
act_15,15,0.12,0.33,29,165,1
act_9,9,0.05,0.26,29,400,0
act_18,18,0.06,0.23,29,308,0
act_9,9,0.05,0.26,29,102,0
act_5,5,0.02,0.33,29,234,1
act_5,5,0.02,0.33,29,295,1
act_8,8,0.06,0.42,30,439,0
act_10,10,0.16,0.08,30,510,0
act_15,15,0.12,0.33,31,210,1
act_17,17,0.3,0.08,31,394,0
act_15,15,0.12,0.33,31,462,1
act_19,19,0.25,0.31,32,422,0
act_3,3,0.05,0.08,32,478,0
act_3,3,0.05,0.08,32,481,0
act_3,3,0.05,0.08,32,169,0
act_15,15,0.12,0.33,33,188,1
act_15,15,0.12,0.33,33,13,1
act_15,15,0.12,0.33,33,458,1
act_15,15,0.12,0.33,33,37,1
act_16,16,0.1,0.69,34,374,1
act_18,18,0.06,0.23,34,392,0
act_18,18,0.06,0.23,34,273,0
act_18,18,0.06,0.23,34,488,0
act_13,13,0.05,0.5,34,129,0
act_18,18,0.06,0.23,34,395,0
act_13,13,0.05,0.5,34,323,0
act_7,7,0.23,0.74,35,138,0
act_4,4,0.25,0.19,35,407,0
act_17,17,0.3,0.08,36,500,0
act_5,5,0.02,0.33,36,466,1
act_5,5,0.02,0.33,36,312,1
act_5,5,0.02,0.33,36,465,1
act_5,5,0.02,0.33,36,425,1
act_5,5,0.02,0.33,36,148,1
act_5,5,0.02,0.33,36,161,1
act_5,5,0.02,0.33,36,276,1
act_5,5,0.02,0.33,36,187,1
act_5,5,0.02,0.33,36,372,1
act_5,5,0.02,0.33,36,362,1
act_5,5,0.02,0.33,36,233,1
act_5,5,0.02,0.33,36,54,1
act_5,5,0.02,0.33,36,205,1
act_5,5,0.02,0.33,36,459,1
act_13,13,0.05,0.5,37,248,1
act_13,13,0.05,0.5,37,152,1
act_15,15,0.12,0.33,37,11,0
act_13,13,0.05,0.5,37,321,1
act_3,3,0.05,0.08,37,331,0
act_3,3,0.05,0.08,38,66,0
act_3,3,0.05,0.08,38,83,0
act_3,3,0.05,0.08,38,32,0
act_2,2,0.04,0.55,38,190,0
act_17,17,0.3,0.08,39,440,0
act_17,17,0.3,0.08,39,173,0
act_17,17,0.3,0.08,40,219,0
act_8,8,0.06,0.42,40,268,1
act_8,8,0.06,0.42,40,413,1
act_10,10,0.16,0.08,41,28,0
act_10,10,0.16,0.08,41,264,0
act_0,0,0.03,0.39,41,158,0
act_0,0,0.03,0.39,41,247,0
act_0,0,0.03,0.39,41,31,0
act_18,18,0.06,0.23,42,53,0
act_9,9,0.05,0.26,42,385,0
act_9,9,0.05,0.26,42,195,0
act_9,9,0.05,0.26,42,474,0
act_18,18,0.06,0.23,42,412,0
act_9,9,0.05,0.26,42,16,0
act_9,9,0.05,0.26,42,119,0
act_18,18,0.06,0.23,42,63,0
act_8,8,0.06,0.42,42,452,1
act_18,18,0.06,0.23,42,477,0
act_8,8,0.06,0.42,42,136,1
act_18,18,0.06,0.23,42,509,0
act_12,12,0.16,0.47,43,267,0
act_12,12,0.16,0.47,43,107,0
act_0,0,0.03,0.39,43,207,0
act_7,7,0.23,0.74,43,103,0
act_2,2,0.04,0.55,44,215,1
act_9,9,0.05,0.26,44,159,0
act_3,3,0.05,0.08,44,444,0
act_2,2,0.04,0.55,44,257,1
act_3,3,0.05,0.08,44,218,0
act_6,6,0.11,0.51,45,316,0
act_14,14,0.15,0.01,45,277,0
act_10,10,0.16,0.08,46,227,0
act_5,5,0.02,0.33,46,94,1
act_10,10,0.16,0.08,46,105,0
act_5,5,0.02,0.33,46,59,1
act_5,5,0.02,0.33,46,109,1
act_1,1,0.29,0.23,47,0,0
act_1,1,0.29,0.23,47,113,0
act_16,16,0.1,0.69,47,101,0
act_16,16,0.1,0.69,48,337,1
act_11,11,0.07,0.86,48,21,1
act_16,16,0.1,0.69,48,397,1
act_18,18,0.06,0.23,48,167,0
act_18,18,0.06,0.23,48,377,0
act_3,3,0.05,0.08,49,306,0
act_6,6,0.11,0.51,49,408,0
act_3,3,0.05,0.08,49,252,0
act_15,15,0.12,0.33,50,291,0
act_5,5,0.02,0.33,50,464,0
act_15,15,0.12,0.33,50,283,0
act_18,18,0.06,0.23,50,344,0
act_18,18,0.06,0.23,50,436,0
act_15,15,0.12,0.33,50,386,0
act_5,5,0.02,0.33,50,123,0
act_5,5,0.02,0.33,50,84,0
act_18,18,0.06,0.23,50,71,0
act_18,18,0.06,0.23,50,382,0
act_5,5,0.02,0.33,50,332,0
act_5,5,0.02,0.33,50,55,0
act_5,5,0.02,0.33,50,266,0
act_19,19,0.25,0.31,51,447,0
act_6,6,0.11,0.51,51,45,1
act_15,15,0.12,0.33,51,1,0
act_12,12,0.16,0.47,51,404,1
act_14,14,0.15,0.01,52,498,0
act_10,10,0.16,0.08,52,358,0
act_14,14,0.15,0.01,52,15,0
act_14,14,0.15,0.01,53,110,0
act_13,13,0.05,0.5,53,486,1
act_5,5,0.02,0.33,53,271,0
act_13,13,0.05,0.5,53,460,1
act_5,5,0.02,0.33,53,62,0
act_16,16,0.1,0.69,54,8,1
act_8,8,0.06,0.42,54,255,0
act_3,3,0.05,0.08,54,483,0
act_6,6,0.11,0.51,55,244,1
act_6,6,0.11,0.51,55,98,1
act_6,6,0.11,0.51,55,132,1
act_1,1,0.29,0.23,55,454,0
act_2,2,0.04,0.55,56,432,1
act_12,12,0.16,0.47,56,363,0
act_2,2,0.04,0.55,56,232,1
act_2,2,0.04,0.55,56,430,1
act_2,2,0.04,0.55,56,479,1
act_2,2,0.04,0.55,56,90,1
act_2,2,0.04,0.55,56,241,1
act_2,2,0.04,0.55,56,184,1
act_2,2,0.04,0.55,56,33,1
act_2,2,0.04,0.55,56,453,1
act_17,17,0.3,0.08,57,124,0
act_1,1,0.29,0.23,58,426,0
act_17,17,0.3,0.08,59,461,0
act_7,7,0.23,0.74,59,27,0
act_0,0,0.03,0.39,60,213,1
act_0,0,0.03,0.39,60,275,1
act_16,16,0.1,0.69,60,20,1
act_17,17,0.3,0.08,60,293,0
act_0,0,0.03,0.39,61,296,1
act_0,0,0.03,0.39,61,302,1
act_11,11,0.07,0.86,61,353,1
act_0,0,0.03,0.39,61,410,1
act_0,0,0.03,0.39,61,29,1
act_0,0,0.03,0.39,61,368,1
act_0,0,0.03,0.39,61,450,1
act_11,11,0.07,0.86,61,254,1
act_11,11,0.07,0.86,61,122,1
act_0,0,0.03,0.39,61,446,1
act_7,7,0.23,0.74,62,125,1
act_0,0,0.03,0.39,62,366,1
act_6,6,0.11,0.51,63,475,1
act_12,12,0.16,0.47,63,3,0
act_3,3,0.05,0.08,63,242,0
act_6,6,0.11,0.51,63,281,1
act_6,6,0.11,0.51,63,429,1
act_5,5,0.02,0.33,64,303,1
act_5,5,0.02,0.33,64,75,1
act_15,15,0.12,0.33,64,445,1
act_15,15,0.12,0.33,64,415,1
act_5,5,0.02,0.33,64,396,1
act_15,15,0.12,0.33,64,494,1
act_12,12,0.16,0.47,64,147,1
act_5,5,0.02,0.33,64,191,1
act_5,5,0.02,0.33,64,36,1
act_5,5,0.02,0.33,64,256,1
act_5,5,0.02,0.33,64,375,1
act_12,12,0.16,0.47,65,146,1
act_5,5,0.02,0.33,65,189,1
act_0,0,0.03,0.39,65,221,1
act_0,0,0.03,0.39,65,50,1
act_0,0,0.03,0.39,65,482,1
act_16,16,0.1,0.69,65,116,1
act_16,16,0.1,0.69,65,26,1
act_0,0,0.03,0.39,65,497,1
act_12,12,0.16,0.47,65,185,1
act_5,5,0.02,0.33,65,360,1
act_5,5,0.02,0.33,65,150,1
act_0,0,0.03,0.39,65,399,1
act_5,5,0.02,0.33,65,104,1
act_19,19,0.25,0.31,66,153,0
act_0,0,0.03,0.39,66,272,0
act_0,0,0.03,0.39,66,48,0
act_0,0,0.03,0.39,66,261,0
act_7,7,0.23,0.74,67,348,1
act_3,3,0.05,0.08,67,495,0
act_5,5,0.02,0.33,67,114,1
act_7,7,0.23,0.74,67,240,1
act_3,3,0.05,0.08,67,376,0
act_5,5,0.02,0.33,67,351,1
act_5,5,0.02,0.33,67,401,1
act_5,5,0.02,0.33,67,85,1
act_5,5,0.02,0.33,67,18,1
act_3,3,0.05,0.08,67,69,0
act_5,5,0.02,0.33,67,197,1
act_7,7,0.23,0.74,68,442,0
act_3,3,0.05,0.08,68,97,0
act_2,2,0.04,0.55,69,120,0
act_4,4,0.25,0.19,69,507,0
act_4,4,0.25,0.19,69,127,0
act_10,10,0.16,0.08,70,304,0
act_3,3,0.05,0.08,70,378,0
act_4,4,0.25,0.19,71,435,0
act_4,4,0.25,0.19,71,239,0
act_4,4,0.25,0.19,71,298,0
act_2,2,0.04,0.55,72,79,1
act_2,2,0.04,0.55,72,199,1
act_2,2,0.04,0.55,72,228,1
act_0,0,0.03,0.39,72,342,0
act_0,0,0.03,0.39,72,326,0
act_2,2,0.04,0.55,72,286,1
act_0,0,0.03,0.39,72,384,0
act_17,17,0.3,0.08,73,121,0
act_8,8,0.06,0.42,73,34,0
act_0,0,0.03,0.39,74,449,1
act_17,17,0.3,0.08,74,350,0
act_19,19,0.25,0.31,74,339,0
act_0,0,0.03,0.39,74,72,1
act_16,16,0.1,0.69,75,427,1
act_16,16,0.1,0.69,75,168,1
act_16,16,0.1,0.69,75,480,1
act_19,19,0.25,0.31,76,65,0
act_0,0,0.03,0.39,76,77,1
act_19,19,0.25,0.31,76,379,0
act_0,0,0.03,0.39,76,131,1
act_0,0,0.03,0.39,76,7,1
act_0,0,0.03,0.39,76,149,1
act_0,0,0.03,0.39,76,470,1
act_11,11,0.07,0.86,77,64,1
act_11,11,0.07,0.86,77,299,1
act_12,12,0.16,0.47,77,106,0
act_11,11,0.07,0.86,77,269,1
act_11,11,0.07,0.86,77,424,1
act_12,12,0.16,0.47,77,349,0
act_11,11,0.07,0.86,77,145,1
act_8,8,0.06,0.42,78,41,1
act_8,8,0.06,0.42,78,35,1
act_18,18,0.06,0.23,78,373,0
act_18,18,0.06,0.23,78,314,0
act_0,0,0.03,0.39,78,259,1
act_3,3,0.05,0.08,79,40,0
act_3,3,0.05,0.08,79,134,0
act_14,14,0.15,0.01,79,70,0
act_3,3,0.05,0.08,79,208,0
act_3,3,0.05,0.08,79,506,0
act_14,14,0.15,0.01,79,472,0
act_2,2,0.04,0.55,79,288,0
act_14,14,0.15,0.01,79,182,0
act_3,3,0.05,0.08,79,42,0
act_12,12,0.16,0.47,80,163,1
act_3,3,0.05,0.08,80,278,0
act_3,3,0.05,0.08,80,180,0
act_12,12,0.16,0.47,80,305,1
act_12,12,0.16,0.47,80,336,1
act_16,16,0.1,0.69,80,467,1
act_3,3,0.05,0.08,80,499,0
act_6,6,0.11,0.51,81,60,0
act_1,1,0.29,0.23,81,476,0
act_5,5,0.02,0.33,82,370,0
act_5,5,0.02,0.33,82,51,0
act_6,6,0.11,0.51,82,280,1
act_5,5,0.02,0.33,82,68,0
act_0,0,0.03,0.39,82,141,0
act_0,0,0.03,0.39,82,217,0
act_0,0,0.03,0.39,82,245,0
act_19,19,0.25,0.31,83,171,0
act_5,5,0.02,0.33,83,420,0
act_18,18,0.06,0.23,83,357,0
act_10,10,0.16,0.08,84,258,0
act_6,6,0.11,0.51,84,4,0
act_18,18,0.06,0.23,84,166,0
act_18,18,0.06,0.23,84,201,0
act_18,18,0.06,0.23,84,343,0
act_18,18,0.06,0.23,85,9,0
act_5,5,0.02,0.33,85,489,0
act_14,14,0.15,0.01,85,154,0
act_14,14,0.15,0.01,85,315,0
act_12,12,0.16,0.47,85,503,0
act_5,5,0.02,0.33,85,456,0
act_5,5,0.02,0.33,85,99,0
act_7,7,0.23,0.74,86,46,1
act_13,13,0.05,0.5,86,76,1
act_13,13,0.05,0.5,86,369,1
act_12,12,0.16,0.47,87,238,1
act_12,12,0.16,0.47,87,192,1
act_15,15,0.12,0.33,88,95,0
act_6,6,0.11,0.51,88,47,1
act_1,1,0.29,0.23,89,61,0
act_8,8,0.06,0.42,89,270,0
act_6,6,0.11,0.51,90,294,1
act_9,9,0.05,0.26,90,202,0
act_9,9,0.05,0.26,90,409,0
act_6,6,0.11,0.51,90,421,1
act_6,6,0.11,0.51,90,139,1
act_6,6,0.11,0.51,90,508,1
act_0,0,0.03,0.39,91,504,1
act_0,0,0.03,0.39,91,100,1
act_15,15,0.12,0.33,91,340,0
act_0,0,0.03,0.39,91,5,1
act_0,0,0.03,0.39,91,496,1
act_10,10,0.16,0.08,92,390,0
act_3,3,0.05,0.08,93,289,0
act_6,6,0.11,0.51,93,473,0
act_3,3,0.05,0.08,93,249,0
act_3,3,0.05,0.08,93,22,0
act_9,9,0.05,0.26,93,12,0
act_9,9,0.05,0.26,93,356,0
act_3,3,0.05,0.08,93,493,0
act_2,2,0.04,0.55,94,118,1
act_8,8,0.06,0.42,94,389,1
act_8,8,0.06,0.42,94,88,1
act_2,2,0.04,0.55,94,387,1
act_8,8,0.06,0.42,94,398,1
act_2,2,0.04,0.55,94,300,1
act_8,8,0.06,0.42,94,6,1
act_2,2,0.04,0.55,94,216,1
act_8,8,0.06,0.42,94,287,1
act_2,2,0.04,0.55,94,230,1
act_18,18,0.06,0.23,95,333,0
act_18,18,0.06,0.23,95,143,0
act_18,18,0.06,0.23,95,307,0
act_19,19,0.25,0.31,95,10,0
act_6,6,0.11,0.51,96,49,1
act_6,6,0.11,0.51,96,443,1
act_7,7,0.23,0.74,96,463,1
act_12,12,0.16,0.47,97,74,1
act_5,5,0.02,0.33,97,39,1
act_5,5,0.02,0.33,97,19,1
act_5,5,0.02,0.33,97,418,1
act_5,5,0.02,0.33,97,322,1
act_5,5,0.02,0.33,97,325,1
act_5,5,0.02,0.33,97,157,1
act_5,5,0.02,0.33,97,115,1
act_1,1,0.29,0.23,98,73,0
act_3,3,0.05,0.08,98,457,0
act_3,3,0.05,0.08,98,265,0
act_3,3,0.05,0.08,98,133,0
act_3,3,0.05,0.08,98,211,0
act_3,3,0.05,0.08,98,170,0
act_10,10,0.16,0.08,99,347,0

Alpha (resource id, list of activity ids)
0:6,15,2,10
1:8,1,9
2:13,8,15,5
3:3,18,9
4:2,11,3,1
5:0,18
6:16,9,10,17
7:0,19,2,7
8:18,10,9,12
9:8,17
10:18,14,16,4
11:16,6,15
12:14,6,12,19
13:15,4
14:11,14
15:16,17,19
16:2,6,3,9
17:8,6
18:17,10,15
19:3,11,9
20:2,15
21:19,15,17,9
22:4,16
23:17,0,8
24:0,17,3,12
25:15,14
26:11,13
27:10,15,14,4
28:6,10
29:5,9,15,18
30:13,10,5,8
31:15,17,19
32:6,3,19,5
33:15,0
34:16,7,13,18
35:4,12,7,16
36:17,5
37:3,13,15
38:2,17,3,18
39:17,7,19
40:17,8
41:10,0,17
42:9,8,18
43:0,7,3,12
44:9,2,6,3
45:11,6,14
46:10,5
47:16,1
48:11,16,18
49:6,17,3
50:15,5,18
51:15,12,6,19
52:14,10,12
53:5,14,13,7
54:3,19,16,8
55:1,6
56:12,2
57:14,17
58:8,18,0,1
59:7,6,5,17
60:17,19,16,0
61:19,11,0
62:7,0,8,14
63:6,4,12,3
64:15,10,5,12
65:0,16,12,5
66:19,17,12,0
67:3,7,5
68:18,17,7,3
69:2,4
70:3,7,10,6
71:7,18,4
72:2,0,1
73:8,17
74:0,16,19,17
75:1,16
76:0,19
77:11,12
78:18,0,8
79:14,16,2,3
80:3,16,12,6
81:6,1
82:6,0,5,4
83:18,19,5
84:10,15,18,6
85:18,5,14,12
86:10,7,13
87:17,1,12,8
88:15,6,4
89:10,1,8
90:14,9,6,7
91:15,0,1
92:10,1
93:6,3,9
94:2,17,8
95:1,18,19,3
96:10,7,8,6
97:5,12
98:1,3,9
99:10,19

Costs (resource, resource to replace, activity, cost)
0,0,6,0
0,11,6,0.21
0,12,6,0.12
0,16,6,0.92
0,17,6,0.97
0,28,6,0.99
0,32,6,0.26
0,44,6,0.99
0,45,6,0.89
0,49,6,0.31
0,51,6,0.26
0,55,6,0.71
0,59,6,0.65
0,63,6,0.34
0,70,6,0.13
0,80,6,0.51
0,81,6,0.64
0,82,6,0.02
0,84,6,0.83
0,88,6,0.1
0,90,6,0.92
0,93,6,0.94
0,96,6,0.07
0,0,15,0
0,2,15,0.93
0,11,15,0.83
0,13,15,0.93
0,18,15,0.71
0,20,15,0.68
0,21,15,0.65
0,25,15,0.3
0,27,15,0.63
0,29,15,0.06
0,31,15,0.03
0,33,15,0.74
0,37,15,0.05
0,50,15,0.18
0,51,15,0.09
0,64,15,0.85
0,84,15,0.76
0,88,15,0.8
0,91,15,0.84
0,0,2,0
0,4,2,0.13
0,7,2,0.26
0,16,2,0.18
0,20,2,0.54
0,38,2,0.34
0,44,2,0.54
0,56,2,0.91
0,69,2,0.19
0,72,2,0.28
0,79,2,0.94
0,94,2,0.86
0,0,10,0
0,6,10,0.26
0,8,10,0.06
0,18,10,0.55
0,27,10,0.79
0,28,10,0.61
0,30,10,0.33
0,41,10,0.79
0,46,10,0.93
0,52,10,0.06
0,64,10,0.85
0,70,10,0.8
0,84,10,0.08
0,86,10,0.65
0,89,10,0.46
0,92,10,0.79
0,96,10,0.11
0,99,10,0.65
1,1,8,0
1,2,8,0.53
1,9,8,0.12
1,17,8,0.79
1,23,8,0.66
1,30,8,0.45
1,40,8,0.4
1,42,8,0.57
1,54,8,0.25
1,58,8,0.27
1,62,8,0.45
1,73,8,0.62
1,78,8,0.13
1,87,8,0.98
1,89,8,0.77
1,94,8,0.99
1,96,8,0.03
1,1,1,0
1,4,1,0.55
1,47,1,0.5
1,55,1,0.84
1,58,1,0.27
1,72,1,0.65
1,75,1,0.58
1,81,1,0.01
1,87,1,0.63
1,89,1,0.17
1,91,1,0.34
1,92,1,0.41
1,95,1,0.04
1,98,1,0.6
1,1,9,0
1,3,9,0.28
1,6,9,0.38
1,8,9,0.47
1,16,9,0.18
1,19,9,0.78
1,21,9,0.45
1,29,9,0.3
1,42,9,0.81
1,44,9,0.23
1,90,9,0.95
1,93,9,0.26
1,98,9,0.64
2,2,13,0
2,26,13,0.95
2,30,13,0.44
2,34,13,0.3
2,37,13,0.72
2,53,13,0.13
2,86,13,0.01
2,1,8,0.24
2,2,8,0
2,9,8,0.1
2,17,8,0.49
2,23,8,0.4
2,30,8,0.1
2,40,8,0.51
2,42,8,0.85
2,54,8,0.35
2,58,8,0.92
2,62,8,0.34
2,73,8,0.01
2,78,8,0.07
2,87,8,0.31
2,89,8,0.17
2,94,8,0.62
2,96,8,0.92
2,0,15,0.33
2,2,15,0
2,11,15,0.43
2,13,15,0.4
2,18,15,0.84
2,20,15,0.22
2,21,15,0.19
2,25,15,0.94
2,27,15,0.77
2,29,15,0.71
2,31,15,0.03
2,33,15,0.57
2,37,15,0.1
2,50,15,0.78
2,51,15,0.43
2,64,15,0.4
2,84,15,0.78
2,88,15,0.15
2,91,15,0.89
2,2,5,0
2,29,5,0.4
2,30,5,0.61
2,32,5,0.82
2,36,5,0.96
2,46,5,0.05
2,50,5,0.23
2,53,5,0.48
2,59,5,0.31
2,64,5,0.01
2,65,5,0.94
2,67,5,0.32
2,82,5,0.18
2,83,5,0.1
2,85,5,0.62
2,97,5,0.35
3,3,3,0
3,4,3,0.78
3,16,3,0.58
3,19,3,0.24
3,24,3,0.92
3,32,3,0.82
3,37,3,0.26
3,38,3,0.48
3,43,3,0.87
3,44,3,0.45
3,49,3,0.36
3,54,3,0.26
3,63,3,0.88
3,67,3,0.56
3,68,3,0.8
3,70,3,0.91
3,79,3,0.05
3,80,3,0.97
3,93,3,0.07
3,95,3,0.47
3,98,3,0.57
3,3,18,0
3,5,18,0.36
3,8,18,0.59
3,10,18,0.4
3,29,18,0.56
3,34,18,0.32
3,38,18,0.27
3,42,18,0.07
3,48,18,0.67
3,50,18,0.84
3,58,18,0.6
3,68,18,0.04
3,71,18,0.34
3,78,18,0.09
3,83,18,0.18
3,84,18,0.84
3,85,18,0.22
3,95,18,0.32
3,1,9,0.04
3,3,9,0
3,6,9,1.0
3,8,9,0.12
3,16,9,0.86
3,19,9,0.9
3,21,9,0.65
3,29,9,0.81
3,42,9,0.94
3,44,9,0.4
3,90,9,0.91
3,93,9,0.96
3,98,9,0.21
4,0,2,0.41
4,4,2,0
4,7,2,0.13
4,16,2,0.11
4,20,2,0.19
4,38,2,0.16
4,44,2,0.37
4,56,2,0.43
4,69,2,0.78
4,72,2,0.84
4,79,2,0.72
4,94,2,0.1
4,4,11,0
4,14,11,0.64
4,19,11,0.21
4,26,11,0.59
4,45,11,0.7
4,48,11,0.85
4,61,11,0.01
4,77,11,0.63
4,3,3,0.35
4,4,3,0
4,16,3,0.23
4,19,3,0.53
4,24,3,0.49
4,32,3,0.45
4,37,3,1.0
4,38,3,0.89
4,43,3,0.8
4,44,3,0.85
4,49,3,0.69
4,54,3,0.99
4,63,3,0.91
4,67,3,0.56
4,68,3,0.02
4,70,3,0.38
4,79,3,0.76
4,80,3,0.44
4,93,3,1.0
4,95,3,0.64
4,98,3,0.92
4,1,1,0.79
4,4,1,0
4,47,1,0.01
4,55,1,0.4
4,58,1,0.8
4,72,1,0.5
4,75,1,0.64
4,81,1,0.25
4,87,1,0.48
4,89,1,0.27
4,91,1,0.8
4,92,1,0.9
4,95,1,0.3
4,98,1,0.84
5,5,0,0
5,7,0,0.99
5,23,0,0.88
5,24,0,0.83
5,33,0,0.81
5,41,0,0.18
5,43,0,0.38
5,58,0,0.81
5,60,0,0.75
5,61,0,0.47
5,62,0,0.02
5,65,0,0.74
5,66,0,0.71
5,72,0,0.97
5,74,0,0.12
5,76,0,0.13
5,78,0,0.97
5,82,0,0.51
5,91,0,0.51
5,3,18,0.41
5,5,18,0
5,8,18,0.92
5,10,18,0.23
5,29,18,1.0
5,34,18,0.88
5,38,18,0.06
5,42,18,0.6
5,48,18,0.21
5,50,18,0.04
5,58,18,0.39
5,68,18,0.66
5,71,18,0.19
5,78,18,0.85
5,83,18,0.43
5,84,18,0.29
5,85,18,0.09
5,95,18,0.99
6,6,16,0
6,10,16,0.44
6,11,16,0.83
6,15,16,0.8
6,22,16,0.88
6,34,16,0.23
6,35,16,0.51
6,47,16,0.25
6,48,16,0.74
6,54,16,0.25
6,60,16,0.1
6,65,16,0.51
6,74,16,0.85
6,75,16,0.77
6,79,16,0.55
6,80,16,0.4
6,1,9,0.05
6,3,9,0.74
6,6,9,0
6,8,9,0.52
6,16,9,0.58
6,19,9,0.43
6,21,9,0.7
6,29,9,0.12
6,42,9,0.17
6,44,9,0.74
6,90,9,0.15
6,93,9,0.42
6,98,9,0.76
6,0,10,0.17
6,6,10,0
6,8,10,0.11
6,18,10,0.12
6,27,10,0.33
6,28,10,0.98
6,30,10,0.44
6,41,10,0.08
6,46,10,0.8
6,52,10,0.38
6,64,10,0.17
6,70,10,0.08
6,84,10,0.51
6,86,10,0.94
6,89,10,0.26
6,92,10,0.86
6,96,10,0.5
6,99,10,0.21
6,6,17,0
6,9,17,0.25
6,15,17,0.02
6,18,17,0.44
6,21,17,0.84
6,23,17,0.91
6,24,17,0.24
6,31,17,0.29
6,36,17,0.91
6,38,17,0.28
6,39,17,0.81
6,40,17,0.1
6,41,17,0.94
6,49,17,0.72
6,57,17,0.42
6,59,17,0.8
6,60,17,0.78
6,66,17,0.85
6,68,17,0.25
6,73,17,0.33
6,74,17,0.35
6,87,17,0.56
6,94,17,0.71
7,5,0,0.62
7,7,0,0
7,23,0,0.89
7,24,0,0.5
7,33,0,0.14
7,41,0,0.15
7,43,0,0.85
7,58,0,0.94
7,60,0,0.6
7,61,0,0.87
7,62,0,0.17
7,65,0,0.11
7,66,0,0.71
7,72,0,0.46
7,74,0,0.87
7,76,0,0.02
7,78,0,0.59
7,82,0,0.2
7,91,0,0.52
7,7,19,0
7,12,19,0.63
7,15,19,0.71
7,21,19,0.27
7,31,19,0.81
7,32,19,0.33
7,39,19,0.47
7,51,19,0.72
7,54,19,0.72
7,60,19,0.95
7,61,19,0.16
7,66,19,0.24
7,74,19,0.14
7,76,19,0.04
7,83,19,0.88
7,95,19,0.72
7,99,19,1.0
7,0,2,0.17
7,4,2,0.7
7,7,2,0
7,16,2,0.91
7,20,2,0.03
7,38,2,0.18
7,44,2,0.04
7,56,2,0.29
7,69,2,0.94
7,72,2,0.83
7,79,2,0.33
7,94,2,0.55
7,7,7,0
7,34,7,0.27
7,35,7,0.52
7,39,7,0.39
7,43,7,0.16
7,53,7,0.55
7,59,7,0.98
7,62,7,0.73
7,67,7,0.97
7,68,7,0.7
7,70,7,1.0
7,71,7,0.89
7,86,7,0.59
7,90,7,1.0
7,96,7,0.28
8,3,18,0.44
8,5,18,0.67
8,8,18,0
8,10,18,0.08
8,29,18,0.35
8,34,18,0.82
8,38,18,0.28
8,42,18,0.92
8,48,18,0.34
8,50,18,0.22
8,58,18,0.99
8,68,18,0.97
8,71,18,0.95
8,78,18,0.72
8,83,18,0.96
8,84,18,0.69
8,85,18,0.76
8,95,18,0.15
8,0,10,0.44
8,6,10,0.18
8,8,10,0
8,18,10,0.2
8,27,10,0.73
8,28,10,0.91
8,30,10,0.42
8,41,10,0.45
8,46,10,0.34
8,52,10,0.54
8,64,10,0.21
8,70,10,0.5
8,84,10,0.84
8,86,10,0.15
8,89,10,0.83
8,92,10,0.2
8,96,10,0.74
8,99,10,0.26
8,1,9,0.43
8,3,9,0.76
8,6,9,0.63
8,8,9,0
8,16,9,0.69
8,19,9,0.93
8,21,9,0.96
8,29,9,0.63
8,42,9,0.45
8,44,9,0.59
8,90,9,0.86
8,93,9,0.84
8,98,9,0.51
8,8,12,0
8,12,12,0.13
8,24,12,0.83
8,35,12,0.76
8,43,12,0.27
8,51,12,0.43
8,52,12,0.97
8,56,12,0.16
8,63,12,0.3
8,64,12,0.9
8,65,12,0.85
8,66,12,0.18
8,77,12,0.51
8,80,12,0.72
8,85,12,0.74
8,87,12,0.1
8,97,12,1.0
9,1,8,0.72
9,2,8,0.62
9,9,8,0
9,17,8,0.5
9,23,8,0.83
9,30,8,0.76
9,40,8,0.55
9,42,8,0.26
9,54,8,0.88
9,58,8,0.53
9,62,8,0.42
9,73,8,0.06
9,78,8,0.39
9,87,8,0.52
9,89,8,0.79
9,94,8,0.08
9,96,8,0.22
9,6,17,0.74
9,9,17,0
9,15,17,0.1
9,18,17,0.1
9,21,17,0.02
9,23,17,0.08
9,24,17,0.86
9,31,17,0.65
9,36,17,0.93
9,38,17,0.49
9,39,17,0.29
9,40,17,0.17
9,41,17,0.79
9,49,17,0.5
9,57,17,0.65
9,59,17,0.97
9,60,17,0.68
9,66,17,0.75
9,68,17,0.2
9,73,17,0.8
9,74,17,0.48
9,87,17,0.81
9,94,17,0.92
10,3,18,0.83
10,5,18,0.51
10,8,18,0.97
10,10,18,0
10,29,18,0.93
10,34,18,0.23
10,38,18,0.96
10,42,18,0.67
10,48,18,0.78
10,50,18,0.83
10,58,18,0.03
10,68,18,0.85
10,71,18,0.33
10,78,18,0.4
10,83,18,0.73
10,84,18,0.54
10,85,18,0.49
10,95,18,0.67
10,10,14,0
10,12,14,0.47
10,14,14,0.23
10,25,14,0.8
10,27,14,0.55
10,45,14,0.92
10,52,14,0.19
10,53,14,0.89
10,57,14,0.49
10,62,14,0.58
10,79,14,0.31
10,85,14,0.17
10,90,14,0.16
10,6,16,0.52
10,10,16,0
10,11,16,0.06
10,15,16,0.46
10,22,16,0.79
10,34,16,0.75
10,35,16,0.76
10,47,16,0.26
10,48,16,0.25
10,54,16,0.11
10,60,16,0.99
10,65,16,0.73
10,74,16,0.75
10,75,16,0.91
10,79,16,0.05
10,80,16,0.65
10,10,4,0
10,13,4,0.34
10,22,4,0.66
10,27,4,0.83
10,35,4,0.91
10,63,4,0.47
10,69,4,0.51
10,71,4,0.19
10,82,4,0.79
10,88,4,0.44
11,6,16,0.77
11,10,16,0.79
11,11,16,0
11,15,16,0.76
11,22,16,0.69
11,34,16,0.22
11,35,16,0.23
11,47,16,0.36
11,48,16,0.02
11,54,16,0.84
11,60,16,0.24
11,65,16,0.65
11,74,16,0.92
11,75,16,0.87
11,79,16,0.56
11,80,16,0.48
11,0,6,0.6
11,11,6,0
11,12,6,0.21
11,16,6,0.34
11,17,6,0.02
11,28,6,0.73
11,32,6,0.73
11,44,6,0.45
11,45,6,0.61
11,49,6,0.03
11,51,6,0.21
11,55,6,0.19
11,59,6,0.91
11,63,6,0.76
11,70,6,0.42
11,80,6,0.27
11,81,6,0.35
11,82,6,0.06
11,84,6,0.12
11,88,6,0.76
11,90,6,0.26
11,93,6,0.24
11,96,6,0.01
11,0,15,0.36
11,2,15,0.73
11,11,15,0
11,13,15,0.2
11,18,15,0.01
11,20,15,0.05
11,21,15,0.47
11,25,15,0.95
11,27,15,0.76
11,29,15,0.27
11,31,15,0.56
11,33,15,0.92
11,37,15,0.81
11,50,15,0.1
11,51,15,0.11
11,64,15,0.81
11,84,15,0.74
11,88,15,0.83
11,91,15,0.19
12,10,14,0.96
12,12,14,0
12,14,14,0.39
12,25,14,0.91
12,27,14,0.26
12,45,14,0.71
12,52,14,0.43
12,53,14,0.1
12,57,14,0.93
12,62,14,0.99
12,79,14,1.0
12,85,14,0.53
12,90,14,0.11
12,0,6,0.75
12,11,6,0.16
12,12,6,0
12,16,6,0.83
12,17,6,0.11
12,28,6,0.79
12,32,6,0.84
12,44,6,0.08
12,45,6,0.35
12,49,6,0.95
12,51,6,0.28
12,55,6,0.95
12,59,6,0.46
12,63,6,0.5
12,70,6,0.96
12,80,6,0.55
12,81,6,0.84
12,82,6,0.95
12,84,6,0.67
12,88,6,0.99
12,90,6,0.32
12,93,6,0.33
12,96,6,0.08
12,8,12,0.19
12,12,12,0
12,24,12,0.62
12,35,12,0.95
12,43,12,0.55
12,51,12,0.91
12,52,12,0.39
12,56,12,0.1
12,63,12,0.69
12,64,12,0.34
12,65,12,0.63
12,66,12,0.99
12,77,12,0.29
12,80,12,0.02
12,85,12,0.95
12,87,12,0.37
12,97,12,0.72
12,7,19,0.22
12,12,19,0
12,15,19,0.72
12,21,19,0.05
12,31,19,0.14
12,32,19,0.05
12,39,19,0.24
12,51,19,0.24
12,54,19,0.11
12,60,19,0.26
12,61,19,0.4
12,66,19,0.35
12,74,19,0.7
12,76,19,0.76
12,83,19,0.88
12,95,19,0.5
12,99,19,0.06
13,0,15,0.39
13,2,15,0.96
13,11,15,0.24
13,13,15,0
13,18,15,0.21
13,20,15,0.99
13,21,15,0.46
13,25,15,0.23
13,27,15,0.66
13,29,15,0.22
13,31,15,0.18
13,33,15,0.94
13,37,15,0.25
13,50,15,0.5
13,51,15,0.32
13,64,15,0.76
13,84,15,0.8
13,88,15,0.41
13,91,15,0.59
13,10,4,0.29
13,13,4,0
13,22,4,0.56
13,27,4,0.08
13,35,4,0.16
13,63,4,0.05
13,69,4,0.06
13,71,4,0.83
13,82,4,0.88
13,88,4,0.79
14,4,11,0.71
14,14,11,0
14,19,11,0.12
14,26,11,0.14
14,45,11,0.62
14,48,11,0.42
14,61,11,0.45
14,77,11,0.1
14,10,14,0.06
14,12,14,0.37
14,14,14,0
14,25,14,0.75
14,27,14,0.71
14,45,14,0.29
14,52,14,0.5
14,53,14,0.88
14,57,14,0.08
14,62,14,0.43
14,79,14,0.87
14,85,14,0.85
14,90,14,0.02
15,6,16,0.91
15,10,16,0.66
15,11,16,0.86
15,15,16,0
15,22,16,0.34
15,34,16,0.07
15,35,16,0.6
15,47,16,0.17
15,48,16,0.41
15,54,16,0.04
15,60,16,0.37
15,65,16,0.07
15,74,16,0.55
15,75,16,0.21
15,79,16,0.82
15,80,16,0.32
15,6,17,0.15
15,9,17,0.98
15,15,17,0
15,18,17,0.82
15,21,17,0.8
15,23,17,0.47
15,24,17,0.55
15,31,17,0.6
15,36,17,0.98
15,38,17,0.66
15,39,17,0.29
15,40,17,0.34
15,41,17,0.77
15,49,17,0.57
15,57,17,0.99
15,59,17,0.23
15,60,17,0.27
15,66,17,0.76
15,68,17,0.49
15,73,17,0.07
15,74,17,0.74
15,87,17,0.34
15,94,17,0.03
15,7,19,0.04
15,12,19,0.06
15,15,19,0
15,21,19,0.96
15,31,19,0.98
15,32,19,0.32
15,39,19,0.97
15,51,19,0.91
15,54,19,0.22
15,60,19,0.76
15,61,19,0.43
15,66,19,0.14
15,74,19,0.12
15,76,19,0.43
15,83,19,0.09
15,95,19,0.49
15,99,19,0.63
16,0,2,0.54
16,4,2,0.64
16,7,2,0.67
16,16,2,0
16,20,2,0.79
16,38,2,0.67
16,44,2,0.02
16,56,2,0.25
16,69,2,0.34
16,72,2,0.3
16,79,2,0.01
16,94,2,0.1
16,0,6,0.99
16,11,6,0.27
16,12,6,0.78
16,16,6,0
16,17,6,0.96
16,28,6,0.42
16,32,6,0.62
16,44,6,0.14
16,45,6,0.57
16,49,6,0.24
16,51,6,0.6
16,55,6,0.38
16,59,6,0.74
16,63,6,0.13
16,70,6,0.19
16,80,6,0.51
16,81,6,0.72
16,82,6,0.23
16,84,6,0.0
16,88,6,0.87
16,90,6,0.06
16,93,6,0.89
16,96,6,0.88
16,3,3,0.17
16,4,3,0.04
16,16,3,0
16,19,3,0.82
16,24,3,0.29
16,32,3,0.35
16,37,3,0.5
16,38,3,0.23
16,43,3,0.11
16,44,3,0.19
16,49,3,0.11
16,54,3,0.79
16,63,3,0.69
16,67,3,0.8
16,68,3,0.89
16,70,3,0.42
16,79,3,0.12
16,80,3,0.27
16,93,3,0.65
16,95,3,0.63
16,98,3,0.33
16,1,9,0.53
16,3,9,0.58
16,6,9,0.57
16,8,9,0.04
16,16,9,0
16,19,9,0.68
16,21,9,0.12
16,29,9,0.52
16,42,9,0.6
16,44,9,0.24
16,90,9,0.88
16,93,9,0.27
16,98,9,0.68
17,1,8,0.33
17,2,8,0.13
17,9,8,0.67
17,17,8,0
17,23,8,0.08
17,30,8,0.45
17,40,8,0.56
17,42,8,0.94
17,54,8,0.77
17,58,8,0.07
17,62,8,0.11
17,73,8,0.51
17,78,8,0.16
17,87,8,0.76
17,89,8,0.55
17,94,8,0.45
17,96,8,0.06
17,0,6,0.27
17,11,6,0.74
17,12,6,0.85
17,16,6,0.67
17,17,6,0
17,28,6,0.14
17,32,6,1.0
17,44,6,0.72
17,45,6,0.44
17,49,6,0.27
17,51,6,0.35
17,55,6,0.59
17,59,6,0.63
17,63,6,0.03
17,70,6,0.94
17,80,6,0.46
17,81,6,0.62
17,82,6,0.7
17,84,6,0.59
17,88,6,0.32
17,90,6,0.86
17,93,6,0.22
17,96,6,0.65
18,6,17,0.31
18,9,17,0.34
18,15,17,0.2
18,18,17,0
18,21,17,0.12
18,23,17,0.83
18,24,17,0.92
18,31,17,0.02
18,36,17,0.64
18,38,17,0.63
18,39,17,0.91
18,40,17,0.82
18,41,17,0.53
18,49,17,0.23
18,57,17,0.5
18,59,17,0.84
18,60,17,0.08
18,66,17,0.32
18,68,17,0.54
18,73,17,0.09
18,74,17,0.87
18,87,17,0.49
18,94,17,0.79
18,0,10,0.04
18,6,10,0.56
18,8,10,0.72
18,18,10,0
18,27,10,0.63
18,28,10,0.04
18,30,10,0.34
18,41,10,0.29
18,46,10,0.64
18,52,10,0.07
18,64,10,0.99
18,70,10,0.71
18,84,10,0.8
18,86,10,0.94
18,89,10,0.47
18,92,10,0.22
18,96,10,0.01
18,99,10,0.4
18,0,15,0.63
18,2,15,0.89
18,11,15,0.73
18,13,15,0.74
18,18,15,0
18,20,15,0.79
18,21,15,0.55
18,25,15,0.52
18,27,15,0.42
18,29,15,0.84
18,31,15,0.53
18,33,15,0.09
18,37,15,0.79
18,50,15,0.63
18,51,15,0.88
18,64,15,0.43
18,84,15,0.43
18,88,15,0.73
18,91,15,0.52
19,3,3,0.75
19,4,3,0.46
19,16,3,0.15
19,19,3,0
19,24,3,0.22
19,32,3,0.8
19,37,3,0.96
19,38,3,0.21
19,43,3,0.63
19,44,3,0.61
19,49,3,0.78
19,54,3,0.02
19,63,3,0.9
19,67,3,0.21
19,68,3,0.05
19,70,3,0.54
19,79,3,0.66
19,80,3,0.33
19,93,3,0.37
19,95,3,0.28
19,98,3,0.75
19,4,11,0.39
19,14,11,0.49
19,19,11,0
19,26,11,0.14
19,45,11,0.64
19,48,11,0.98
19,61,11,0.94
19,77,11,0.92
19,1,9,0.03
19,3,9,0.23
19,6,9,0.42
19,8,9,0.33
19,16,9,0.59
19,19,9,0
19,21,9,0.51
19,29,9,0.85
19,42,9,0.55
19,44,9,0.7
19,90,9,0.82
19,93,9,0.87
19,98,9,0.48
20,0,2,0.09
20,4,2,0.02
20,7,2,0.82
20,16,2,0.48
20,20,2,0
20,38,2,0.6
20,44,2,0.12
20,56,2,0.16
20,69,2,0.48
20,72,2,0.13
20,79,2,0.12
20,94,2,0.14
20,0,15,0.74
20,2,15,0.54
20,11,15,0.17
20,13,15,0.11
20,18,15,0.81
20,20,15,0
20,21,15,0.01
20,25,15,0.09
20,27,15,0.67
20,29,15,0.57
20,31,15,0.42
20,33,15,0.05
20,37,15,0.21
20,50,15,0.53
20,51,15,0.73
20,64,15,0.1
20,84,15,0.5
20,88,15,0.44
20,91,15,0.25
21,7,19,0.58
21,12,19,0.34
21,15,19,0.53
21,21,19,0
21,31,19,0.84
21,32,19,0.97
21,39,19,0.88
21,51,19,0.25
21,54,19,0.12
21,60,19,0.22
21,61,19,0.59
21,66,19,0.61
21,74,19,0.87
21,76,19,0.73
21,83,19,0.78
21,95,19,0.87
21,99,19,0.84
21,0,15,0.75
21,2,15,0.76
21,11,15,0.16
21,13,15,0.59
21,18,15,0.67
21,20,15,0.33
21,21,15,0
21,25,15,0.78
21,27,15,0.89
21,29,15,0.16
21,31,15,0.06
21,33,15,0.8
21,37,15,0.13
21,50,15,0.72
21,51,15,0.23
21,64,15,0.5
21,84,15,0.23
21,88,15,0.81
21,91,15,0.23
21,6,17,0.45
21,9,17,1.0
21,15,17,0.05
21,18,17,0.98
21,21,17,0
21,23,17,0.86
21,24,17,0.73
21,31,17,0.65
21,36,17,0.57
21,38,17,0.82
21,39,17,0.52
21,40,17,0.96
21,41,17,0.25
21,49,17,0.48
21,57,17,0.62
21,59,17,0.11
21,60,17,0.98
21,66,17,0.52
21,68,17,0.81
21,73,17,0.82
21,74,17,0.92
21,87,17,0.06
21,94,17,0.05
21,1,9,0.69
21,3,9,0.21
21,6,9,0.51
21,8,9,0.78
21,16,9,0.21
21,19,9,0.32
21,21,9,0
21,29,9,0.39
21,42,9,0.08
21,44,9,0.45
21,90,9,0.35
21,93,9,0.88
21,98,9,0.53
22,10,4,0.13
22,13,4,0.55
22,22,4,0
22,27,4,0.46
22,35,4,0.45
22,63,4,0.85
22,69,4,0.76
22,71,4,0.19
22,82,4,0.73
22,88,4,0.41
22,6,16,0.11
22,10,16,0.86
22,11,16,0.69
22,15,16,0.04
22,22,16,0
22,34,16,0.67
22,35,16,0.71
22,47,16,0.35
22,48,16,0.55
22,54,16,0.2
22,60,16,0.04
22,65,16,0.83
22,74,16,0.09
22,75,16,0.15
22,79,16,0.49
22,80,16,0.21
23,6,17,0.43
23,9,17,0.67
23,15,17,0.46
23,18,17,0.96
23,21,17,0.55
23,23,17,0
23,24,17,0.03
23,31,17,0.32
23,36,17,0.91
23,38,17,0.9
23,39,17,0.29
23,40,17,0.33
23,41,17,0.98
23,49,17,0.94
23,57,17,0.81
23,59,17,0.34
23,60,17,0.0
23,66,17,0.92
23,68,17,0.04
23,73,17,0.26
23,74,17,0.92
23,87,17,0.61
23,94,17,0.28
23,5,0,0.99
23,7,0,0.51
23,23,0,0
23,24,0,0.78
23,33,0,0.7
23,41,0,0.19
23,43,0,0.03
23,58,0,0.61
23,60,0,0.13
23,61,0,0.54
23,62,0,0.51
23,65,0,0.52
23,66,0,0.18
23,72,0,0.58
23,74,0,0.28
23,76,0,0.94
23,78,0,0.94
23,82,0,0.63
23,91,0,0.5
23,1,8,0.84
23,2,8,0.22
23,9,8,0.51
23,17,8,0.64
23,23,8,0
23,30,8,0.29
23,40,8,0.16
23,42,8,0.23
23,54,8,0.03
23,58,8,0.45
23,62,8,0.21
23,73,8,0.37
23,78,8,0.14
23,87,8,0.52
23,89,8,0.86
23,94,8,0.71
23,96,8,0.33
24,5,0,0.09
24,7,0,0.78
24,23,0,0.94
24,24,0,0
24,33,0,0.87
24,41,0,0.51
24,43,0,0.07
24,58,0,0.32
24,60,0,0.54
24,61,0,0.83
24,62,0,0.47
24,65,0,0.96
24,66,0,0.37
24,72,0,0.36
24,74,0,0.98
24,76,0,0.81
24,78,0,0.75
24,82,0,0.67
24,91,0,0.07
24,6,17,0.87
24,9,17,0.69
24,15,17,0.4
24,18,17,0.23
24,21,17,0.77
24,23,17,0.21
24,24,17,0
24,31,17,0.8
24,36,17,0.83
24,38,17,0.41
24,39,17,0.85
24,40,17,0.63
24,41,17,0.51
24,49,17,0.98
24,57,17,0.63
24,59,17,0.69
24,60,17,0.09
24,66,17,0.74
24,68,17,0.3
24,73,17,0.01
24,74,17,0.19
24,87,17,0.09
24,94,17,0.26
24,3,3,0.22
24,4,3,0.92
24,16,3,0.65
24,19,3,0.99
24,24,3,0
24,32,3,0.67
24,37,3,0.77
24,38,3,0.56
24,43,3,0.71
24,44,3,0.61
24,49,3,0.76
24,54,3,0.91
24,63,3,0.67
24,67,3,0.45
24,68,3,0.38
24,70,3,0.42
24,79,3,0.17
24,80,3,0.16
24,93,3,0.19
24,95,3,0.11
24,98,3,0.04
24,8,12,0.12
24,12,12,0.92
24,24,12,0
24,35,12,0.44
24,43,12,0.87
24,51,12,0.82
24,52,12,0.65
24,56,12,0.37
24,63,12,0.4
24,64,12,0.72
24,65,12,0.28
24,66,12,0.88
24,77,12,0.25
24,80,12,0.91
24,85,12,0.95
24,87,12,0.95
24,97,12,0.39
25,0,15,0.33
25,2,15,0.79
25,11,15,0.48
25,13,15,0.31
25,18,15,0.51
25,20,15,0.87
25,21,15,0.05
25,25,15,0
25,27,15,0.61
25,29,15,0.27
25,31,15,0.36
25,33,15,0.49
25,37,15,0.19
25,50,15,0.22
25,51,15,0.28
25,64,15,0.69
25,84,15,0.54
25,88,15,0.57
25,91,15,0.18
25,10,14,0.97
25,12,14,0.37
25,14,14,0.9
25,25,14,0
25,27,14,0.67
25,45,14,0.61
25,52,14,0.1
25,53,14,0.87
25,57,14,0.06
25,62,14,0.99
25,79,14,0.99
25,85,14,0.6
25,90,14,0.66
26,4,11,0.99
26,14,11,0.02
26,19,11,0.47
26,26,11,0
26,45,11,0.96
26,48,11,0.99
26,61,11,0.9
26,77,11,0.11
26,2,13,0.1
26,26,13,0
26,30,13,0.01
26,34,13,0.21
26,37,13,0.21
26,53,13,0.21
26,86,13,0.82
27,0,10,0.99
27,6,10,0.12
27,8,10,0.87
27,18,10,0.12
27,27,10,0
27,28,10,0.62
27,30,10,0.48
27,41,10,0.1
27,46,10,0.34
27,52,10,0.16
27,64,10,1.0
27,70,10,0.26
27,84,10,0.89
27,86,10,0.47
27,89,10,0.55
27,92,10,0.07
27,96,10,0.38
27,99,10,0.84
27,0,15,0.34
27,2,15,0.52
27,11,15,0.48
27,13,15,0.61
27,18,15,0.61
27,20,15,0.45
27,21,15,0.65
27,25,15,0.89
27,27,15,0
27,29,15,0.11
27,31,15,0.02
27,33,15,0.36
27,37,15,0.76
27,50,15,0.34
27,51,15,0.52
27,64,15,0.45
27,84,15,0.86
27,88,15,0.02
27,91,15,0.6
27,10,14,0.25
27,12,14,0.47
27,14,14,0.37
27,25,14,0.75
27,27,14,0
27,45,14,0.17
27,52,14,0.18
27,53,14,0.83
27,57,14,0.36
27,62,14,0.24
27,79,14,0.68
27,85,14,0.79
27,90,14,0.11
27,10,4,0.46
27,13,4,0.99
27,22,4,0.54
27,27,4,0
27,35,4,0.93
27,63,4,0.16
27,69,4,0.44
27,71,4,0.4
27,82,4,0.89
27,88,4,0.07
28,0,6,0.01
28,11,6,0.34
28,12,6,0.19
28,16,6,0.15
28,17,6,0.6
28,28,6,0
28,32,6,0.44
28,44,6,0.85
28,45,6,0.95
28,49,6,0.93
28,51,6,0.35
28,55,6,0.06
28,59,6,0.85
28,63,6,0.78
28,70,6,0.17
28,80,6,0.28
28,81,6,0.12
28,82,6,0.21
28,84,6,0.71
28,88,6,0.07
28,90,6,0.04
28,93,6,0.48
28,96,6,0.17
28,0,10,0.21
28,6,10,0.15
28,8,10,0.93
28,18,10,0.48
28,27,10,0.57
28,28,10,0
28,30,10,0.76
28,41,10,0.41
28,46,10,0.74
28,52,10,0.22
28,64,10,0.33
28,70,10,0.25
28,84,10,0.12
28,86,10,0.94
28,89,10,0.41
28,92,10,0.8
28,96,10,0.01
28,99,10,0.72
29,2,5,0.64
29,29,5,0
29,30,5,0.67
29,32,5,0.03
29,36,5,0.69
29,46,5,0.48
29,50,5,0.98
29,53,5,0.13
29,59,5,0.87
29,64,5,0.37
29,65,5,0.32
29,67,5,0.55
29,82,5,0.25
29,83,5,0.33
29,85,5,0.67
29,97,5,0.5
29,1,9,0.46
29,3,9,0.91
29,6,9,0.01
29,8,9,0.97
29,16,9,0.47
29,19,9,0.21
29,21,9,0.53
29,29,9,0
29,42,9,0.89
29,44,9,0.47
29,90,9,0.02
29,93,9,0.81
29,98,9,0.11
29,0,15,0.18
29,2,15,0.38
29,11,15,0.41
29,13,15,0.18
29,18,15,0.97
29,20,15,1.0
29,21,15,0.19
29,25,15,0.16
29,27,15,0.26
29,29,15,0
29,31,15,0.38
29,33,15,0.06
29,37,15,0.07
29,50,15,0.02
29,51,15,0.94
29,64,15,0.19
29,84,15,0.37
29,88,15,0.84
29,91,15,0.48
29,3,18,0.62
29,5,18,0.83
29,8,18,0.1
29,10,18,0.7
29,29,18,0
29,34,18,0.74
29,38,18,0.67
29,42,18,0.87
29,48,18,0.4
29,50,18,0.67
29,58,18,0.23
29,68,18,0.19
29,71,18,0.06
29,78,18,0.57
29,83,18,0.85
29,84,18,0.21
29,85,18,0.8
29,95,18,0.02
30,2,13,0.75
30,26,13,0.07
30,30,13,0
30,34,13,0.51
30,37,13,0.12
30,53,13,0.48
30,86,13,0.02
30,0,10,0.08
30,6,10,0.99
30,8,10,0.2
30,18,10,0.89
30,27,10,0.78
30,28,10,0.59
30,30,10,0
30,41,10,0.84
30,46,10,0.05
30,52,10,0.81
30,64,10,0.36
30,70,10,0.39
30,84,10,0.64
30,86,10,0.52
30,89,10,0.27
30,92,10,0.97
30,96,10,0.74
30,99,10,0.26
30,2,5,0.73
30,29,5,0.51
30,30,5,0
30,32,5,0.52
30,36,5,0.76
30,46,5,0.66
30,50,5,0.54
30,53,5,0.59
30,59,5,0.27
30,64,5,0.62
30,65,5,0.47
30,67,5,0.94
30,82,5,0.79
30,83,5,0.3
30,85,5,0.66
30,97,5,0.9
30,1,8,0.79
30,2,8,0.41
30,9,8,0.91
30,17,8,0.23
30,23,8,0.32
30,30,8,0
30,40,8,0.31
30,42,8,0.65
30,54,8,0.28
30,58,8,0.22
30,62,8,1.0
30,73,8,0.18
30,78,8,0.95
30,87,8,0.83
30,89,8,0.23
30,94,8,0.79
30,96,8,0.38
31,0,15,0.86
31,2,15,0.57
31,11,15,0.07
31,13,15,0.61
31,18,15,0.76
31,20,15,0.58
31,21,15,0.58
31,25,15,0.15
31,27,15,0.54
31,29,15,0.8
31,31,15,0
31,33,15,0.57
31,37,15,0.26
31,50,15,0.37
31,51,15,0.41
31,64,15,0.41
31,84,15,0.12
31,88,15,0.94
31,91,15,0.5
31,6,17,0.88
31,9,17,0.95
31,15,17,0.79
31,18,17,0.93
31,21,17,0.25
31,23,17,0.49
31,24,17,0.92
31,31,17,0
31,36,17,0.2
31,38,17,0.64
31,39,17,0.24
31,40,17,0.89
31,41,17,0.65
31,49,17,0.0
31,57,17,0.63
31,59,17,0.09
31,60,17,0.97
31,66,17,0.71
31,68,17,0.96
31,73,17,0.13
31,74,17,0.25
31,87,17,0.65
31,94,17,0.2
31,7,19,0.13
31,12,19,0.34
31,15,19,0.16
31,21,19,0.64
31,31,19,0
31,32,19,0.28
31,39,19,0.48
31,51,19,0.36
31,54,19,0.51
31,60,19,0.97
31,61,19,0.4
31,66,19,0.66
31,74,19,0.64
31,76,19,0.13
31,83,19,0.63
31,95,19,0.13
31,99,19,0.93
32,0,6,0.01
32,11,6,0.67
32,12,6,0.41
32,16,6,0.21
32,17,6,0.01
32,28,6,0.42
32,32,6,0
32,44,6,0.6
32,45,6,0.09
32,49,6,0.54
32,51,6,0.29
32,55,6,0.74
32,59,6,0.76
32,63,6,0.36
32,70,6,0.62
32,80,6,0.64
32,81,6,0.95
32,82,6,0.5
32,84,6,0.36
32,88,6,0.38
32,90,6,0.61
32,93,6,0.52
32,96,6,0.81
32,3,3,0.05
32,4,3,0.96
32,16,3,0.34
32,19,3,0.93
32,24,3,0.04
32,32,3,0
32,37,3,0.94
32,38,3,0.62
32,43,3,0.82
32,44,3,0.63
32,49,3,0.79
32,54,3,0.6
32,63,3,0.61
32,67,3,0.4
32,68,3,0.91
32,70,3,0.87
32,79,3,0.63
32,80,3,0.94
32,93,3,0.37
32,95,3,0.93
32,98,3,0.43
32,7,19,0.33
32,12,19,0.59
32,15,19,0.49
32,21,19,0.96
32,31,19,0.2
32,32,19,0
32,39,19,0.16
32,51,19,0.22
32,54,19,0.94
32,60,19,0.44
32,61,19,0.06
32,66,19,0.66
32,74,19,0.18
32,76,19,0.8
32,83,19,0.56
32,95,19,0.29
32,99,19,0.83
32,2,5,0.98
32,29,5,0.93
32,30,5,0.12
32,32,5,0
32,36,5,0.56
32,46,5,0.73
32,50,5,0.12
32,53,5,0.62
32,59,5,0.1
32,64,5,0.17
32,65,5,0.5
32,67,5,0.05
32,82,5,0.88
32,83,5,0.36
32,85,5,0.52
32,97,5,0.24
33,0,15,0.2
33,2,15,0.14
33,11,15,0.94
33,13,15,0.42
33,18,15,0.4
33,20,15,0.12
33,21,15,0.73
33,25,15,0.86
33,27,15,0.07
33,29,15,0.02
33,31,15,0.37
33,33,15,0
33,37,15,0.64
33,50,15,0.51
33,51,15,0.68
33,64,15,0.75
33,84,15,0.74
33,88,15,0.34
33,91,15,0.27
33,5,0,0.66
33,7,0,0.79
33,23,0,0.95
33,24,0,0.23
33,33,0,0
33,41,0,0.24
33,43,0,0.59
33,58,0,0.86
33,60,0,0.08
33,61,0,0.3
33,62,0,0.66
33,65,0,0.49
33,66,0,0.68
33,72,0,0.38
33,74,0,0.03
33,76,0,0.14
33,78,0,0.55
33,82,0,0.93
33,91,0,0.77
34,6,16,0.94
34,10,16,0.94
34,11,16,0.98
34,15,16,0.07
34,22,16,0.47
34,34,16,0
34,35,16,0.63
34,47,16,0.22
34,48,16,0.24
34,54,16,0.8
34,60,16,0.59
34,65,16,0.06
34,74,16,0.66
34,75,16,0.23
34,79,16,0.97
34,80,16,0.96
34,7,7,0.44
34,34,7,0
34,35,7,0.49
34,39,7,0.38
34,43,7,0.21
34,53,7,0.45
34,59,7,0.31
34,62,7,0.15
34,67,7,0.94
34,68,7,0.8
34,70,7,0.08
34,71,7,0.69
34,86,7,0.37
34,90,7,0.72
34,96,7,0.94
34,2,13,0.83
34,26,13,0.64
34,30,13,0.73
34,34,13,0
34,37,13,0.05
34,53,13,0.12
34,86,13,0.98
34,3,18,0.8
34,5,18,0.27
34,8,18,0.3
34,10,18,0.44
34,29,18,0.44
34,34,18,0
34,38,18,0.68
34,42,18,0.7
34,48,18,0.13
34,50,18,0.98
34,58,18,0.44
34,68,18,0.93
34,71,18,0.34
34,78,18,0.6
34,83,18,0.67
34,84,18,0.69
34,85,18,0.26
34,95,18,0.28
35,10,4,0.24
35,13,4,0.51
35,22,4,0.97
35,27,4,0.05
35,35,4,0
35,63,4,0.13
35,69,4,0.61
35,71,4,0.12
35,82,4,0.28
35,88,4,0.6
35,8,12,0.22
35,12,12,0.38
35,24,12,0.35
35,35,12,0
35,43,12,0.79
35,51,12,0.66
35,52,12,0.07
35,56,12,0.82
35,63,12,0.85
35,64,12,0.5
35,65,12,0.45
35,66,12,0.78
35,77,12,0.27
35,80,12,0.46
35,85,12,0.12
35,87,12,0.98
35,97,12,0.01
35,7,7,0.39
35,34,7,0.57
35,35,7,0
35,39,7,0.84
35,43,7,0.45
35,53,7,0.36
35,59,7,0.73
35,62,7,0.96
35,67,7,0.2
35,68,7,0.33
35,70,7,0.35
35,71,7,0.64
35,86,7,0.94
35,90,7,0.52
35,96,7,0.4
35,6,16,0.43
35,10,16,0.23
35,11,16,0.28
35,15,16,0.99
35,22,16,0.31
35,34,16,0.69
35,35,16,0
35,47,16,0.54
35,48,16,0.27
35,54,16,0.5
35,60,16,0.16
35,65,16,0.37
35,74,16,0.03
35,75,16,0.4
35,79,16,0.33
35,80,16,0.49
36,6,17,0.25
36,9,17,0.18
36,15,17,0.13
36,18,17,0.41
36,21,17,0.37
36,23,17,0.7
36,24,17,0.79
36,31,17,0.37
36,36,17,0
36,38,17,0.91
36,39,17,0.3
36,40,17,0.61
36,41,17,0.09
36,49,17,0.17
36,57,17,0.97
36,59,17,0.47
36,60,17,0.47
36,66,17,0.98
36,68,17,0.92
36,73,17,0.78
36,74,17,0.12
36,87,17,0.73
36,94,17,0.1
36,2,5,0.38
36,29,5,0.45
36,30,5,0.15
36,32,5,0.3
36,36,5,0
36,46,5,0.9
36,50,5,0.57
36,53,5,0.69
36,59,5,0.74
36,64,5,0.54
36,65,5,0.4
36,67,5,0.98
36,82,5,0.69
36,83,5,0.74
36,85,5,0.96
36,97,5,0.45
37,3,3,0.5
37,4,3,0.77
37,16,3,0.41
37,19,3,0.27
37,24,3,0.19
37,32,3,0.51
37,37,3,0
37,38,3,0.93
37,43,3,0.33
37,44,3,0.16
37,49,3,0.92
37,54,3,0.32
37,63,3,0.69
37,67,3,0.39
37,68,3,0.89
37,70,3,0.69
37,79,3,0.71
37,80,3,0.24
37,93,3,0.63
37,95,3,0.31
37,98,3,0.88
37,2,13,0.7
37,26,13,0.98
37,30,13,0.74
37,34,13,0.89
37,37,13,0
37,53,13,0.15
37,86,13,0.57
37,0,15,0.7
37,2,15,0.96
37,11,15,0.61
37,13,15,0.06
37,18,15,0.15
37,20,15,0.51
37,21,15,0.17
37,25,15,0.72
37,27,15,0.77
37,29,15,0.94
37,31,15,0.91
37,33,15,0.2
37,37,15,0
37,50,15,0.88
37,51,15,0.47
37,64,15,0.37
37,84,15,0.8
37,88,15,0.23
37,91,15,0.55
38,0,2,0.78
38,4,2,0.43
38,7,2,0.01
38,16,2,0.33
38,20,2,0.79
38,38,2,0
38,44,2,0.77
38,56,2,0.63
38,69,2,0.66
38,72,2,0.67
38,79,2,0.76
38,94,2,0.86
38,6,17,0.88
38,9,17,0.69
38,15,17,0.6
38,18,17,0.52
38,21,17,0.62
38,23,17,0.48
38,24,17,0.11
38,31,17,0.8
38,36,17,0.52
38,38,17,0
38,39,17,0.4
38,40,17,0.1
38,41,17,0.34
38,49,17,0.56
38,57,17,0.39
38,59,17,0.65
38,60,17,0.46
38,66,17,0.9
38,68,17,0.61
38,73,17,0.16
38,74,17,0.68
38,87,17,0.3
38,94,17,0.83
38,3,3,0.43
38,4,3,0.89
38,16,3,0.81
38,19,3,0.08
38,24,3,0.01
38,32,3,0.07
38,37,3,0.11
38,38,3,0
38,43,3,0.12
38,44,3,0.4
38,49,3,0.67
38,54,3,0.32
38,63,3,0.13
38,67,3,0.14
38,68,3,0.32
38,70,3,0.11
38,79,3,0.11
38,80,3,0.61
38,93,3,0.56
38,95,3,0.24
38,98,3,0.79
38,3,18,0.02
38,5,18,0.57
38,8,18,0.44
38,10,18,0.77
38,29,18,0.74
38,34,18,0.03
38,38,18,0
38,42,18,0.1
38,48,18,0.05
38,50,18,0.72
38,58,18,0.07
38,68,18,0.85
38,71,18,0.61
38,78,18,0.97
38,83,18,0.75
38,84,18,0.96
38,85,18,0.51
38,95,18,0.48
39,6,17,0.73
39,9,17,0.12
39,15,17,0.39
39,18,17,0.09
39,21,17,0.86
39,23,17,0.89
39,24,17,0.69
39,31,17,0.57
39,36,17,0.74
39,38,17,0.71
39,39,17,0
39,40,17,0.63
39,41,17,0.62
39,49,17,0.42
39,57,17,0.58
39,59,17,0.5
39,60,17,0.36
39,66,17,0.8
39,68,17,0.25
39,73,17,0.9
39,74,17,0.33
39,87,17,0.12
39,94,17,0.55
39,7,7,1.0
39,34,7,0.23
39,35,7,0.68
39,39,7,0
39,43,7,0.57
39,53,7,0.53
39,59,7,0.7
39,62,7,0.94
39,67,7,0.67
39,68,7,0.1
39,70,7,0.13
39,71,7,0.75
39,86,7,0.71
39,90,7,0.51
39,96,7,0.18
39,7,19,0.08
39,12,19,0.9
39,15,19,0.02
39,21,19,0.93
39,31,19,0.43
39,32,19,0.09
39,39,19,0
39,51,19,0.73
39,54,19,0.05
39,60,19,0.29
39,61,19,0.47
39,66,19,0.15
39,74,19,0.26
39,76,19,0.59
39,83,19,0.15
39,95,19,0.88
39,99,19,0.29
40,6,17,0.05
40,9,17,0.99
40,15,17,0.14
40,18,17,0.84
40,21,17,0.37
40,23,17,0.92
40,24,17,0.7
40,31,17,0.33
40,36,17,0.82
40,38,17,0.94
40,39,17,0.64
40,40,17,0
40,41,17,0.11
40,49,17,0.85
40,57,17,0.62
40,59,17,0.85
40,60,17,0.44
40,66,17,0.06
40,68,17,0.73
40,73,17,0.19
40,74,17,0.77
40,87,17,0.52
40,94,17,0.34
40,1,8,0.12
40,2,8,0.55
40,9,8,0.69
40,17,8,0.67
40,23,8,0.67
40,30,8,0.81
40,40,8,0
40,42,8,0.23
40,54,8,0.06
40,58,8,0.73
40,62,8,0.54
40,73,8,0.34
40,78,8,0.07
40,87,8,0.82
40,89,8,0.07
40,94,8,0.17
40,96,8,0.8
41,0,10,0.82
41,6,10,0.89
41,8,10,0.16
41,18,10,0.46
41,27,10,0.77
41,28,10,0.19
41,30,10,0.3
41,41,10,0
41,46,10,0.69
41,52,10,0.7
41,64,10,0.31
41,70,10,0.13
41,84,10,0.34
41,86,10,0.64
41,89,10,0.67
41,92,10,0.42
41,96,10,0.86
41,99,10,0.18
41,5,0,0.4
41,7,0,0.34
41,23,0,0.34
41,24,0,0.73
41,33,0,0.46
41,41,0,0
41,43,0,0.77
41,58,0,0.79
41,60,0,0.86
41,61,0,0.37
41,62,0,0.72
41,65,0,0.7
41,66,0,0.19
41,72,0,0.96
41,74,0,0.6
41,76,0,0.06
41,78,0,0.66
41,82,0,0.52
41,91,0,0.66
41,6,17,0.9
41,9,17,0.28
41,15,17,0.6
41,18,17,0.37
41,21,17,0.66
41,23,17,0.71
41,24,17,0.44
41,31,17,0.94
41,36,17,0.7
41,38,17,0.03
41,39,17,0.55
41,40,17,0.66
41,41,17,0
41,49,17,0.52
41,57,17,0.73
41,59,17,0.77
41,60,17,0.78
41,66,17,0.07
41,68,17,0.36
41,73,17,0.7
41,74,17,0.19
41,87,17,0.68
41,94,17,0.46
42,1,9,0.03
42,3,9,0.0
42,6,9,0.13
42,8,9,0.8
42,16,9,0.27
42,19,9,0.77
42,21,9,0.21
42,29,9,0.2
42,42,9,0
42,44,9,0.06
42,90,9,0.34
42,93,9,0.89
42,98,9,0.35
42,1,8,0.24
42,2,8,0.9
42,9,8,0.31
42,17,8,0.14
42,23,8,0.74
42,30,8,0.17
42,40,8,0.41
42,42,8,0
42,54,8,0.63
42,58,8,0.47
42,62,8,0.2
42,73,8,0.74
42,78,8,0.61
42,87,8,0.63
42,89,8,0.24
42,94,8,0.72
42,96,8,0.23
42,3,18,0.0
42,5,18,0.72
42,8,18,0.99
42,10,18,0.17
42,29,18,0.54
42,34,18,0.93
42,38,18,0.08
42,42,18,0
42,48,18,0.49
42,50,18,0.59
42,58,18,0.62
42,68,18,0.32
42,71,18,0.67
42,78,18,0.54
42,83,18,0.42
42,84,18,0.7
42,85,18,0.27
42,95,18,0.94
43,5,0,0.82
43,7,0,0.2
43,23,0,0.44
43,24,0,0.26
43,33,0,0.11
43,41,0,0.47
43,43,0,0
43,58,0,0.87
43,60,0,0.28
43,61,0,0.99
43,62,0,0.06
43,65,0,0.41
43,66,0,0.1
43,72,0,0.46
43,74,0,0.4
43,76,0,0.57
43,78,0,0.11
43,82,0,0.65
43,91,0,0.29
43,7,7,0.68
43,34,7,0.73
43,35,7,0.81
43,39,7,0.34
43,43,7,0
43,53,7,0.88
43,59,7,0.37
43,62,7,0.29
43,67,7,0.83
43,68,7,0.36
43,70,7,0.98
43,71,7,0.51
43,86,7,0.17
43,90,7,0.88
43,96,7,0.39
43,3,3,0.63
43,4,3,0.0
43,16,3,0.11
43,19,3,0.09
43,24,3,0.61
43,32,3,0.68
43,37,3,0.21
43,38,3,0.01
43,43,3,0
43,44,3,0.73
43,49,3,0.36
43,54,3,0.18
43,63,3,0.43
43,67,3,0.85
43,68,3,0.7
43,70,3,0.13
43,79,3,0.06
43,80,3,0.98
43,93,3,0.41
43,95,3,0.92
43,98,3,0.63
43,8,12,0.89
43,12,12,0.96
43,24,12,0.07
43,35,12,0.92
43,43,12,0
43,51,12,0.81
43,52,12,0.22
43,56,12,0.25
43,63,12,0.2
43,64,12,0.35
43,65,12,0.92
43,66,12,0.44
43,77,12,0.39
43,80,12,0.48
43,85,12,0.6
43,87,12,0.47
43,97,12,0.69
44,1,9,0.57
44,3,9,0.25
44,6,9,0.16
44,8,9,0.76
44,16,9,0.74
44,19,9,0.83
44,21,9,0.02
44,29,9,0.92
44,42,9,0.2
44,44,9,0
44,90,9,0.89
44,93,9,0.59
44,98,9,0.81
44,0,2,0.97
44,4,2,0.63
44,7,2,0.26
44,16,2,0.31
44,20,2,0.92
44,38,2,0.2
44,44,2,0
44,56,2,0.64
44,69,2,0.66
44,72,2,0.91
44,79,2,0.11
44,94,2,0.53
44,0,6,0.43
44,11,6,0.38
44,12,6,0.88
44,16,6,0.72
44,17,6,0.61
44,28,6,0.11
44,32,6,0.41
44,44,6,0
44,45,6,0.31
44,49,6,0.75
44,51,6,0.74
44,55,6,0.44
44,59,6,0.33
44,63,6,0.54
44,70,6,0.18
44,80,6,0.99
44,81,6,0.03
44,82,6,0.34
44,84,6,0.45
44,88,6,0.08
44,90,6,0.02
44,93,6,0.66
44,96,6,0.92
44,3,3,0.67
44,4,3,0.15
44,16,3,0.5
44,19,3,0.77
44,24,3,0.49
44,32,3,0.74
44,37,3,0.61
44,38,3,0.89
44,43,3,0.85
44,44,3,0
44,49,3,0.55
44,54,3,0.97
44,63,3,0.11
44,67,3,0.54
44,68,3,0.64
44,70,3,0.82
44,79,3,0.27
44,80,3,0.35
44,93,3,0.12
44,95,3,0.15
44,98,3,0.45
45,4,11,0.52
45,14,11,0.11
45,19,11,0.61
45,26,11,0.52
45,45,11,0
45,48,11,0.35
45,61,11,0.65
45,77,11,0.42
45,0,6,0.76
45,11,6,0.52
45,12,6,0.44
45,16,6,0.88
45,17,6,0.08
45,28,6,0.19
45,32,6,0.77
45,44,6,0.87
45,45,6,0
45,49,6,0.04
45,51,6,0.79
45,55,6,0.91
45,59,6,0.31
45,63,6,0.04
45,70,6,0.35
45,80,6,0.12
45,81,6,0.72
45,82,6,0.4
45,84,6,0.86
45,88,6,0.91
45,90,6,0.31
45,93,6,0.79
45,96,6,0.68
45,10,14,0.75
45,12,14,0.58
45,14,14,0.05
45,25,14,0.71
45,27,14,0.26
45,45,14,0
45,52,14,0.2
45,53,14,0.88
45,57,14,0.06
45,62,14,0.18
45,79,14,0.37
45,85,14,0.88
45,90,14,0.13
46,0,10,0.58
46,6,10,0.69
46,8,10,0.9
46,18,10,0.53
46,27,10,0.82
46,28,10,0.85
46,30,10,0.41
46,41,10,0.65
46,46,10,0
46,52,10,0.57
46,64,10,0.05
46,70,10,0.97
46,84,10,0.53
46,86,10,0.59
46,89,10,0.06
46,92,10,0.53
46,96,10,0.42
46,99,10,0.99
46,2,5,0.87
46,29,5,0.22
46,30,5,0.9
46,32,5,0.16
46,36,5,0.58
46,46,5,0
46,50,5,0.93
46,53,5,0.38
46,59,5,0.41
46,64,5,0.07
46,65,5,0.09
46,67,5,0.88
46,82,5,0.73
46,83,5,0.5
46,85,5,0.5
46,97,5,0.44
47,6,16,0.76
47,10,16,0.13
47,11,16,0.36
47,15,16,0.92
47,22,16,0.97
47,34,16,0.94
47,35,16,0.48
47,47,16,0
47,48,16,0.26
47,54,16,0.61
47,60,16,0.03
47,65,16,0.1
47,74,16,0.98
47,75,16,0.78
47,79,16,0.15
47,80,16,0.49
47,1,1,0.59
47,4,1,0.08
47,47,1,0
47,55,1,0.89
47,58,1,0.36
47,72,1,0.77
47,75,1,0.83
47,81,1,0.52
47,87,1,0.38
47,89,1,0.26
47,91,1,0.72
47,92,1,0.14
47,95,1,0.81
47,98,1,0.15
48,4,11,0.35
48,14,11,0.1
48,19,11,0.63
48,26,11,0.05
48,45,11,0.78
48,48,11,0
48,61,11,0.85
48,77,11,0.86
48,6,16,0.2
48,10,16,0.75
48,11,16,0.55
48,15,16,0.94
48,22,16,0.04
48,34,16,0.4
48,35,16,0.85
48,47,16,0.32
48,48,16,0
48,54,16,0.17
48,60,16,0.82
48,65,16,0.06
48,74,16,0.16
48,75,16,0.09
48,79,16,0.78
48,80,16,0.95
48,3,18,0.47
48,5,18,0.35
48,8,18,0.78
48,10,18,0.76
48,29,18,0.65
48,34,18,0.76
48,38,18,0.03
48,42,18,0.26
48,48,18,0
48,50,18,0.99
48,58,18,0.58
48,68,18,0.55
48,71,18,0.01
48,78,18,0.45
48,83,18,0.56
48,84,18,0.79
48,85,18,0.8
48,95,18,0.08
49,0,6,0.23
49,11,6,0.76
49,12,6,0.56
49,16,6,0.11
49,17,6,0.67
49,28,6,0.2
49,32,6,0.82
49,44,6,0.71
49,45,6,0.54
49,49,6,0
49,51,6,0.79
49,55,6,0.06
49,59,6,0.77
49,63,6,0.37
49,70,6,0.12
49,80,6,0.8
49,81,6,0.54
49,82,6,0.66
49,84,6,0.99
49,88,6,0.16
49,90,6,0.64
49,93,6,0.32
49,96,6,0.34
49,6,17,0.12
49,9,17,0.37
49,15,17,0.95
49,18,17,0.36
49,21,17,0.97
49,23,17,0.0
49,24,17,0.95
49,31,17,0.89
49,36,17,0.52
49,38,17,0.88
49,39,17,0.53
49,40,17,0.31
49,41,17,0.49
49,49,17,0
49,57,17,0.38
49,59,17,0.85
49,60,17,0.45
49,66,17,0.67
49,68,17,0.21
49,73,17,0.85
49,74,17,0.41
49,87,17,0.36
49,94,17,0.53
49,3,3,0.35
49,4,3,0.6
49,16,3,0.36
49,19,3,0.96
49,24,3,0.94
49,32,3,0.02
49,37,3,0.39
49,38,3,0.84
49,43,3,0.12
49,44,3,0.97
49,49,3,0
49,54,3,0.01
49,63,3,0.52
49,67,3,0.71
49,68,3,0.48
49,70,3,0.95
49,79,3,0.98
49,80,3,0.69
49,93,3,0.44
49,95,3,0.51
49,98,3,0.77
50,0,15,0.1
50,2,15,0.39
50,11,15,0.86
50,13,15,0.39
50,18,15,0.74
50,20,15,0.09
50,21,15,0.25
50,25,15,0.54
50,27,15,0.21
50,29,15,0.91
50,31,15,0.56
50,33,15,0.47
50,37,15,0.68
50,50,15,0
50,51,15,0.28
50,64,15,0.88
50,84,15,0.82
50,88,15,0.96
50,91,15,0.85
50,2,5,0.61
50,29,5,0.12
50,30,5,0.53
50,32,5,0.53
50,36,5,0.13
50,46,5,0.91
50,50,5,0
50,53,5,0.02
50,59,5,0.64
50,64,5,0.6
50,65,5,0.9
50,67,5,0.54
50,82,5,0.41
50,83,5,0.18
50,85,5,0.62
50,97,5,0.51
50,3,18,0.79
50,5,18,0.18
50,8,18,0.38
50,10,18,0.82
50,29,18,0.83
50,34,18,0.34
50,38,18,0.7
50,42,18,0.93
50,48,18,0.8
50,50,18,0
50,58,18,0.18
50,68,18,0.53
50,71,18,0.14
50,78,18,0.18
50,83,18,0.24
50,84,18,0.09
50,85,18,0.44
50,95,18,0.93
51,0,15,0.67
51,2,15,0.44
51,11,15,0.61
51,13,15,0.8
51,18,15,0.52
51,20,15,0.23
51,21,15,0.68
51,25,15,0.76
51,27,15,0.07
51,29,15,0.99
51,31,15,0.27
51,33,15,0.26
51,37,15,0.18
51,50,15,0.45
51,51,15,0
51,64,15,0.6
51,84,15,0.19
51,88,15,0.6
51,91,15,0.52
51,8,12,0.75
51,12,12,0.16
51,24,12,0.88
51,35,12,0.96
51,43,12,0.79
51,51,12,0
51,52,12,0.98
51,56,12,0.87
51,63,12,0.91
51,64,12,0.52
51,65,12,0.78
51,66,12,0.08
51,77,12,0.63
51,80,12,0.15
51,85,12,0.38
51,87,12,0.95
51,97,12,0.73
51,0,6,0.23
51,11,6,0.97
51,12,6,0.26
51,16,6,0.58
51,17,6,0.16
51,28,6,0.51
51,32,6,0.71
51,44,6,0.62
51,45,6,0.35
51,49,6,0.63
51,51,6,0
51,55,6,0.06
51,59,6,0.25
51,63,6,0.83
51,70,6,0.17
51,80,6,0.01
51,81,6,0.64
51,82,6,0.53
51,84,6,0.03
51,88,6,0.31
51,90,6,0.86
51,93,6,0.29
51,96,6,0.81
51,7,19,0.42
51,12,19,0.59
51,15,19,0.83
51,21,19,0.15
51,31,19,0.37
51,32,19,0.28
51,39,19,0.79
51,51,19,0
51,54,19,0.94
51,60,19,0.91
51,61,19,0.74
51,66,19,0.33
51,74,19,0.76
51,76,19,0.08
51,83,19,0.97
51,95,19,0.78
51,99,19,0.34
52,10,14,0.88
52,12,14,0.6
52,14,14,0.49
52,25,14,0.6
52,27,14,0.24
52,45,14,0.03
52,52,14,0
52,53,14,0.73
52,57,14,0.81
52,62,14,0.02
52,79,14,0.6
52,85,14,0.05
52,90,14,0.33
52,0,10,0.98
52,6,10,0.34
52,8,10,0.92
52,18,10,0.94
52,27,10,0.96
52,28,10,0.57
52,30,10,0.02
52,41,10,0.57
52,46,10,0.36
52,52,10,0
52,64,10,0.01
52,70,10,0.82
52,84,10,0.98
52,86,10,0.8
52,89,10,0.92
52,92,10,0.27
52,96,10,0.22
52,99,10,0.29
52,8,12,0.18
52,12,12,0.18
52,24,12,0.26
52,35,12,0.18
52,43,12,0.87
52,51,12,0.71
52,52,12,0
52,56,12,0.79
52,63,12,0.02
52,64,12,0.8
52,65,12,0.0
52,66,12,0.56
52,77,12,0.43
52,80,12,0.27
52,85,12,0.69
52,87,12,0.6
52,97,12,0.56
53,2,5,0.03
53,29,5,0.08
53,30,5,0.14
53,32,5,0.68
53,36,5,0.46
53,46,5,0.29
53,50,5,0.64
53,53,5,0
53,59,5,0.6
53,64,5,0.32
53,65,5,0.96
53,67,5,0.11
53,82,5,0.96
53,83,5,0.8
53,85,5,0.21
53,97,5,0.39
53,10,14,0.04
53,12,14,0.59
53,14,14,0.07
53,25,14,0.82
53,27,14,0.08
53,45,14,0.62
53,52,14,0.89
53,53,14,0
53,57,14,0.49
53,62,14,0.07
53,79,14,0.4
53,85,14,0.4
53,90,14,0.1
53,2,13,0.6
53,26,13,0.95
53,30,13,0.56
53,34,13,0.96
53,37,13,0.82
53,53,13,0
53,86,13,0.28
53,7,7,0.75
53,34,7,0.78
53,35,7,0.75
53,39,7,0.32
53,43,7,0.46
53,53,7,0
53,59,7,0.03
53,62,7,0.94
53,67,7,0.27
53,68,7,0.22
53,70,7,0.02
53,71,7,0.68
53,86,7,0.6
53,90,7,0.05
53,96,7,0.22
54,3,3,0.56
54,4,3,0.71
54,16,3,0.58
54,19,3,0.75
54,24,3,0.05
54,32,3,0.86
54,37,3,0.74
54,38,3,0.86
54,43,3,0.86
54,44,3,0.8
54,49,3,0.74
54,54,3,0
54,63,3,0.2
54,67,3,0.79
54,68,3,0.47
54,70,3,0.55
54,79,3,0.46
54,80,3,0.94
54,93,3,0.39
54,95,3,0.61
54,98,3,0.24
54,7,19,0.38
54,12,19,0.37
54,15,19,0.77
54,21,19,0.63
54,31,19,0.63
54,32,19,0.34
54,39,19,0.44
54,51,19,0.1
54,54,19,0
54,60,19,0.84
54,61,19,0.45
54,66,19,0.06
54,74,19,0.92
54,76,19,0.7
54,83,19,0.56
54,95,19,0.48
54,99,19,0.64
54,6,16,0.83
54,10,16,0.17
54,11,16,0.96
54,15,16,0.84
54,22,16,0.56
54,34,16,0.11
54,35,16,0.79
54,47,16,0.83
54,48,16,0.42
54,54,16,0
54,60,16,0.71
54,65,16,0.75
54,74,16,0.57
54,75,16,0.56
54,79,16,0.34
54,80,16,0.16
54,1,8,0.72
54,2,8,0.14
54,9,8,0.79
54,17,8,0.95
54,23,8,0.31
54,30,8,0.76
54,40,8,0.61
54,42,8,0.09
54,54,8,0
54,58,8,0.37
54,62,8,0.34
54,73,8,0.09
54,78,8,0.71
54,87,8,0.53
54,89,8,0.48
54,94,8,0.99
54,96,8,0.73
55,1,1,0.7
55,4,1,0.57
55,47,1,0.99
55,55,1,0
55,58,1,0.78
55,72,1,0.11
55,75,1,0.57
55,81,1,0.79
55,87,1,0.96
55,89,1,0.97
55,91,1,0.59
55,92,1,0.66
55,95,1,0.41
55,98,1,0.61
55,0,6,0.28
55,11,6,0.98
55,12,6,0.77
55,16,6,0.02
55,17,6,0.53
55,28,6,0.97
55,32,6,0.51
55,44,6,0.3
55,45,6,0.05
55,49,6,0.89
55,51,6,0.79
55,55,6,0
55,59,6,0.08
55,63,6,0.89
55,70,6,0.28
55,80,6,0.51
55,81,6,0.38
55,82,6,0.13
55,84,6,0.23
55,88,6,0.76
55,90,6,0.33
55,93,6,0.98
55,96,6,0.96
56,8,12,0.14
56,12,12,0.01
56,24,12,0.83
56,35,12,0.89
56,43,12,0.34
56,51,12,0.69
56,52,12,0.68
56,56,12,0
56,63,12,0.45
56,64,12,0.67
56,65,12,0.43
56,66,12,0.33
56,77,12,0.35
56,80,12,0.68
56,85,12,0.77
56,87,12,0.99
56,97,12,0.84
56,0,2,0.59
56,4,2,0.52
56,7,2,0.41
56,16,2,0.92
56,20,2,0.05
56,38,2,0.29
56,44,2,0.85
56,56,2,0
56,69,2,0.01
56,72,2,0.12
56,79,2,0.37
56,94,2,0.98
57,10,14,0.09
57,12,14,0.64
57,14,14,0.05
57,25,14,0.05
57,27,14,0.6
57,45,14,0.72
57,52,14,0.37
57,53,14,0.42
57,57,14,0
57,62,14,1.0
57,79,14,0.14
57,85,14,0.99
57,90,14,0.23
57,6,17,0.24
57,9,17,0.42
57,15,17,0.22
57,18,17,0.44
57,21,17,0.69
57,23,17,0.86
57,24,17,0.5
57,31,17,0.93
57,36,17,0.21
57,38,17,0.51
57,39,17,0.88
57,40,17,0.12
57,41,17,0.41
57,49,17,0.71
57,57,17,0
57,59,17,0.37
57,60,17,0.71
57,66,17,0.3
57,68,17,0.41
57,73,17,0.42
57,74,17,0.87
57,87,17,0.09
57,94,17,0.66
58,1,8,0.7
58,2,8,0.89
58,9,8,0.23
58,17,8,0.86
58,23,8,0.01
58,30,8,0.52
58,40,8,0.51
58,42,8,0.19
58,54,8,0.44
58,58,8,0
58,62,8,0.19
58,73,8,0.5
58,78,8,0.14
58,87,8,0.2
58,89,8,0.01
58,94,8,0.0
58,96,8,0.35
58,3,18,0.18
58,5,18,0.02
58,8,18,0.97
58,10,18,0.3
58,29,18,0.84
58,34,18,0.26
58,38,18,0.35
58,42,18,0.17
58,48,18,0.61
58,50,18,0.87
58,58,18,0
58,68,18,0.78
58,71,18,0.18
58,78,18,0.8
58,83,18,0.66
58,84,18,0.29
58,85,18,0.65
58,95,18,0.19
58,5,0,0.9
58,7,0,0.35
58,23,0,0.68
58,24,0,0.53
58,33,0,0.1
58,41,0,0.36
58,43,0,0.61
58,58,0,0
58,60,0,0.46
58,61,0,0.09
58,62,0,0.22
58,65,0,0.89
58,66,0,0.58
58,72,0,0.34
58,74,0,0.19
58,76,0,0.42
58,78,0,0.29
58,82,0,0.9
58,91,0,0.93
58,1,1,0.18
58,4,1,0.89
58,47,1,0.82
58,55,1,0.23
58,58,1,0
58,72,1,0.16
58,75,1,0.36
58,81,1,0.82
58,87,1,0.65
58,89,1,0.77
58,91,1,0.72
58,92,1,0.13
58,95,1,0.61
58,98,1,0.31
59,7,7,0.48
59,34,7,0.5
59,35,7,0.81
59,39,7,0.45
59,43,7,0.04
59,53,7,0.04
59,59,7,0
59,62,7,0.52
59,67,7,0.96
59,68,7,0.14
59,70,7,0.79
59,71,7,0.33
59,86,7,0.6
59,90,7,0.78
59,96,7,0.52
59,0,6,0.72
59,11,6,0.63
59,12,6,0.02
59,16,6,0.05
59,17,6,0.94
59,28,6,0.67
59,32,6,0.74
59,44,6,0.32
59,45,6,0.12
59,49,6,0.32
59,51,6,0.77
59,55,6,1.0
59,59,6,0
59,63,6,0.78
59,70,6,0.04
59,80,6,0.98
59,81,6,0.43
59,82,6,0.77
59,84,6,0.17
59,88,6,0.33
59,90,6,0.85
59,93,6,0.64
59,96,6,0.43
59,2,5,0.8
59,29,5,0.01
59,30,5,0.79
59,32,5,0.72
59,36,5,0.77
59,46,5,0.36
59,50,5,0.34
59,53,5,0.69
59,59,5,0
59,64,5,0.97
59,65,5,0.82
59,67,5,0.87
59,82,5,0.79
59,83,5,0.28
59,85,5,0.11
59,97,5,0.5
59,6,17,0.87
59,9,17,0.12
59,15,17,0.1
59,18,17,0.13
59,21,17,0.56
59,23,17,0.35
59,24,17,0.53
59,31,17,0.31
59,36,17,0.25
59,38,17,0.55
59,39,17,0.12
59,40,17,0.7
59,41,17,0.68
59,49,17,0.45
59,57,17,0.52
59,59,17,0
59,60,17,0.98
59,66,17,0.93
59,68,17,0.01
59,73,17,0.24
59,74,17,0.74
59,87,17,0.14
59,94,17,0.34
60,6,17,0.71
60,9,17,0.74
60,15,17,0.41
60,18,17,0.17
60,21,17,0.55
60,23,17,0.89
60,24,17,0.89
60,31,17,0.88
60,36,17,0.47
60,38,17,0.25
60,39,17,0.42
60,40,17,0.47
60,41,17,0.29
60,49,17,0.78
60,57,17,0.31
60,59,17,0.37
60,60,17,0
60,66,17,0.07
60,68,17,0.6
60,73,17,0.74
60,74,17,0.48
60,87,17,0.88
60,94,17,0.01
60,7,19,0.36
60,12,19,0.61
60,15,19,0.54
60,21,19,0.15
60,31,19,0.59
60,32,19,0.55
60,39,19,0.8
60,51,19,0.07
60,54,19,0.72
60,60,19,0
60,61,19,0.37
60,66,19,0.2
60,74,19,0.74
60,76,19,0.05
60,83,19,0.02
60,95,19,0.66
60,99,19,0.02
60,6,16,0.87
60,10,16,0.7
60,11,16,0.84
60,15,16,0.02
60,22,16,0.41
60,34,16,0.6
60,35,16,0.2
60,47,16,0.92
60,48,16,0.44
60,54,16,0.25
60,60,16,0
60,65,16,0.94
60,74,16,0.28
60,75,16,0.79
60,79,16,0.99
60,80,16,0.8
60,5,0,0.12
60,7,0,0.86
60,23,0,0.29
60,24,0,0.86
60,33,0,0.13
60,41,0,0.8
60,43,0,0.9
60,58,0,0.46
60,60,0,0
60,61,0,0.64
60,62,0,0.96
60,65,0,0.0
60,66,0,0.25
60,72,0,0.03
60,74,0,0.17
60,76,0,0.28
60,78,0,0.06
60,82,0,0.79
60,91,0,0.14
61,7,19,0.12
61,12,19,0.01
61,15,19,0.21
61,21,19,0.81
61,31,19,0.1
61,32,19,0.79
61,39,19,0.83
61,51,19,0.33
61,54,19,0.46
61,60,19,0.76
61,61,19,0
61,66,19,0.51
61,74,19,0.97
61,76,19,0.89
61,83,19,0.34
61,95,19,0.66
61,99,19,0.81
61,4,11,0.37
61,14,11,0.74
61,19,11,0.47
61,26,11,0.57
61,45,11,0.09
61,48,11,0.26
61,61,11,0
61,77,11,0.19
61,5,0,0.37
61,7,0,0.6
61,23,0,0.13
61,24,0,0.92
61,33,0,0.2
61,41,0,0.12
61,43,0,0.87
61,58,0,0.3
61,60,0,0.78
61,61,0,0
61,62,0,0.21
61,65,0,0.79
61,66,0,0.41
61,72,0,0.92
61,74,0,0.89
61,76,0,0.58
61,78,0,0.38
61,82,0,0.91
61,91,0,0.28
62,7,7,0.63
62,34,7,0.35
62,35,7,0.37
62,39,7,0.22
62,43,7,0.19
62,53,7,0.65
62,59,7,0.5
62,62,7,0
62,67,7,0.02
62,68,7,0.31
62,70,7,0.77
62,71,7,0.56
62,86,7,0.87
62,90,7,0.6
62,96,7,0.01
62,5,0,0.26
62,7,0,0.96
62,23,0,0.44
62,24,0,0.78
62,33,0,0.17
62,41,0,0.65
62,43,0,0.51
62,58,0,0.54
62,60,0,0.13
62,61,0,0.49
62,62,0,0
62,65,0,0.54
62,66,0,0.01
62,72,0,0.55
62,74,0,0.07
62,76,0,0.83
62,78,0,0.1
62,82,0,0.23
62,91,0,0.42
62,1,8,0.22
62,2,8,0.02
62,9,8,0.38
62,17,8,0.6
62,23,8,0.04
62,30,8,0.7
62,40,8,0.67
62,42,8,0.17
62,54,8,0.97
62,58,8,0.43
62,62,8,0
62,73,8,0.99
62,78,8,0.05
62,87,8,0.49
62,89,8,0.52
62,94,8,0.05
62,96,8,0.83
62,10,14,0.19
62,12,14,1.0
62,14,14,0.71
62,25,14,0.75
62,27,14,0.44
62,45,14,0.24
62,52,14,0.45
62,53,14,0.12
62,57,14,0.22
62,62,14,0
62,79,14,0.14
62,85,14,0.16
62,90,14,0.48
63,0,6,0.52
63,11,6,0.62
63,12,6,0.25
63,16,6,0.84
63,17,6,0.78
63,28,6,0.29
63,32,6,0.44
63,44,6,0.08
63,45,6,0.99
63,49,6,0.28
63,51,6,0.42
63,55,6,0.88
63,59,6,0.3
63,63,6,0
63,70,6,0.17
63,80,6,0.64
63,81,6,0.89
63,82,6,0.73
63,84,6,0.82
63,88,6,0.65
63,90,6,0.9
63,93,6,0.4
63,96,6,0.88
63,10,4,0.74
63,13,4,0.45
63,22,4,0.05
63,27,4,0.17
63,35,4,0.9
63,63,4,0
63,69,4,0.99
63,71,4,0.03
63,82,4,0.19
63,88,4,0.26
63,8,12,0.78
63,12,12,0.17
63,24,12,0.16
63,35,12,0.7
63,43,12,0.25
63,51,12,0.05
63,52,12,0.56
63,56,12,0.99
63,63,12,0
63,64,12,0.73
63,65,12,0.06
63,66,12,0.61
63,77,12,0.9
63,80,12,0.79
63,85,12,0.39
63,87,12,0.32
63,97,12,0.84
63,3,3,0.11
63,4,3,0.52
63,16,3,0.38
63,19,3,0.56
63,24,3,0.13
63,32,3,0.72
63,37,3,0.97
63,38,3,0.16
63,43,3,0.12
63,44,3,0.19
63,49,3,0.65
63,54,3,0.03
63,63,3,0
63,67,3,0.15
63,68,3,0.4
63,70,3,0.1
63,79,3,0.95
63,80,3,0.18
63,93,3,0.93
63,95,3,0.13
63,98,3,0.5
64,0,15,0.48
64,2,15,0.02
64,11,15,0.33
64,13,15,0.94
64,18,15,0.64
64,20,15,0.15
64,21,15,0.32
64,25,15,0.04
64,27,15,0.52
64,29,15,0.93
64,31,15,0.06
64,33,15,0.26
64,37,15,0.66
64,50,15,0.93
64,51,15,0.82
64,64,15,0
64,84,15,0.15
64,88,15,0.37
64,91,15,0.11
64,0,10,0.78
64,6,10,0.99
64,8,10,0.49
64,18,10,0.1
64,27,10,0.38
64,28,10,0.41
64,30,10,0.51
64,41,10,0.73
64,46,10,0.54
64,52,10,0.83
64,64,10,0
64,70,10,0.09
64,84,10,0.77
64,86,10,0.96
64,89,10,0.77
64,92,10,0.38
64,96,10,0.59
64,99,10,0.88
64,2,5,0.06
64,29,5,0.89
64,30,5,0.98
64,32,5,0.26
64,36,5,0.97
64,46,5,0.35
64,50,5,0.12
64,53,5,0.79
64,59,5,0.62
64,64,5,0
64,65,5,0.96
64,67,5,0.24
64,82,5,0.79
64,83,5,0.45
64,85,5,0.04
64,97,5,0.56
64,8,12,0.74
64,12,12,0.06
64,24,12,0.98
64,35,12,0.31
64,43,12,0.31
64,51,12,0.0
64,52,12,0.52
64,56,12,0.31
64,63,12,0.72
64,64,12,0
64,65,12,0.93
64,66,12,0.66
64,77,12,0.59
64,80,12,0.78
64,85,12,0.08
64,87,12,0.11
64,97,12,0.2
65,5,0,0.25
65,7,0,0.12
65,23,0,0.27
65,24,0,0.82
65,33,0,0.15
65,41,0,0.66
65,43,0,0.9
65,58,0,0.75
65,60,0,0.53
65,61,0,0.57
65,62,0,0.85
65,65,0,0
65,66,0,0.46
65,72,0,0.65
65,74,0,0.86
65,76,0,0.23
65,78,0,0.6
65,82,0,0.04
65,91,0,0.66
65,6,16,0.53
65,10,16,0.33
65,11,16,0.48
65,15,16,0.97
65,22,16,0.24
65,34,16,0.16
65,35,16,0.04
65,47,16,0.39
65,48,16,0.99
65,54,16,0.68
65,60,16,0.46
65,65,16,0
65,74,16,0.87
65,75,16,0.1
65,79,16,0.35
65,80,16,0.41
65,8,12,0.01
65,12,12,0.53
65,24,12,0.04
65,35,12,0.33
65,43,12,0.25
65,51,12,0.46
65,52,12,0.11
65,56,12,0.25
65,63,12,0.59
65,64,12,0.92
65,65,12,0
65,66,12,0.12
65,77,12,0.24
65,80,12,0.83
65,85,12,0.26
65,87,12,0.53
65,97,12,0.42
65,2,5,0.73
65,29,5,1.0
65,30,5,0.91
65,32,5,0.63
65,36,5,0.46
65,46,5,0.82
65,50,5,0.84
65,53,5,0.45
65,59,5,0.6
65,64,5,0.76
65,65,5,0
65,67,5,0.08
65,82,5,0.07
65,83,5,0.98
65,85,5,0.01
65,97,5,0.35
66,7,19,0.8
66,12,19,0.81
66,15,19,0.91
66,21,19,0.15
66,31,19,0.3
66,32,19,0.95
66,39,19,0.7
66,51,19,0.23
66,54,19,0.98
66,60,19,0.36
66,61,19,0.06
66,66,19,0
66,74,19,0.53
66,76,19,0.2
66,83,19,0.11
66,95,19,0.75
66,99,19,0.55
66,6,17,0.39
66,9,17,0.79
66,15,17,0.23
66,18,17,0.41
66,21,17,0.4
66,23,17,0.37
66,24,17,0.22
66,31,17,0.67
66,36,17,0.49
66,38,17,0.02
66,39,17,0.3
66,40,17,0.97
66,41,17,0.9
66,49,17,0.49
66,57,17,0.13
66,59,17,0.51
66,60,17,0.76
66,66,17,0
66,68,17,0.49
66,73,17,0.9
66,74,17,1.0
66,87,17,0.58
66,94,17,0.68
66,8,12,0.42
66,12,12,0.64
66,24,12,0.31
66,35,12,0.15
66,43,12,0.57
66,51,12,0.12
66,52,12,0.43
66,56,12,0.88
66,63,12,0.45
66,64,12,0.35
66,65,12,0.09
66,66,12,0
66,77,12,0.13
66,80,12,0.57
66,85,12,0.02
66,87,12,0.18
66,97,12,0.36
66,5,0,0.43
66,7,0,0.41
66,23,0,0.35
66,24,0,0.98
66,33,0,0.05
66,41,0,0.51
66,43,0,0.81
66,58,0,0.59
66,60,0,0.17
66,61,0,0.44
66,62,0,0.85
66,65,0,0.36
66,66,0,0
66,72,0,0.75
66,74,0,0.22
66,76,0,0.3
66,78,0,0.11
66,82,0,0.13
66,91,0,0.82
67,3,3,0.42
67,4,3,0.8
67,16,3,0.33
67,19,3,0.57
67,24,3,0.66
67,32,3,0.13
67,37,3,0.9
67,38,3,0.02
67,43,3,0.42
67,44,3,0.74
67,49,3,0.3
67,54,3,0.82
67,63,3,0.1
67,67,3,0
67,68,3,0.32
67,70,3,0.65
67,79,3,0.66
67,80,3,0.46
67,93,3,0.39
67,95,3,0.08
67,98,3,0.28
67,7,7,0.81
67,34,7,0.34
67,35,7,0.46
67,39,7,0.51
67,43,7,0.17
67,53,7,0.77
67,59,7,0.8
67,62,7,0.04
67,67,7,0
67,68,7,0.9
67,70,7,0.67
67,71,7,0.34
67,86,7,0.87
67,90,7,0.66
67,96,7,0.86
67,2,5,0.0
67,29,5,0.13
67,30,5,0.07
67,32,5,0.15
67,36,5,0.62
67,46,5,0.51
67,50,5,0.99
67,53,5,0.53
67,59,5,0.7
67,64,5,0.38
67,65,5,0.33
67,67,5,0
67,82,5,0.69
67,83,5,1.0
67,85,5,0.45
67,97,5,0.86
68,3,18,0.32
68,5,18,0.56
68,8,18,0.35
68,10,18,0.7
68,29,18,0.76
68,34,18,0.42
68,38,18,0.03
68,42,18,0.1
68,48,18,0.72
68,50,18,0.63
68,58,18,0.8
68,68,18,0
68,71,18,0.42
68,78,18,0.36
68,83,18,0.12
68,84,18,0.24
68,85,18,0.86
68,95,18,0.4
68,6,17,0.73
68,9,17,0.09
68,15,17,0.53
68,18,17,0.42
68,21,17,0.06
68,23,17,0.95
68,24,17,0.63
68,31,17,0.79
68,36,17,0.84
68,38,17,0.63
68,39,17,0.91
68,40,17,0.47
68,41,17,0.31
68,49,17,0.14
68,57,17,0.9
68,59,17,0.58
68,60,17,0.48
68,66,17,0.19
68,68,17,0
68,73,17,0.4
68,74,17,0.11
68,87,17,0.5
68,94,17,0.96
68,7,7,0.89
68,34,7,0.64
68,35,7,0.9
68,39,7,0.33
68,43,7,0.02
68,53,7,0.03
68,59,7,0.61
68,62,7,0.66
68,67,7,0.86
68,68,7,0
68,70,7,0.55
68,71,7,0.29
68,86,7,0.32
68,90,7,0.86
68,96,7,0.45
68,3,3,0.26
68,4,3,0.31
68,16,3,0.14
68,19,3,0.64
68,24,3,0.38
68,32,3,0.53
68,37,3,0.58
68,38,3,0.03
68,43,3,0.54
68,44,3,0.3
68,49,3,0.97
68,54,3,0.65
68,63,3,0.9
68,67,3,0.95
68,68,3,0
68,70,3,0.34
68,79,3,0.82
68,80,3,0.44
68,93,3,0.75
68,95,3,0.9
68,98,3,0.09
69,0,2,0.6
69,4,2,0.28
69,7,2,0.38
69,16,2,0.89
69,20,2,0.75
69,38,2,0.6
69,44,2,0.38
69,56,2,0.7
69,69,2,0
69,72,2,0.55
69,79,2,0.58
69,94,2,0.7
69,10,4,0.95
69,13,4,0.35
69,22,4,0.96
69,27,4,0.82
69,35,4,0.73
69,63,4,0.59
69,69,4,0
69,71,4,0.58
69,82,4,0.19
69,88,4,0.86
70,3,3,0.72
70,4,3,0.71
70,16,3,0.41
70,19,3,0.95
70,24,3,0.49
70,32,3,0.41
70,37,3,0.04
70,38,3,0.86
70,43,3,0.92
70,44,3,0.15
70,49,3,0.14
70,54,3,0.1
70,63,3,0.18
70,67,3,0.6
70,68,3,0.01
70,70,3,0
70,79,3,0.06
70,80,3,0.71
70,93,3,0.26
70,95,3,0.25
70,98,3,0.5
70,7,7,0.83
70,34,7,0.26
70,35,7,0.9
70,39,7,0.74
70,43,7,0.41
70,53,7,0.54
70,59,7,0.98
70,62,7,0.21
70,67,7,0.97
70,68,7,0.56
70,70,7,0
70,71,7,0.76
70,86,7,0.83
70,90,7,0.09
70,96,7,0.35
70,0,10,0.22
70,6,10,0.83
70,8,10,0.95
70,18,10,0.6
70,27,10,0.28
70,28,10,0.67
70,30,10,0.15
70,41,10,0.5
70,46,10,0.72
70,52,10,0.93
70,64,10,0.34
70,70,10,0
70,84,10,0.57
70,86,10,0.35
70,89,10,0.13
70,92,10,0.17
70,96,10,0.86
70,99,10,0.47
70,0,6,0.59
70,11,6,0.31
70,12,6,0.82
70,16,6,0.44
70,17,6,0.69
70,28,6,0.51
70,32,6,0.42
70,44,6,0.3
70,45,6,0.14
70,49,6,0.51
70,51,6,0.83
70,55,6,0.23
70,59,6,0.81
70,63,6,0.06
70,70,6,0
70,80,6,0.67
70,81,6,0.91
70,82,6,0.42
70,84,6,0.07
70,88,6,0.3
70,90,6,0.8
70,93,6,0.6
70,96,6,0.04
71,7,7,0.48
71,34,7,0.22
71,35,7,0.81
71,39,7,0.09
71,43,7,0.48
71,53,7,0.82
71,59,7,0.61
71,62,7,0.19
71,67,7,0.11
71,68,7,0.19
71,70,7,0.78
71,71,7,0
71,86,7,0.43
71,90,7,0.58
71,96,7,0.87
71,3,18,0.33
71,5,18,0.96
71,8,18,0.76
71,10,18,0.48
71,29,18,0.48
71,34,18,0.77
71,38,18,0.78
71,42,18,0.44
71,48,18,0.88
71,50,18,0.71
71,58,18,0.22
71,68,18,0.74
71,71,18,0
71,78,18,0.65
71,83,18,0.2
71,84,18,0.08
71,85,18,0.07
71,95,18,0.59
71,10,4,0.79
71,13,4,0.57
71,22,4,0.28
71,27,4,0.89
71,35,4,0.51
71,63,4,0.88
71,69,4,0.63
71,71,4,0
71,82,4,0.59
71,88,4,0.36
72,0,2,0.86
72,4,2,0.01
72,7,2,0.5
72,16,2,0.75
72,20,2,0.69
72,38,2,0.85
72,44,2,0.63
72,56,2,0.48
72,69,2,0.76
72,72,2,0
72,79,2,0.26
72,94,2,0.63
72,5,0,0.38
72,7,0,0.62
72,23,0,0.98
72,24,0,0.63
72,33,0,0.17
72,41,0,0.04
72,43,0,0.93
72,58,0,0.73
72,60,0,0.65
72,61,0,0.09
72,62,0,0.44
72,65,0,0.34
72,66,0,0.28
72,72,0,0
72,74,0,0.85
72,76,0,0.43
72,78,0,0.57
72,82,0,0.83
72,91,0,0.54
72,1,1,0.2
72,4,1,0.35
72,47,1,0.75
72,55,1,0.84
72,58,1,0.52
72,72,1,0
72,75,1,0.43
72,81,1,0.81
72,87,1,0.31
72,89,1,0.66
72,91,1,0.48
72,92,1,0.1
72,95,1,0.36
72,98,1,0.82
73,1,8,0.38
73,2,8,0.23
73,9,8,0.63
73,17,8,0.59
73,23,8,0.5
73,30,8,0.25
73,40,8,0.8
73,42,8,0.58
73,54,8,0.85
73,58,8,0.54
73,62,8,0.89
73,73,8,0
73,78,8,0.21
73,87,8,0.09
73,89,8,0.78
73,94,8,0.61
73,96,8,0.32
73,6,17,0.9
73,9,17,0.49
73,15,17,0.2
73,18,17,0.55
73,21,17,0.49
73,23,17,0.57
73,24,17,0.57
73,31,17,0.13
73,36,17,0.82
73,38,17,0.72
73,39,17,0.43
73,40,17,0.2
73,41,17,0.99
73,49,17,0.72
73,57,17,0.64
73,59,17,0.79
73,60,17,0.39
73,66,17,0.03
73,68,17,0.66
73,73,17,0
73,74,17,0.9
73,87,17,0.09
73,94,17,0.31
74,5,0,0.93
74,7,0,0.46
74,23,0,0.87
74,24,0,0.86
74,33,0,0.62
74,41,0,0.88
74,43,0,0.8
74,58,0,0.03
74,60,0,0.69
74,61,0,0.19
74,62,0,0.82
74,65,0,0.84
74,66,0,0.69
74,72,0,0.15
74,74,0,0
74,76,0,0.13
74,78,0,0.78
74,82,0,0.94
74,91,0,0.23
74,6,16,0.55
74,10,16,0.87
74,11,16,0.51
74,15,16,0.5
74,22,16,0.07
74,34,16,0.61
74,35,16,0.19
74,47,16,0.62
74,48,16,0.67
74,54,16,0.26
74,60,16,0.56
74,65,16,0.61
74,74,16,0
74,75,16,0.29
74,79,16,0.91
74,80,16,0.08
74,7,19,0.4
74,12,19,0.33
74,15,19,0.55
74,21,19,0.79
74,31,19,0.39
74,32,19,0.97
74,39,19,0.23
74,51,19,0.94
74,54,19,0.5
74,60,19,0.65
74,61,19,0.91
74,66,19,0.02
74,74,19,0
74,76,19,0.28
74,83,19,0.99
74,95,19,0.45
74,99,19,0.0
74,6,17,0.96
74,9,17,0.34
74,15,17,0.24
74,18,17,0.38
74,21,17,0.56
74,23,17,0.29
74,24,17,0.1
74,31,17,0.35
74,36,17,0.95
74,38,17,0.75
74,39,17,0.39
74,40,17,0.21
74,41,17,0.59
74,49,17,0.46
74,57,17,0.81
74,59,17,0.03
74,60,17,0.67
74,66,17,0.23
74,68,17,0.78
74,73,17,0.95
74,74,17,0
74,87,17,0.4
74,94,17,0.64
75,1,1,0.36
75,4,1,0.16
75,47,1,0.43
75,55,1,0.55
75,58,1,0.27
75,72,1,0.58
75,75,1,0
75,81,1,0.83
75,87,1,0.94
75,89,1,0.03
75,91,1,0.65
75,92,1,0.36
75,95,1,0.18
75,98,1,0.44
75,6,16,0.72
75,10,16,0.54
75,11,16,0.53
75,15,16,0.43
75,22,16,0.08
75,34,16,0.5
75,35,16,0.02
75,47,16,0.7
75,48,16,0.29
75,54,16,0.8
75,60,16,0.24
75,65,16,0.99
75,74,16,0.49
75,75,16,0
75,79,16,0.66
75,80,16,0.34
76,5,0,0.48
76,7,0,0.13
76,23,0,0.35
76,24,0,0.32
76,33,0,0.51
76,41,0,0.0
76,43,0,0.04
76,58,0,0.92
76,60,0,0.14
76,61,0,0.55
76,62,0,0.92
76,65,0,0.22
76,66,0,0.94
76,72,0,0.63
76,74,0,0.09
76,76,0,0
76,78,0,0.57
76,82,0,0.4
76,91,0,0.22
76,7,19,0.17
76,12,19,0.02
76,15,19,0.21
76,21,19,0.15
76,31,19,0.23
76,32,19,0.16
76,39,19,0.09
76,51,19,0.71
76,54,19,0.37
76,60,19,0.77
76,61,19,0.02
76,66,19,0.91
76,74,19,0.3
76,76,19,0
76,83,19,0.74
76,95,19,0.69
76,99,19,0.25
77,4,11,0.34
77,14,11,0.99
77,19,11,0.42
77,26,11,0.33
77,45,11,0.58
77,48,11,0.34
77,61,11,0.05
77,77,11,0
77,8,12,0.97
77,12,12,0.48
77,24,12,0.28
77,35,12,0.62
77,43,12,0.47
77,51,12,0.37
77,52,12,0.12
77,56,12,0.07
77,63,12,0.93
77,64,12,0.44
77,65,12,0.55
77,66,12,0.47
77,77,12,0
77,80,12,0.9
77,85,12,0.65
77,87,12,0.26
77,97,12,0.39
78,3,18,0.86
78,5,18,0.29
78,8,18,0.59
78,10,18,0.27
78,29,18,0.04
78,34,18,0.45
78,38,18,0.67
78,42,18,0.48
78,48,18,0.46
78,50,18,0.12
78,58,18,0.5
78,68,18,0.3
78,71,18,0.75
78,78,18,0
78,83,18,0.56
78,84,18,0.75
78,85,18,0.63
78,95,18,0.59
78,5,0,0.91
78,7,0,0.79
78,23,0,0.74
78,24,0,0.43
78,33,0,0.41
78,41,0,0.09
78,43,0,0.56
78,58,0,0.63
78,60,0,0.19
78,61,0,0.46
78,62,0,0.19
78,65,0,0.78
78,66,0,0.56
78,72,0,0.84
78,74,0,0.75
78,76,0,0.6
78,78,0,0
78,82,0,0.58
78,91,0,0.1
78,1,8,0.27
78,2,8,0.74
78,9,8,0.76
78,17,8,0.77
78,23,8,0.13
78,30,8,0.67
78,40,8,0.66
78,42,8,0.31
78,54,8,0.15
78,58,8,0.94
78,62,8,0.52
78,73,8,0.76
78,78,8,0
78,87,8,0.2
78,89,8,0.59
78,94,8,0.69
78,96,8,0.09
79,10,14,0.71
79,12,14,0.28
79,14,14,0.89
79,25,14,0.99
79,27,14,0.14
79,45,14,0.76
79,52,14,0.92
79,53,14,0.21
79,57,14,0.46
79,62,14,0.42
79,79,14,0
79,85,14,0.64
79,90,14,0.3
79,6,16,0.65
79,10,16,0.73
79,11,16,0.98
79,15,16,0.78
79,22,16,0.92
79,34,16,0.55
79,35,16,0.61
79,47,16,0.9
79,48,16,0.9
79,54,16,0.68
79,60,16,0.27
79,65,16,0.63
79,74,16,0.7
79,75,16,0.61
79,79,16,0
79,80,16,0.46
79,0,2,0.56
79,4,2,0.99
79,7,2,0.43
79,16,2,0.44
79,20,2,0.41
79,38,2,0.45
79,44,2,0.35
79,56,2,0.96
79,69,2,0.45
79,72,2,0.8
79,79,2,0
79,94,2,0.28
79,3,3,0.29
79,4,3,0.44
79,16,3,0.11
79,19,3,0.56
79,24,3,0.89
79,32,3,0.82
79,37,3,0.63
79,38,3,0.81
79,43,3,0.54
79,44,3,0.21
79,49,3,0.43
79,54,3,0.86
79,63,3,0.88
79,67,3,0.65
79,68,3,0.89
79,70,3,0.03
79,79,3,0
79,80,3,0.44
79,93,3,0.25
79,95,3,0.87
79,98,3,0.9
80,3,3,0.9
80,4,3,0.45
80,16,3,0.18
80,19,3,0.98
80,24,3,0.99
80,32,3,0.4
80,37,3,0.96
80,38,3,0.71
80,43,3,0.22
80,44,3,0.63
80,49,3,0.21
80,54,3,0.72
80,63,3,0.9
80,67,3,0.39
80,68,3,0.73
80,70,3,0.57
80,79,3,0.66
80,80,3,0
80,93,3,0.48
80,95,3,0.73
80,98,3,0.65
80,6,16,0.94
80,10,16,1.0
80,11,16,0.33
80,15,16,0.86
80,22,16,0.31
80,34,16,0.15
80,35,16,0.28
80,47,16,0.74
80,48,16,0.53
80,54,16,0.81
80,60,16,0.84
80,65,16,0.51
80,74,16,0.08
80,75,16,0.77
80,79,16,0.52
80,80,16,0
80,8,12,0.1
80,12,12,0.84
80,24,12,0.1
80,35,12,0.73
80,43,12,0.97
80,51,12,0.65
80,52,12,0.49
80,56,12,1.0
80,63,12,0.93
80,64,12,0.66
80,65,12,0.7
80,66,12,0.65
80,77,12,0.27
80,80,12,0
80,85,12,0.19
80,87,12,0.87
80,97,12,0.89
80,0,6,0.44
80,11,6,0.08
80,12,6,0.6
80,16,6,0.87
80,17,6,0.91
80,28,6,0.51
80,32,6,0.0
80,44,6,0.87
80,45,6,0.57
80,49,6,0.09
80,51,6,0.33
80,55,6,0.46
80,59,6,0.6
80,63,6,0.86
80,70,6,0.27
80,80,6,0
80,81,6,0.52
80,82,6,0.04
80,84,6,0.59
80,88,6,0.06
80,90,6,0.71
80,93,6,0.43
80,96,6,0.39
81,0,6,0.38
81,11,6,0.51
81,12,6,0.0
81,16,6,0.11
81,17,6,0.02
81,28,6,0.05
81,32,6,0.23
81,44,6,0.2
81,45,6,0.89
81,49,6,0.89
81,51,6,0.74
81,55,6,0.9
81,59,6,0.97
81,63,6,0.18
81,70,6,0.88
81,80,6,0.63
81,81,6,0
81,82,6,0.8
81,84,6,0.34
81,88,6,0.95
81,90,6,0.2
81,93,6,0.09
81,96,6,0.26
81,1,1,0.12
81,4,1,0.42
81,47,1,0.71
81,55,1,0.86
81,58,1,0.74
81,72,1,0.31
81,75,1,0.64
81,81,1,0
81,87,1,0.45
81,89,1,0.32
81,91,1,0.54
81,92,1,0.55
81,95,1,0.66
81,98,1,0.51
82,0,6,0.65
82,11,6,0.03
82,12,6,0.04
82,16,6,0.29
82,17,6,0.98
82,28,6,0.11
82,32,6,0.42
82,44,6,0.11
82,45,6,0.08
82,49,6,0.69
82,51,6,0.41
82,55,6,0.18
82,59,6,0.12
82,63,6,0.97
82,70,6,0.83
82,80,6,0.83
82,81,6,0.83
82,82,6,0
82,84,6,0.7
82,88,6,0.91
82,90,6,0.1
82,93,6,0.18
82,96,6,0.52
82,5,0,0.52
82,7,0,0.61
82,23,0,0.8
82,24,0,0.74
82,33,0,0.53
82,41,0,0.42
82,43,0,0.09
82,58,0,0.62
82,60,0,0.28
82,61,0,0.69
82,62,0,0.86
82,65,0,0.89
82,66,0,0.72
82,72,0,0.57
82,74,0,0.97
82,76,0,0.29
82,78,0,0.98
82,82,0,0
82,91,0,0.69
82,2,5,0.64
82,29,5,0.14
82,30,5,0.04
82,32,5,0.33
82,36,5,0.21
82,46,5,0.2
82,50,5,0.23
82,53,5,0.84
82,59,5,0.74
82,64,5,0.19
82,65,5,0.71
82,67,5,0.11
82,82,5,0
82,83,5,0.68
82,85,5,0.9
82,97,5,0.38
82,10,4,0.62
82,13,4,0.6
82,22,4,0.3
82,27,4,0.2
82,35,4,0.22
82,63,4,0.5
82,69,4,0.51
82,71,4,0.17
82,82,4,0
82,88,4,0.83
83,3,18,0.32
83,5,18,0.41
83,8,18,0.28
83,10,18,0.5
83,29,18,0.22
83,34,18,0.77
83,38,18,0.4
83,42,18,0.87
83,48,18,0.49
83,50,18,0.01
83,58,18,0.49
83,68,18,0.5
83,71,18,0.52
83,78,18,0.84
83,83,18,0
83,84,18,0.56
83,85,18,0.46
83,95,18,1.0
83,7,19,0.82
83,12,19,0.92
83,15,19,0.38
83,21,19,0.9
83,31,19,0.13
83,32,19,0.72
83,39,19,0.73
83,51,19,0.54
83,54,19,0.07
83,60,19,0.67
83,61,19,0.85
83,66,19,0.02
83,74,19,0.42
83,76,19,0.08
83,83,19,0
83,95,19,0.6
83,99,19,0.04
83,2,5,0.88
83,29,5,0.02
83,30,5,0.87
83,32,5,0.99
83,36,5,0.72
83,46,5,0.25
83,50,5,0.3
83,53,5,0.55
83,59,5,0.18
83,64,5,0.48
83,65,5,0.37
83,67,5,0.79
83,82,5,0.77
83,83,5,0
83,85,5,0.08
83,97,5,0.3
84,0,10,0.27
84,6,10,0.5
84,8,10,0.05
84,18,10,0.25
84,27,10,0.37
84,28,10,0.2
84,30,10,0.64
84,41,10,0.67
84,46,10,0.69
84,52,10,0.07
84,64,10,0.31
84,70,10,0.79
84,84,10,0
84,86,10,0.99
84,89,10,0.87
84,92,10,0.13
84,96,10,0.52
84,99,10,0.5
84,0,15,0.3
84,2,15,0.61
84,11,15,0.3
84,13,15,0.13
84,18,15,0.71
84,20,15,0.08
84,21,15,0.67
84,25,15,0.22
84,27,15,0.31
84,29,15,0.71
84,31,15,0.3
84,33,15,0.58
84,37,15,0.49
84,50,15,0.7
84,51,15,0.51
84,64,15,0.02
84,84,15,0
84,88,15,0.43
84,91,15,0.53
84,3,18,0.79
84,5,18,0.96
84,8,18,0.18
84,10,18,0.42
84,29,18,0.73
84,34,18,0.61
84,38,18,0.59
84,42,18,0.9
84,48,18,0.39
84,50,18,0.35
84,58,18,0.35
84,68,18,0.59
84,71,18,0.75
84,78,18,0.63
84,83,18,0.14
84,84,18,0
84,85,18,0.48
84,95,18,0.59
84,0,6,0.2
84,11,6,0.73
84,12,6,0.48
84,16,6,0.18
84,17,6,0.56
84,28,6,0.97
84,32,6,0.59
84,44,6,0.01
84,45,6,0.59
84,49,6,0.86
84,51,6,0.16
84,55,6,0.16
84,59,6,0.53
84,63,6,0.05
84,70,6,0.88
84,80,6,0.75
84,81,6,0.54
84,82,6,0.0
84,84,6,0
84,88,6,0.82
84,90,6,0.12
84,93,6,0.48
84,96,6,0.44
85,3,18,0.15
85,5,18,0.48
85,8,18,0.84
85,10,18,0.04
85,29,18,0.81
85,34,18,0.62
85,38,18,0.73
85,42,18,0.23
85,48,18,0.78
85,50,18,0.33
85,58,18,0.56
85,68,18,0.18
85,71,18,0.87
85,78,18,0.87
85,83,18,0.52
85,84,18,0.85
85,85,18,0
85,95,18,0.76
85,2,5,0.87
85,29,5,1.0
85,30,5,0.95
85,32,5,0.73
85,36,5,0.51
85,46,5,0.2
85,50,5,0.04
85,53,5,0.35
85,59,5,0.67
85,64,5,0.93
85,65,5,0.04
85,67,5,0.55
85,82,5,0.26
85,83,5,0.28
85,85,5,0
85,97,5,0.12
85,10,14,0.77
85,12,14,0.61
85,14,14,0.47
85,25,14,0.96
85,27,14,0.0
85,45,14,0.07
85,52,14,0.39
85,53,14,0.7
85,57,14,0.95
85,62,14,0.31
85,79,14,0.6
85,85,14,0
85,90,14,0.3
85,8,12,0.05
85,12,12,0.16
85,24,12,0.6
85,35,12,0.18
85,43,12,0.78
85,51,12,0.79
85,52,12,0.21
85,56,12,0.23
85,63,12,0.65
85,64,12,0.8
85,65,12,0.6
85,66,12,0.47
85,77,12,0.26
85,80,12,0.05
85,85,12,0
85,87,12,0.85
85,97,12,0.88
86,0,10,0.89
86,6,10,0.83
86,8,10,0.71
86,18,10,0.53
86,27,10,0.98
86,28,10,0.64
86,30,10,0.06
86,41,10,0.28
86,46,10,0.58
86,52,10,0.03
86,64,10,0.06
86,70,10,0.24
86,84,10,0.04
86,86,10,0
86,89,10,0.71
86,92,10,0.29
86,96,10,0.71
86,99,10,0.48
86,7,7,0.72
86,34,7,0.68
86,35,7,0.35
86,39,7,0.27
86,43,7,0.39
86,53,7,0.09
86,59,7,0.8
86,62,7,0.66
86,67,7,0.04
86,68,7,0.53
86,70,7,0.02
86,71,7,0.34
86,86,7,0
86,90,7,0.41
86,96,7,0.87
86,2,13,0.1
86,26,13,0.39
86,30,13,0.44
86,34,13,0.97
86,37,13,0.42
86,53,13,0.67
86,86,13,0
87,6,17,0.82
87,9,17,0.88
87,15,17,0.21
87,18,17,0.93
87,21,17,0.21
87,23,17,0.58
87,24,17,0.25
87,31,17,0.75
87,36,17,0.69
87,38,17,0.21
87,39,17,0.33
87,40,17,0.38
87,41,17,0.97
87,49,17,0.77
87,57,17,0.2
87,59,17,0.62
87,60,17,0.48
87,66,17,0.63
87,68,17,0.55
87,73,17,0.99
87,74,17,0.2
87,87,17,0
87,94,17,0.57
87,1,1,0.75
87,4,1,0.6
87,47,1,0.65
87,55,1,0.04
87,58,1,0.89
87,72,1,0.5
87,75,1,0.46
87,81,1,0.68
87,87,1,0
87,89,1,0.63
87,91,1,0.85
87,92,1,0.89
87,95,1,0.91
87,98,1,0.03
87,8,12,0.18
87,12,12,0.62
87,24,12,0.71
87,35,12,0.78
87,43,12,0.09
87,51,12,0.07
87,52,12,0.02
87,56,12,0.15
87,63,12,0.81
87,64,12,0.13
87,65,12,0.51
87,66,12,0.93
87,77,12,0.84
87,80,12,0.15
87,85,12,0.96
87,87,12,0
87,97,12,0.88
87,1,8,0.56
87,2,8,0.55
87,9,8,0.68
87,17,8,0.85
87,23,8,0.4
87,30,8,0.95
87,40,8,0.07
87,42,8,0.47
87,54,8,0.77
87,58,8,0.89
87,62,8,0.36
87,73,8,0.05
87,78,8,0.41
87,87,8,0
87,89,8,0.33
87,94,8,0.74
87,96,8,0.5
88,0,15,0.27
88,2,15,0.07
88,11,15,0.75
88,13,15,0.66
88,18,15,0.27
88,20,15,0.93
88,21,15,0.67
88,25,15,0.91
88,27,15,0.32
88,29,15,0.19
88,31,15,0.1
88,33,15,0.69
88,37,15,0.6
88,50,15,0.94
88,51,15,0.99
88,64,15,0.3
88,84,15,0.15
88,88,15,0
88,91,15,0.61
88,0,6,0.58
88,11,6,0.91
88,12,6,0.43
88,16,6,0.94
88,17,6,0.18
88,28,6,0.7
88,32,6,0.94
88,44,6,0.25
88,45,6,0.7
88,49,6,0.93
88,51,6,0.94
88,55,6,0.45
88,59,6,0.69
88,63,6,0.14
88,70,6,0.08
88,80,6,0.1
88,81,6,0.68
88,82,6,0.62
88,84,6,0.69
88,88,6,0
88,90,6,0.18
88,93,6,0.67
88,96,6,0.03
88,10,4,0.61
88,13,4,0.69
88,22,4,0.39
88,27,4,0.82
88,35,4,0.28
88,63,4,0.82
88,69,4,0.14
88,71,4,0.61
88,82,4,0.43
88,88,4,0
89,0,10,0.95
89,6,10,0.16
89,8,10,0.69
89,18,10,0.66
89,27,10,0.51
89,28,10,0.91
89,30,10,0.2
89,41,10,0.31
89,46,10,0.17
89,52,10,0.8
89,64,10,0.06
89,70,10,0.34
89,84,10,0.34
89,86,10,0.57
89,89,10,0
89,92,10,0.45
89,96,10,0.59
89,99,10,0.32
89,1,1,0.17
89,4,1,0.6
89,47,1,0.33
89,55,1,0.74
89,58,1,0.42
89,72,1,0.19
89,75,1,0.07
89,81,1,0.08
89,87,1,0.3
89,89,1,0
89,91,1,0.13
89,92,1,0.73
89,95,1,0.15
89,98,1,0.93
89,1,8,0.21
89,2,8,0.11
89,9,8,0.01
89,17,8,0.96
89,23,8,0.28
89,30,8,0.22
89,40,8,0.53
89,42,8,0.15
89,54,8,0.34
89,58,8,0.36
89,62,8,0.3
89,73,8,0.55
89,78,8,0.91
89,87,8,0.14
89,89,8,0
89,94,8,0.06
89,96,8,0.85
90,10,14,0.07
90,12,14,0.72
90,14,14,0.62
90,25,14,0.15
90,27,14,0.22
90,45,14,0.61
90,52,14,0.52
90,53,14,0.45
90,57,14,0.28
90,62,14,0.38
90,79,14,0.97
90,85,14,0.94
90,90,14,0
90,1,9,0.64
90,3,9,0.34
90,6,9,0.62
90,8,9,0.7
90,16,9,0.04
90,19,9,0.2
90,21,9,0.18
90,29,9,0.98
90,42,9,0.58
90,44,9,0.15
90,90,9,0
90,93,9,0.33
90,98,9,0.12
90,0,6,0.87
90,11,6,0.41
90,12,6,0.7
90,16,6,0.83
90,17,6,0.51
90,28,6,0.98
90,32,6,0.1
90,44,6,0.91
90,45,6,0.45
90,49,6,0.6
90,51,6,0.41
90,55,6,0.54
90,59,6,0.48
90,63,6,0.79
90,70,6,0.34
90,80,6,0.39
90,81,6,0.55
90,82,6,0.95
90,84,6,0.85
90,88,6,0.5
90,90,6,0
90,93,6,0.46
90,96,6,0.35
90,7,7,0.16
90,34,7,0.37
90,35,7,0.36
90,39,7,0.19
90,43,7,0.49
90,53,7,0.54
90,59,7,0.66
90,62,7,0.09
90,67,7,0.48
90,68,7,0.48
90,70,7,0.53
90,71,7,0.38
90,86,7,0.73
90,90,7,0
90,96,7,0.35
91,0,15,0.42
91,2,15,0.15
91,11,15,0.67
91,13,15,0.96
91,18,15,0.99
91,20,15,0.74
91,21,15,0.85
91,25,15,0.08
91,27,15,0.15
91,29,15,0.35
91,31,15,0.76
91,33,15,0.22
91,37,15,0.91
91,50,15,0.81
91,51,15,0.22
91,64,15,0.57
91,84,15,0.11
91,88,15,0.34
91,91,15,0
91,5,0,0.04
91,7,0,0.88
91,23,0,0.69
91,24,0,0.94
91,33,0,0.19
91,41,0,0.91
91,43,0,0.65
91,58,0,0.47
91,60,0,0.61
91,61,0,0.41
91,62,0,0.25
91,65,0,0.48
91,66,0,0.6
91,72,0,0.75
91,74,0,0.21
91,76,0,0.3
91,78,0,0.58
91,82,0,0.09
91,91,0,0
91,1,1,0.8
91,4,1,0.8
91,47,1,0.14
91,55,1,0.25
91,58,1,0.99
91,72,1,0.22
91,75,1,0.8
91,81,1,0.73
91,87,1,0.15
91,89,1,0.45
91,91,1,0
91,92,1,0.21
91,95,1,0.68
91,98,1,0.28
92,0,10,0.6
92,6,10,0.42
92,8,10,0.79
92,18,10,0.67
92,27,10,0.35
92,28,10,0.37
92,30,10,0.87
92,41,10,0.3
92,46,10,0.85
92,52,10,0.99
92,64,10,0.0
92,70,10,0.81
92,84,10,0.86
92,86,10,0.23
92,89,10,0.45
92,92,10,0
92,96,10,0.45
92,99,10,0.74
92,1,1,0.35
92,4,1,0.03
92,47,1,0.6
92,55,1,0.53
92,58,1,0.15
92,72,1,0.3
92,75,1,0.97
92,81,1,0.82
92,87,1,0.62
92,89,1,0.28
92,91,1,0.34
92,92,1,0
92,95,1,0.72
92,98,1,0.2
93,0,6,0.78
93,11,6,0.09
93,12,6,0.07
93,16,6,0.41
93,17,6,0.28
93,28,6,0.47
93,32,6,0.71
93,44,6,0.36
93,45,6,0.78
93,49,6,0.18
93,51,6,0.45
93,55,6,0.24
93,59,6,0.38
93,63,6,0.51
93,70,6,0.9
93,80,6,0.04
93,81,6,0.81
93,82,6,0.18
93,84,6,0.29
93,88,6,0.98
93,90,6,0.51
93,93,6,0
93,96,6,0.18
93,3,3,0.73
93,4,3,0.09
93,16,3,0.77
93,19,3,0.53
93,24,3,0.44
93,32,3,0.69
93,37,3,0.83
93,38,3,0.6
93,43,3,0.24
93,44,3,0.92
93,49,3,0.8
93,54,3,0.35
93,63,3,0.07
93,67,3,0.43
93,68,3,0.88
93,70,3,0.78
93,79,3,0.07
93,80,3,0.75
93,93,3,0
93,95,3,0.18
93,98,3,0.59
93,1,9,0.74
93,3,9,0.79
93,6,9,0.5
93,8,9,0.95
93,16,9,0.08
93,19,9,0.87
93,21,9,0.64
93,29,9,0.25
93,42,9,0.29
93,44,9,0.52
93,90,9,0.34
93,93,9,0
93,98,9,0.68
94,0,2,0.93
94,4,2,0.1
94,7,2,0.74
94,16,2,0.52
94,20,2,0.49
94,38,2,0.19
94,44,2,0.22
94,56,2,0.03
94,69,2,0.95
94,72,2,0.37
94,79,2,0.37
94,94,2,0
94,6,17,0.66
94,9,17,0.1
94,15,17,0.79
94,18,17,0.11
94,21,17,0.13
94,23,17,0.56
94,24,17,0.46
94,31,17,0.8
94,36,17,0.7
94,38,17,0.91
94,39,17,0.08
94,40,17,0.34
94,41,17,0.91
94,49,17,0.06
94,57,17,0.17
94,59,17,0.1
94,60,17,0.36
94,66,17,0.27
94,68,17,0.56
94,73,17,0.46
94,74,17,0.71
94,87,17,0.49
94,94,17,0
94,1,8,0.61
94,2,8,0.39
94,9,8,0.34
94,17,8,0.26
94,23,8,0.72
94,30,8,0.85
94,40,8,0.28
94,42,8,0.59
94,54,8,0.08
94,58,8,0.24
94,62,8,0.69
94,73,8,0.41
94,78,8,0.72
94,87,8,0.8
94,89,8,0.3
94,94,8,0
94,96,8,0.9
95,1,1,0.25
95,4,1,0.47
95,47,1,0.56
95,55,1,0.58
95,58,1,0.01
95,72,1,0.03
95,75,1,0.7
95,81,1,0.66
95,87,1,0.36
95,89,1,0.18
95,91,1,0.44
95,92,1,0.6
95,95,1,0
95,98,1,0.49
95,3,18,0.51
95,5,18,0.08
95,8,18,0.65
95,10,18,0.48
95,29,18,0.94
95,34,18,0.02
95,38,18,0.99
95,42,18,0.46
95,48,18,0.09
95,50,18,0.38
95,58,18,0.19
95,68,18,0.72
95,71,18,0.75
95,78,18,0.05
95,83,18,0.17
95,84,18,0.72
95,85,18,0.35
95,95,18,0
95,7,19,0.26
95,12,19,0.51
95,15,19,0.28
95,21,19,0.19
95,31,19,0.95
95,32,19,0.14
95,39,19,0.81
95,51,19,0.74
95,54,19,0.58
95,60,19,0.08
95,61,19,0.35
95,66,19,0.53
95,74,19,0.19
95,76,19,0.02
95,83,19,0.24
95,95,19,0
95,99,19,0.83
95,3,3,0.29
95,4,3,0.25
95,16,3,0.78
95,19,3,0.15
95,24,3,0.17
95,32,3,0.26
95,37,3,0.42
95,38,3,0.95
95,43,3,0.98
95,44,3,0.77
95,49,3,0.67
95,54,3,0.03
95,63,3,0.13
95,67,3,0.11
95,68,3,0.43
95,70,3,0.17
95,79,3,0.46
95,80,3,0.35
95,93,3,0.61
95,95,3,0
95,98,3,0.27
96,0,10,0.11
96,6,10,0.32
96,8,10,0.1
96,18,10,0.13
96,27,10,0.83
96,28,10,0.57
96,30,10,0.93
96,41,10,0.22
96,46,10,0.83
96,52,10,0.61
96,64,10,0.99
96,70,10,0.11
96,84,10,0.0
96,86,10,0.14
96,89,10,0.7
96,92,10,0.63
96,96,10,0
96,99,10,0.16
96,7,7,0.9
96,34,7,0.73
96,35,7,0.26
96,39,7,0.19
96,43,7,0.39
96,53,7,0.71
96,59,7,0.31
96,62,7,0.62
96,67,7,0.76
96,68,7,0.22
96,70,7,0.21
96,71,7,0.58
96,86,7,0.58
96,90,7,0.62
96,96,7,0
96,1,8,0.89
96,2,8,0.17
96,9,8,0.36
96,17,8,0.72
96,23,8,0.36
96,30,8,0.59
96,40,8,0.15
96,42,8,0.73
96,54,8,0.86
96,58,8,0.77
96,62,8,0.78
96,73,8,0.66
96,78,8,0.15
96,87,8,0.54
96,89,8,0.37
96,94,8,0.28
96,96,8,0
96,0,6,0.96
96,11,6,0.99
96,12,6,0.3
96,16,6,0.57
96,17,6,0.52
96,28,6,0.1
96,32,6,0.85
96,44,6,0.07
96,45,6,0.68
96,49,6,0.36
96,51,6,0.73
96,55,6,0.95
96,59,6,0.57
96,63,6,0.05
96,70,6,0.28
96,80,6,0.99
96,81,6,0.09
96,82,6,0.34
96,84,6,0.93
96,88,6,0.68
96,90,6,0.28
96,93,6,0.21
96,96,6,0
97,2,5,0.08
97,29,5,0.23
97,30,5,0.67
97,32,5,0.69
97,36,5,0.14
97,46,5,0.85
97,50,5,0.69
97,53,5,0.26
97,59,5,0.66
97,64,5,0.53
97,65,5,0.1
97,67,5,0.62
97,82,5,0.32
97,83,5,0.31
97,85,5,0.65
97,97,5,0
97,8,12,0.5
97,12,12,0.58
97,24,12,0.27
97,35,12,0.9
97,43,12,0.03
97,51,12,0.69
97,52,12,0.24
97,56,12,0.41
97,63,12,0.04
97,64,12,0.57
97,65,12,0.75
97,66,12,0.23
97,77,12,0.21
97,80,12,0.65
97,85,12,0.89
97,87,12,0.8
97,97,12,0
98,1,1,0.93
98,4,1,0.45
98,47,1,0.57
98,55,1,0.1
98,58,1,0.28
98,72,1,0.58
98,75,1,0.0
98,81,1,0.06
98,87,1,0.57
98,89,1,0.2
98,91,1,0.09
98,92,1,0.06
98,95,1,0.18
98,98,1,0
98,3,3,0.69
98,4,3,0.69
98,16,3,0.42
98,19,3,0.63
98,24,3,0.92
98,32,3,0.2
98,37,3,0.02
98,38,3,0.93
98,43,3,0.33
98,44,3,0.98
98,49,3,0.66
98,54,3,0.38
98,63,3,0.94
98,67,3,0.51
98,68,3,0.08
98,70,3,0.27
98,79,3,0.63
98,80,3,0.24
98,93,3,0.16
98,95,3,0.17
98,98,3,0
98,1,9,0.56
98,3,9,0.32
98,6,9,0.15
98,8,9,0.49
98,16,9,0.61
98,19,9,0.03
98,21,9,0.45
98,29,9,0.79
98,42,9,0.92
98,44,9,0.17
98,90,9,0.26
98,93,9,0.32
98,98,9,0
99,0,10,0.27
99,6,10,0.75
99,8,10,0.41
99,18,10,0.15
99,27,10,0.66
99,28,10,0.95
99,30,10,0.79
99,41,10,0.91
99,46,10,0.13
99,52,10,0.18
99,64,10,0.17
99,70,10,0.76
99,84,10,0.03
99,86,10,0.81
99,89,10,0.11
99,92,10,0.17
99,96,10,0.08
99,99,10,0
99,7,19,0.69
99,12,19,0.68
99,15,19,0.41
99,21,19,0.02
99,31,19,0.53
99,32,19,0.63
99,39,19,0.64
99,51,19,0.44
99,54,19,0.38
99,60,19,0.72
99,61,19,0.1
99,66,19,0.1
99,74,19,0.11
99,76,19,0.13
99,83,19,0.12
99,95,19,0.59
99,99,19,0