M,100,P,30,Q,100000,targetS,0.1,targetW,0.1

Resources name, resource id, current workload and max workload
R_0,0,0.72,1
R_1,1,0.63,1
R_2,2,0.7,1
R_3,3,0.79,1
R_4,4,0.64,1
R_5,5,0.65,1
R_6,6,0.7,1
R_7,7,0.79,1
R_8,8,0.65,1
R_9,9,0.79,1
R_10,10,0.75,1
R_11,11,0.69,1
R_12,12,0.79,1
R_13,13,0.76,1
R_14,14,0.7,1
R_15,15,0.72,1
R_16,16,0.62,1
R_17,17,0.76,1
R_18,18,0.67,1
R_19,19,0.79,1
R_20,20,0.75,1
R_21,21,0.78,1
R_22,22,0.61,1
R_23,23,0.75,1
R_24,24,0.74,1
R_25,25,0.62,1
R_26,26,0.68,1
R_27,27,0.74,1
R_28,28,0.65,1
R_29,29,0.71,1
R_30,30,0.75,1
R_31,31,0.72,1
R_32,32,0.79,1
R_33,33,0.7,1
R_34,34,0.66,1
R_35,35,0.7,1
R_36,36,0.62,1
R_37,37,0.65,1
R_38,38,0.7,1
R_39,39,0.72,1
R_40,40,0.66,1
R_41,41,0.7,1
R_42,42,0.68,1
R_43,43,0.79,1
R_44,44,0.65,1
R_45,45,0.62,1
R_46,46,0.72,1
R_47,47,0.68,1
R_48,48,0.77,1
R_49,49,0.61,1
R_50,50,0.76,1
R_51,51,0.63,1
R_52,52,0.73,1
R_53,53,0.62,1
R_54,54,0.63,1
R_55,55,0.64,1
R_56,56,0.67,1
R_57,57,0.68,1
R_58,58,0.74,1
R_59,59,0.64,1
R_60,60,0.68,1
R_61,61,0.73,1
R_62,62,0.79,1
R_63,63,0.77,1
R_64,64,0.69,1
R_65,65,0.65,1
R_66,66,0.71,1
R_67,67,0.73,1
R_68,68,0.74,1
R_69,69,0.68,1
R_70,70,0.72,1
R_71,71,0.7,1
R_72,72,0.68,1
R_73,73,0.73,1
R_74,74,0.79,1
R_75,75,0.61,1
R_76,76,0.7,1
R_77,77,0.61,1
R_78,78,0.77,1
R_79,79,0.68,1
R_80,80,0.75,1
R_81,81,0.74,1
R_82,82,0.75,1
R_83,83,0.71,1
R_84,84,0.68,1
R_85,85,0.77,1
R_86,86,0.62,1
R_87,87,0.72,1
R_88,88,0.64,1
R_89,89,0.68,1
R_90,90,0.62,1
R_91,91,0.68,1
R_92,92,0.76,1
R_93,93,0.61,1
R_94,94,0.61,1
R_95,95,0.71,1
R_96,96,0.72,1
R_97,97,0.74,1
R_98,98,0.77,1
R_99,99,0.69,1

Activities name, activity id, lambda, stress, resource id, priority, rifiutato
act_38,38,0.11,0.08,0,81,0
act_38,38,0.11,0.08,0,197,0
act_25,25,0.3,0.7,1,242,0
act_18,18,0.15,0.5,2,86,1
act_0,0,0.08,0.32,2,19,1
act_7,7,0.19,0.92,3,82,0
act_12,12,0.28,0.68,4,156,0
act_13,13,0.05,0.08,4,130,0
act_14,14,0.03,0.69,5,126,1
act_23,23,0.05,0.49,5,97,0
act_23,23,0.05,0.49,5,55,0
act_14,14,0.03,0.69,5,6,1
act_23,23,0.05,0.49,5,99,0
act_22,22,0.03,0.15,5,181,0
act_22,22,0.03,0.15,5,90,0
act_22,22,0.03,0.15,5,12,0
act_14,14,0.03,0.69,5,173,1
act_12,12,0.28,0.68,6,100,0
act_22,22,0.03,0.15,7,165,0
act_16,16,0.15,0.85,7,185,0
act_30,30,0.24,0.67,8,109,0
act_22,22,0.03,0.15,8,184,0
act_22,22,0.03,0.15,8,133,0
act_22,22,0.03,0.15,8,3,0
act_22,22,0.03,0.15,9,219,0
act_22,22,0.03,0.15,9,34,0
act_22,22,0.03,0.15,9,188,0
act_0,0,0.08,0.32,9,9,0
act_22,22,0.03,0.15,9,216,0
act_16,16,0.15,0.85,10,240,0
act_14,14,0.03,0.69,11,39,1
act_14,14,0.03,0.69,11,42,1
act_14,14,0.03,0.69,11,244,1
act_14,14,0.03,0.69,11,11,1
act_14,14,0.03,0.69,11,143,1
act_14,14,0.03,0.69,11,189,1
act_14,14,0.03,0.69,11,214,1
act_14,14,0.03,0.69,11,146,1
act_14,14,0.03,0.69,11,7,1
act_14,14,0.03,0.69,11,87,1
act_1,1,0.13,0.36,12,227,0
act_20,20,0.06,0.15,13,152,0
act_20,20,0.06,0.15,13,45,0
act_20,20,0.06,0.15,13,52,0
act_37,37,0.27,0.06,14,229,0
act_17,17,0.1,0.91,15,46,1
act_19,19,0.09,0.63,15,91,1
act_19,19,0.09,0.63,15,29,1
act_14,14,0.03,0.69,16,107,1
act_14,14,0.03,0.69,16,201,1
act_1,1,0.13,0.36,16,84,0
act_1,1,0.13,0.36,16,127,0
act_14,14,0.03,0.69,16,49,1
act_14,14,0.03,0.69,16,241,1
act_21,21,0.06,0.63,17,0,1
act_21,21,0.06,0.63,17,203,1
act_21,21,0.06,0.63,17,25,1
act_2,2,0.28,0.83,18,178,0
act_14,14,0.03,0.69,18,224,0
act_34,34,0.05,0.58,19,182,1
act_34,34,0.05,0.58,19,79,1
act_34,34,0.05,0.58,19,13,1
act_34,34,0.05,0.58,19,1,1
act_3,3,0.2,0.89,20,123,0
act_34,34,0.05,0.58,21,121,1
act_34,34,0.05,0.58,21,238,1
act_38,38,0.11,0.08,21,147,0
act_12,12,0.28,0.68,22,131,1
act_23,23,0.05,0.49,22,125,0
act_23,23,0.05,0.49,22,71,0
act_5,5,0.12,0.85,23,27,0
act_5,5,0.12,0.85,23,33,0
act_20,20,0.06,0.15,24,21,0
act_1,1,0.13,0.36,24,58,0
act_20,20,0.06,0.15,24,179,0
act_12,12,0.28,0.68,25,135,0
act_4,4,0.3,0.47,26,168,0
act_24,24,0.21,0.79,27,243,1
act_14,14,0.03,0.69,27,226,0
act_37,37,0.27,0.06,28,64,0
act_28,28,0.17,0.43,29,177,0
act_14,14,0.03,0.69,29,151,0
act_14,14,0.03,0.69,29,221,0
act_14,14,0.03,0.69,29,208,0
act_14,14,0.03,0.69,29,169,0
act_8,8,0.17,0.32,30,141,0
act_30,30,0.24,0.67,31,111,0
act_14,14,0.03,0.69,31,149,1
act_22,22,0.03,0.15,32,89,0
act_22,22,0.03,0.15,32,83,0
act_22,22,0.03,0.15,32,148,0
act_22,22,0.03,0.15,32,48,0
act_22,22,0.03,0.15,32,142,0
act_22,22,0.03,0.15,32,191,0
act_15,15,0.22,0.19,33,4,0
act_4,4,0.3,0.47,34,237,0
act_2,2,0.28,0.83,35,158,0
act_23,23,0.05,0.49,36,136,1
act_23,23,0.05,0.49,36,88,1
act_23,23,0.05,0.49,36,187,1
act_23,23,0.05,0.49,36,68,1
act_23,23,0.05,0.49,36,32,1
act_23,23,0.05,0.49,36,51,1
act_23,23,0.05,0.49,36,76,1
act_20,20,0.06,0.15,37,94,0
act_24,24,0.21,0.79,37,220,0
act_20,20,0.06,0.15,37,239,0
act_1,1,0.13,0.36,38,190,1
act_1,1,0.13,0.36,38,93,1
act_5,5,0.12,0.85,39,69,0
act_5,5,0.12,0.85,39,78,0
act_17,17,0.1,0.91,40,43,0
act_19,19,0.09,0.63,40,62,0
act_17,17,0.1,0.91,40,15,0
act_32,32,0.29,0.02,41,57,0
act_11,11,0.29,0.92,42,222,0
act_33,33,0.12,0.89,43,72,0
act_8,8,0.17,0.32,44,50,1
act_8,8,0.17,0.32,44,211,1
act_14,14,0.03,0.69,45,104,0
act_31,31,0.25,0.34,45,92,0
act_14,14,0.03,0.69,45,213,0
act_14,14,0.03,0.69,45,56,0
act_14,14,0.03,0.69,45,116,0
act_15,15,0.22,0.19,46,215,0
act_31,31,0.25,0.34,47,154,0
act_33,33,0.12,0.89,48,155,0
act_3,3,0.2,0.89,49,217,0
act_26,26,0.15,0.82,49,75,0
act_22,22,0.03,0.15,50,117,0
act_22,22,0.03,0.15,50,63,0
act_21,21,0.06,0.63,50,172,0
act_21,21,0.06,0.63,50,228,0
act_21,21,0.06,0.63,50,38,0
act_35,35,0.22,0.6,51,66,0
act_26,26,0.15,0.82,52,102,1
act_19,19,0.09,0.63,52,114,1
act_6,6,0.13,0.33,53,199,0
act_18,18,0.15,0.5,53,124,0
act_5,5,0.12,0.85,54,80,1
act_5,5,0.12,0.85,54,26,1
act_5,5,0.12,0.85,54,186,1
act_9,9,0.21,0.32,55,37,0
act_17,17,0.1,0.91,55,138,1
act_26,26,0.15,0.82,56,233,1
act_26,26,0.15,0.82,56,183,1
act_30,30,0.24,0.67,57,67,0
act_1,1,0.13,0.36,58,122,0
act_23,23,0.05,0.49,59,8,0
act_33,33,0.12,0.89,59,119,0
act_23,23,0.05,0.49,59,5,0
act_23,23,0.05,0.49,59,31,0
act_23,23,0.05,0.49,59,20,0
act_11,11,0.29,0.92,60,163,0
act_20,20,0.06,0.15,61,101,0
act_20,20,0.06,0.15,61,2,0
act_20,20,0.06,0.15,61,245,0
act_20,20,0.06,0.15,61,17,0
act_21,21,0.06,0.63,62,22,0
act_21,21,0.06,0.63,62,218,0
act_21,21,0.06,0.63,62,162,0
act_6,6,0.13,0.33,63,164,0
act_38,38,0.11,0.08,64,118,0
act_20,20,0.06,0.15,64,230,0
act_33,33,0.12,0.89,64,166,0
act_8,8,0.17,0.32,65,35,0
act_18,18,0.15,0.5,65,196,0
act_5,5,0.12,0.85,66,14,1
act_5,5,0.12,0.85,66,132,1
act_10,10,0.23,0.66,67,150,0
act_23,23,0.05,0.49,68,77,0
act_23,23,0.05,0.49,68,175,0
act_23,23,0.05,0.49,68,61,0
act_23,23,0.05,0.49,68,113,0
act_23,23,0.05,0.49,68,98,0
act_16,16,0.15,0.85,69,18,0
act_16,16,0.15,0.85,69,223,0
act_16,16,0.15,0.85,70,23,0
act_2,2,0.28,0.83,71,180,0
act_19,19,0.09,0.63,72,129,0
act_19,19,0.09,0.63,72,235,0
act_19,19,0.09,0.63,72,53,0
act_24,24,0.21,0.79,73,232,0
act_34,34,0.05,0.58,73,176,0
act_28,28,0.17,0.43,74,59,0
act_26,26,0.15,0.82,75,144,1
act_26,26,0.15,0.82,75,207,1
act_26,26,0.15,0.82,76,115,1
act_34,34,0.05,0.58,76,195,1
act_34,34,0.05,0.58,76,202,1
act_19,19,0.09,0.63,77,234,1
act_35,35,0.22,0.6,77,47,1
act_26,26,0.15,0.82,78,16,0
act_19,19,0.09,0.63,79,236,1
act_19,19,0.09,0.63,79,44,1
act_19,19,0.09,0.63,79,24,1
act_24,24,0.21,0.79,80,134,0
act_21,21,0.06,0.63,81,193,0
act_21,21,0.06,0.63,81,105,0
act_21,21,0.06,0.63,81,171,0
act_21,21,0.06,0.63,81,73,0
act_28,28,0.17,0.43,82,153,0
act_18,18,0.15,0.5,83,95,0
act_6,6,0.13,0.33,83,174,0
act_36,36,0.29,0.19,84,96,0
act_10,10,0.23,0.66,85,139,0
act_0,0,0.08,0.32,86,28,1
act_0,0,0.08,0.32,86,103,1
act_16,16,0.15,0.85,86,110,1
act_9,9,0.21,0.32,87,145,0
act_37,37,0.27,0.06,88,209,0
act_19,19,0.09,0.63,88,194,0
act_21,21,0.06,0.63,89,140,1
act_21,21,0.06,0.63,89,204,1
act_21,21,0.06,0.63,89,210,1
act_21,21,0.06,0.63,89,225,1
act_21,21,0.06,0.63,89,198,1
act_30,30,0.24,0.67,90,200,0
act_14,14,0.03,0.69,90,160,0
act_14,14,0.03,0.69,90,54,0
act_14,14,0.03,0.69,90,74,0
act_14,14,0.03,0.69,90,40,0
act_8,8,0.17,0.32,91,120,0
act_14,14,0.03,0.69,91,161,0
act_14,14,0.03,0.69,91,36,0
act_14,14,0.03,0.69,91,206,0
act_14,14,0.03,0.69,91,167,0
act_14,14,0.03,0.69,91,112,0
act_27,27,0.22,0.27,92,192,0
act_32,32,0.29,0.02,93,159,0
act_24,24,0.21,0.79,94,85,0
act_13,13,0.05,0.08,94,231,0
act_13,13,0.05,0.08,94,30,0
act_13,13,0.05,0.08,94,10,0
act_32,32,0.29,0.02,95,108,0
act_5,5,0.12,0.85,96,137,1
act_5,5,0.12,0.85,96,60,1
act_8,8,0.17,0.32,97,212,0
act_0,0,0.08,0.32,98,170,1
act_0,0,0.08,0.32,98,41,1
act_13,13,0.05,0.08,99,128,0
act_13,13,0.05,0.08,99,157,0
act_13,13,0.05,0.08,99,205,0
act_13,13,0.05,0.08,99,70,0
act_13,13,0.05,0.08,99,65,0
act_13,13,0.05,0.08,99,106,0

Alpha (resource id, list of activity ids)
0:38,28
1:11,25
2:4,18,38,0
3:7,11
4:38,13,12
5:30,23,14,22
6:12
7:22,16,12,30
8:30,22,6,3
9:0,22
10:31,16
11:14,12
12:15,38,2,1
13:20,2
14:30,20,38,37
15:19,17
16:1,10,14
17:26,4,21
18:14,2
19:27,34,35
20:3,20,2
21:34,38
22:23,12
23:26,5,15
24:20,1
25:12,16
26:4,10
27:34,35,14,24
28:17,37
29:14,17,28
30:27,11,8
31:38,30,10,14
32:22,27
33:15,25
34:4,7,31
35:6,8,28,2
36:36,19,23
37:13,20,24,5
38:21,1,11
39:5,27
40:21,19,17,38
41:36,32,21
42:32,25,11
43:33,25
44:3,8
45:14,31
46:15,5,8,6
47:36,33,31
48:37,33
49:3,2,26
50:22,11,21
51:31,27,35
52:26,35,32,19
53:18,6
54:5
55:17,9,10,37
56:3,26,35,21
57:30,1,26,12
58:28,1,26
59:23,10,33,18
60:21,11,1,38
61:20,6
62:11,20,21,2
63:2,6
64:20,38,33,2
65:20,8,18,32
66:33,5
67:10,28,37
68:35,23,32
69:16,4,35
70:9,16
71:34,14,2,13
72:37,30,19
73:27,1,34,24
74:13,28,7,19
75:1,2,26
76:26,34,23
77:10,9,19,35
78:2,37,26,7
79:31,19
80:25,7,24
81:10,21,4
82:25,28
83:20,18,6
84:36,38,34,8
85:30,10,12,16
86:16,0,28
87:11,9
88:19,37
89:21,3
90:23,14,30
91:37,8,14
92:27,22
93:31,1,4,32
94:7,12,24,13
95:20,33,13,32
96:5,10,23
97:28,8
98:26,0,30
99:36,13

Costs (resource, resource to replace, activity, cost)
0,0,38,0
0,2,38,0.55
0,4,38,0.01
0,12,38,0.97
0,14,38,0.57
0,21,38,0.49
0,31,38,0.67
0,40,38,0.2
0,60,38,0.51
0,64,38,0.37
0,84,38,0.88
0,0,28,0
0,29,28,0.35
0,35,28,0.1
0,58,28,0.5
0,67,28,0.75
0,74,28,0.55
0,82,28,0.66
0,86,28,0.24
0,97,28,0.37
1,1,11,0
1,3,11,0.53
1,30,11,0.02
1,38,11,0.19
1,42,11,0.25
1,50,11,0.58
1,60,11,0.57
1,62,11,0.43
1,87,11,0.21
1,1,25,0
1,33,25,0.33
1,42,25,0.59
1,43,25,0.29
1,80,25,0.46
1,82,25,0.37
2,2,4,0
2,17,4,0.36
2,26,4,0.62
2,34,4,0.53
2,69,4,0.66
2,81,4,0.06
2,93,4,0.05
2,2,18,0
2,53,18,0.13
2,59,18,0.88
2,65,18,0.36
2,83,18,0.79
2,0,38,0.58
2,2,38,0
2,4,38,0.45
2,12,38,0.44
2,14,38,0.62
2,21,38,0.31
2,31,38,0.38
2,40,38,0.6
2,60,38,0.02
2,64,38,0.59
2,84,38,0.32
2,2,0,0
2,9,0,0.25
2,86,0,0.11
2,98,0,0.65
3,3,7,0
3,34,7,0.6
3,74,7,0.71
3,78,7,0.46
3,80,7,0.66
3,94,7,0.35
3,1,11,0.71
3,3,11,0
3,30,11,0.46
3,38,11,0.68
3,42,11,0.32
3,50,11,0.16
3,60,11,0.44
3,62,11,0.28
3,87,11,0.45
4,4,39,0
4,6,39,0.13
4,22,39,0.01
4,23,39,0.25
4,30,39,0.98
4,67,39,0.64
4,70,39,0.12
4,0,38,0.77
4,2,38,0.36
4,4,38,0
4,12,38,0.61
4,14,38,0.8
4,21,38,0.44
4,31,38,0.65
4,40,38,0.86
4,60,38,0.27
4,64,38,0.23
4,84,38,0.42
4,4,13,0
4,37,13,0.97
4,71,13,0.71
4,74,13,0.44
4,94,13,0.72
4,95,13,0.22
4,99,13,0.2
4,4,12,0
4,6,12,0.21
4,7,12,0.91
4,11,12,0.92
4,22,12,0.89
4,25,12,0.36
4,57,12,0.42
4,85,12,0.9
4,94,12,0.89
5,5,30,0
5,7,30,0.17
5,8,30,0.83
5,14,30,0.26
5,31,30,0.3
5,57,30,0.52
5,72,30,0.47
5,85,30,0.99
5,90,30,0.94
5,98,30,0.7
5,5,23,0
5,22,23,0.39
5,36,23,0.78
5,59,23,0.87
5,68,23,0.11
5,76,23,0.51
5,90,23,0.75
5,96,23,0.77
5,5,14,0
5,11,14,0.82
5,16,14,0.55
5,18,14,0.08
5,27,14,0.29
5,29,14,0.2
5,31,14,0.01
5,45,14,0.4
5,71,14,0.35
5,90,14,0.72
5,91,14,0.14
5,5,22,0
5,7,22,0.34
5,8,22,0.63
5,9,22,0.01
5,32,22,0.9
5,50,22,0.77
5,92,22,0.71
6,4,39,0.59
6,6,39,0
6,22,39,0.06
6,23,39,0.21
6,30,39,0.74
6,67,39,0.66
6,70,39,0.38
6,4,12,0.5
6,6,12,0
6,7,12,0.48
6,11,12,0.93
6,22,12,0.64
6,25,12,0.67
6,57,12,0.79
6,85,12,0.66
6,94,12,0.56
7,5,22,0.09
7,7,22,0
7,8,22,0.65
7,9,22,0.34
7,32,22,0.32
7,50,22,0.31
7,92,22,0.81
7,7,16,0
7,10,16,0.6
7,25,16,0.32
7,69,16,0.5
7,70,16,0.26
7,85,16,0.7
7,86,16,0.56
7,4,12,0.09
7,6,12,0.31
7,7,12,0
7,11,12,0.91
7,22,12,0.04
7,25,12,0.73
7,57,12,0.36
7,85,12,0.56
7,94,12,0.08
7,5,30,0.26
7,7,30,0
7,8,30,0.36
7,14,30,0.53
7,31,30,0.81
7,57,30,0.35
7,72,30,0.4
7,85,30,0.31
7,90,30,0.69
7,98,30,0.53
8,5,30,0.82
8,7,30,0.67
8,8,30,0
8,14,30,0.47
8,31,30,0.71
8,57,30,0.75
8,72,30,0.59
8,85,30,0.57
8,90,30,0.7
8,98,30,0.25
8,5,22,0.57
8,7,22,0.97
8,8,22,0
8,9,22,0.26
8,32,22,0.48
8,50,22,0.19
8,92,22,0.94
8,8,6,0
8,35,6,0.61
8,46,6,0.82
8,53,6,0.13
8,61,6,0.17
8,63,6,0.24
8,83,6,0.08
8,8,3,0
8,20,3,0.19
8,44,3,0.74
8,49,3,0.6
8,56,3,0.97
8,89,3,0.73
9,2,0,0.09
9,9,0,0
9,86,0,0.64
9,98,0,0.97
9,5,22,0.0
9,7,22,0.9
9,8,22,0.72
9,9,22,0
9,32,22,0.81
9,50,22,0.38
9,92,22,0.41
10,10,31,0
10,34,31,0.48
10,45,31,0.21
10,47,31,0.37
10,51,31,0.03
10,79,31,0.9
10,93,31,0.04
10,7,16,0.25
10,10,16,0
10,25,16,0.79
10,69,16,0.78
10,70,16,0.85
10,85,16,0.52
10,86,16,0.7
11,5,14,0.45
11,11,14,0
11,16,14,0.47
11,18,14,0.49
11,27,14,0.73
11,29,14,0.1
11,31,14,0.67
11,45,14,0.79
11,71,14,0.96
11,90,14,0.98
11,91,14,0.07
11,4,12,0.76
11,6,12,0.09
11,7,12,0.29
11,11,12,0
11,22,12,0.68
11,25,12,0.9
11,57,12,0.33
11,85,12,0.92
11,94,12,0.16
12,12,15,0
12,23,15,0.87
12,33,15,0.87
12,46,15,0.17
12,0,38,0.42
12,2,38,0.64
12,4,38,0.09
12,12,38,0
12,14,38,0.75
12,21,38,0.26
12,31,38,0.17
12,40,38,0.87
12,60,38,0.88
12,64,38,0.89
12,84,38,0.03
12,12,2,0
12,13,2,0.39
12,18,2,0.51
12,20,2,0.92
12,35,2,0.43
12,49,2,0.58
12,62,2,0.24
12,63,2,0.29
12,64,2,0.92
12,71,2,0.87
12,75,2,0.04
12,78,2,0.52
12,12,1,0
12,16,1,0.94
12,24,1,0.99
12,38,1,0.94
12,57,1,0.92
12,58,1,0.72
12,60,1,0.79
12,73,1,0.56
12,75,1,0.41
12,93,1,0.75
13,13,20,0
13,14,20,0.29
13,20,20,0.53
13,24,20,0.14
13,37,20,0.0
13,61,20,0.13
13,62,20,0.14
13,64,20,0.76
13,65,20,0.52
13,83,20,0.75
13,95,20,0.69
13,12,2,0.64
13,13,2,0
13,18,2,0.33
13,20,2,0.43
13,35,2,0.96
13,49,2,0.91
13,62,2,0.59
13,63,2,0.86
13,64,2,0.39
13,71,2,0.34
13,75,2,0.35
13,78,2,0.64
14,5,30,0.64
14,7,30,0.21
14,8,30,0.33
14,14,30,0
14,31,30,0.13
14,57,30,0.92
14,72,30,0.23
14,85,30,0.06
14,90,30,0.72
14,98,30,0.08
14,13,20,0.09
14,14,20,0
14,20,20,0.87
14,24,20,0.15
14,37,20,0.88
14,61,20,0.76
14,62,20,0.31
14,64,20,0.01
14,65,20,0.95
14,83,20,0.96
14,95,20,0.29
14,0,38,0.7
14,2,38,0.89
14,4,38,0.04
14,12,38,0.24
14,14,38,0
14,21,38,0.54
14,31,38,0.85
14,40,38,0.91
14,60,38,0.33
14,64,38,0.7
14,84,38,0.4
14,14,37,0
14,28,37,0.64
14,48,37,0.46
14,55,37,0.51
14,67,37,0.52
14,72,37,0.25
14,78,37,0.49
14,88,37,0.98
14,91,37,0.52
15,15,29,0
15,34,29,0.42
15,38,29,0.55
15,54,29,0.05
15,91,29,0.2
15,15,19,0
15,36,19,0.46
15,40,19,0.86
15,52,19,0.7
15,72,19,0.45
15,74,19,0.58
15,77,19,0.41
15,79,19,0.69
15,88,19,0.47
15,15,17,0
15,28,17,0.05
15,29,17,0.11
15,40,17,1.0
15,55,17,0.88
16,12,1,0.6
16,16,1,0
16,24,1,0.13
16,38,1,0.41
16,57,1,0.61
16,58,1,0.79
16,60,1,0.5
16,73,1,0.52
16,75,1,0.25
16,93,1,0.5
16,16,10,0
16,26,10,0.13
16,31,10,0.85
16,55,10,0.11
16,59,10,0.68
16,67,10,0.17
16,77,10,0.94
16,81,10,0.33
16,85,10,0.31
16,96,10,0.8
16,5,14,0.21
16,11,14,0.15
16,16,14,0
16,18,14,0.64
16,27,14,0.37
16,29,14,0.54
16,31,14,0.7
16,45,14,0.02
16,71,14,0.11
16,90,14,0.02
16,91,14,0.99
17,17,26,0
17,23,26,0.78
17,49,26,0.13
17,52,26,0.32
17,56,26,0.39
17,57,26,0.36
17,58,26,0.87
17,75,26,0.24
17,76,26,0.86
17,78,26,0.3
17,98,26,0.3
17,2,4,0.21
17,17,4,0
17,26,4,0.7
17,34,4,0.12
17,69,4,0.36
17,81,4,0.99
17,93,4,0.53
17,17,21,0
17,38,21,0.53
17,40,21,0.5
17,41,21,0.52
17,50,21,0.3
17,56,21,0.13
17,60,21,0.7
17,62,21,0.03
17,81,21,0.87
17,89,21,0.26
18,5,14,0.35
18,11,14,0.5
18,16,14,0.73
18,18,14,0
18,27,14,0.6
18,29,14,0.55
18,31,14,0.76
18,45,14,0.94
18,71,14,0.32
18,90,14,0.04
18,91,14,0.23
18,12,2,0.53
18,13,2,0.83
18,18,2,0
18,20,2,0.54
18,35,2,0.52
18,49,2,0.8
18,62,2,0.6
18,63,2,0.08
18,64,2,0.52
18,71,2,0.21
18,75,2,0.61
18,78,2,0.73
19,19,27,0
19,30,27,0.83
19,32,27,0.53
19,39,27,0.25
19,51,27,0.21
19,73,27,0.03
19,92,27,0.67
19,19,34,0
19,21,34,0.14
19,27,34,0.58
19,71,34,0.01
19,73,34,0.31
19,76,34,0.93
19,84,34,0.9
19,19,35,0
19,27,35,0.33
19,51,35,0.35
19,52,35,0.64
19,56,35,0.74
19,68,35,0.99
19,69,35,0.04
19,77,35,0.49
20,8,3,0.38
20,20,3,0
20,44,3,0.13
20,49,3,0.82
20,56,3,0.78
20,89,3,0.39
20,13,20,0.84
20,14,20,0.38
20,20,20,0
20,24,20,0.94
20,37,20,0.4
20,61,20,0.95
20,62,20,0.91
20,64,20,0.46
20,65,20,0.86
20,83,20,0.17
20,95,20,0.23
20,12,2,0.83
20,13,2,0.19
20,18,2,0.48
20,20,2,0
20,35,2,0.65
20,49,2,0.06
20,62,2,0.46
20,63,2,0.58
20,64,2,0.83
20,71,2,0.6
20,75,2,0.82
20,78,2,0.01
21,19,34,0.16
21,21,34,0
21,27,34,0.87
21,71,34,0.95
21,73,34,0.23
21,76,34,0.01
21,84,34,0.98
21,0,38,0.2
21,2,38,0.91
21,4,38,0.15
21,12,38,0.5
21,14,38,0.06
21,21,38,0
21,31,38,0.36
21,40,38,0.07
21,60,38,0.34
21,64,38,0.86
21,84,38,0.99
22,5,23,0.24
22,22,23,0
22,36,23,0.34
22,59,23,0.73
22,68,23,0.31
22,76,23,0.89
22,90,23,0.36
22,96,23,0.45
22,4,12,0.24
22,6,12,0.64
22,7,12,0.66
22,11,12,0.69
22,22,12,0
22,25,12,0.95
22,57,12,0.77
22,85,12,0.44
22,94,12,0.68
22,4,39,0.67
22,6,39,0.51
22,22,39,0
22,23,39,0.55
22,30,39,0.18
22,67,39,0.05
22,70,39,0.09
23,17,26,0.2
23,23,26,0
23,49,26,0.05
23,52,26,0.19
23,56,26,0.76
23,57,26,0.63
23,58,26,0.77
23,75,26,0.17
23,76,26,0.76
23,78,26,0.07
23,98,26,0.06
23,23,5,0
23,37,5,0.81
23,39,5,0.38
23,46,5,0.6
23,54,5,0.16
23,66,5,0.32
23,96,5,0.48
23,4,39,0.82
23,6,39,0.45
23,22,39,0.7
23,23,39,0
23,30,39,0.42
23,67,39,0.8
23,70,39,0.64
23,12,15,0.1
23,23,15,0
23,33,15,0.03
23,46,15,0.83
24,13,20,0.06
24,14,20,0.51
24,20,20,0.14
24,24,20,0
24,37,20,0.68
24,61,20,0.11
24,62,20,0.07
24,64,20,0.59
24,65,20,0.73
24,83,20,0.17
24,95,20,0.83
24,12,1,0.67
24,16,1,0.34
24,24,1,0
24,38,1,0.45
24,57,1,0.74
24,58,1,0.78
24,60,1,0.15
24,73,1,0.87
24,75,1,0.16
24,93,1,0.43
25,4,12,0.17
25,6,12,0.12
25,7,12,0.5
25,11,12,0.86
25,22,12,0.59
25,25,12,0
25,57,12,0.58
25,85,12,0.83
25,94,12,0.91
25,7,16,0.09
25,10,16,0.03
25,25,16,0
25,69,16,0.91
25,70,16,0.52
25,85,16,0.99
25,86,16,0.23
26,2,4,0.87
26,17,4,0.64
26,26,4,0
26,34,4,0.3
26,69,4,0.51
26,81,4,0.36
26,93,4,0.21
26,16,10,0.88
26,26,10,0
26,31,10,0.78
26,55,10,0.33
26,59,10,0.45
26,67,10,0.63
26,77,10,0.83
26,81,10,0.96
26,85,10,0.72
26,96,10,0.88
27,19,34,0.71
27,21,34,0.45
27,27,34,0
27,71,34,0.74
27,73,34,0.75
27,76,34,0.66
27,84,34,0.84
27,19,35,0.76
27,27,35,0
27,51,35,0.64
27,52,35,0.34
27,56,35,0.57
27,68,35,0.61
27,69,35,0.05
27,77,35,0.78
27,5,14,0.31
27,11,14,0.16
27,16,14,0.61
27,18,14,0.48
27,27,14,0
27,29,14,0.95
27,31,14,0.71
27,45,14,0.37
27,71,14,0.59
27,90,14,0.67
27,91,14,0.41
27,27,24,0
27,37,24,0.97
27,73,24,0.88
27,80,24,0.07
27,94,24,0.37
28,15,17,0.16
28,28,17,0
28,29,17,0.54
28,40,17,0.35
28,55,17,0.23
28,14,37,0.26
28,28,37,0
28,48,37,0.28
28,55,37,0.62
28,67,37,0.74
28,72,37,0.65
28,78,37,0.76
28,88,37,0.55
28,91,37,0.38
29,5,14,0.96
29,11,14,0.7
29,16,14,0.74
29,18,14,0.79
29,27,14,0.46
29,29,14,0
29,31,14,0.19
29,45,14,0.65
29,71,14,0.07
29,90,14,0.14
29,91,14,0.39
29,15,17,0.84
29,28,17,0.93
29,29,17,0
29,40,17,0.12
29,55,17,0.64
29,0,28,0.3
29,29,28,0
29,35,28,0.09
29,58,28,0.31
29,67,28,0.06
29,74,28,0.77
29,82,28,0.66
29,86,28,0.38
29,97,28,0.49
30,19,27,0.94
30,30,27,0
30,32,27,0.15
30,39,27,0.84
30,51,27,0.96
30,73,27,0.39
30,92,27,0.68
30,1,11,0.12
30,3,11,0.4
30,30,11,0
30,38,11,0.23
30,42,11,0.61
30,50,11,0.18
30,60,11,0.53
30,62,11,0.0
30,87,11,0.43
30,4,39,0.6
30,6,39,0.48
30,22,39,0.32
30,23,39,0.89
30,30,39,0
30,67,39,0.17
30,70,39,0.36
30,30,8,0
30,35,8,0.14
30,44,8,0.75
30,46,8,0.62
30,65,8,0.12
30,84,8,0.18
30,91,8,0.75
30,97,8,0.9
31,0,38,0.7
31,2,38,0.03
31,4,38,0.76
31,12,38,0.29
31,14,38,0.23
31,21,38,0.83
31,31,38,0
31,40,38,0.28
31,60,38,0.44
31,64,38,0.83
31,84,38,0.32
31,5,30,0.14
31,7,30,0.31
31,8,30,0.53
31,14,30,0.06
31,31,30,0
31,57,30,0.1
31,72,30,0.81
31,85,30,0.6
31,90,30,0.95
31,98,30,0.34
31,16,10,0.62
31,26,10,0.03
31,31,10,0
31,55,10,0.15
31,59,10,0.49
31,67,10,0.2
31,77,10,0.55
31,81,10,0.9
31,85,10,0.94
31,96,10,0.48
31,5,14,0.5
31,11,14,0.9
31,16,14,0.62
31,18,14,0.95
31,27,14,0.49
31,29,14,0.97
31,31,14,0
31,45,14,0.4
31,71,14,0.92
31,90,14,0.55
31,91,14,0.93
32,5,22,0.85
32,7,22,0.31
32,8,22,0.27
32,9,22,0.03
32,32,22,0
32,50,22,0.31
32,92,22,0.77
32,19,27,0.53
32,30,27,0.42
32,32,27,0
32,39,27,0.94
32,51,27,0.18
32,73,27,0.69
32,92,27,0.74
33,12,15,1.0
33,23,15,0.06
33,33,15,0
33,46,15,0.11
33,1,25,0.64
33,33,25,0
33,42,25,0.9
33,43,25,0.1
33,80,25,0.62
33,82,25,0.39
34,15,29,0.89
34,34,29,0
34,38,29,0.61
34,54,29,0.09
34,91,29,0.89
34,2,4,0.64
34,17,4,0.97
34,26,4,0.33
34,34,4,0
34,69,4,0.7
34,81,4,0.37
34,93,4,0.72
34,3,7,0.58
34,34,7,0
34,74,7,0.87
34,78,7,0.67
34,80,7,0.22
34,94,7,0.02
34,10,31,0.17
34,34,31,0
34,45,31,0.55
34,47,31,0.2
34,51,31,0.62
34,79,31,0.64
34,93,31,0.77
35,8,6,0.16
35,35,6,0
35,46,6,0.82
35,53,6,0.57
35,61,6,0.04
35,63,6,0.53
35,83,6,0.17
35,30,8,0.18
35,35,8,0
35,44,8,0.07
35,46,8,0.28
35,65,8,0.91
35,84,8,0.99
35,91,8,0.36
35,97,8,0.14
35,0,28,0.98
35,29,28,0.29
35,35,28,0
35,58,28,0.94
35,67,28,0.92
35,74,28,0.13
35,82,28,0.05
35,86,28,0.55
35,97,28,0.6
35,12,2,0.47
35,13,2,0.42
35,18,2,0.59
35,20,2,0.59
35,35,2,0
35,49,2,0.83
35,62,2,0.93
35,63,2,0.41
35,64,2,0.76
35,71,2,0.98
35,75,2,0.71
35,78,2,0.69
36,36,36,0
36,41,36,0.48
36,47,36,0.2
36,84,36,0.82
36,99,36,0.7
36,15,19,0.59
36,36,19,0
36,40,19,0.97
36,52,19,0.36
36,72,19,0.53
36,74,19,0.74
36,77,19,0.52
36,79,19,0.88
36,88,19,0.28
36,5,23,0.89
36,22,23,0.01
36,36,23,0
36,59,23,0.34
36,68,23,0.44
36,76,23,0.97
36,90,23,0.51
36,96,23,0.57
37,4,13,0.26
37,37,13,0
37,71,13,0.73
37,74,13,0.26
37,94,13,0.43
37,95,13,0.72
37,99,13,0.79
37,13,20,0.67
37,14,20,0.29
37,20,20,0.76
37,24,20,0.02
37,37,20,0
37,61,20,0.29
37,62,20,0.56
37,64,20,0.14
37,65,20,0.24
37,83,20,0.52
37,95,20,0.5
37,27,24,0.46
37,37,24,0
37,73,24,0.52
37,80,24,0.84
37,94,24,0.56
37,23,5,0.96
37,37,5,0
37,39,5,0.95
37,46,5,0.91
37,54,5,0.62
37,66,5,0.2
37,96,5,0.16
38,17,21,0.02
38,38,21,0
38,40,21,0.42
38,41,21,0.61
38,50,21,0.21
38,56,21,0.6
38,60,21,0.81
38,62,21,0.46
38,81,21,0.36
38,89,21,0.44
38,12,1,0.46
38,16,1,0.21
38,24,1,0.86
38,38,1,0
38,57,1,0.86
38,58,1,0.58
38,60,1,0.87
38,73,1,0.44
38,75,1,0.3
38,93,1,0.7
38,15,29,0.2
38,34,29,0.43
38,38,29,0
38,54,29,0.09
38,91,29,0.79
38,1,11,0.02
38,3,11,0.27
38,30,11,0.9
38,38,11,0
38,42,11,0.84
38,50,11,0.98
38,60,11,0.86
38,62,11,0.02
38,87,11,0.82
39,23,5,0.82
39,37,5,0.77
39,39,5,0
39,46,5,0.37
39,54,5,0.25
39,66,5,0.6
39,96,5,0.78
39,19,27,0.98
39,30,27,0.04
39,32,27,0.92
39,39,27,0
39,51,27,0.75
39,73,27,0.37
39,92,27,0.41
40,17,21,0.44
40,38,21,0.7
40,40,21,0
40,41,21,0.69
40,50,21,0.73
40,56,21,0.19
40,60,21,0.91
40,62,21,0.85
40,81,21,0.45
40,89,21,0.88
40,15,19,0.93
40,36,19,0.85
40,40,19,0
40,52,19,0.31
40,72,19,0.23
40,74,19,0.48
40,77,19,0.07
40,79,19,0.2
40,88,19,0.35
40,15,17,0.81
40,28,17,0.65
40,29,17,0.6
40,40,17,0
40,55,17,0.55
40,0,38,0.07
40,2,38,0.31
40,4,38,0.6
40,12,38,0.71
40,14,38,0.35
40,21,38,0.03
40,31,38,0.85
40,40,38,0
40,60,38,0.24
40,64,38,0.19
40,84,38,0.57
41,36,36,0.94
41,41,36,0
41,47,36,0.78
41,84,36,0.5
41,99,36,0.75
41,41,32,0
41,42,32,0.45
41,52,32,0.55
41,65,32,0.18
41,68,32,0.73
41,93,32,0.14
41,95,32,0.33
41,17,21,0.28
41,38,21,0.64
41,40,21,0.65
41,41,21,0
41,50,21,0.72
41,56,21,0.97
41,60,21,0.66
41,62,21,0.99
41,81,21,0.83
41,89,21,0.24
42,41,32,0.59
42,42,32,0
42,52,32,0.49
42,65,32,0.96
42,68,32,0.17
42,93,32,0.54
42,95,32,0.51
42,1,25,0.93
42,33,25,0.57
42,42,25,0
42,43,25,0.66
42,80,25,0.35
42,82,25,0.2
42,1,11,0.91
42,3,11,0.52
42,30,11,0.1
42,38,11,0.61
42,42,11,0
42,50,11,0.25
42,60,11,0.07
42,62,11,0.46
42,87,11,0.71
43,43,33,0
43,47,33,0.4
43,48,33,0.01
43,59,33,0.54
43,64,33,0.76
43,66,33,0.2
43,95,33,0.18
43,1,25,0.34
43,33,25,0.15
43,42,25,0.93
43,43,25,0
43,80,25,0.47
43,82,25,0.08
44,8,3,0.11
44,20,3,0.95
44,44,3,0
44,49,3,0.78
44,56,3,0.87
44,89,3,0.65
44,30,8,0.77
44,35,8,0.33
44,44,8,0
44,46,8,0.46
44,65,8,0.47
44,84,8,0.6
44,91,8,0.25
44,97,8,0.54
45,5,14,0.27
45,11,14,0.29
45,16,14,0.16
45,18,14,0.35
45,27,14,0.15
45,29,14,0.49
45,31,14,0.31
45,45,14,0
45,71,14,0.66
45,90,14,0.67
45,91,14,0.28
45,10,31,0.48
45,34,31,0.55
45,45,31,0
45,47,31,1.0
45,51,31,0.24
45,79,31,0.22
45,93,31,0.92
46,12,15,0.52
46,23,15,0.42
46,33,15,0.36
46,46,15,0
46,23,5,0.46
46,37,5,0.27
46,39,5,0.39
46,46,5,0
46,54,5,0.48
46,66,5,0.2
46,96,5,0.12
46,30,8,0.88
46,35,8,0.51
46,44,8,0.62
46,46,8,0
46,65,8,0.34
46,84,8,0.12
46,91,8,0.48
46,97,8,0.91
46,8,6,0.91
46,35,6,0.63
46,46,6,0
46,53,6,0.63
46,61,6,0.67
46,63,6,0.18
46,83,6,0.27
47,36,36,0.81
47,41,36,0.75
47,47,36,0
47,84,36,0.15
47,99,36,0.93
47,43,33,0.54
47,47,33,0
47,48,33,0.55
47,59,33,0.49
47,64,33,0.83
47,66,33,0.18
47,95,33,0.77
47,10,31,0.68
47,34,31,0.15
47,45,31,0.97
47,47,31,0
47,51,31,0.96
47,79,31,0.37
47,93,31,0.46
48,14,37,0.19
48,28,37,0.21
48,48,37,0
48,55,37,0.88
48,67,37,0.49
48,72,37,1.0
48,78,37,0.94
48,88,37,0.32
48,91,37,0.3
48,43,33,0.75
48,47,33,0.25
48,48,33,0
48,59,33,0.34
48,64,33,0.99
48,66,33,0.66
48,95,33,0.21
49,8,3,0.08
49,20,3,0.67
49,44,3,0.92
49,49,3,0
49,56,3,0.18
49,89,3,0.47
49,12,2,0.9
49,13,2,0.65
49,18,2,0.34
49,20,2,0.32
49,35,2,1.0
49,49,2,0
49,62,2,0.26
49,63,2,0.85
49,64,2,0.14
49,71,2,0.43
49,75,2,0.73
49,78,2,0.53
49,17,26,0.24
49,23,26,0.88
49,49,26,0
49,52,26,0.58
49,56,26,0.88
49,57,26,0.12
49,58,26,0.4
49,75,26,0.87
49,76,26,0.16
49,78,26,0.7
49,98,26,0.34
50,5,22,0.89
50,7,22,0.2
50,8,22,0.3
50,9,22,0.07
50,32,22,0.75
50,50,22,0
50,92,22,0.78
50,1,11,0.77
50,3,11,0.17
50,30,11,0.86
50,38,11,0.97
50,42,11,0.68
50,50,11,0
50,60,11,0.05
50,62,11,0.37
50,87,11,0.99
50,17,21,0.65
50,38,21,0.12
50,40,21,0.44
50,41,21,0.15
50,50,21,0
50,56,21,0.13
50,60,21,0.25
50,62,21,0.98
50,81,21,0.54
50,89,21,0.22
51,10,31,0.71
51,34,31,0.45
51,45,31,0.34
51,47,31,0.25
51,51,31,0
51,79,31,0.32
51,93,31,0.13
51,19,27,0.01
51,30,27,0.81
51,32,27,0.77
51,39,27,0.87
51,51,27,0
51,73,27,0.5
51,92,27,0.69
51,19,35,0.75
51,27,35,0.49
51,51,35,0
51,52,35,0.52
51,56,35,0.36
51,68,35,0.69
51,69,35,0.36
51,77,35,0.08
52,17,26,0.41
52,23,26,0.07
52,49,26,0.75
52,52,26,0
52,56,26,0.85
52,57,26,0.41
52,58,26,0.99
52,75,26,0.09
52,76,26,0.17
52,78,26,0.14
52,98,26,0.34
52,19,35,0.34
52,27,35,0.09
52,51,35,0.34
52,52,35,0
52,56,35,0.55
52,68,35,0.44
52,69,35,0.6
52,77,35,0.28
52,41,32,0.05
52,42,32,0.25
52,52,32,0
52,65,32,0.47
52,68,32,0.8
52,93,32,0.93
52,95,32,0.38
52,15,19,0.56
52,36,19,0.76
52,40,19,0.96
52,52,19,0
52,72,19,0.74
52,74,19,0.96
52,77,19,0.54
52,79,19,0.21
52,88,19,0.26
53,2,18,0.69
53,53,18,0
53,59,18,0.43
53,65,18,0.56
53,83,18,0.78
53,8,6,0.77
53,35,6,0.05
53,46,6,0.94
53,53,6,0
53,61,6,0.25
53,63,6,0.92
53,83,6,0.38
54,23,5,0.24
54,37,5,0.33
54,39,5,0.91
54,46,5,0.7
54,54,5,0
54,66,5,0.74
54,96,5,0.89
54,15,29,0.15
54,34,29,0.86
54,38,29,0.38
54,54,29,0
54,91,29,0.72
55,15,17,0.03
55,28,17,0.69
55,29,17,0.32
55,40,17,0.46
55,55,17,0
55,55,9,0
55,70,9,0.24
55,77,9,0.37
55,87,9,0.53
55,16,10,0.78
55,26,10,0.38
55,31,10,0.02
55,55,10,0
55,59,10,0.23
55,67,10,0.55
55,77,10,0.43
55,81,10,0.33
55,85,10,0.44
55,96,10,0.78
55,14,37,0.8
55,28,37,0.4
55,48,37,0.89
55,55,37,0
55,67,37,0.96
55,72,37,0.52
55,78,37,0.7
55,88,37,0.58
55,91,37,0.28
56,8,3,0.02
56,20,3,0.74
56,44,3,0.85
56,49,3,0.69
56,56,3,0
56,89,3,0.24
56,17,26,0.5
56,23,26,0.02
56,49,26,0.19
56,52,26,0.36
56,56,26,0
56,57,26,0.06
56,58,26,0.79
56,75,26,0.29
56,76,26,0.95
56,78,26,0.27
56,98,26,0.23
56,19,35,0.97
56,27,35,0.32
56,51,35,0.79
56,52,35,0.01
56,56,35,0
56,68,35,0.2
56,69,35,0.47
56,77,35,0.66
56,17,21,0.19
56,38,21,0.45
56,40,21,0.33
56,41,21,0.66
56,50,21,0.44
56,56,21,0
56,60,21,0.07
56,62,21,0.44
56,81,21,0.66
56,89,21,0.16
57,5,30,0.2
57,7,30,0.57
57,8,30,0.37
57,14,30,0.46
57,31,30,0.98
57,57,30,0
57,72,30,0.0
57,85,30,0.94
57,90,30,0.62
57,98,30,0.56
57,12,1,0.59
57,16,1,0.1
57,24,1,0.16
57,38,1,0.86
57,57,1,0
57,58,1,0.05
57,60,1,0.4
57,73,1,0.99
57,75,1,0.46
57,93,1,0.96
57,17,26,0.67
57,23,26,0.29
57,49,26,0.53
57,52,26,0.57
57,56,26,0.0
57,57,26,0
57,58,26,0.3
57,75,26,0.91
57,76,26,0.99
57,78,26,0.56
57,98,26,0.95
57,4,12,0.29
57,6,12,0.74
57,7,12,0.25
57,11,12,0.5
57,22,12,0.13
57,25,12,0.16
57,57,12,0
57,85,12,0.59
57,94,12,0.07
58,0,28,0.3
58,29,28,0.53
58,35,28,0.79
58,58,28,0
58,67,28,0.34
58,74,28,0.84
58,82,28,0.04
58,86,28,0.17
58,97,28,0.15
58,12,1,0.18
58,16,1,0.28
58,24,1,0.64
58,38,1,0.56
58,57,1,0.89
58,58,1,0
58,60,1,0.01
58,73,1,0.29
58,75,1,0.62
58,93,1,0.48
58,17,26,0.81
58,23,26,0.66
58,49,26,0.98
58,52,26,0.68
58,56,26,0.07
58,57,26,0.21
58,58,26,0
58,75,26,0.88
58,76,26,0.42
58,78,26,0.81
58,98,26,0.3
59,5,23,0.9
59,22,23,0.19
59,36,23,0.35
59,59,23,0
59,68,23,0.63
59,76,23,0.05
59,90,23,0.65
59,96,23,0.75
59,16,10,0.23
59,26,10,0.91
59,31,10,0.15
59,55,10,0.57
59,59,10,0
59,67,10,0.09
59,77,10,0.92
59,81,10,0.92
59,85,10,0.65
59,96,10,0.47
59,43,33,0.23
59,47,33,0.97
59,48,33,0.22
59,59,33,0
59,64,33,0.16
59,66,33,0.56
59,95,33,0.73
59,2,18,0.51
59,53,18,0.58
59,59,18,0
59,65,18,0.86
59,83,18,0.04
60,17,21,0.22
60,38,21,0.49
60,40,21,0.75
60,41,21,0.89
60,50,21,0.77
60,56,21,0.14
60,60,21,0
60,62,21,0.9
60,81,21,0.07
60,89,21,0.26
60,1,11,0.16
60,3,11,0.7
60,30,11,0.71
60,38,11,0.1
60,42,11,0.01
60,50,11,0.19
60,60,11,0
60,62,11,0.4
60,87,11,0.84
60,12,1,0.43
60,16,1,0.22
60,24,1,0.24
60,38,1,0.35
60,57,1,0.23
60,58,1,0.07
60,60,1,0
60,73,1,0.21
60,75,1,0.33
60,93,1,0.9
60,0,38,0.33
60,2,38,0.18
60,4,38,0.46
60,12,38,0.64
60,14,38,0.08
60,21,38,0.81
60,31,38,0.09
60,40,38,0.05
60,60,38,0
60,64,38,0.72
60,84,38,0.47
61,13,20,0.53
61,14,20,0.39
61,20,20,0.14
61,24,20,0.22
61,37,20,0.94
61,61,20,0
61,62,20,0.72
61,64,20,0.22
61,65,20,0.45
61,83,20,0.9
61,95,20,0.87
61,8,6,0.22
61,35,6,0.19
61,46,6,0.46
61,53,6,0.21
61,61,6,0
61,63,6,0.28
61,83,6,0.72
62,1,11,0.92
62,3,11,0.7
62,30,11,0.77
62,38,11,0.2
62,42,11,0.75
62,50,11,0.23
62,60,11,0.4
62,62,11,0
62,87,11,0.2
62,13,20,0.32
62,14,20,0.97
62,20,20,0.21
62,24,20,0.25
62,37,20,0.43
62,61,20,0.48
62,62,20,0
62,64,20,0.9
62,65,20,0.88
62,83,20,0.35
62,95,20,0.6
62,17,21,0.67
62,38,21,0.13
62,40,21,0.43
62,41,21,0.15
62,50,21,0.23
62,56,21,0.77
62,60,21,0.09
62,62,21,0
62,81,21,0.08
62,89,21,0.41
62,12,2,0.95
62,13,2,0.58
62,18,2,0.66
62,20,2,0.92
62,35,2,0.88
62,49,2,0.63
62,62,2,0
62,63,2,0.03
62,64,2,0.98
62,71,2,0.75
62,75,2,0.86
62,78,2,0.16
63,12,2,0.72
63,13,2,0.97
63,18,2,0.38
63,20,2,0.59
63,35,2,0.17
63,49,2,0.61
63,62,2,0.87
63,63,2,0
63,64,2,0.87
63,71,2,0.19
63,75,2,0.99
63,78,2,0.93
63,8,6,0.78
63,35,6,0.03
63,46,6,0.15
63,53,6,0.01
63,61,6,0.44
63,63,6,0
63,83,6,0.98
64,13,20,0.01
64,14,20,0.45
64,20,20,0.01
64,24,20,0.38
64,37,20,0.74
64,61,20,0.78
64,62,20,0.44
64,64,20,0
64,65,20,0.45
64,83,20,0.21
64,95,20,0.4
64,0,38,0.6
64,2,38,0.56
64,4,38,0.73
64,12,38,0.22
64,14,38,0.18
64,21,38,0.03
64,31,38,0.32
64,40,38,0.85
64,60,38,0.33
64,64,38,0
64,84,38,0.89
64,43,33,0.18
64,47,33,0.27
64,48,33,0.73
64,59,33,0.87
64,64,33,0
64,66,33,0.32
64,95,33,0.24
64,12,2,0.08
64,13,2,0.76
64,18,2,0.07
64,20,2,0.6
64,35,2,0.19
64,49,2,0.24
64,62,2,0.88
64,63,2,0.75
64,64,2,0
64,71,2,0.83
64,75,2,0.73
64,78,2,0.78
65,13,20,0.62
65,14,20,0.49
65,20,20,0.66
65,24,20,0.03
65,37,20,0.37
65,61,20,0.93
65,62,20,0.35
65,64,20,0.85
65,65,20,0
65,83,20,0.25
65,95,20,0.63
65,30,8,0.27
65,35,8,0.23
65,44,8,0.55
65,46,8,0.72
65,65,8,0
65,84,8,0.1
65,91,8,0.95
65,97,8,0.17
65,2,18,0.03
65,53,18,0.72
65,59,18,0.62
65,65,18,0
65,83,18,0.06
65,41,32,0.82
65,42,32,0.85
65,52,32,0.6
65,65,32,0
65,68,32,0.87
65,93,32,0.9
65,95,32,0.97
66,43,33,0.71
66,47,33,0.25
66,48,33,0.43
66,59,33,0.51
66,64,33,0.86
66,66,33,0
66,95,33,0.36
66,23,5,0.28
66,37,5,0.56
66,39,5,0.65
66,46,5,0.54
66,54,5,0.98
66,66,5,0
66,96,5,0.1
67,4,39,0.77
67,6,39,0.52
67,22,39,0.24
67,23,39,0.72
67,30,39,0.75
67,67,39,0
67,70,39,0.28
67,16,10,0.91
67,26,10,0.08
67,31,10,0.92
67,55,10,0.52
67,59,10,0.76
67,67,10,0
67,77,10,0.64
67,81,10,0.66
67,85,10,0.88
67,96,10,0.15
67,0,28,0.91
67,29,28,0.8
67,35,28,0.05
67,58,28,0.25
67,67,28,0
67,74,28,0.33
67,82,28,0.27
67,86,28,0.21
67,97,28,0.67
67,14,37,0.1
67,28,37,0.46
67,48,37,0.11
67,55,37,0.24
67,67,37,0
67,72,37,0.36
67,78,37,0.63
67,88,37,0.05
67,91,37,0.56
68,19,35,0.06
68,27,35,0.06
68,51,35,0.11
68,52,35,0.66
68,56,35,0.11
68,68,35,0
68,69,35,0.18
68,77,35,0.7
68,5,23,0.07
68,22,23,0.93
68,36,23,0.97
68,59,23,0.91
68,68,23,0
68,76,23,0.17
68,90,23,0.61
68,96,23,0.98
68,41,32,0.37
68,42,32,0.87
68,52,32,0.34
68,65,32,0.23
68,68,32,0
68,93,32,0.51
68,95,32,0.07
69,7,16,0.5
69,10,16,0.09
69,25,16,0.4
69,69,16,0
69,70,16,0.78
69,85,16,0.26
69,86,16,0.7
69,2,4,0.79
69,17,4,0.1
69,26,4,0.91
69,34,4,0.5
69,69,4,0
69,81,4,0.06
69,93,4,0.24
69,19,35,0.89
69,27,35,0.63
69,51,35,0.53
69,52,35,0.43
69,56,35,0.22
69,68,35,0.54
69,69,35,0
69,77,35,0.1
70,55,9,0.87
70,70,9,0
70,77,9,0.99
70,87,9,0.46
70,4,39,0.08
70,6,39,0.82
70,22,39,0.26
70,23,39,0.71
70,30,39,0.27
70,67,39,1.0
70,70,39,0
70,7,16,0.86
70,10,16,0.86
70,25,16,0.27
70,69,16,0.74
70,70,16,0
70,85,16,0.0
70,86,16,0.46
71,19,34,0.92
71,21,34,0.13
71,27,34,0.91
71,71,34,0
71,73,34,0.45
71,76,34,0.54
71,84,34,0.21
71,5,14,0.03
71,11,14,0.71
71,16,14,0.23
71,18,14,0.13
71,27,14,0.01
71,29,14,0.29
71,31,14,0.24
71,45,14,0.16
71,71,14,0
71,90,14,0.2
71,91,14,0.14
71,12,2,0.33
71,13,2,0.94
71,18,2,0.5
71,20,2,0.57
71,35,2,0.95
71,49,2,0.85
71,62,2,0.61
71,63,2,0.29
71,64,2,0.5
71,71,2,0
71,75,2,0.33
71,78,2,0.2
71,4,13,0.95
71,37,13,0.95
71,71,13,0
71,74,13,0.25
71,94,13,0.36
71,95,13,0.0
71,99,13,0.43
72,14,37,0.69
72,28,37,0.79
72,48,37,0.9
72,55,37,0.69
72,67,37,0.1
72,72,37,0
72,78,37,0.74
72,88,37,0.41
72,91,37,1.0
72,5,30,0.26
72,7,30,0.03
72,8,30,0.37
72,14,30,0.33
72,31,30,0.23
72,57,30,0.33
72,72,30,0
72,85,30,0.66
72,90,30,0.2
72,98,30,0.07
72,15,19,0.19
72,36,19,0.94
72,40,19,0.97
72,52,19,0.08
72,72,19,0
72,74,19,0.63
72,77,19,0.88
72,79,19,0.21
72,88,19,0.69
73,19,27,0.71
73,30,27,0.83
73,32,27,0.96
73,39,27,0.01
73,51,27,0.0
73,73,27,0
73,92,27,0.71
73,12,1,0.76
73,16,1,0.17
73,24,1,0.27
73,38,1,0.23
73,57,1,0.53
73,58,1,0.49
73,60,1,0.9
73,73,1,0
73,75,1,0.27
73,93,1,0.54
73,19,34,0.04
73,21,34,0.52
73,27,34,0.62
73,71,34,0.81
73,73,34,0
73,76,34,0.05
73,84,34,0.9
73,27,24,0.62
73,37,24,0.8
73,73,24,0
73,80,24,0.8
73,94,24,0.7
74,4,13,0.58
74,37,13,0.05
74,71,13,0.98
74,74,13,0
74,94,13,0.9
74,95,13,0.15
74,99,13,0.9
74,0,28,0.62
74,29,28,0.45
74,35,28,0.27
74,58,28,0.86
74,67,28,0.61
74,74,28,0
74,82,28,0.87
74,86,28,0.42
74,97,28,0.21
74,3,7,0.47
74,34,7,0.55
74,74,7,0
74,78,7,0.96
74,80,7,0.36
74,94,7,0.84
74,15,19,0.56
74,36,19,0.53
74,40,19,0.82
74,52,19,0.26
74,72,19,0.72
74,74,19,0
74,77,19,0.94
74,79,19,0.99
74,88,19,0.2
75,12,1,0.32
75,16,1,0.11
75,24,1,0.3
75,38,1,0.93
75,57,1,0.43
75,58,1,0.99
75,60,1,0.39
75,73,1,0.06
75,75,1,0
75,93,1,0.07
75,12,2,0.71
75,13,2,0.17
75,18,2,0.1
75,20,2,0.82
75,35,2,0.12
75,49,2,0.38
75,62,2,0.37
75,63,2,0.48
75,64,2,0.82
75,71,2,0.61
75,75,2,0
75,78,2,0.47
75,17,26,0.25
75,23,26,0.56
75,49,26,0.91
75,52,26,0.58
75,56,26,0.36
75,57,26,0.5
75,58,26,0.79
75,75,26,0
75,76,26,0.65
75,78,26,0.22
75,98,26,0.69
76,17,26,0.95
76,23,26,0.88
76,49,26,0.79
76,52,26,0.56
76,56,26,0.96
76,57,26,0.22
76,58,26,0.21
76,75,26,0.56
76,76,26,0
76,78,26,0.79
76,98,26,0.55
76,19,34,0.65
76,21,34,0.59
76,27,34,0.59
76,71,34,0.84
76,73,34,0.93
76,76,34,0
76,84,34,0.34
76,5,23,0.3
76,22,23,0.08
76,36,23,0.97
76,59,23,0.36
76,68,23,0.31
76,76,23,0
76,90,23,0.63
76,96,23,0.7
77,16,10,0.21
77,26,10,0.99
77,31,10,0.56
77,55,10,0.39
77,59,10,0.1
77,67,10,0.53
77,77,10,0
77,81,10,0.63
77,85,10,0.6
77,96,10,0.21
77,55,9,0.81
77,70,9,0.69
77,77,9,0
77,87,9,0.14
77,15,19,0.19
77,36,19,0.82
77,40,19,0.98
77,52,19,0.63
77,72,19,0.95
77,74,19,0.71
77,77,19,0
77,79,19,0.61
77,88,19,0.1
77,19,35,0.01
77,27,35,0.79
77,51,35,0.19
77,52,35,0.83
77,56,35,0.3
77,68,35,0.78
77,69,35,0.85
77,77,35,0
78,12,2,0.31
78,13,2,0.57
78,18,2,0.5
78,20,2,0.4
78,35,2,0.42
78,49,2,0.62
78,62,2,0.12
78,63,2,0.33
78,64,2,0.9
78,71,2,0.9
78,75,2,0.71
78,78,2,0
78,14,37,0.93
78,28,37,0.37
78,48,37,0.15
78,55,37,0.16
78,67,37,0.3
78,72,37,0.09
78,78,37,0
78,88,37,0.48
78,91,37,0.56
78,17,26,0.38
78,23,26,0.02
78,49,26,0.23
78,52,26,0.15
78,56,26,0.54
78,57,26,0.04
78,58,26,0.69
78,75,26,0.9
78,76,26,0.12
78,78,26,0
78,98,26,0.64
78,3,7,0.21
78,34,7,0.4
78,74,7,0.09
78,78,7,0
78,80,7,0.42
78,94,7,0.58
79,10,31,0.11
79,34,31,0.87
79,45,31,0.46
79,47,31,0.65
79,51,31,0.42
79,79,31,0
79,93,31,0.14
79,15,19,0.9
79,36,19,0.18
79,40,19,0.36
79,52,19,0.46
79,72,19,0.99
79,74,19,0.69
79,77,19,0.37
79,79,19,0
79,88,19,0.61
80,1,25,0.89
80,33,25,0.9
80,42,25,0.24
80,43,25,0.85
80,80,25,0
80,82,25,0.22
80,3,7,0.21
80,34,7,0.01
80,74,7,0.44
80,78,7,0.13
80,80,7,0
80,94,7,0.51
80,27,24,0.03
80,37,24,0.64
80,73,24,0.25
80,80,24,0
80,94,24,0.36
81,16,10,0.84
81,26,10,0.24
81,31,10,0.2
81,55,10,0.51
81,59,10,0.44
81,67,10,0.81
81,77,10,0.1
81,81,10,0
81,85,10,0.77
81,96,10,0.49
81,17,21,0.49
81,38,21,0.35
81,40,21,0.48
81,41,21,0.71
81,50,21,0.18
81,56,21,0.32
81,60,21,0.83
81,62,21,0.43
81,81,21,0
81,89,21,0.9
81,2,4,0.14
81,17,4,0.54
81,26,4,0.33
81,34,4,0.32
81,69,4,0.14
81,81,4,0
81,93,4,0.1
82,1,25,0.52
82,33,25,0.19
82,42,25,0.75
82,43,25,0.35
82,80,25,0.23
82,82,25,0
82,0,28,0.43
82,29,28,0.78
82,35,28,0.82
82,58,28,0.76
82,67,28,0.16
82,74,28,0.11
82,82,28,0
82,86,28,0.52
82,97,28,0.57
83,13,20,0.23
83,14,20,0.51
83,20,20,0.23
83,24,20,0.97
83,37,20,0.91
83,61,20,0.66
83,62,20,0.28
83,64,20,0.64
83,65,20,0.1
83,83,20,0
83,95,20,0.44
83,2,18,0.27
83,53,18,0.66
83,59,18,0.39
83,65,18,0.81
83,83,18,0
83,8,6,0.32
83,35,6,0.92
83,46,6,0.05
83,53,6,0.97
83,61,6,0.28
83,63,6,0.58
83,83,6,0
84,36,36,0.67
84,41,36,0.92
84,47,36,0.27
84,84,36,0
84,99,36,0.37
84,0,38,0.91
84,2,38,0.62
84,4,38,0.76
84,12,38,0.75
84,14,38,0.5
84,21,38,0.74
84,31,38,0.5
84,40,38,0.85
84,60,38,0.62
84,64,38,0.04
84,84,38,0
84,19,34,0.33
84,21,34,0.1
84,27,34,0.46
84,71,34,0.17
84,73,34,0.91
84,76,34,0.37
84,84,34,0
84,30,8,0.4
84,35,8,0.62
84,44,8,0.92
84,46,8,0.08
84,65,8,0.37
84,84,8,0
84,91,8,0.24
84,97,8,0.62
85,5,30,0.8
85,7,30,0.06
85,8,30,0.87
85,14,30,0.15
85,31,30,0.19
85,57,30,0.44
85,72,30,0.76
85,85,30,0
85,90,30,0.24
85,98,30,0.34
85,16,10,0.78
85,26,10,0.08
85,31,10,0.39
85,55,10,0.99
85,59,10,0.74
85,67,10,0.31
85,77,10,0.85
85,81,10,0.23
85,85,10,0
85,96,10,0.24
85,4,12,0.36
85,6,12,0.92
85,7,12,0.92
85,11,12,0.59
85,22,12,0.8
85,25,12,0.35
85,57,12,0.36
85,85,12,0
85,94,12,0.46
85,7,16,0.92
85,10,16,0.04
85,25,16,0.09
85,69,16,0.25
85,70,16,0.44
85,85,16,0
85,86,16,0.91
86,7,16,0.58
86,10,16,0.52
86,25,16,0.41
86,69,16,0.2
86,70,16,0.65
86,85,16,0.84
86,86,16,0
86,2,0,0.32
86,9,0,0.25
86,86,0,0
86,98,0,0.13
86,0,28,0.78
86,29,28,0.39
86,35,28,0.43
86,58,28,0.14
86,67,28,0.62
86,74,28,0.93
86,82,28,0.1
86,86,28,0
86,97,28,0.67
87,1,11,0.98
87,3,11,0.38
87,30,11,0.76
87,38,11,0.45
87,42,11,0.45
87,50,11,0.13
87,60,11,0.75
87,62,11,0.22
87,87,11,0
87,55,9,0.57
87,70,9,0.37
87,77,9,0.55
87,87,9,0
88,15,19,0.63
88,36,19,0.78
88,40,19,0.72
88,52,19,0.82
88,72,19,0.72
88,74,19,0.79
88,77,19,0.7
88,79,19,0.89
88,88,19,0
88,14,37,0.3
88,28,37,0.04
88,48,37,0.13
88,55,37,0.16
88,67,37,0.85
88,72,37,0.02
88,78,37,0.55
88,88,37,0
88,91,37,0.27
89,17,21,0.72
89,38,21,0.14
89,40,21,0.47
89,41,21,0.62
89,50,21,0.97
89,56,21,0.79
89,60,21,0.84
89,62,21,0.17
89,81,21,0.03
89,89,21,0
89,8,3,0.77
89,20,3,0.12
89,44,3,0.76
89,49,3,0.54
89,56,3,0.17
89,89,3,0
90,5,23,0.28
90,22,23,0.98
90,36,23,0.49
90,59,23,0.32
90,68,23,0.5
90,76,23,0.79
90,90,23,0
90,96,23,0.41
90,5,14,0.28
90,11,14,0.22
90,16,14,0.69
90,18,14,0.32
90,27,14,0.82
90,29,14,0.14
90,31,14,0.95
90,45,14,0.0
90,71,14,0.85
90,90,14,0
90,91,14,0.55
90,5,30,0.35
90,7,30,0.67
90,8,30,0.84
90,14,30,0.87
90,31,30,0.1
90,57,30,0.24
90,72,30,0.94
90,85,30,0.61
90,90,30,0
90,98,30,0.42
91,14,37,0.73
91,28,37,0.84
91,48,37,0.16
91,55,37,0.76
91,67,37,0.95
91,72,37,0.74
91,78,37,0.52
91,88,37,0.98
91,91,37,0
91,30,8,0.98
91,35,8,0.91
91,44,8,0.55
91,46,8,0.9
91,65,8,0.74
91,84,8,0.78
91,91,8,0
91,97,8,0.37
91,5,14,0.53
91,11,14,0.31
91,16,14,0.12
91,18,14,0.4
91,27,14,0.22
91,29,14,0.84
91,31,14,0.57
91,45,14,0.85
91,71,14,0.14
91,90,14,0.62
91,91,14,0
91,15,29,0.6
91,34,29,0.34
91,38,29,0.12
91,54,29,0.26
91,91,29,0
92,19,27,0.68
92,30,27,0.86
92,32,27,0.17
92,39,27,0.96
92,51,27,0.08
92,73,27,0.55
92,92,27,0
92,5,22,0.01
92,7,22,0.39
92,8,22,0.47
92,9,22,0.98
92,32,22,0.16
92,50,22,0.02
92,92,22,0
93,10,31,0.6
93,34,31,0.97
93,45,31,0.76
93,47,31,0.98
93,51,31,0.67
93,79,31,0.14
93,93,31,0
93,12,1,0.59
93,16,1,0.85
93,24,1,0.34
93,38,1,0.02
93,57,1,0.56
93,58,1,0.82
93,60,1,0.48
93,73,1,0.05
93,75,1,0.38
93,93,1,0
93,2,4,0.08
93,17,4,0.75
93,26,4,0.38
93,34,4,0.48
93,69,4,0.28
93,81,4,0.69
93,93,4,0
93,41,32,0.18
93,42,32,0.62
93,52,32,0.09
93,65,32,0.72
93,68,32,0.47
93,93,32,0
93,95,32,0.35
94,3,7,0.0
94,34,7,0.28
94,74,7,0.96
94,78,7,0.36
94,80,7,0.53
94,94,7,0
94,4,12,0.83
94,6,12,0.99
94,7,12,0.6
94,11,12,0.59
94,22,12,0.72
94,25,12,0.76
94,57,12,0.74
94,85,12,0.4
94,94,12,0
94,27,24,0.91
94,37,24,0.59
94,73,24,0.61
94,80,24,0.65
94,94,24,0
94,4,13,0.4
94,37,13,0.22
94,71,13,0.92
94,74,13,0.71
94,94,13,0
94,95,13,0.79
94,99,13,0.11
95,13,20,0.72
95,14,20,0.28
95,20,20,0.25
95,24,20,0.38
95,37,20,0.3
95,61,20,0.8
95,62,20,0.91
95,64,20,0.2
95,65,20,0.55
95,83,20,0.72
95,95,20,0
95,43,33,0.16
95,47,33,0.31
95,48,33,0.86
95,59,33,0.85
95,64,33,0.16
95,66,33,0.4
95,95,33,0
95,4,13,0.93
95,37,13,0.89
95,71,13,0.44
95,74,13,0.38
95,94,13,0.01
95,95,13,0
95,99,13,0.92
95,41,32,0.07
95,42,32,0.98
95,52,32,0.07
95,65,32,0.29
95,68,32,0.49
95,93,32,0.49
95,95,32,0
96,23,5,0.06
96,37,5,0.48
96,39,5,0.05
96,46,5,0.23
96,54,5,0.8
96,66,5,0.58
96,96,5,0
96,16,10,0.45
96,26,10,0.59
96,31,10,0.5
96,55,10,0.56
96,59,10,0.17
96,67,10,0.42
96,77,10,0.43
96,81,10,0.74
96,85,10,0.46
96,96,10,0
96,5,23,0.33
96,22,23,0.37
96,36,23,0.28
96,59,23,0.78
96,68,23,0.65
96,76,23,0.98
96,90,23,0.79
96,96,23,0
97,0,28,0.12
97,29,28,0.1
97,35,28,0.5
97,58,28,0.95
97,67,28,0.94
97,74,28,0.57
97,82,28,0.95
97,86,28,0.65
97,97,28,0
97,30,8,0.8
97,35,8,0.48
97,44,8,0.79
97,46,8,0.87
97,65,8,0.65
97,84,8,0.29
97,91,8,0.9
97,97,8,0
98,17,26,0.09
98,23,26,0.65
98,49,26,0.72
98,52,26,0.83
98,56,26,0.47
98,57,26,0.75
98,58,26,0.25
98,75,26,0.83
98,76,26,0.31
98,78,26,0.48
98,98,26,0
98,2,0,0.73
98,9,0,0.59
98,86,0,0.1
98,98,0,0
98,5,30,0.96
98,7,30,0.32
98,8,30,0.84
98,14,30,0.24
98,31,30,0.88
98,57,30,0.79
98,72,30,0.18
98,85,30,0.74
98,90,30,0.53
98,98,30,0
99,36,36,0.76
99,41,36,0.62
99,47,36,0.65
99,84,36,0.76
99,99,36,0
99,4,13,0.69
99,37,13,0.52
99,71,13,0.95
99,74,13,0.3
99,94,13,0.97
99,95,13,0.89
99,99,13,0