M,100,P,30,Q,100000,targetS,0.1,targetW,0.1

Resources name, resource id, current workload and max workload
R_0,0,0.77,1
R_1,1,0.7,1
R_2,2,0.79,1
R_3,3,0.79,1
R_4,4,0.64,1
R_5,5,0.63,1
R_6,6,0.68,1
R_7,7,0.65,1
R_8,8,0.65,1
R_9,9,0.68,1
R_10,10,0.8,1
R_11,11,0.64,1
R_12,12,0.66,1
R_13,13,0.7,1
R_14,14,0.6,1
R_15,15,0.69,1
R_16,16,0.67,1
R_17,17,0.67,1
R_18,18,0.72,1
R_19,19,0.62,1
R_20,20,0.74,1
R_21,21,0.76,1
R_22,22,0.63,1
R_23,23,0.8,1
R_24,24,0.75,1
R_25,25,0.65,1
R_26,26,0.65,1
R_27,27,0.76,1
R_28,28,0.68,1
R_29,29,0.66,1
R_30,30,0.63,1
R_31,31,0.68,1
R_32,32,0.66,1
R_33,33,0.63,1
R_34,34,0.61,1
R_35,35,0.7,1
R_36,36,0.8,1
R_37,37,0.7,1
R_38,38,0.72,1
R_39,39,0.62,1
R_40,40,0.67,1
R_41,41,0.67,1
R_42,42,0.62,1
R_43,43,0.63,1
R_44,44,0.66,1
R_45,45,0.68,1
R_46,46,0.76,1
R_47,47,0.63,1
R_48,48,0.68,1
R_49,49,0.63,1
R_50,50,0.61,1
R_51,51,0.74,1
R_52,52,0.72,1
R_53,53,0.78,1
R_54,54,0.68,1
R_55,55,0.65,1
R_56,56,0.78,1
R_57,57,0.77,1
R_58,58,0.78,1
R_59,59,0.78,1
R_60,60,0.67,1
R_61,61,0.61,1
R_62,62,0.78,1
R_63,63,0.61,1
R_64,64,0.78,1
R_65,65,0.62,1
R_66,66,0.68,1
R_67,67,0.72,1
R_68,68,0.64,1
R_69,69,0.75,1
R_70,70,0.78,1
R_71,71,0.65,1
R_72,72,0.77,1
R_73,73,0.79,1
R_74,74,0.7,1
R_75,75,0.75,1
R_76,76,0.65,1
R_77,77,0.6,1
R_78,78,0.65,1
R_79,79,0.78,1
R_80,80,0.75,1
R_81,81,0.62,1
R_82,82,0.78,1
R_83,83,0.71,1
R_84,84,0.67,1
R_85,85,0.7,1
R_86,86,0.61,1
R_87,87,0.62,1
R_88,88,0.61,1
R_89,89,0.62,1
R_90,90,0.78,1
R_91,91,0.73,1
R_92,92,0.8,1
R_93,93,0.63,1
R_94,94,0.78,1
R_95,95,0.68,1
R_96,96,0.61,1
R_97,97,0.63,1
R_98,98,0.69,1
R_99,99,0.63,1

Activities name, activity id, lambda, stress, resource id, priority, rifiutato
act_24,24,0.11,0.95,0,156,0
act_24,24,0.11,0.95,0,48,0
act_0,0,0.15,0.26,1,305,0
act_31,31,0.1,0.41,1,52,0
act_20,20,0.07,0.55,2,374,0
act_20,20,0.07,0.55,2,105,0
act_35,35,0.02,0.17,3,352,0
act_5,5,0.1,0.78,3,89,1
act_20,20,0.07,0.55,3,366,0
act_35,35,0.02,0.17,3,289,0
act_16,16,0.28,0.79,4,298,0
act_6,6,0.07,0.76,5,23,1
act_6,6,0.07,0.76,5,188,1
act_36,36,0.08,0.63,5,140,0
act_36,36,0.08,0.63,5,343,0
act_6,6,0.07,0.76,5,358,1
act_27,27,0.27,0.66,6,125,0
act_2,2,0.04,0.15,7,112,0
act_28,28,0.2,0.57,7,136,0
act_2,2,0.04,0.15,7,92,0
act_2,2,0.04,0.15,7,325,0
act_0,0,0.15,0.26,8,7,0
act_0,0,0.15,0.26,8,344,0
act_37,37,0.2,0.54,9,407,0
act_34,34,0.1,0.15,9,86,0
act_0,0,0.15,0.26,10,246,0
act_25,25,0.02,0.19,10,216,0
act_25,25,0.02,0.19,10,54,0
act_34,34,0.1,0.15,11,379,0
act_13,13,0.19,0.01,11,115,0
act_36,36,0.08,0.63,12,360,0
act_36,36,0.08,0.63,12,114,0
act_38,38,0.06,0.33,12,390,0
act_36,36,0.08,0.63,12,181,0
act_20,20,0.07,0.55,13,234,1
act_15,15,0.03,0.18,13,367,0
act_15,15,0.03,0.18,13,30,0
act_20,20,0.07,0.55,13,71,1
act_15,15,0.03,0.18,13,229,0
act_15,15,0.03,0.18,13,316,0
act_15,15,0.03,0.18,13,249,0
act_35,35,0.02,0.17,14,251,0
act_35,35,0.02,0.17,14,248,0
act_35,35,0.02,0.17,14,29,0
act_18,18,0.05,0.1,14,226,0
act_35,35,0.02,0.17,14,282,0
act_35,35,0.02,0.17,14,3,0
act_35,35,0.02,0.17,14,187,0
act_35,35,0.02,0.17,14,87,0
act_35,35,0.02,0.17,14,287,0
act_35,35,0.02,0.17,14,68,0
act_35,35,0.02,0.17,14,77,0
act_18,18,0.05,0.1,14,336,0
act_18,18,0.05,0.1,14,110,0
act_35,35,0.02,0.17,14,28,0
act_35,35,0.02,0.17,14,0,0
act_30,30,0.15,0.15,15,375,0
act_30,30,0.15,0.15,15,154,0
act_36,36,0.08,0.63,16,380,0
act_2,2,0.04,0.15,16,247,0
act_12,12,0.01,0.04,16,299,0
act_2,2,0.04,0.15,16,126,0
act_12,12,0.01,0.04,16,95,0
act_12,12,0.01,0.04,16,293,0
act_36,36,0.08,0.63,16,225,0
act_2,2,0.04,0.15,16,72,0
act_12,12,0.01,0.04,16,206,0
act_11,11,0.25,0.55,17,1,0
act_23,23,0.03,0.81,18,244,1
act_23,23,0.03,0.81,18,384,1
act_23,23,0.03,0.81,18,301,1
act_23,23,0.03,0.81,18,406,1
act_23,23,0.03,0.81,18,44,1
act_23,23,0.03,0.81,18,205,1
act_23,23,0.03,0.81,18,127,1
act_23,23,0.03,0.81,18,49,1
act_23,23,0.03,0.81,18,398,1
act_13,13,0.19,0.01,19,152,0
act_0,0,0.15,0.26,19,285,0
act_22,22,0.02,0.85,20,363,1
act_22,22,0.02,0.85,20,277,1
act_22,22,0.02,0.85,20,58,1
act_8,8,0.18,0.79,20,314,0
act_22,22,0.02,0.85,20,185,1
act_31,31,0.1,0.41,21,60,1
act_31,31,0.1,0.41,21,149,1
act_25,25,0.02,0.19,22,308,0
act_25,25,0.02,0.19,22,341,0
act_25,25,0.02,0.19,22,27,0
act_22,22,0.02,0.85,22,93,1
act_22,22,0.02,0.85,22,387,1
act_22,22,0.02,0.85,22,223,1
act_25,25,0.02,0.19,22,355,0
act_25,25,0.02,0.19,22,389,0
act_25,25,0.02,0.19,22,351,0
act_6,6,0.07,0.76,22,208,0
act_25,25,0.02,0.19,22,372,0
act_6,6,0.07,0.76,22,270,0
act_25,25,0.02,0.19,22,238,0
act_23,23,0.03,0.81,23,142,0
act_32,32,0.11,0.28,23,288,0
act_23,23,0.03,0.81,23,330,0
act_23,23,0.03,0.81,23,6,0
act_29,29,0.18,0.85,24,39,0
act_37,37,0.2,0.54,25,100,0
act_39,39,0.25,0.4,26,201,0
act_15,15,0.03,0.18,26,347,0
act_15,15,0.03,0.18,26,132,0
act_15,15,0.03,0.18,26,220,0
act_5,5,0.1,0.78,27,276,0
act_5,5,0.1,0.78,27,42,0
act_26,26,0.09,0.43,28,300,0
act_23,23,0.03,0.81,28,80,1
act_23,23,0.03,0.81,28,291,1
act_26,26,0.09,0.43,28,259,0
act_23,23,0.03,0.81,28,46,1
act_23,23,0.03,0.81,28,174,1
act_23,23,0.03,0.81,29,296,0
act_23,23,0.03,0.81,29,311,0
act_23,23,0.03,0.81,29,221,0
act_23,23,0.03,0.81,29,169,0
act_23,23,0.03,0.81,29,212,0
act_35,35,0.02,0.17,29,240,0
act_23,23,0.03,0.81,29,135,0
act_23,23,0.03,0.81,29,161,0
act_35,35,0.02,0.17,29,183,0
act_35,35,0.02,0.17,29,207,0
act_23,23,0.03,0.81,29,18,0
act_23,23,0.03,0.81,29,210,0
act_37,37,0.2,0.54,30,284,0
act_34,34,0.1,0.15,31,267,0
act_31,31,0.1,0.41,31,107,0
act_34,34,0.1,0.15,31,231,0
act_5,5,0.1,0.78,32,370,1
act_23,23,0.03,0.81,32,151,1
act_5,5,0.1,0.78,32,334,1
act_31,31,0.1,0.41,32,180,0
act_26,26,0.09,0.43,33,191,0
act_21,21,0.02,0.83,33,264,1
act_21,21,0.02,0.83,33,357,1
act_21,21,0.02,0.83,33,401,1
act_21,21,0.02,0.83,33,14,1
act_26,26,0.09,0.43,33,395,0
act_36,36,0.08,0.63,33,109,1
act_21,21,0.02,0.83,33,224,1
act_7,7,0.1,0.45,34,61,1
act_18,18,0.05,0.1,34,214,0
act_7,7,0.1,0.45,34,81,1
act_7,7,0.1,0.45,34,202,1
act_22,22,0.02,0.85,35,228,1
act_6,6,0.07,0.76,35,143,0
act_32,32,0.11,0.28,35,96,0
act_6,6,0.07,0.76,35,182,0
act_22,22,0.02,0.85,35,243,1
act_5,5,0.1,0.78,36,141,0
act_15,15,0.03,0.18,36,172,0
act_18,18,0.05,0.1,36,331,0
act_24,24,0.11,0.95,37,117,1
act_24,24,0.11,0.95,37,25,1
act_3,3,0.13,0.89,38,157,1
act_31,31,0.1,0.41,38,236,1
act_24,24,0.11,0.95,39,198,0
act_32,32,0.11,0.28,39,326,0
act_32,32,0.11,0.28,39,257,0
act_22,22,0.02,0.85,39,106,0
act_22,22,0.02,0.85,39,22,0
act_11,11,0.25,0.55,40,138,0
act_24,24,0.11,0.95,41,237,0
act_24,24,0.11,0.95,41,56,0
act_39,39,0.25,0.4,42,215,0
act_22,22,0.02,0.85,42,286,1
act_22,22,0.02,0.85,42,159,1
act_22,22,0.02,0.85,42,75,1
act_22,22,0.02,0.85,42,102,1
act_22,22,0.02,0.85,42,400,1
act_22,22,0.02,0.85,42,356,1
act_3,3,0.13,0.89,43,150,1
act_5,5,0.1,0.78,43,261,0
act_6,6,0.07,0.76,43,306,0
act_34,34,0.1,0.15,44,266,0
act_29,29,0.18,0.85,44,147,0
act_17,17,0.27,0.51,45,173,0
act_30,30,0.15,0.15,46,340,0
act_8,8,0.18,0.79,47,189,1
act_8,8,0.18,0.79,47,124,1
act_38,38,0.06,0.33,48,197,1
act_32,32,0.11,0.28,48,83,0
act_38,38,0.06,0.33,48,108,1
act_38,38,0.06,0.33,48,63,1
act_17,17,0.27,0.51,49,99,0
act_7,7,0.1,0.45,49,335,0
act_2,2,0.04,0.15,50,104,0
act_24,24,0.11,0.95,50,133,1
act_24,24,0.11,0.95,50,382,1
act_24,24,0.11,0.95,50,57,1
act_5,5,0.1,0.78,51,162,1
act_5,5,0.1,0.78,51,164,1
act_29,29,0.18,0.85,52,84,1
act_6,6,0.07,0.76,52,338,1
act_37,37,0.2,0.54,53,111,0
act_21,21,0.02,0.83,54,329,1
act_31,31,0.1,0.41,54,41,1
act_31,31,0.1,0.41,54,2,1
act_2,2,0.04,0.15,54,43,0
act_12,12,0.01,0.04,54,239,0
act_12,12,0.01,0.04,54,297,0
act_2,2,0.04,0.15,54,364,0
act_28,28,0.2,0.57,55,262,0
act_12,12,0.01,0.04,55,200,0
act_19,19,0.13,0.09,55,31,0
act_7,7,0.1,0.45,56,24,0
act_26,26,0.09,0.43,56,405,0
act_18,18,0.05,0.1,57,283,0
act_18,18,0.05,0.1,57,388,0
act_36,36,0.08,0.63,57,322,0
act_18,18,0.05,0.1,57,342,0
act_38,38,0.06,0.33,58,33,0
act_30,30,0.15,0.15,58,144,0
act_12,12,0.01,0.04,58,339,0
act_8,8,0.18,0.79,59,295,0
act_30,30,0.15,0.15,60,91,0
act_30,30,0.15,0.15,60,34,0
act_22,22,0.02,0.85,60,167,0
act_39,39,0.25,0.4,61,97,0
act_12,12,0.01,0.04,61,290,0
act_12,12,0.01,0.04,61,130,0
act_12,12,0.01,0.04,61,265,0
act_12,12,0.01,0.04,61,219,0
act_12,12,0.01,0.04,61,369,0
act_12,12,0.01,0.04,61,209,0
act_12,12,0.01,0.04,61,171,0
act_12,12,0.01,0.04,61,211,0
act_12,12,0.01,0.04,61,361,0
act_12,12,0.01,0.04,61,32,0
act_12,12,0.01,0.04,61,8,0
act_12,12,0.01,0.04,61,368,0
act_12,12,0.01,0.04,61,160,0
act_6,6,0.07,0.76,62,381,1
act_6,6,0.07,0.76,62,129,1
act_6,6,0.07,0.76,62,242,1
act_14,14,0.25,0.12,63,20,0
act_36,36,0.08,0.63,64,348,0
act_36,36,0.08,0.63,64,312,0
act_21,21,0.02,0.83,64,123,0
act_21,21,0.02,0.83,64,158,0
act_21,21,0.02,0.83,64,16,0
act_26,26,0.09,0.43,65,273,1
act_26,26,0.09,0.43,65,184,1
act_15,15,0.03,0.18,65,373,0
act_26,26,0.09,0.43,65,245,1
act_15,15,0.03,0.18,65,5,0
act_15,15,0.03,0.18,65,177,0
act_34,34,0.1,0.15,66,79,0
act_34,34,0.1,0.15,66,250,0
act_34,34,0.1,0.15,66,90,0
act_22,22,0.02,0.85,66,204,0
act_35,35,0.02,0.17,67,213,0
act_28,28,0.2,0.57,67,94,0
act_35,35,0.02,0.17,67,146,0
act_35,35,0.02,0.17,67,36,0
act_37,37,0.2,0.54,68,13,0
act_22,22,0.02,0.85,68,103,0
act_22,22,0.02,0.85,68,19,0
act_22,22,0.02,0.85,68,12,0
act_22,22,0.02,0.85,68,134,0
act_22,22,0.02,0.85,68,345,0
act_22,22,0.02,0.85,68,403,0
act_22,22,0.02,0.85,68,113,0
act_37,37,0.2,0.54,69,271,0
act_21,21,0.02,0.83,69,118,1
act_21,21,0.02,0.83,69,294,1
act_24,24,0.11,0.95,70,98,0
act_24,24,0.11,0.95,70,233,0
act_39,39,0.25,0.4,71,317,1
act_23,23,0.03,0.81,71,353,1
act_23,23,0.03,0.81,71,196,1
act_23,23,0.03,0.81,71,178,1
act_0,0,0.15,0.26,72,128,0
act_2,2,0.04,0.15,72,53,0
act_22,22,0.02,0.85,73,391,1
act_19,19,0.13,0.09,73,279,0
act_22,22,0.02,0.85,73,378,1
act_22,22,0.02,0.85,73,163,1
act_29,29,0.18,0.85,74,371,0
act_32,32,0.11,0.28,74,235,0
act_25,25,0.02,0.19,75,78,0
act_25,25,0.02,0.19,75,165,0
act_25,25,0.02,0.19,75,85,0
act_25,25,0.02,0.19,75,69,0
act_25,25,0.02,0.19,75,304,0
act_25,25,0.02,0.19,75,402,0
act_25,25,0.02,0.19,75,148,0
act_25,25,0.02,0.19,75,119,0
act_25,25,0.02,0.19,75,260,0
act_25,25,0.02,0.19,75,272,0
act_25,25,0.02,0.19,75,258,0
act_25,25,0.02,0.19,75,66,0
act_25,25,0.02,0.19,76,50,0
act_18,18,0.05,0.1,76,302,0
act_32,32,0.11,0.28,76,74,0
act_18,18,0.05,0.1,76,362,0
act_32,32,0.11,0.28,76,303,0
act_0,0,0.15,0.26,77,396,0
act_0,0,0.15,0.26,77,51,0
act_2,2,0.04,0.15,77,82,0
act_2,2,0.04,0.15,77,121,0
act_35,35,0.02,0.17,78,155,0
act_35,35,0.02,0.17,78,310,0
act_36,36,0.08,0.63,78,73,0
act_35,35,0.02,0.17,78,397,0
act_36,36,0.08,0.63,78,337,0
act_35,35,0.02,0.17,78,218,0
act_36,36,0.08,0.63,78,365,0
act_35,35,0.02,0.17,78,309,0
act_5,5,0.1,0.78,79,252,1
act_38,38,0.06,0.33,79,166,1
act_38,38,0.06,0.33,79,203,1
act_37,37,0.2,0.54,80,47,0
act_11,11,0.25,0.55,81,137,0
act_5,5,0.1,0.78,82,278,0
act_36,36,0.08,0.63,82,332,0
act_4,4,0.27,0.13,83,179,0
act_18,18,0.05,0.1,84,21,0
act_21,21,0.02,0.83,84,193,1
act_2,2,0.04,0.15,84,393,0
act_21,21,0.02,0.83,84,15,1
act_2,2,0.04,0.15,84,122,0
act_18,18,0.05,0.1,84,153,0
act_18,18,0.05,0.1,84,37,0
act_21,21,0.02,0.83,84,280,1
act_21,21,0.02,0.83,84,64,1
act_21,21,0.02,0.83,84,323,1
act_35,35,0.02,0.17,85,65,0
act_20,20,0.07,0.55,85,324,1
act_12,12,0.01,0.04,85,349,0
act_35,35,0.02,0.17,85,26,0
act_35,35,0.02,0.17,85,268,0
act_12,12,0.01,0.04,85,377,0
act_35,35,0.02,0.17,85,62,0
act_3,3,0.13,0.89,85,269,1
act_21,21,0.02,0.83,86,222,0
act_34,34,0.1,0.15,86,11,0
act_21,21,0.02,0.83,86,321,0
act_34,34,0.1,0.15,86,263,0
act_21,21,0.02,0.83,86,253,0
act_21,21,0.02,0.83,86,17,0
act_21,21,0.02,0.83,86,350,0
act_21,21,0.02,0.83,86,354,0
act_21,21,0.02,0.83,86,230,0
act_21,21,0.02,0.83,86,404,0
act_21,21,0.02,0.83,86,195,0
act_10,10,0.24,0.72,87,292,1
act_20,20,0.07,0.55,87,145,1
act_2,2,0.04,0.15,88,76,0
act_7,7,0.1,0.45,88,9,0
act_2,2,0.04,0.15,88,88,0
act_2,2,0.04,0.15,88,120,0
act_7,7,0.1,0.45,88,199,0
act_2,2,0.04,0.15,88,307,0
act_0,0,0.15,0.26,89,55,0
act_35,35,0.02,0.17,89,227,0
act_0,0,0.15,0.26,89,40,0
act_35,35,0.02,0.17,89,217,0
act_35,35,0.02,0.17,89,254,0
act_35,35,0.02,0.17,89,385,0
act_26,26,0.09,0.43,90,327,0
act_12,12,0.01,0.04,90,256,0
act_12,12,0.01,0.04,90,67,0
act_12,12,0.01,0.04,90,194,0
act_12,12,0.01,0.04,90,274,0
act_12,12,0.01,0.04,90,319,0
act_12,12,0.01,0.04,90,176,0
act_12,12,0.01,0.04,90,192,0
act_12,12,0.01,0.04,90,70,0
act_12,12,0.01,0.04,90,190,0
act_12,12,0.01,0.04,90,101,0
act_12,12,0.01,0.04,90,4,0
act_12,12,0.01,0.04,90,139,0
act_2,2,0.04,0.15,91,10,0
act_24,24,0.11,0.95,91,359,0
act_2,2,0.04,0.15,91,386,0
act_2,2,0.04,0.15,91,45,0
act_2,2,0.04,0.15,91,392,0
act_35,35,0.02,0.17,92,232,0
act_35,35,0.02,0.17,92,281,0
act_26,26,0.09,0.43,92,328,0
act_35,35,0.02,0.17,92,131,0
act_35,35,0.02,0.17,92,315,0
act_35,35,0.02,0.17,92,383,0
act_27,27,0.27,0.66,93,399,0
act_28,28,0.2,0.57,94,116,0
act_8,8,0.18,0.79,95,38,0
act_18,18,0.05,0.1,96,255,0
act_15,15,0.03,0.18,96,346,0
act_18,18,0.05,0.1,96,59,0
act_18,18,0.05,0.1,96,186,0
act_18,18,0.05,0.1,96,313,0
act_0,0,0.15,0.26,96,170,0
act_34,34,0.1,0.15,97,175,0
act_37,37,0.2,0.54,97,320,0
act_14,14,0.25,0.12,98,241,0
act_23,23,0.03,0.81,98,275,0
act_23,23,0.03,0.81,98,35,0
act_26,26,0.09,0.43,99,168,1
act_38,38,0.06,0.33,99,376,1
act_38,38,0.06,0.33,99,394,1
act_38,38,0.06,0.33,99,333,1
act_26,26,0.09,0.43,99,318,1

Alpha (resource id, list of activity ids)
0:24,37
1:16,31,0
2:20,14,16
3:35,20,5,11
4:16,10
5:6,36
6:26,27
7:8,2,39,28
8:0
9:34,37
10:25,3,0
11:34,13
12:38,36,16,7
13:15,20
14:18,35
15:30,11
16:2,12,36
17:4,11,17,32
18:23,4
19:16,13,0,14
20:8,22
21:39,36,31
22:22,25,6
23:32,39,23
24:11,29,4,28
25:13,37
26:15,14,39,28
27:5,27
28:26,23
29:35,23
30:37,14
31:7,34,31,23
32:5,23,7,31
33:21,26,36,39
34:7,18,13,28
35:32,22,6
36:15,18,3,5
37:39,24
38:11,3,31
39:22,24,32
40:11,8,30,3
41:11,24,29
42:22,39,30,31
43:0,5,6,3
44:29,34,16,4
45:20,17,19
46:27,30,31
47:23,8
48:32,38,34
49:17,11,7
50:24,2
51:5
52:6,29
53:38,37
54:12,2,31,21
55:19,12,28
56:26,16,7
57:36,8,18,37
58:38,12,30
59:27,8
60:22,30
61:12,16,39
62:6,10,4
63:30,14
64:21,13,36
65:26,15
66:34,22
67:28,16,35
68:22,37,38
69:21,37,24
70:24,26
71:39,30,23,19
72:19,10,2,0
73:22,34,19
74:29,18,32
75:14,25
76:18,27,25,32
77:16,0,2
78:35,36
79:5,15,38,29
80:37,16,26
81:13,11
82:36,5,3,13
83:4,32,38
84:18,2,28,21
85:20,3,35,12
86:34,21
87:10,20
88:7,2
89:0,35
90:26,12
91:24,2
92:35,26
93:27,11
94:28,10
95:4,27,8
96:26,18,15,0
97:34,37
98:23,14,39
99:26,38,14

Costs (resource, resource to replace, activity, cost)
0,0,24,0
0,37,24,0.29
0,39,24,0.86
0,41,24,0.01
0,50,24,0.08
0,69,24,0.19
0,70,24,0.29
0,91,24,0.36
0,0,37,0
0,9,37,0.06
0,25,37,0.4
0,30,37,0.76
0,53,37,0.46
0,57,37,0.43
0,68,37,0.54
0,69,37,0.7
0,80,37,0.61
0,97,37,0.91
1,1,16,0
1,2,16,0.81
1,4,16,0.96
1,12,16,0.2
1,19,16,0.68
1,44,16,0.55
1,56,16,0.86
1,61,16,0.34
1,67,16,0.34
1,77,16,0.18
1,80,16,0.61
1,1,31,0
1,21,31,0.84
1,31,31,0.16
1,32,31,0.85
1,38,31,0.36
1,42,31,0.14
1,46,31,0.1
1,54,31,0.46
1,1,0,0
1,8,0,0.68
1,10,0,0.93
1,19,0,0.9
1,43,0,0.83
1,72,0,0.17
1,77,0,0.16
1,89,0,0.68
1,96,0,0.18
2,2,20,0
2,3,20,0.53
2,13,20,0.86
2,45,20,0.86
2,85,20,0.87
2,87,20,0.73
2,2,14,0
2,19,14,0.59
2,26,14,0.23
2,30,14,0.02
2,63,14,0.37
2,75,14,0.46
2,98,14,0.41
2,99,14,0.29
2,1,16,0.9
2,2,16,0
2,4,16,0.45
2,12,16,0.95
2,19,16,0.85
2,44,16,0.37
2,56,16,0.85
2,61,16,0.74
2,67,16,0.92
2,77,16,0.52
2,80,16,0.59
3,3,35,0
3,14,35,0.96
3,29,35,0.67
3,67,35,0.63
3,78,35,0.22
3,85,35,0.04
3,89,35,0.31
3,92,35,0.94
3,2,20,0.53
3,3,20,0
3,13,20,0.94
3,45,20,0.23
3,85,20,0.91
3,87,20,0.23
3,3,5,0
3,27,5,0.7
3,32,5,0.32
3,36,5,0.27
3,43,5,0.96
3,51,5,0.65
3,79,5,0.22
3,82,5,0.8
3,3,11,0
3,15,11,0.89
3,17,11,0.61
3,24,11,0.44
3,38,11,0.01
3,40,11,0.17
3,41,11,0.2
3,49,11,0.91
3,81,11,0.09
3,93,11,0.04
4,1,16,0.34
4,2,16,0.43
4,4,16,0
4,12,16,0.13
4,19,16,0.35
4,44,16,0.52
4,56,16,0.62
4,61,16,0.65
4,67,16,0.84
4,77,16,0.3
4,80,16,1.0
4,4,10,0
4,62,10,0.19
4,72,10,0.87
4,87,10,0.94
4,94,10,0.09
4,4,33,0
4,23,33,0.65
4,51,33,0.1
5,5,6,0
5,22,6,0.51
5,35,6,0.06
5,43,6,0.14
5,52,6,0.45
5,62,6,0.01
5,5,36,0
5,12,36,0.78
5,16,36,0.94
5,21,36,0.29
5,33,36,0.76
5,57,36,0.88
5,64,36,0.01
5,78,36,0.06
5,82,36,0.58
6,6,26,0
6,28,26,0.65
6,33,26,0.38
6,56,26,0.92
6,65,26,0.82
6,70,26,0.74
6,80,26,0.99
6,90,26,0.98
6,92,26,0.37
6,96,26,0.32
6,99,26,0.2
6,6,27,0
6,27,27,0.34
6,46,27,0.81
6,59,27,0.07
6,76,27,0.84
6,93,27,0.47
6,95,27,0.4
7,7,8,0
7,20,8,0.51
7,40,8,0.31
7,47,8,0.34
7,57,8,0.54
7,59,8,0.84
7,95,8,0.06
7,7,2,0
7,16,2,0.26
7,50,2,0.51
7,54,2,0.79
7,72,2,0.71
7,77,2,0.3
7,84,2,0.89
7,88,2,0.99
7,91,2,0.24
7,7,39,0
7,21,39,0.69
7,23,39,0.39
7,26,39,0.45
7,33,39,0.22
7,37,39,0.49
7,42,39,0.61
7,61,39,0.46
7,71,39,0.88
7,98,39,0.87
7,7,28,0
7,24,28,0.52
7,26,28,0.03
7,34,28,0.44
7,55,28,0.41
7,67,28,0.99
7,84,28,0.3
7,94,28,0.84
8,8,1,0
8,13,1,0.12
8,22,1,0.19
8,58,1,0.64
8,92,1,0.74
8,98,1,0.93
8,1,0,0.13
8,8,0,0
8,10,0,0.69
8,19,0,0.23
8,43,0,0.5
8,72,0,0.89
8,77,0,0.36
8,89,0,0.71
8,96,0,0.56
9,9,34,0
9,11,34,0.66
9,31,34,0.36
9,44,34,0.97
9,48,34,0.96
9,66,34,0.97
9,73,34,0.76
9,86,34,0.96
9,97,34,0.98
9,0,37,0.45
9,9,37,0
9,25,37,0.63
9,30,37,0.19
9,53,37,0.98
9,57,37,0.32
9,68,37,0.14
9,69,37,0.31
9,80,37,0.79
9,97,37,0.79
10,10,25,0
10,22,25,0.94
10,75,25,1.0
10,76,25,0.66
10,10,3,0
10,36,3,0.72
10,38,3,0.19
10,40,3,0.95
10,43,3,0.26
10,82,3,0.2
10,85,3,0.83
10,1,0,0.5
10,8,0,0.62
10,10,0,0
10,19,0,0.1
10,43,0,0.25
10,72,0,0.57
10,77,0,0.69
10,89,0,0.48
10,96,0,0.18
11,9,34,0.03
11,11,34,0
11,31,34,0.96
11,44,34,0.72
11,48,34,0.61
11,66,34,0.74
11,73,34,0.3
11,86,34,0.88
11,97,34,0.28
11,11,13,0
11,19,13,0.48
11,25,13,0.27
11,34,13,0.83
11,64,13,0.09
11,81,13,0.27
11,82,13,0.34
12,12,38,0
12,48,38,0.94
12,53,38,0.33
12,58,38,0.51
12,68,38,0.01
12,79,38,0.9
12,83,38,0.09
12,99,38,0.9
12,5,36,0.1
12,12,36,0
12,16,36,0.9
12,21,36,0.13
12,33,36,0.74
12,57,36,0.48
12,64,36,0.06
12,78,36,0.81
12,82,36,0.19
12,1,16,0.26
12,2,16,0.59
12,4,16,0.15
12,12,16,0
12,19,16,0.45
12,44,16,0.59
12,56,16,0.86
12,61,16,0.51
12,67,16,0.3
12,77,16,0.41
12,80,16,0.28
12,12,7,0
12,31,7,0.42
12,32,7,0.85
12,34,7,1.0
12,49,7,0.23
12,56,7,0.68
12,88,7,0.77
13,13,15,0
13,26,15,0.87
13,36,15,0.0
13,65,15,0.66
13,79,15,0.17
13,96,15,0.37
13,8,1,0.19
13,13,1,0
13,22,1,0.13
13,58,1,0.01
13,92,1,0.02
13,98,1,0.07
13,2,20,0.17
13,3,20,0.88
13,13,20,0
13,45,20,0.32
13,85,20,0.68
13,87,20,0.78
14,14,18,0
14,34,18,0.24
14,36,18,0.51
14,57,18,0.36
14,74,18,0.23
14,76,18,0.7
14,84,18,0.69
14,96,18,0.46
14,3,35,0.89
14,14,35,0
14,29,35,0.34
14,67,35,0.17
14,78,35,0.96
14,85,35,0.09
14,89,35,0.54
14,92,35,0.71
15,15,30,0
15,40,30,0.59
15,42,30,0.67
15,46,30,0.81
15,58,30,0.52
15,60,30,0.25
15,63,30,0.22
15,71,30,0.38
15,3,11,0.46
15,15,11,0
15,17,11,0.81
15,24,11,0.24
15,38,11,0.25
15,40,11,0.57
15,41,11,0.79
15,49,11,0.89
15,81,11,0.54
15,93,11,0.24
16,7,2,0.24
16,16,2,0
16,50,2,0.58
16,54,2,0.55
16,72,2,0.63
16,77,2,0.04
16,84,2,0.29
16,88,2,0.01
16,91,2,0.41
16,16,12,0
16,54,12,0.7
16,55,12,0.27
16,58,12,0.68
16,61,12,0.68
16,85,12,0.3
16,90,12,0.2
16,5,36,0.9
16,12,36,0.83
16,16,36,0
16,21,36,0.73
16,33,36,0.3
16,57,36,0.91
16,64,36,0.29
16,78,36,0.02
16,82,36,0.28
17,17,4,0
17,18,4,0.12
17,24,4,0.15
17,44,4,0.47
17,62,4,0.45
17,83,4,0.5
17,95,4,0.01
17,3,11,0.98
17,15,11,0.37
17,17,11,0
17,24,11,0.3
17,38,11,0.02
17,40,11,0.14
17,41,11,0.56
17,49,11,0.61
17,81,11,0.74
17,93,11,0.57
17,17,17,0
17,45,17,0.46
17,49,17,0.04
17,17,32,0
17,23,32,0.32
17,35,32,0.81
17,39,32,0.83
17,48,32,0.66
17,74,32,0.88
17,76,32,0.76
17,83,32,0.95
18,18,23,0
18,23,23,0.74
18,28,23,0.78
18,29,23,0.62
18,31,23,0.24
18,32,23,0.76
18,47,23,0.48
18,71,23,0.84
18,98,23,0.3
18,17,4,0.38
18,18,4,0
18,24,4,0.34
18,44,4,0.93
18,62,4,0.86
18,83,4,0.49
18,95,4,0.41
19,1,16,0.77
19,2,16,0.18
19,4,16,0.19
19,12,16,0.34
19,19,16,0
19,44,16,0.97
19,56,16,0.49
19,61,16,0.86
19,67,16,0.75
19,77,16,0.99
19,80,16,0.37
19,11,13,0.94
19,19,13,0
19,25,13,0.49
19,34,13,0.36
19,64,13,0.73
19,81,13,0.25
19,82,13,0.72
19,1,0,0.48
19,8,0,0.64
19,10,0,0.12
19,19,0,0
19,43,0,0.59
19,72,0,0.71
19,77,0,0.23
19,89,0,0.4
19,96,0,0.81
19,2,14,0.51
19,19,14,0
19,26,14,0.11
19,30,14,0.74
19,63,14,0.94
19,75,14,0.92
19,98,14,0.63
19,99,14,0.37
20,7,8,0.7
20,20,8,0
20,40,8,0.55
20,47,8,0.1
20,57,8,0.94
20,59,8,0.42
20,95,8,0.25
20,20,22,0
20,22,22,0.08
20,35,22,0.82
20,39,22,0.55
20,42,22,0.5
20,60,22,0.55
20,66,22,0.01
20,68,22,0.12
20,73,22,0.82
21,7,39,0.89
21,21,39,0
21,23,39,0.52
21,26,39,0.7
21,33,39,0.09
21,37,39,0.47
21,42,39,0.76
21,61,39,0.03
21,71,39,0.48
21,98,39,0.68
21,5,36,0.19
21,12,36,0.69
21,16,36,0.78
21,21,36,0
21,33,36,0.51
21,57,36,0.35
21,64,36,0.8
21,78,36,0.68
21,82,36,0.97
21,1,31,0.09
21,21,31,0
21,31,31,0.52
21,32,31,0.63
21,38,31,0.66
21,42,31,0.88
21,46,31,0.83
21,54,31,0.4
22,8,1,0.43
22,13,1,0.01
22,22,1,0
22,58,1,0.06
22,92,1,0.14
22,98,1,0.86
22,20,22,0.75
22,22,22,0
22,35,22,1.0
22,39,22,0.37
22,42,22,0.36
22,60,22,0.81
22,66,22,0.75
22,68,22,0.75
22,73,22,0.47
22,10,25,0.73
22,22,25,0
22,75,25,0.79
22,76,25,0.17
22,5,6,0.51
22,22,6,0
22,35,6,0.72
22,43,6,0.18
22,52,6,0.15
22,62,6,0.58
23,17,32,0.17
23,23,32,0
23,35,32,0.36
23,39,32,0.23
23,48,32,0.92
23,74,32,0.63
23,76,32,0.82
23,83,32,0.22
23,4,33,0.94
23,23,33,0
23,51,33,0.73
23,7,39,0.92
23,21,39,0.92
23,23,39,0
23,26,39,0.36
23,33,39,0.89
23,37,39,0.43
23,42,39,0.81
23,61,39,0.27
23,71,39,0.62
23,98,39,0.19
23,18,23,0.18
23,23,23,0
23,28,23,0.55
23,29,23,0.71
23,31,23,0.82
23,32,23,0.85
23,47,23,0.09
23,71,23,0.09
23,98,23,0.63
24,3,11,0.25
24,15,11,0.16
24,17,11,0.37
24,24,11,0
24,38,11,0.73
24,40,11,0.54
24,41,11,0.55
24,49,11,0.02
24,81,11,0.99
24,93,11,0.06
24,24,29,0
24,41,29,0.65
24,44,29,0.86
24,52,29,0.01
24,74,29,0.68
24,79,29,0.85
24,17,4,0.16
24,18,4,0.62
24,24,4,0
24,44,4,0.42
24,62,4,0.92
24,83,4,0.49
24,95,4,0.07
24,7,28,0.29
24,24,28,0
24,26,28,0.78
24,34,28,0.5
24,55,28,0.65
24,67,28,0.21
24,84,28,0.63
24,94,28,0.06
25,11,13,0.19
25,19,13,0.92
25,25,13,0
25,34,13,0.25
25,64,13,0.56
25,81,13,0.34
25,82,13,0.07
25,0,37,0.83
25,9,37,0.27
25,25,37,0
25,30,37,0.95
25,53,37,0.63
25,57,37,0.7
25,68,37,0.89
25,69,37,0.2
25,80,37,0.39
25,97,37,0.84
26,13,15,0.72
26,26,15,0
26,36,15,0.58
26,65,15,0.68
26,79,15,0.01
26,96,15,0.01
26,2,14,0.66
26,19,14,0.81
26,26,14,0
26,30,14,0.65
26,63,14,0.98
26,75,14,0.58
26,98,14,0.36
26,99,14,0.58
26,7,39,0.2
26,21,39,0.8
26,23,39,0.47
26,26,39,0
26,33,39,0.13
26,37,39,0.02
26,42,39,0.61
26,61,39,0.96
26,71,39,0.69
26,98,39,0.92
26,7,28,0.12
26,24,28,0.75
26,26,28,0
26,34,28,0.6
26,55,28,0.53
26,67,28,0.51
26,84,28,0.71
26,94,28,0.11
27,3,5,0.04
27,27,5,0
27,32,5,0.14
27,36,5,0.3
27,43,5,0.09
27,51,5,0.38
27,79,5,0.05
27,82,5,0.78
27,6,27,0.36
27,27,27,0
27,46,27,0.14
27,59,27,0.67
27,76,27,0.42
27,93,27,0.41
27,95,27,0.38
28,6,26,0.28
28,28,26,0
28,33,26,0.63
28,56,26,0.45
28,65,26,0.23
28,70,26,0.33
28,80,26,0.57
28,90,26,0.34
28,92,26,0.45
28,96,26,0.9
28,99,26,0.74
28,18,23,0.36
28,23,23,0.05
28,28,23,0
28,29,23,0.3
28,31,23,0.84
28,32,23,0.4
28,47,23,0.57
28,71,23,0.38
28,98,23,0.81
29,3,35,0.82
29,14,35,0.17
29,29,35,0
29,67,35,0.3
29,78,35,0.85
29,85,35,0.57
29,89,35,0.29
29,92,35,0.54
29,18,23,0.58
29,23,23,0.67
29,28,23,0.7
29,29,23,0
29,31,23,0.64
29,32,23,0.58
29,47,23,0.04
29,71,23,0.79
29,98,23,0.99
30,0,37,0.7
30,9,37,0.96
30,25,37,0.11
30,30,37,0
30,53,37,0.13
30,57,37,0.15
30,68,37,0.15
30,69,37,0.25
30,80,37,0.82
30,97,37,0.13
30,2,14,0.68
30,19,14,0.4
30,26,14,0.31
30,30,14,0
30,63,14,0.64
30,75,14,0.48
30,98,14,0.14
30,99,14,0.35
31,12,7,0.14
31,31,7,0
31,32,7,0.35
31,34,7,0.22
31,49,7,0.08
31,56,7,0.33
31,88,7,0.61
31,9,34,0.63
31,11,34,0.84
31,31,34,0
31,44,34,0.53
31,48,34,0.76
31,66,34,0.5
31,73,34,0.78
31,86,34,0.39
31,97,34,0.6
31,1,31,0.64
31,21,31,0.72
31,31,31,0
31,32,31,0.34
31,38,31,0.7
31,42,31,0.48
31,46,31,0.74
31,54,31,0.26
31,18,23,0.92
31,23,23,0.2
31,28,23,0.48
31,29,23,0.5
31,31,23,0
31,32,23,0.15
31,47,23,0.99
31,71,23,0.15
31,98,23,0.8
32,3,5,0.93
32,27,5,0.09
32,32,5,0
32,36,5,0.99
32,43,5,0.78
32,51,5,0.67
32,79,5,0.1
32,82,5,0.74
32,18,23,0.27
32,23,23,0.18
32,28,23,0.73
32,29,23,0.33
32,31,23,0.75
32,32,23,0
32,47,23,0.31
32,71,23,0.07
32,98,23,0.79
32,12,7,0.51
32,31,7,0.08
32,32,7,0
32,34,7,0.51
32,49,7,0.32
32,56,7,0.65
32,88,7,0.13
32,1,31,0.08
32,21,31,0.78
32,31,31,0.44
32,32,31,0
32,38,31,0.12
32,42,31,0.18
32,46,31,0.47
32,54,31,0.87
33,33,21,0
33,54,21,0.81
33,64,21,0.47
33,69,21,0.45
33,84,21,0.13
33,86,21,0.66
33,6,26,0.12
33,28,26,0.06
33,33,26,0
33,56,26,0.53
33,65,26,0.03
33,70,26,0.25
33,80,26,0.08
33,90,26,0.21
33,92,26,0.91
33,96,26,0.11
33,99,26,0.22
33,5,36,0.47
33,12,36,0.9
33,16,36,0.2
33,21,36,0.59
33,33,36,0
33,57,36,0.49
33,64,36,0.65
33,78,36,0.77
33,82,36,0.71
33,7,39,0.61
33,21,39,0.26
33,23,39,0.69
33,26,39,0.16
33,33,39,0
33,37,39,0.21
33,42,39,0.83
33,61,39,0.18
33,71,39,0.53
33,98,39,0.22
34,12,7,0.77
34,31,7,0.51
34,32,7,0.5
34,34,7,0
34,49,7,0.09
34,56,7,0.22
34,88,7,0.33
34,14,18,0.43
34,34,18,0
34,36,18,0.14
34,57,18,0.68
34,74,18,0.52
34,76,18,0.97
34,84,18,0.08
34,96,18,0.01
34,11,13,0.96
34,19,13,0.09
34,25,13,0.0
34,34,13,0
34,64,13,0.89
34,81,13,0.48
34,82,13,0.97
34,7,28,0.61
34,24,28,0.29
34,26,28,0.42
34,34,28,0
34,55,28,0.78
34,67,28,0.92
34,84,28,0.83
34,94,28,0.94
35,17,32,0.44
35,23,32,0.7
35,35,32,0
35,39,32,0.77
35,48,32,0.86
35,74,32,0.46
35,76,32,0.49
35,83,32,0.89
35,20,22,0.99
35,22,22,0.85
35,35,22,0
35,39,22,0.43
35,42,22,0.6
35,60,22,0.99
35,66,22,0.09
35,68,22,0.78
35,73,22,0.19
35,5,6,0.75
35,22,6,0.48
35,35,6,0
35,43,6,0.2
35,52,6,0.41
35,62,6,0.21
36,13,15,0.57
36,26,15,0.35
36,36,15,0
36,65,15,0.1
36,79,15,0.56
36,96,15,0.66
36,14,18,0.84
36,34,18,0.26
36,36,18,0
36,57,18,0.44
36,74,18,0.64
36,76,18,0.28
36,84,18,0.69
36,96,18,0.17
36,10,3,0.19
36,36,3,0
36,38,3,0.4
36,40,3,0.3
36,43,3,0.62
36,82,3,0.54
36,85,3,0.88
36,3,5,0.39
36,27,5,0.11
36,32,5,0.93
36,36,5,0
36,43,5,0.58
36,51,5,0.34
36,79,5,0.37
36,82,5,0.06
37,7,39,0.8
37,21,39,0.56
37,23,39,0.53
37,26,39,0.9
37,33,39,0.08
37,37,39,0
37,42,39,0.18
37,61,39,0.94
37,71,39,0.87
37,98,39,0.03
37,0,24,0.95
37,37,24,0
37,39,24,0.06
37,41,24,0.15
37,50,24,0.94
37,69,24,0.66
37,70,24,0.92
37,91,24,0.25
38,3,11,0.28
38,15,11,0.96
38,17,11,0.5
38,24,11,0.25
38,38,11,0
38,40,11,0.46
38,41,11,0.18
38,49,11,0.27
38,81,11,0.37
38,93,11,0.46
38,10,3,0.34
38,36,3,0.34
38,38,3,0
38,40,3,0.4
38,43,3,0.96
38,82,3,0.31
38,85,3,0.81
38,1,31,0.04
38,21,31,0.13
38,31,31,0.14
38,32,31,0.82
38,38,31,0
38,42,31,0.29
38,46,31,0.44
38,54,31,0.7
38,38,9,0
38,48,9,0.62
38,74,9,0.59
39,20,22,0.94
39,22,22,0.65
39,35,22,0.03
39,39,22,0
39,42,22,0.97
39,60,22,0.28
39,66,22,0.09
39,68,22,0.96
39,73,22,0.83
39,0,24,0.67
39,37,24,0.52
39,39,24,0
39,41,24,0.44
39,50,24,0.07
39,69,24,0.32
39,70,24,0.67
39,91,24,0.38
39,17,32,0.51
39,23,32,0.76
39,35,32,0.72
39,39,32,0
39,48,32,0.36
39,74,32,0.9
39,76,32,0.58
39,83,32,0.02
40,3,11,0.83
40,15,11,0.39
40,17,11,0.19
40,24,11,0.68
40,38,11,0.25
40,40,11,0
40,41,11,0.65
40,49,11,0.83
40,81,11,0.26
40,93,11,0.78
40,7,8,0.84
40,20,8,0.0
40,40,8,0
40,47,8,0.87
40,57,8,0.52
40,59,8,0.79
40,95,8,0.43
40,15,30,0.47
40,40,30,0
40,42,30,0.95
40,46,30,0.68
40,58,30,0.94
40,60,30,0.44
40,63,30,0.47
40,71,30,0.6
40,10,3,0.99
40,36,3,0.81
40,38,3,0.05
40,40,3,0
40,43,3,0.48
40,82,3,0.57
40,85,3,0.58
41,3,11,0.76
41,15,11,0.29
41,17,11,0.68
41,24,11,0.28
41,38,11,0.39
41,40,11,0.2
41,41,11,0
41,49,11,0.94
41,81,11,0.37
41,93,11,0.1
41,0,24,0.41
41,37,24,0.46
41,39,24,0.74
41,41,24,0
41,50,24,0.15
41,69,24,0.59
41,70,24,0.55
41,91,24,0.56
41,24,29,0.55
41,41,29,0
41,44,29,0.88
41,52,29,0.23
41,74,29,0.79
41,79,29,0.07
42,20,22,0.28
42,22,22,0.86
42,35,22,0.38
42,39,22,0.84
42,42,22,0
42,60,22,0.38
42,66,22,0.77
42,68,22,0.95
42,73,22,0.92
42,7,39,0.12
42,21,39,0.18
42,23,39,0.14
42,26,39,0.55
42,33,39,0.89
42,37,39,0.23
42,42,39,0
42,61,39,0.64
42,71,39,0.74
42,98,39,0.59
42,15,30,0.05
42,40,30,0.14
42,42,30,0
42,46,30,0.82
42,58,30,0.77
42,60,30,0.71
42,63,30,0.51
42,71,30,0.15
42,1,31,0.61
42,21,31,0.12
42,31,31,0.66
42,32,31,0.04
42,38,31,0.37
42,42,31,0
42,46,31,0.1
42,54,31,0.46
43,1,0,0.81
43,8,0,0.52
43,10,0,0.76
43,19,0,0.31
43,43,0,0
43,72,0,0.32
43,77,0,0.81
43,89,0,0.58
43,96,0,0.52
43,3,5,0.75
43,27,5,0.7
43,32,5,0.2
43,36,5,0.74
43,43,5,0
43,51,5,0.7
43,79,5,0.35
43,82,5,0.64
43,5,6,0.95
43,22,6,0.36
43,35,6,0.3
43,43,6,0
43,52,6,0.89
43,62,6,0.17
43,10,3,0.37
43,36,3,0.93
43,38,3,0.89
43,40,3,0.83
43,43,3,0
43,82,3,0.73
43,85,3,0.83
44,24,29,0.42
44,41,29,0.31
44,44,29,0
44,52,29,0.51
44,74,29,0.42
44,79,29,0.46
44,9,34,0.91
44,11,34,0.17
44,31,34,0.46
44,44,34,0
44,48,34,0.43
44,66,34,0.22
44,73,34,0.55
44,86,34,0.03
44,97,34,0.27
44,1,16,0.19
44,2,16,0.64
44,4,16,0.85
44,12,16,0.14
44,19,16,0.62
44,44,16,0
44,56,16,0.71
44,61,16,0.29
44,67,16,0.52
44,77,16,0.95
44,80,16,0.13
44,17,4,0.38
44,18,4,0.5
44,24,4,0.59
44,44,4,0
44,62,4,0.69
44,83,4,0.92
44,95,4,0.62
45,2,20,0.75
45,3,20,0.27
45,13,20,0.09
45,45,20,0
45,85,20,0.99
45,87,20,0.82
45,17,17,0.02
45,45,17,0
45,49,17,0.05
45,45,19,0
45,55,19,0.56
45,71,19,0.67
45,72,19,0.22
45,73,19,0.91
46,6,27,0.94
46,27,27,0.99
46,46,27,0
46,59,27,0.99
46,76,27,0.23
46,93,27,0.15
46,95,27,0.79
46,15,30,0.28
46,40,30,0.42
46,42,30,0.33
46,46,30,0
46,58,30,0.83
46,60,30,0.05
46,63,30,0.9
46,71,30,0.38
46,1,31,0.49
46,21,31,0.38
46,31,31,0.2
46,32,31,0.31
46,38,31,0.71
46,42,31,0.7
46,46,31,0
46,54,31,0.01
47,18,23,0.8
47,23,23,0.62
47,28,23,0.97
47,29,23,0.71
47,31,23,0.0
47,32,23,0.74
47,47,23,0
47,71,23,0.14
47,98,23,0.57
47,7,8,0.14
47,20,8,0.38
47,40,8,0.56
47,47,8,0
47,57,8,0.39
47,59,8,0.33
47,95,8,0.52
48,17,32,0.97
48,23,32,0.95
48,35,32,0.33
48,39,32,0.21
48,48,32,0
48,74,32,0.97
48,76,32,0.21
48,83,32,0.88
48,12,38,0.99
48,48,38,0
48,53,38,0.18
48,58,38,0.09
48,68,38,0.55
48,79,38,0.87
48,83,38,0.51
48,99,38,0.72
48,9,34,0.28
48,11,34,0.64
48,31,34,0.0
48,44,34,0.93
48,48,34,0
48,66,34,0.26
48,73,34,0.69
48,86,34,0.44
48,97,34,0.01
48,38,9,0.18
48,48,9,0
48,74,9,0.07
49,17,17,0.16
49,45,17,0.05
49,49,17,0
49,3,11,0.68
49,15,11,0.44
49,17,11,0.42
49,24,11,0.65
49,38,11,0.44
49,40,11,0.43
49,41,11,0.53
49,49,11,0
49,81,11,0.95
49,93,11,0.74
49,12,7,0.46
49,31,7,0.52
49,32,7,0.23
49,34,7,0.86
49,49,7,0
49,56,7,0.39
49,88,7,0.86
50,0,24,0.91
50,37,24,0.84
50,39,24,0.26
50,41,24,0.81
50,50,24,0
50,69,24,0.25
50,70,24,0.91
50,91,24,0.69
50,7,2,0.94
50,16,2,0.31
50,50,2,0
50,54,2,0.73
50,72,2,0.05
50,77,2,0.12
50,84,2,0.15
50,88,2,0.99
50,91,2,0.38
51,4,33,0.5
51,23,33,0.77
51,51,33,0
51,3,5,0.32
51,27,5,0.23
51,32,5,0.34
51,36,5,0.87
51,43,5,0.6
51,51,5,0
51,79,5,0.03
51,82,5,0.14
52,5,6,0.97
52,22,6,0.11
52,35,6,0.42
52,43,6,0.18
52,52,6,0
52,62,6,0.32
52,24,29,0.7
52,41,29,0.44
52,44,29,0.25
52,52,29,0
52,74,29,0.11
52,79,29,0.75
53,12,38,0.91
53,48,38,0.22
53,53,38,0
53,58,38,0.55
53,68,38,0.51
53,79,38,0.57
53,83,38,0.13
53,99,38,0.69
53,0,37,0.82
53,9,37,0.58
53,25,37,0.09
53,30,37,0.67
53,53,37,0
53,57,37,0.37
53,68,37,0.8
53,69,37,0.99
53,80,37,0.58
53,97,37,0.42
54,16,12,0.57
54,54,12,0
54,55,12,0.44
54,58,12,0.93
54,61,12,0.01
54,85,12,0.56
54,90,12,0.42
54,7,2,0.56
54,16,2,0.05
54,50,2,0.52
54,54,2,0
54,72,2,0.06
54,77,2,0.11
54,84,2,0.93
54,88,2,0.48
54,91,2,0.72
54,1,31,0.8
54,21,31,0.53
54,31,31,0.08
54,32,31,0.06
54,38,31,0.99
54,42,31,0.78
54,46,31,0.46
54,54,31,0
54,33,21,0.16
54,54,21,0
54,64,21,0.84
54,69,21,0.59
54,84,21,0.12
54,86,21,0.37
55,45,19,0.87
55,55,19,0
55,71,19,0.79
55,72,19,0.97
55,73,19,0.28
55,16,12,0.63
55,54,12,0.62
55,55,12,0
55,58,12,0.89
55,61,12,0.93
55,85,12,0.78
55,90,12,0.78
55,7,28,0.61
55,24,28,0.42
55,26,28,0.0
55,34,28,0.44
55,55,28,0
55,67,28,0.39
55,84,28,0.04
55,94,28,0.12
56,6,26,0.94
56,28,26,0.24
56,33,26,0.5
56,56,26,0
56,65,26,0.04
56,70,26,1.0
56,80,26,0.96
56,90,26,0.56
56,92,26,0.96
56,96,26,0.22
56,99,26,0.32
56,1,16,0.26
56,2,16,0.69
56,4,16,0.2
56,12,16,0.83
56,19,16,0.32
56,44,16,0.39
56,56,16,0
56,61,16,0.32
56,67,16,0.13
56,77,16,0.96
56,80,16,0.35
56,12,7,0.32
56,31,7,0.2
56,32,7,0.66
56,34,7,0.94
56,49,7,0.02
56,56,7,0
56,88,7,0.58
57,5,36,0.15
57,12,36,0.43
57,16,36,0.51
57,21,36,0.04
57,33,36,0.85
57,57,36,0
57,64,36,0.25
57,78,36,0.81
57,82,36,0.43
57,7,8,0.92
57,20,8,0.09
57,40,8,0.59
57,47,8,0.15
57,57,8,0
57,59,8,0.57
57,95,8,0.23
57,14,18,0.02
57,34,18,0.24
57,36,18,0.72
57,57,18,0
57,74,18,0.77
57,76,18,0.96
57,84,18,0.37
57,96,18,0.33
57,0,37,0.12
57,9,37,0.11
57,25,37,0.95
57,30,37,0.08
57,53,37,0.96
57,57,37,0
57,68,37,0.54
57,69,37,0.07
57,80,37,0.48
57,97,37,0.07
58,12,38,0.05
58,48,38,0.98
58,53,38,0.07
58,58,38,0
58,68,38,0.76
58,79,38,0.59
58,83,38,0.05
58,99,38,0.79
58,16,12,0.36
58,54,12,0.95
58,55,12,0.47
58,58,12,0
58,61,12,0.58
58,85,12,0.97
58,90,12,0.5
58,8,1,0.64
58,13,1,0.24
58,22,1,0.51
58,58,1,0
58,92,1,0.13
58,98,1,0.6
58,15,30,0.58
58,40,30,0.05
58,42,30,0.82
58,46,30,0.27
58,58,30,0
58,60,30,0.16
58,63,30,0.79
58,71,30,0.69
59,6,27,0.92
59,27,27,0.11
59,46,27,0.65
59,59,27,0
59,76,27,0.55
59,93,27,0.14
59,95,27,0.1
59,7,8,0.66
59,20,8,0.54
59,40,8,0.97
59,47,8,0.45
59,57,8,0.47
59,59,8,0
59,95,8,0.84
60,20,22,0.54
60,22,22,0.87
60,35,22,0.63
60,39,22,0.4
60,42,22,0.05
60,60,22,0
60,66,22,0.9
60,68,22,0.55
60,73,22,0.71
60,15,30,0.13
60,40,30,0.7
60,42,30,0.09
60,46,30,0.23
60,58,30,0.32
60,60,30,0
60,63,30,0.44
60,71,30,0.05
61,16,12,0.83
61,54,12,0.73
61,55,12,0.29
61,58,12,0.05
61,61,12,0
61,85,12,0.46
61,90,12,0.8
61,1,16,0.78
61,2,16,0.12
61,4,16,0.54
61,12,16,0.71
61,19,16,1.0
61,44,16,0.18
61,56,16,0.28
61,61,16,0
61,67,16,0.54
61,77,16,0.59
61,80,16,0.86
61,7,39,0.92
61,21,39,0.8
61,23,39,0.87
61,26,39,0.84
61,33,39,0.62
61,37,39,0.79
61,42,39,0.93
61,61,39,0
61,71,39,0.05
61,98,39,0.42
62,5,6,0.61
62,22,6,0.33
62,35,6,0.46
62,43,6,0.39
62,52,6,0.4
62,62,6,0
62,4,10,0.86
62,62,10,0
62,72,10,0.98
62,87,10,0.78
62,94,10,0.26
62,17,4,0.8
62,18,4,0.76
62,24,4,0.82
62,44,4,0.68
62,62,4,0
62,83,4,0.17
62,95,4,0.77
63,15,30,0.34
63,40,30,0.89
63,42,30,0.59
63,46,30,0.71
63,58,30,0.11
63,60,30,0.48
63,63,30,0
63,71,30,0.36
63,2,14,0.05
63,19,14,0.74
63,26,14,0.34
63,30,14,0.87
63,63,14,0
63,75,14,0.24
63,98,14,0.08
63,99,14,0.96
64,33,21,0.01
64,54,21,0.18
64,64,21,0
64,69,21,0.34
64,84,21,0.18
64,86,21,0.23
64,11,13,0.67
64,19,13,0.79
64,25,13,0.73
64,34,13,0.0
64,64,13,0
64,81,13,0.47
64,82,13,0.46
64,5,36,0.06
64,12,36,0.32
64,16,36,0.37
64,21,36,0.88
64,33,36,0.92
64,57,36,0.01
64,64,36,0
64,78,36,0.11
64,82,36,0.56
65,6,26,0.86
65,28,26,0.26
65,33,26,0.41
65,56,26,0.32
65,65,26,0
65,70,26,0.4
65,80,26,0.05
65,90,26,0.22
65,92,26,0.63
65,96,26,0.5
65,99,26,0.83
65,13,15,0.7
65,26,15,0.65
65,36,15,0.45
65,65,15,0
65,79,15,0.4
65,96,15,0.03
66,9,34,0.22
66,11,34,0.09
66,31,34,0.03
66,44,34,0.96
66,48,34,0.92
66,66,34,0
66,73,34,0.44
66,86,34,0.02
66,97,34,0.75
66,20,22,0.05
66,22,22,0.46
66,35,22,0.18
66,39,22,0.54
66,42,22,0.0
66,60,22,0.5
66,66,22,0
66,68,22,0.71
66,73,22,0.74
67,7,28,0.59
67,24,28,0.75
67,26,28,0.78
67,34,28,0.7
67,55,28,0.78
67,67,28,0
67,84,28,0.98
67,94,28,0.11
67,1,16,0.99
67,2,16,0.46
67,4,16,0.9
67,12,16,0.8
67,19,16,0.3
67,44,16,0.96
67,56,16,0.49
67,61,16,0.07
67,67,16,0
67,77,16,0.44
67,80,16,0.36
67,3,35,0.95
67,14,35,0.02
67,29,35,0.25
67,67,35,0
67,78,35,0.91
67,85,35,0.75
67,89,35,0.08
67,92,35,0.08
68,20,22,0.27
68,22,22,0.51
68,35,22,0.94
68,39,22,0.12
68,42,22,0.77
68,60,22,0.68
68,66,22,0.86
68,68,22,0
68,73,22,0.23
68,0,37,0.1
68,9,37,0.91
68,25,37,0.03
68,30,37,0.4
68,53,37,0.41
68,57,37,0.73
68,68,37,0
68,69,37,0.85
68,80,37,0.91
68,97,37,0.2
68,12,38,0.63
68,48,38,0.4
68,53,38,0.46
68,58,38,0.44
68,68,38,0
68,79,38,0.09
68,83,38,0.77
68,99,38,0.16
69,33,21,0.43
69,54,21,0.77
69,64,21,0.7
69,69,21,0
69,84,21,0.83
69,86,21,0.26
69,0,37,0.4
69,9,37,0.96
69,25,37,0.5
69,30,37,0.68
69,53,37,0.13
69,57,37,0.53
69,68,37,0.11
69,69,37,0
69,80,37,0.26
69,97,37,0.58
69,0,24,0.81
69,37,24,0.1
69,39,24,0.85
69,41,24,0.22
69,50,24,0.27
69,69,24,0
69,70,24,0.98
69,91,24,0.78
70,0,24,0.51
70,37,24,0.01
70,39,24,0.72
70,41,24,0.9
70,50,24,0.44
70,69,24,0.93
70,70,24,0
70,91,24,0.99
70,6,26,0.73
70,28,26,0.21
70,33,26,0.18
70,56,26,0.86
70,65,26,0.9
70,70,26,0
70,80,26,0.08
70,90,26,0.62
70,92,26,0.56
70,96,26,0.4
70,99,26,0.88
71,7,39,0.68
71,21,39,0.96
71,23,39,0.21
71,26,39,0.14
71,33,39,0.4
71,37,39,0.13
71,42,39,0.38
71,61,39,0.83
71,71,39,0
71,98,39,0.93
71,15,30,0.12
71,40,30,0.55
71,42,30,0.65
71,46,30,0.45
71,58,30,0.85
71,60,30,0.74
71,63,30,0.9
71,71,30,0
71,18,23,0.62
71,23,23,0.87
71,28,23,0.24
71,29,23,0.52
71,31,23,0.73
71,32,23,0.87
71,47,23,0.07
71,71,23,0
71,98,23,0.87
71,45,19,0.71
71,55,19,0.12
71,71,19,0
71,72,19,0.89
71,73,19,0.53
72,45,19,0.1
72,55,19,0.72
72,71,19,0.42
72,72,19,0
72,73,19,0.65
72,4,10,0.48
72,62,10,0.67
72,72,10,0
72,87,10,0.96
72,94,10,0.58
72,7,2,0.87
72,16,2,0.07
72,50,2,0.66
72,54,2,0.5
72,72,2,0
72,77,2,0.6
72,84,2,0.65
72,88,2,0.48
72,91,2,0.17
72,1,0,0.65
72,8,0,0.87
72,10,0,0.88
72,19,0,0.44
72,43,0,0.43
72,72,0,0
72,77,0,0.09
72,89,0,0.51
72,96,0,0.51
73,20,22,0.31
73,22,22,0.83
73,35,22,0.94
73,39,22,0.67
73,42,22,0.76
73,60,22,0.92
73,66,22,0.78
73,68,22,0.08
73,73,22,0
73,9,34,0.89
73,11,34,0.63
73,31,34,0.73
73,44,34,0.89
73,48,34,0.06
73,66,34,0.76
73,73,34,0
73,86,34,0.57
73,97,34,0.67
73,45,19,0.24
73,55,19,0.25
73,71,19,0.12
73,72,19,0.59
73,73,19,0
74,24,29,0.68
74,41,29,0.04
74,44,29,0.6
74,52,29,0.81
74,74,29,0
74,79,29,0.77
74,38,9,0.55
74,48,9,0.51
74,74,9,0
74,14,18,0.31
74,34,18,0.38
74,36,18,0.86
74,57,18,0.19
74,74,18,0
74,76,18,0.63
74,84,18,0.44
74,96,18,0.53
74,17,32,0.42
74,23,32,0.94
74,35,32,0.09
74,39,32,0.77
74,48,32,0.93
74,74,32,0
74,76,32,0.58
74,83,32,0.7
75,2,14,0.74
75,19,14,0.79
75,26,14,0.85
75,30,14,0.68
75,63,14,0.17
75,75,14,0
75,98,14,0.27
75,99,14,0.71
75,10,25,0.71
75,22,25,0.69
75,75,25,0
75,76,25,0.9
76,14,18,0.07
76,34,18,0.13
76,36,18,0.16
76,57,18,0.79
76,74,18,0.42
76,76,18,0
76,84,18,0.13
76,96,18,0.11
76,6,27,0.54
76,27,27,0.07
76,46,27,0.04
76,59,27,0.6
76,76,27,0
76,93,27,0.44
76,95,27,0.81
76,10,25,0.64
76,22,25,0.22
76,75,25,0.23
76,76,25,0
76,17,32,0.25
76,23,32,0.52
76,35,32,0.57
76,39,32,0.64
76,48,32,0.87
76,74,32,0.56
76,76,32,0
76,83,32,0.06
77,1,16,0.45
77,2,16,0.27
77,4,16,0.89
77,12,16,0.05
77,19,16,0.64
77,44,16,0.84
77,56,16,0.37
77,61,16,0.17
77,67,16,0.32
77,77,16,0
77,80,16,0.76
77,1,0,0.65
77,8,0,0.68
77,10,0,0.7
77,19,0,0.02
77,43,0,0.34
77,72,0,0.85
77,77,0,0
77,89,0,0.03
77,96,0,0.86
77,7,2,0.66
77,16,2,0.89
77,50,2,0.14
77,54,2,0.4
77,72,2,0.27
77,77,2,0
77,84,2,0.56
77,88,2,0.57
77,91,2,0.51
78,3,35,0.33
78,14,35,0.31
78,29,35,0.72
78,67,35,0.9
78,78,35,0
78,85,35,0.02
78,89,35,0.37
78,92,35,0.65
78,5,36,0.38
78,12,36,0.08
78,16,36,0.51
78,21,36,0.21
78,33,36,0.0
78,57,36,0.52
78,64,36,0.32
78,78,36,0
78,82,36,0.23
79,3,5,0.18
79,27,5,0.98
79,32,5,0.02
79,36,5,0.09
79,43,5,0.25
79,51,5,0.97
79,79,5,0
79,82,5,0.69
79,13,15,0.66
79,26,15,0.17
79,36,15,0.39
79,65,15,0.24
79,79,15,0
79,96,15,0.73
79,12,38,0.52
79,48,38,0.79
79,53,38,0.58
79,58,38,0.91
79,68,38,0.68
79,79,38,0
79,83,38,0.15
79,99,38,0.17
79,24,29,0.47
79,41,29,0.87
79,44,29,0.85
79,52,29,0.84
79,74,29,0.33
79,79,29,0
80,0,37,0.64
80,9,37,0.0
80,25,37,0.36
80,30,37,0.78
80,53,37,0.65
80,57,37,0.54
80,68,37,0.57
80,69,37,0.89
80,80,37,0
80,97,37,0.76
80,1,16,0.13
80,2,16,0.96
80,4,16,0.58
80,12,16,0.79
80,19,16,0.7
80,44,16,0.33
80,56,16,0.42
80,61,16,0.9
80,67,16,0.11
80,77,16,0.09
80,80,16,0
80,6,26,0.57
80,28,26,0.25
80,33,26,0.95
80,56,26,0.54
80,65,26,0.04
80,70,26,0.72
80,80,26,0
80,90,26,0.42
80,92,26,0.09
80,96,26,0.72
80,99,26,0.6
81,11,13,0.11
81,19,13,0.99
81,25,13,0.26
81,34,13,0.24
81,64,13,0.14
81,81,13,0
81,82,13,0.41
81,3,11,0.61
81,15,11,0.83
81,17,11,0.34
81,24,11,0.45
81,38,11,0.29
81,40,11,0.0
81,41,11,0.75
81,49,11,0.04
81,81,11,0
81,93,11,0.28
82,5,36,0.02
82,12,36,0.76
82,16,36,0.26
82,21,36,0.42
82,33,36,0.98
82,57,36,0.66
82,64,36,0.57
82,78,36,0.54
82,82,36,0
82,3,5,0.76
82,27,5,0.33
82,32,5,0.52
82,36,5,0.12
82,43,5,0.2
82,51,5,0.3
82,79,5,0.8
82,82,5,0
82,10,3,1.0
82,36,3,0.59
82,38,3,0.98
82,40,3,0.43
82,43,3,0.01
82,82,3,0
82,85,3,0.82
82,11,13,0.6
82,19,13,0.28
82,25,13,0.27
82,34,13,0.08
82,64,13,0.4
82,81,13,0.13
82,82,13,0
83,17,4,0.57
83,18,4,0.4
83,24,4,0.51
83,44,4,0.95
83,62,4,0.52
83,83,4,0
83,95,4,0.44
83,17,32,0.97
83,23,32,0.55
83,35,32,0.68
83,39,32,0.41
83,48,32,0.5
83,74,32,0.75
83,76,32,0.73
83,83,32,0
83,12,38,0.44
83,48,38,0.57
83,53,38,0.59
83,58,38,0.34
83,68,38,0.22
83,79,38,0.72
83,83,38,0
83,99,38,0.02
84,14,18,0.59
84,34,18,0.9
84,36,18,0.51
84,57,18,0.98
84,74,18,0.33
84,76,18,0.53
84,84,18,0
84,96,18,0.31
84,7,2,0.18
84,16,2,0.95
84,50,2,0.04
84,54,2,0.91
84,72,2,0.46
84,77,2,0.53
84,84,2,0
84,88,2,0.2
84,91,2,0.3
84,7,28,0.46
84,24,28,0.41
84,26,28,0.42
84,34,28,0.96
84,55,28,0.96
84,67,28,0.36
84,84,28,0
84,94,28,0.99
84,33,21,0.95
84,54,21,0.35
84,64,21,0.09
84,69,21,0.83
84,84,21,0
84,86,21,0.38
85,2,20,0.88
85,3,20,0.73
85,13,20,0.01
85,45,20,0.74
85,85,20,0
85,87,20,0.54
85,10,3,0.98
85,36,3,0.79
85,38,3,0.88
85,40,3,0.82
85,43,3,0.27
85,82,3,0.03
85,85,3,0
85,3,35,0.13
85,14,35,0.63
85,29,35,0.92
85,67,35,0.6
85,78,35,0.71
85,85,35,0
85,89,35,0.24
85,92,35,0.7
85,16,12,0.63
85,54,12,0.92
85,55,12,0.76
85,58,12,0.77
85,61,12,0.38
85,85,12,0
85,90,12,0.03
86,9,34,0.31
86,11,34,0.56
86,31,34,0.05
86,44,34,0.3
86,48,34,0.02
86,66,34,0.84
86,73,34,0.73
86,86,34,0
86,97,34,0.51
86,33,21,0.96
86,54,21,0.23
86,64,21,0.87
86,69,21,0.57
86,84,21,0.69
86,86,21,0
87,4,10,0.61
87,62,10,0.1
87,72,10,0.53
87,87,10,0
87,94,10,0.78
87,2,20,0.45
87,3,20,0.12
87,13,20,0.03
87,45,20,0.95
87,85,20,0.95
87,87,20,0
88,12,7,0.51
88,31,7,0.93
88,32,7,0.16
88,34,7,0.43
88,49,7,0.87
88,56,7,0.4
88,88,7,0
88,7,2,0.61
88,16,2,0.42
88,50,2,0.15
88,54,2,0.27
88,72,2,0.1
88,77,2,0.61
88,84,2,0.01
88,88,2,0
88,91,2,0.85
89,1,0,0.67
89,8,0,0.5
89,10,0,0.16
89,19,0,0.67
89,43,0,0.92
89,72,0,0.24
89,77,0,0.81
89,89,0,0
89,96,0,0.62
89,3,35,0.22
89,14,35,0.21
89,29,35,0.34
89,67,35,0.82
89,78,35,0.49
89,85,35,0.38
89,89,35,0
89,92,35,0.19
90,6,26,0.86
90,28,26,0.75
90,33,26,0.14
90,56,26,0.07
90,65,26,0.9
90,70,26,0.17
90,80,26,0.13
90,90,26,0
90,92,26,0.48
90,96,26,0.94
90,99,26,0.05
90,16,12,0.49
90,54,12,0.12
90,55,12,0.37
90,58,12,0.24
90,61,12,0.41
90,85,12,0.54
90,90,12,0
91,0,24,0.13
91,37,24,0.71
91,39,24,0.91
91,41,24,0.82
91,50,24,0.17
91,69,24,0.36
91,70,24,0.79
91,91,24,0
91,7,2,0.69
91,16,2,0.7
91,50,2,0.38
91,54,2,0.84
91,72,2,0.91
91,77,2,0.59
91,84,2,0.82
91,88,2,0.88
91,91,2,0
92,3,35,0.8
92,14,35,0.49
92,29,35,0.08
92,67,35,0.89
92,78,35,0.84
92,85,35,0.69
92,89,35,0.81
92,92,35,0
92,6,26,0.14
92,28,26,0.73
92,33,26,0.25
92,56,26,0.82
92,65,26,0.15
92,70,26,0.37
92,80,26,0.38
92,90,26,0.28
92,92,26,0
92,96,26,0.85
92,99,26,0.5
92,8,1,0.69
92,13,1,1.0
92,22,1,0.36
92,58,1,0.84
92,92,1,0
92,98,1,0.34
93,6,27,0.23
93,27,27,0.54
93,46,27,0.57
93,59,27,0.4
93,76,27,0.22
93,93,27,0
93,95,27,0.39
93,3,11,0.47
93,15,11,0.95
93,17,11,0.03
93,24,11,0.48
93,38,11,0.91
93,40,11,0.14
93,41,11,0.11
93,49,11,0.95
93,81,11,0.85
93,93,11,0
94,7,28,0.52
94,24,28,0.2
94,26,28,0.56
94,34,28,0.22
94,55,28,0.62
94,67,28,0.73
94,84,28,0.39
94,94,28,0
94,4,10,0.37
94,62,10,0.68
94,72,10,0.2
94,87,10,0.7
94,94,10,0
95,17,4,0.8
95,18,4,0.81
95,24,4,0.13
95,44,4,0.44
95,62,4,0.75
95,83,4,0.34
95,95,4,0
95,6,27,0.58
95,27,27,0.96
95,46,27,0.01
95,59,27,0.01
95,76,27,0.02
95,93,27,0.97
95,95,27,0
95,7,8,0.04
95,20,8,0.82
95,40,8,0.61
95,47,8,0.66
95,57,8,0.71
95,59,8,0.41
95,95,8,0
96,6,26,0.87
96,28,26,0.09
96,33,26,0.59
96,56,26,0.14
96,65,26,0.58
96,70,26,0.65
96,80,26,0.96
96,90,26,0.83
96,92,26,0.79
96,96,26,0
96,99,26,0.98
96,14,18,0.03
96,34,18,0.65
96,36,18,0.85
96,57,18,0.77
96,74,18,0.23
96,76,18,0.62
96,84,18,0.66
96,96,18,0
96,13,15,0.37
96,26,15,0.05
96,36,15,0.18
96,65,15,0.74
96,79,15,0.01
96,96,15,0
96,1,0,0.45
96,8,0,0.43
96,10,0,0.87
96,19,0,0.61
96,43,0,0.39
96,72,0,0.7
96,77,0,0.94
96,89,0,0.64
96,96,0,0
97,9,34,0.66
97,11,34,0.33
97,31,34,0.47
97,44,34,0.26
97,48,34,0.63
97,66,34,0.83
97,73,34,0.08
97,86,34,0.08
97,97,34,0
97,0,37,0.23
97,9,37,0.76
97,25,37,0.96
97,30,37,0.63
97,53,37,0.26
97,57,37,0.88
97,68,37,0.61
97,69,37,0.38
97,80,37,0.12
97,97,37,0
98,18,23,0.49
98,23,23,0.41
98,28,23,0.22
98,29,23,0.99
98,31,23,0.44
98,32,23,0.61
98,47,23,0.98
98,71,23,0.17
98,98,23,0
98,8,1,0.16
98,13,1,0.34
98,22,1,0.56
98,58,1,0.81
98,92,1,0.69
98,98,1,0
98,2,14,0.53
98,19,14,0.13
98,26,14,0.69
98,30,14,0.16
98,63,14,0.38
98,75,14,0.81
98,98,14,0
98,99,14,0.42
98,7,39,0.79
98,21,39,0.98
98,23,39,0.61
98,26,39,0.67
98,33,39,0.66
98,37,39,0.55
98,42,39,0.34
98,61,39,0.07
98,71,39,0.93
98,98,39,0
99,6,26,0.72
99,28,26,0.44
99,33,26,0.2
99,56,26,0.87
99,65,26,0.38
99,70,26,0.6
99,80,26,0.75
99,90,26,0.25
99,92,26,0.69
99,96,26,0.25
99,99,26,0
99,12,38,0.68
99,48,38,0.48
99,53,38,0.53
99,58,38,0.7
99,68,38,0.49
99,79,38,0.77
99,83,38,0.88
99,99,38,0
99,2,14,0.67
99,19,14,0.42
99,26,14,0.3
99,30,14,0.08
99,63,14,0.06
99,75,14,0.43
99,98,14,0.81
99,99,14,0