M,100,P,30,Q,100000,targetS,0.1,targetW,0.1

Resources name, resource id, current workload and max workload
R_0,0,0.73,1
R_1,1,0.3,1
R_2,2,0.76,1
R_3,3,0.64,1
R_4,4,0.75,1
R_5,5,0.55,1
R_6,6,0.53,1
R_7,7,0.54,1
R_8,8,0.77,1
R_9,9,0.39,1
R_10,10,0.71,1
R_11,11,0.68,1
R_12,12,0.24,1
R_13,13,0.55,1
R_14,14,0.21,1
R_15,15,0.78,1
R_16,16,0.68,1
R_17,17,0.52,1
R_18,18,0.78,1
R_19,19,0.43,1
R_20,20,0.8,1
R_21,21,0.77,1
R_22,22,0.22,1
R_23,23,0.47,1
R_24,24,0.36,1
R_25,25,0.35,1
R_26,26,0.78,1
R_27,27,0.66,1
R_28,28,0.28,1
R_29,29,0.22,1
R_30,30,0.62,1
R_31,31,0.39,1
R_32,32,0.46,1
R_33,33,0.39,1
R_34,34,0.45,1
R_35,35,0.64,1
R_36,36,0.45,1
R_37,37,0.22,1
R_38,38,0.8,1
R_39,39,0.66,1
R_40,40,0.3,1
R_41,41,0.64,1
R_42,42,0.37,1
R_43,43,0.36,1
R_44,44,0.69,1
R_45,45,0.68,1
R_46,46,0.53,1
R_47,47,0.55,1
R_48,48,0.47,1
R_49,49,0.48,1
R_50,50,0.73,1
R_51,51,0.37,1
R_52,52,0.6,1
R_53,53,0.55,1
R_54,54,0.46,1
R_55,55,0.43,1
R_56,56,0.28,1
R_57,57,0.28,1
R_58,58,0.42,1
R_59,59,0.69,1
R_60,60,0.35,1
R_61,61,0.26,1
R_62,62,0.66,1
R_63,63,0.41,1
R_64,64,0.7,1
R_65,65,0.64,1
R_66,66,0.67,1
R_67,67,0.58,1
R_68,68,0.64,1
R_69,69,0.59,1
R_70,70,0.62,1
R_71,71,0.4,1
R_72,72,0.33,1
R_73,73,0.75,1
R_74,74,0.64,1
R_75,75,0.46,1
R_76,76,0.21,1
R_77,77,0.76,1
R_78,78,0.6,1
R_79,79,0.41,1
R_80,80,0.57,1
R_81,81,0.36,1
R_82,82,0.76,1
R_83,83,0.24,1
R_84,84,0.35,1
R_85,85,0.8,1
R_86,86,0.67,1
R_87,87,0.72,1
R_88,88,0.58,1
R_89,89,0.3,1
R_90,90,0.79,1
R_91,91,0.64,1
R_92,92,0.77,1
R_93,93,0.69,1
R_94,94,0.51,1
R_95,95,0.57,1
R_96,96,0.45,1
R_97,97,0.49,1
R_98,98,0.51,1
R_99,99,0.6,1

Activities name, activity id, lambda, stress, resource id, priority, rifiutato
act_26,26,0.11,0.56,0,37,1
act_26,26,0.11,0.56,0,3,1
act_12,12,0.05,0.99,1,224,1
act_12,12,0.05,0.99,1,60,1
act_38,38,0.2,0.46,1,4,0
act_38,38,0.2,0.46,1,296,0
act_12,12,0.05,0.99,1,154,1
act_12,12,0.05,0.99,1,243,1
act_12,12,0.05,0.99,1,439,1
act_12,12,0.05,0.99,1,171,1
act_7,7,0.07,0.61,2,67,0
act_7,7,0.07,0.61,2,110,0
act_7,7,0.07,0.61,2,69,0
act_0,0,0.22,0.32,3,128,0
act_3,3,0.11,0.09,3,127,0
act_5,5,0.03,0.97,4,129,0
act_5,5,0.03,0.97,4,268,0
act_5,5,0.03,0.97,4,341,0
act_5,5,0.03,0.97,4,326,0
act_5,5,0.03,0.97,4,300,0
act_5,5,0.03,0.97,4,135,0
act_5,5,0.03,0.97,4,219,0
act_5,5,0.03,0.97,4,259,0
act_1,1,0.09,0.65,5,25,1
act_4,4,0.24,0.37,5,212,1
act_1,1,0.09,0.65,5,173,1
act_39,39,0.2,0.05,6,251,0
act_39,39,0.2,0.05,6,408,0
act_14,14,0.24,0.72,7,118,1
act_37,37,0.09,0.53,7,231,1
act_37,37,0.09,0.53,7,421,1
act_5,5,0.03,0.97,7,318,1
act_27,27,0.2,0.66,8,449,0
act_20,20,0.05,0.55,9,75,1
act_32,32,0.28,0.18,9,384,0
act_20,20,0.05,0.55,9,103,1
act_3,3,0.11,0.09,9,78,0
act_3,3,0.11,0.09,9,132,0
act_12,12,0.05,0.99,10,174,1
act_39,39,0.2,0.05,10,238,0
act_6,6,0.03,0.31,10,448,0
act_34,34,0.2,0.37,11,301,0
act_12,12,0.05,0.99,11,92,0
act_12,12,0.05,0.99,11,120,0
act_31,31,0.05,0.96,12,290,1
act_8,8,0.22,0.78,12,365,0
act_31,31,0.05,0.96,12,451,1
act_8,8,0.22,0.78,12,273,0
act_31,31,0.05,0.96,12,192,1
act_31,31,0.05,0.96,12,225,1
act_31,31,0.05,0.96,12,279,1
act_31,31,0.05,0.96,12,214,1
act_5,5,0.03,0.97,13,41,1
act_5,5,0.03,0.97,13,253,1
act_6,6,0.03,0.31,13,142,1
act_5,5,0.03,0.97,13,250,1
act_6,6,0.03,0.31,13,133,1
act_6,6,0.03,0.31,13,68,1
act_5,5,0.03,0.97,13,158,1
act_5,5,0.03,0.97,13,252,1
act_5,5,0.03,0.97,13,385,1
act_6,6,0.03,0.31,13,27,1
act_6,6,0.03,0.31,13,353,1
act_5,5,0.03,0.97,13,450,1
act_5,5,0.03,0.97,13,82,1
act_5,5,0.03,0.97,13,105,1
act_5,5,0.03,0.97,13,136,1
act_10,10,0.05,0.72,14,94,1
act_8,8,0.22,0.78,14,64,1
act_10,10,0.05,0.72,14,119,1
act_12,12,0.05,0.99,14,226,1
act_10,10,0.05,0.72,14,308,1
act_8,8,0.22,0.78,14,190,1
act_12,12,0.05,0.99,14,424,1
act_10,10,0.05,0.72,14,302,1
act_10,10,0.05,0.72,14,206,1
act_28,28,0.02,0.94,15,405,1
act_1,1,0.09,0.65,15,2,0
act_1,1,0.09,0.65,15,95,0
act_21,21,0.25,0.42,16,311,1
act_7,7,0.07,0.61,16,344,1
act_24,24,0.19,0.55,17,254,0
act_34,34,0.2,0.37,17,141,0
act_5,5,0.03,0.97,17,334,0
act_5,5,0.03,0.97,17,209,0
act_15,15,0.05,0.27,18,125,0
act_15,15,0.05,0.27,18,84,0
act_15,15,0.05,0.27,18,435,0
act_15,15,0.05,0.27,18,423,0
act_12,12,0.05,0.99,19,15,1
act_38,38,0.2,0.46,19,220,1
act_38,38,0.2,0.46,19,246,1
act_12,12,0.05,0.99,19,412,1
act_12,12,0.05,0.99,19,211,1
act_7,7,0.07,0.61,20,270,1
act_7,7,0.07,0.61,20,445,1
act_12,12,0.05,0.99,20,164,1
act_36,36,0.15,0.77,21,400,0
act_5,5,0.03,0.97,21,205,1
act_5,5,0.03,0.97,21,367,1
act_29,29,0.17,0.2,22,0,0
act_28,28,0.02,0.94,22,397,1
act_6,6,0.03,0.31,22,427,0
act_29,29,0.17,0.2,22,428,0
act_9,9,0.23,0.28,22,191,0
act_28,28,0.02,0.94,22,265,1
act_28,28,0.02,0.94,22,58,1
act_6,6,0.03,0.31,22,98,0
act_28,28,0.02,0.94,22,239,1
act_28,28,0.02,0.94,22,29,1
act_28,28,0.02,0.94,22,109,1
act_6,6,0.03,0.31,22,361,0
act_22,22,0.26,0.2,23,358,0
act_22,22,0.26,0.2,23,13,0
act_38,38,0.2,0.46,24,17,1
act_38,38,0.2,0.46,24,208,1
act_38,38,0.2,0.46,24,177,1
act_5,5,0.03,0.97,25,170,1
act_25,25,0.08,0.71,25,138,1
act_5,5,0.03,0.97,25,59,1
act_5,5,0.03,0.97,25,374,1
act_5,5,0.03,0.97,25,443,1
act_25,25,0.08,0.71,25,414,1
act_25,25,0.08,0.71,25,235,1
act_25,25,0.08,0.71,25,55,1
act_5,5,0.03,0.97,25,233,1
act_5,5,0.03,0.97,25,230,1
act_5,5,0.03,0.97,25,323,1
act_25,25,0.08,0.71,25,383,1
act_5,5,0.03,0.97,25,442,1
act_27,27,0.2,0.66,26,274,0
act_24,24,0.19,0.55,27,349,0
act_29,29,0.17,0.2,28,256,0
act_27,27,0.2,0.66,28,338,0
act_27,27,0.2,0.66,28,305,0
act_25,25,0.08,0.71,28,175,1
act_17,17,0.08,0.71,29,20,1
act_34,34,0.2,0.37,29,410,0
act_34,34,0.2,0.37,29,96,0
act_34,34,0.2,0.37,29,204,0
act_17,17,0.08,0.71,29,237,1
act_3,3,0.11,0.09,30,199,0
act_37,37,0.09,0.53,30,373,0
act_3,3,0.11,0.09,30,149,0
act_30,30,0.27,0.87,31,197,0
act_7,7,0.07,0.61,31,8,0
act_4,4,0.24,0.37,31,157,0
act_1,1,0.09,0.65,32,356,0
act_33,33,0.13,0.11,32,176,0
act_33,33,0.13,0.11,32,431,0
act_29,29,0.17,0.2,32,340,0
act_28,28,0.02,0.94,32,193,1
act_23,23,0.14,0.11,33,111,0
act_23,23,0.14,0.11,33,286,0
act_23,23,0.14,0.11,33,306,0
act_6,6,0.03,0.31,33,404,1
act_6,6,0.03,0.31,33,281,1
act_6,6,0.03,0.31,33,227,1
act_6,6,0.03,0.31,33,115,1
act_6,6,0.03,0.31,33,438,1
act_6,6,0.03,0.31,33,42,1
act_20,20,0.05,0.55,34,343,0
act_5,5,0.03,0.97,34,116,0
act_20,20,0.05,0.55,34,411,0
act_5,5,0.03,0.97,34,86,0
act_5,5,0.03,0.97,34,283,0
act_5,5,0.03,0.97,34,437,0
act_20,20,0.05,0.55,34,159,0
act_20,20,0.05,0.55,34,165,0
act_20,20,0.05,0.55,34,221,0
act_20,20,0.05,0.55,34,54,0
act_5,5,0.03,0.97,34,291,0
act_5,5,0.03,0.97,34,156,0
act_5,5,0.03,0.97,34,210,0
act_5,5,0.03,0.97,34,333,0
act_38,38,0.2,0.46,35,62,0
act_23,23,0.14,0.11,35,276,0
act_15,15,0.05,0.27,36,433,0
act_15,15,0.05,0.27,36,5,0
act_15,15,0.05,0.27,36,236,0
act_1,1,0.09,0.65,36,22,1
act_1,1,0.09,0.65,36,134,1
act_1,1,0.09,0.65,36,160,1
act_1,1,0.09,0.65,36,331,1
act_3,3,0.11,0.09,37,49,0
act_1,1,0.09,0.65,37,417,0
act_17,17,0.08,0.71,37,255,1
act_1,1,0.09,0.65,37,200,0
act_3,3,0.11,0.09,37,386,0
act_17,17,0.08,0.71,37,430,1
act_17,17,0.08,0.71,37,229,1
act_17,17,0.08,0.71,37,130,1
act_11,11,0.08,0.07,38,99,0
act_11,11,0.08,0.07,38,360,0
act_9,9,0.23,0.28,39,150,0
act_11,11,0.08,0.07,39,299,0
act_17,17,0.08,0.71,40,66,1
act_2,2,0.21,0.13,40,328,0
act_17,17,0.08,0.71,40,313,1
act_2,2,0.21,0.13,40,312,0
act_17,17,0.08,0.71,40,375,1
act_4,4,0.24,0.37,41,242,0
act_31,31,0.05,0.96,41,247,0
act_31,31,0.05,0.96,41,9,0
act_30,30,0.27,0.87,42,117,1
act_30,30,0.27,0.87,42,152,1
act_7,7,0.07,0.61,42,148,0
act_2,2,0.21,0.13,43,43,0
act_15,15,0.05,0.27,43,249,0
act_2,2,0.21,0.13,43,309,0
act_15,15,0.05,0.27,43,181,0
act_15,15,0.05,0.27,43,38,0
act_15,15,0.05,0.27,43,248,0
act_22,22,0.26,0.2,44,347,0
act_26,26,0.11,0.56,45,63,0
act_1,1,0.09,0.65,45,104,0
act_26,26,0.11,0.56,45,70,0
act_14,14,0.24,0.72,46,147,0
act_28,28,0.02,0.94,46,314,1
act_28,28,0.02,0.94,46,436,1
act_28,28,0.02,0.94,46,446,1
act_28,28,0.02,0.94,46,339,1
act_28,28,0.02,0.94,46,166,1
act_28,28,0.02,0.94,46,377,1
act_28,28,0.02,0.94,46,452,1
act_28,28,0.02,0.94,46,143,1
act_28,28,0.02,0.94,46,108,1
act_28,28,0.02,0.94,46,163,1
act_28,28,0.02,0.94,46,336,1
act_34,34,0.2,0.37,47,65,1
act_34,34,0.2,0.37,47,172,1
act_29,29,0.17,0.2,48,394,0
act_34,34,0.2,0.37,48,379,0
act_12,12,0.05,0.99,48,222,1
act_12,12,0.05,0.99,48,28,1
act_12,12,0.05,0.99,48,327,1
act_36,36,0.15,0.77,49,369,0
act_1,1,0.09,0.65,49,114,0
act_1,1,0.09,0.65,49,194,0
act_1,1,0.09,0.65,49,393,0
act_1,1,0.09,0.65,49,262,0
act_8,8,0.22,0.78,50,376,0
act_31,31,0.05,0.96,51,398,1
act_31,31,0.05,0.96,51,402,1
act_30,30,0.27,0.87,51,97,0
act_31,31,0.05,0.96,51,261,1
act_31,31,0.05,0.96,51,16,1
act_1,1,0.09,0.65,51,39,0
act_31,31,0.05,0.96,51,330,1
act_31,31,0.05,0.96,52,167,0
act_13,13,0.29,0.56,52,124,0
act_31,31,0.05,0.96,52,1,0
act_5,5,0.03,0.97,53,316,1
act_6,6,0.03,0.31,53,357,1
act_28,28,0.02,0.94,53,350,1
act_28,28,0.02,0.94,53,321,1
act_5,5,0.03,0.97,53,298,1
act_6,6,0.03,0.31,53,293,1
act_6,6,0.03,0.31,53,180,1
act_6,6,0.03,0.31,53,346,1
act_28,28,0.02,0.94,53,363,1
act_28,28,0.02,0.94,53,266,1
act_6,6,0.03,0.31,53,413,1
act_6,6,0.03,0.31,53,88,1
act_6,6,0.03,0.31,53,241,1
act_28,28,0.02,0.94,53,184,1
act_6,6,0.03,0.31,53,77,1
act_6,6,0.03,0.31,53,139,1
act_26,26,0.11,0.56,54,232,0
act_30,30,0.27,0.87,54,186,0
act_26,26,0.11,0.56,54,144,0
act_6,6,0.03,0.31,55,187,1
act_6,6,0.03,0.31,55,260,1
act_6,6,0.03,0.31,55,419,1
act_39,39,0.2,0.05,55,425,0
act_39,39,0.2,0.05,55,14,0
act_6,6,0.03,0.31,55,264,1
act_6,6,0.03,0.31,55,18,1
act_39,39,0.2,0.05,56,137,0
act_4,4,0.24,0.37,56,153,0
act_4,4,0.24,0.37,56,294,0
act_25,25,0.08,0.71,57,382,0
act_21,21,0.25,0.42,57,161,0
act_25,25,0.08,0.71,57,10,0
act_27,27,0.2,0.66,57,201,0
act_25,25,0.08,0.71,57,362,0
act_4,4,0.24,0.37,58,61,1
act_4,4,0.24,0.37,58,366,1
act_7,7,0.07,0.61,59,179,0
act_7,7,0.07,0.61,59,381,0
act_7,7,0.07,0.61,59,31,0
act_7,7,0.07,0.61,59,21,0
act_36,36,0.15,0.77,60,352,1
act_3,3,0.11,0.09,60,188,0
act_36,36,0.15,0.77,60,85,1
act_36,36,0.15,0.77,60,415,1
act_16,16,0.29,0.81,61,351,0
act_1,1,0.09,0.65,61,11,0
act_16,16,0.29,0.81,61,409,0
act_6,6,0.03,0.31,62,322,0
act_13,13,0.29,0.56,62,87,1
act_22,22,0.26,0.2,63,280,0
act_10,10,0.05,0.72,63,81,0
act_22,22,0.26,0.2,63,213,0
act_14,14,0.24,0.72,64,429,0
act_4,4,0.24,0.37,65,320,1
act_31,31,0.05,0.96,65,34,1
act_31,31,0.05,0.96,65,169,1
act_3,3,0.11,0.09,66,36,0
act_6,6,0.03,0.31,66,416,1
act_6,6,0.03,0.31,66,303,1
act_6,6,0.03,0.31,66,24,1
act_6,6,0.03,0.31,66,19,1
act_6,6,0.03,0.31,66,35,1
act_6,6,0.03,0.31,66,198,1
act_6,6,0.03,0.31,66,44,1
act_23,23,0.14,0.11,67,332,0
act_27,27,0.2,0.66,67,354,0
act_28,28,0.02,0.94,68,403,0
act_28,28,0.02,0.94,68,329,0
act_28,28,0.02,0.94,68,407,0
act_28,28,0.02,0.94,68,106,0
act_3,3,0.11,0.09,68,370,0
act_28,28,0.02,0.94,68,76,0
act_3,3,0.11,0.09,68,257,0
act_28,28,0.02,0.94,68,79,0
act_32,32,0.28,0.18,69,348,0
act_21,21,0.25,0.42,70,57,0
act_7,7,0.07,0.61,71,390,1
act_20,20,0.05,0.55,71,195,1
act_20,20,0.05,0.55,71,399,1
act_20,20,0.05,0.55,71,223,1
act_20,20,0.05,0.55,71,317,1
act_11,11,0.08,0.07,71,310,0
act_11,11,0.08,0.07,71,380,0
act_20,20,0.05,0.55,71,107,1
act_11,11,0.08,0.07,71,426,0
act_5,5,0.03,0.97,72,202,1
act_27,27,0.2,0.66,72,319,1
act_27,27,0.2,0.66,72,80,1
act_5,5,0.03,0.97,72,335,1
act_27,27,0.2,0.66,72,23,1
act_10,10,0.05,0.72,73,168,1
act_20,20,0.05,0.55,73,71,1
act_20,20,0.05,0.55,73,345,1
act_20,20,0.05,0.55,73,434,1
act_20,20,0.05,0.55,73,342,1
act_38,38,0.2,0.46,74,447,1
act_37,37,0.09,0.53,74,325,1
act_3,3,0.11,0.09,75,275,0
act_11,11,0.08,0.07,75,46,0
act_11,11,0.08,0.07,75,422,0
act_3,3,0.11,0.09,75,48,0
act_11,11,0.08,0.07,75,289,0
act_11,11,0.08,0.07,75,53,0
act_39,39,0.2,0.05,76,391,0
act_9,9,0.23,0.28,76,372,0
act_29,29,0.17,0.2,76,292,0
act_29,29,0.17,0.2,76,285,0
act_33,33,0.13,0.11,77,287,0
act_3,3,0.11,0.09,78,401,0
act_11,11,0.08,0.07,78,151,0
act_3,3,0.11,0.09,78,258,0
act_11,11,0.08,0.07,78,395,0
act_11,11,0.08,0.07,79,307,0
act_28,28,0.02,0.94,79,387,1
act_6,6,0.03,0.31,79,131,0
act_24,24,0.19,0.55,79,295,0
act_28,28,0.02,0.94,79,244,1
act_11,11,0.08,0.07,79,267,0
act_11,11,0.08,0.07,79,217,0
act_11,11,0.08,0.07,79,272,0
act_21,21,0.25,0.42,80,371,0
act_12,12,0.05,0.99,81,240,1
act_22,22,0.26,0.2,81,6,0
act_12,12,0.05,0.99,81,453,1
act_12,12,0.05,0.99,81,196,1
act_12,12,0.05,0.99,81,74,1
act_12,12,0.05,0.99,81,444,1
act_12,12,0.05,0.99,81,90,1
act_12,12,0.05,0.99,81,228,1
act_36,36,0.15,0.77,82,216,0
act_12,12,0.05,0.99,82,263,1
act_10,10,0.05,0.72,83,162,1
act_6,6,0.03,0.31,83,337,0
act_6,6,0.03,0.31,83,315,0
act_24,24,0.19,0.55,83,269,1
act_6,6,0.03,0.31,83,40,0
act_24,24,0.19,0.55,83,178,1
act_6,6,0.03,0.31,83,185,0
act_10,10,0.05,0.72,83,93,1
act_6,6,0.03,0.31,83,215,0
act_6,6,0.03,0.31,83,121,0
act_6,6,0.03,0.31,83,145,0
act_10,10,0.05,0.72,83,364,1
act_35,35,0.29,0.71,84,47,0
act_33,33,0.13,0.11,84,100,0
act_33,33,0.13,0.11,84,304,0
act_3,3,0.11,0.09,85,297,0
act_7,7,0.07,0.61,85,126,0
act_12,12,0.05,0.99,86,33,1
act_23,23,0.14,0.11,86,83,0
act_20,20,0.05,0.55,86,207,0
act_12,12,0.05,0.99,86,245,1
act_19,19,0.25,0.75,87,203,0
act_15,15,0.05,0.27,88,73,0
act_11,11,0.08,0.07,88,102,0
act_11,11,0.08,0.07,88,140,0
act_27,27,0.2,0.66,88,155,0
act_6,6,0.03,0.31,89,389,0
act_16,16,0.29,0.81,89,52,1
act_25,25,0.08,0.71,89,26,1
act_16,16,0.29,0.81,89,388,1
act_20,20,0.05,0.55,90,182,0
act_20,20,0.05,0.55,90,432,0
act_20,20,0.05,0.55,90,113,0
act_20,20,0.05,0.55,90,123,0
act_4,4,0.24,0.37,91,50,1
act_12,12,0.05,0.99,91,183,1
act_12,12,0.05,0.99,91,359,1
act_31,31,0.05,0.96,92,282,0
act_29,29,0.17,0.2,92,420,0
act_24,24,0.19,0.55,93,112,1
act_6,6,0.03,0.31,93,288,0
act_37,37,0.09,0.53,93,396,1
act_31,31,0.05,0.96,94,56,1
act_23,23,0.14,0.11,94,234,0
act_26,26,0.11,0.56,94,278,1
act_26,26,0.11,0.56,94,324,1
act_31,31,0.05,0.96,94,189,1
act_33,33,0.13,0.11,95,12,0
act_15,15,0.05,0.27,95,355,0
act_15,15,0.05,0.27,95,101,0
act_15,15,0.05,0.27,95,146,0
act_15,15,0.05,0.27,95,218,0
act_15,15,0.05,0.27,95,418,0
act_15,15,0.05,0.27,95,91,0
act_26,26,0.11,0.56,96,378,1
act_26,26,0.11,0.56,96,45,1
act_0,0,0.22,0.32,96,392,0
act_11,11,0.08,0.07,96,72,0
act_10,10,0.05,0.72,97,122,1
act_27,27,0.2,0.66,97,440,0
act_10,10,0.05,0.72,97,51,1
act_10,10,0.05,0.72,97,89,1
act_10,10,0.05,0.72,97,32,1
act_10,10,0.05,0.72,97,441,1
act_10,10,0.05,0.72,97,284,1
act_25,25,0.08,0.71,98,30,0
act_25,25,0.08,0.71,98,271,0
act_32,32,0.28,0.18,98,277,0
act_14,14,0.24,0.72,99,406,1
act_25,25,0.08,0.71,99,7,1
act_31,31,0.05,0.96,99,368,1

Alpha (resource id, list of activity ids)
0:30,26
1:38,12
2:7,27
3:0,3
4:8,5
5:15,1,4
6:39,0,36
7:14,37,5
8:27,26,4,6
9:32,3,22,20
10:37,39,6,12
11:34,36,12
12:8,31
13:6,5
14:10,12,8
15:1,28,21
16:7,33,21
17:22,5,24,34
18:15,8,14
19:12,38
20:7,0,12
21:0,19,5,36
22:9,28,29,6
23:16,22
24:38,16,32
25:25,5
26:20,27
27:24
28:27,25,29
29:34,17,10
30:37,3,9
31:7,4,30,16
32:33,29,28,1
33:23,6
34:20,5
35:38,23,0,27
36:15,1
37:3,17,1
38:15,31,9,11
39:9,11
40:17,2
41:31,11,16,4
42:30,7
43:36,38,15,2
44:22,14
45:1,26
46:30,28,39,14
47:23,34,13
48:12,34,29,35
49:37,33,1,36
50:14,8
51:31,1,30
52:31,13
53:5,28,6
54:8,26,30
55:6,39
56:4,30,39,37
57:25,23,21,27
58:4,29
59:15,31,7
60:9,36,3
61:16,1
62:6,13
63:22,10
64:14,1
65:31,4
66:6,3
67:13,29,27,23
68:3,28
69:34,32,22
70:21,8
71:11,7,20
72:27,0,5,39
73:10,14,20
74:37,32,38
75:3,11
76:39,21,29,9
77:16,33,27,14
78:11,3
79:6,24,11,28
80:21,9,14
81:22,12
82:12,36,2,30
83:10,24,6
84:33,35,34
85:21,7,3,22
86:20,23,12
87:19,37
88:27,15,32,11
89:6,27,25,16
90:39,20
91:12,4,13
92:29,31
93:6,39,24,37
94:26,8,31,23
95:33,15
96:0,11,26
97:27,10
98:25,32,38,15
99:25,14,31

Costs (resource, resource to replace, activity, cost)
0,0,30,0
0,31,30,0.51
0,42,30,0.91
0,46,30,0.43
0,51,30,0.72
0,54,30,0.61
0,56,30,0.32
0,82,30,0.95
0,0,26,0
0,8,26,0.66
0,45,26,0.12
0,54,26,0.9
0,94,26,0.46
0,96,26,1.0
1,1,38,0
1,19,38,0.62
1,24,38,0.02
1,35,38,0.55
1,43,38,0.94
1,74,38,0.39
1,98,38,0.47
1,1,12,0
1,10,12,0.94
1,11,12,0.73
1,14,12,0.26
1,19,12,0.33
1,20,12,0.04
1,48,12,0.72
1,81,12,0.1
1,82,12,0.12
1,86,12,0.1
1,91,12,0.61
2,2,7,0
2,16,7,0.19
2,20,7,0.03
2,31,7,0.24
2,42,7,0.38
2,59,7,0.29
2,71,7,0.34
2,85,7,0.54
2,2,27,0
2,8,27,0.98
2,26,27,0.88
2,28,27,0.97
2,35,27,0.2
2,57,27,0.14
2,67,27,0.51
2,72,27,0.46
2,77,27,0.23
2,88,27,0.62
2,89,27,0.86
2,97,27,0.97
3,3,0,0
3,6,0,0.14
3,20,0,0.09
3,21,0,0.83
3,35,0,0.46
3,72,0,0.59
3,96,0,0.97
3,3,3,0
3,9,3,0.9
3,30,3,0.84
3,37,3,0.34
3,60,3,0.26
3,66,3,0.49
3,68,3,0.41
3,75,3,0.46
3,78,3,0.78
3,85,3,0.58
4,4,8,0
4,12,8,0.18
4,14,8,0.44
4,18,8,0.44
4,50,8,0.9
4,54,8,0.57
4,70,8,0.84
4,94,8,0.53
4,4,5,0
4,7,5,0.13
4,13,5,0.86
4,17,5,0.35
4,21,5,0.32
4,25,5,0.0
4,34,5,0.79
4,53,5,0.93
4,72,5,0.45
5,5,15,0
5,18,15,0.75
5,36,15,0.85
5,38,15,0.04
5,43,15,0.53
5,59,15,0.24
5,88,15,0.16
5,95,15,0.22
5,98,15,0.16
5,5,1,0
5,15,1,0.97
5,32,1,0.97
5,36,1,0.18
5,37,1,0.51
5,45,1,0.47
5,49,1,0.26
5,51,1,0.52
5,61,1,0.05
5,64,1,0.68
5,5,4,0
5,8,4,0.13
5,31,4,0.34
5,41,4,0.88
5,56,4,0.78
5,58,4,0.81
5,65,4,0.93
5,91,4,0.19
6,6,39,0
6,10,39,0.01
6,46,39,0.43
6,55,39,0.37
6,56,39,0.58
6,72,39,0.89
6,76,39,0.56
6,90,39,0.6
6,93,39,0.18
6,3,0,0.14
6,6,0,0
6,20,0,0.24
6,21,0,0.65
6,35,0,0.92
6,72,0,0.43
6,96,0,0.6
6,6,36,0
6,11,36,0.97
6,21,36,0.21
6,43,36,0.94
6,49,36,0.53
6,60,36,0.93
6,82,36,0.8
7,7,14,0
7,18,14,0.29
7,44,14,0.74
7,46,14,0.15
7,50,14,0.26
7,64,14,0.6
7,73,14,0.38
7,77,14,0.57
7,80,14,0.06
7,99,14,0.81
7,7,37,0
7,10,37,0.2
7,30,37,0.02
7,49,37,0.54
7,56,37,0.04
7,74,37,0.94
7,87,37,0.77
7,93,37,0.34
7,4,5,0.35
7,7,5,0
7,13,5,0.24
7,17,5,0.41
7,21,5,0.81
7,25,5,0.41
7,34,5,0.06
7,53,5,0.46
7,72,5,0.44
8,2,27,0.93
8,8,27,0
8,26,27,0.29
8,28,27,0.34
8,35,27,0.1
8,57,27,0.41
8,67,27,0.72
8,72,27,0.87
8,77,27,0.77
8,88,27,0.88
8,89,27,0.13
8,97,27,0.33
8,0,26,0.15
8,8,26,0
8,45,26,0.04
8,54,26,0.68
8,94,26,0.9
8,96,26,0.67
8,5,4,0.05
8,8,4,0
8,31,4,0.18
8,41,4,0.26
8,56,4,0.36
8,58,4,0.77
8,65,4,0.99
8,91,4,0.57
8,8,6,0
8,10,6,0.73
8,13,6,0.58
8,22,6,0.07
8,33,6,0.67
8,53,6,0.56
8,55,6,0.15
8,62,6,0.63
8,66,6,0.6
8,79,6,0.07
8,83,6,0.5
8,89,6,0.71
8,93,6,0.64
9,9,32,0
9,24,32,1.0
9,69,32,0.84
9,74,32,0.2
9,88,32,0.86
9,98,32,0.21
9,3,3,0.35
9,9,3,0
9,30,3,0.13
9,37,3,0.84
9,60,3,0.71
9,66,3,0.98
9,68,3,0.05
9,75,3,0.47
9,78,3,0.63
9,85,3,0.85
9,9,22,0
9,17,22,0.29
9,23,22,0.62
9,44,22,0.07
9,63,22,0.28
9,69,22,0.66
9,81,22,0.34
9,85,22,0.84
9,9,20,0
9,26,20,0.59
9,34,20,0.51
9,71,20,0.71
9,73,20,0.63
9,86,20,0.03
9,90,20,0.31
10,7,37,0.07
10,10,37,0
10,30,37,0.95
10,49,37,0.44
10,56,37,0.63
10,74,37,0.04
10,87,37,0.94
10,93,37,0.87
10,6,39,0.72
10,10,39,0
10,46,39,0.34
10,55,39,0.13
10,56,39,0.53
10,72,39,0.37
10,76,39,0.19
10,90,39,0.82
10,93,39,0.53
10,8,6,0.5
10,10,6,0
10,13,6,0.15
10,22,6,0.83
10,33,6,0.35
10,53,6,0.89
10,55,6,0.39
10,62,6,0.22
10,66,6,0.78
10,79,6,0.04
10,83,6,0.22
10,89,6,0.55
10,93,6,0.38
10,1,12,0.39
10,10,12,0
10,11,12,0.97
10,14,12,0.64
10,19,12,0.31
10,20,12,0.03
10,48,12,0.76
10,81,12,0.61
10,82,12,0.2
10,86,12,0.86
10,91,12,0.12
11,11,34,0
11,17,34,0.06
11,29,34,0.61
11,47,34,0.22
11,48,34,0.24
11,69,34,0.03
11,84,34,0.96
11,6,36,0.6
11,11,36,0
11,21,36,0.52
11,43,36,0.43
11,49,36,0.64
11,60,36,0.42
11,82,36,0.18
11,1,12,0.78
11,10,12,0.12
11,11,12,0
11,14,12,0.15
11,19,12,0.79
11,20,12,0.62
11,48,12,0.82
11,81,12,0.04
11,82,12,0.4
11,86,12,0.71
11,91,12,0.9
12,4,8,0.98
12,12,8,0
12,14,8,0.43
12,18,8,0.72
12,50,8,0.77
12,54,8,0.13
12,70,8,0.48
12,94,8,0.11
12,12,31,0
12,38,31,0.12
12,41,31,0.06
12,51,31,0.33
12,52,31,0.23
12,59,31,0.56
12,65,31,0.65
12,92,31,0.96
12,94,31,0.74
12,99,31,0.52
13,8,6,0.45
13,10,6,0.96
13,13,6,0
13,22,6,0.6
13,33,6,0.3
13,53,6,0.55
13,55,6,0.04
13,62,6,0.62
13,66,6,0.26
13,79,6,0.05
13,83,6,0.52
13,89,6,0.48
13,93,6,0.55
13,4,5,0.12
13,7,5,0.59
13,13,5,0
13,17,5,0.05
13,21,5,0.75
13,25,5,0.76
13,34,5,0.22
13,53,5,0.2
13,72,5,0.72
14,14,10,0
14,29,10,0.24
14,63,10,0.85
14,73,10,0.09
14,83,10,0.21
14,97,10,0.93
14,1,12,0.16
14,10,12,0.33
14,11,12,0.81
14,14,12,0
14,19,12,0.92
14,20,12,0.36
14,48,12,0.84
14,81,12,0.25
14,82,12,0.47
14,86,12,0.37
14,91,12,0.96
14,4,8,0.73
14,12,8,0.46
14,14,8,0
14,18,8,0.88
14,50,8,0.08
14,54,8,0.56
14,70,8,0.14
14,94,8,0.83
15,5,1,0.92
15,15,1,0
15,32,1,0.09
15,36,1,0.34
15,37,1,0.95
15,45,1,0.24
15,49,1,0.55
15,51,1,0.03
15,61,1,0.28
15,64,1,0.78
15,15,28,0
15,22,28,0.17
15,32,28,0.72
15,46,28,0.89
15,53,28,0.56
15,68,28,0.32
15,79,28,0.9
15,15,21,0
15,16,21,0.52
15,57,21,0.05
15,70,21,0.08
15,76,21,0.95
15,80,21,0.87
15,85,21,0.56
16,2,7,0.34
16,16,7,0
16,20,7,0.88
16,31,7,0.2
16,42,7,0.01
16,59,7,0.37
16,71,7,0.17
16,85,7,0.69
16,16,33,0
16,32,33,0.14
16,49,33,0.75
16,77,33,0.58
16,84,33,0.46
16,95,33,0.0
16,15,21,0.67
16,16,21,0
16,57,21,0.65
16,70,21,0.27
16,76,21,0.86
16,80,21,0.19
16,85,21,0.42
17,9,22,0.62
17,17,22,0
17,23,22,0.53
17,44,22,0.83
17,63,22,0.9
17,69,22,0.53
17,81,22,0.99
17,85,22,0.36
17,4,5,0.75
17,7,5,0.83
17,13,5,0.76
17,17,5,0
17,21,5,0.85
17,25,5,0.19
17,34,5,0.82
17,53,5,0.92
17,72,5,0.32
17,17,24,0
17,27,24,0.39
17,79,24,0.49
17,83,24,0.08
17,93,24,0.06
17,11,34,0.92
17,17,34,0
17,29,34,1.0
17,47,34,0.36
17,48,34,0.18
17,69,34,0.48
17,84,34,0.43
18,5,15,0.75
18,18,15,0
18,36,15,0.6
18,38,15,0.97
18,43,15,0.03
18,59,15,0.06
18,88,15,0.15
18,95,15,0.77
18,98,15,0.74
18,4,8,0.16
18,12,8,0.17
18,14,8,0.75
18,18,8,0
18,50,8,0.93
18,54,8,0.04
18,70,8,0.76
18,94,8,0.72
18,7,14,0.86
18,18,14,0
18,44,14,0.73
18,46,14,0.59
18,50,14,0.42
18,64,14,0.66
18,73,14,0.67
18,77,14,0.16
18,80,14,0.56
18,99,14,0.37
19,1,12,0.89
19,10,12,0.24
19,11,12,0.6
19,14,12,0.71
19,19,12,0
19,20,12,0.7
19,48,12,0.94
19,81,12,0.77
19,82,12,0.44
19,86,12,0.78
19,91,12,0.19
19,1,38,0.99
19,19,38,0
19,24,38,0.27
19,35,38,0.95
19,43,38,0.15
19,74,38,0.45
19,98,38,0.02
20,2,7,0.72
20,16,7,0.99
20,20,7,0
20,31,7,0.58
20,42,7,0.4
20,59,7,0.73
20,71,7,0.7
20,85,7,0.54
20,3,0,0.39
20,6,0,0.11
20,20,0,0
20,21,0,0.6
20,35,0,0.34
20,72,0,0.99
20,96,0,0.07
20,1,12,0.37
20,10,12,0.24
20,11,12,0.5
20,14,12,0.3
20,19,12,0.7
20,20,12,0
20,48,12,0.64
20,81,12,0.68
20,82,12,0.12
20,86,12,0.06
20,91,12,0.78
21,3,0,0.35
21,6,0,0.97
21,20,0,0.46
21,21,0,0
21,35,0,0.42
21,72,0,0.96
21,96,0,0.3
21,21,19,0
21,87,19,0.32
21,4,5,0.48
21,7,5,0.06
21,13,5,0.04
21,17,5,0.73
21,21,5,0
21,25,5,0.29
21,34,5,0.68
21,53,5,0.88
21,72,5,0.54
21,6,36,0.15
21,11,36,0.38
21,21,36,0
21,43,36,0.72
21,49,36,0.75
21,60,36,0.68
21,82,36,0.22
22,22,9,0
22,30,9,0.69
22,38,9,0.62
22,39,9,0.85
22,60,9,0.75
22,76,9,0.77
22,80,9,0.7
22,15,28,0.09
22,22,28,0
22,32,28,0.54
22,46,28,0.23
22,53,28,0.43
22,68,28,0.07
22,79,28,0.61
22,22,29,0
22,28,29,0.9
22,32,29,0.28
22,48,29,0.89
22,58,29,0.87
22,67,29,0.11
22,76,29,0.93
22,92,29,0.67
22,8,6,0.82
22,10,6,0.1
22,13,6,0.46
22,22,6,0
22,33,6,0.03
22,53,6,0.37
22,55,6,0.34
22,62,6,0.75
22,66,6,0.38
22,79,6,0.53
22,83,6,0.54
22,89,6,0.25
22,93,6,0.27
23,23,16,0
23,24,16,0.99
23,31,16,0.11
23,41,16,0.39
23,61,16,0.17
23,77,16,0.73
23,89,16,0.65
23,9,22,0.68
23,17,22,1.0
23,23,22,0
23,44,22,0.68
23,63,22,0.36
23,69,22,0.5
23,81,22,0.0
23,85,22,0.15
24,1,38,0.26
24,19,38,0.1
24,24,38,0
24,35,38,0.85
24,43,38,0.67
24,74,38,0.49
24,98,38,0.63
24,23,16,0.95
24,24,16,0
24,31,16,0.6
24,41,16,0.71
24,61,16,0.97
24,77,16,0.85
24,89,16,0.18
24,9,32,0.91
24,24,32,0
24,69,32,0.66
24,74,32,0.72
24,88,32,0.4
24,98,32,0.61
25,25,25,0
25,28,25,0.3
25,57,25,0.04
25,89,25,0.58
25,98,25,0.87
25,99,25,0.92
25,4,5,0.15
25,7,5,0.25
25,13,5,0.75
25,17,5,0.62
25,21,5,0.35
25,25,5,0
25,34,5,0.7
25,53,5,0.49
25,72,5,0.44
26,9,20,0.75
26,26,20,0
26,34,20,0.56
26,71,20,0.35
26,73,20,0.45
26,86,20,0.71
26,90,20,0.47
26,2,27,0.43
26,8,27,0.0
26,26,27,0
26,28,27,0.72
26,35,27,0.74
26,57,27,0.26
26,67,27,0.1
26,72,27,0.04
26,77,27,0.21
26,88,27,0.32
26,89,27,0.18
26,97,27,0.47
27,27,18,0
27,17,24,0.35
27,27,24,0
27,79,24,0.55
27,83,24,0.86
27,93,24,0.92
28,2,27,0.82
28,8,27,0.39
28,26,27,0.15
28,28,27,0
28,35,27,0.71
28,57,27,0.42
28,67,27,0.94
28,72,27,0.04
28,77,27,0.95
28,88,27,0.73
28,89,27,0.76
28,97,27,0.5
28,25,25,0.48
28,28,25,0
28,57,25,0.43
28,89,25,0.91
28,98,25,0.01
28,99,25,0.87
28,22,29,0.49
28,28,29,0
28,32,29,0.03
28,48,29,0.67
28,58,29,0.29
28,67,29,0.17
28,76,29,0.78
28,92,29,0.33
29,11,34,0.94
29,17,34,0.53
29,29,34,0
29,47,34,0.96
29,48,34,0.85
29,69,34,0.8
29,84,34,0.22
29,29,17,0
29,37,17,0.42
29,40,17,0.22
29,14,10,0.39
29,29,10,0
29,63,10,0.3
29,73,10,0.76
29,83,10,0.13
29,97,10,0.01
30,7,37,0.49
30,10,37,0.54
30,30,37,0
30,49,37,0.18
30,56,37,0.94
30,74,37,0.66
30,87,37,0.65
30,93,37,0.06
30,3,3,0.17
30,9,3,0.29
30,30,3,0
30,37,3,0.05
30,60,3,0.07
30,66,3,0.56
30,68,3,0.85
30,75,3,0.33
30,78,3,0.06
30,85,3,0.35
30,22,9,0.46
30,30,9,0
30,38,9,0.72
30,39,9,0.21
30,60,9,0.31
30,76,9,0.04
30,80,9,0.09
31,2,7,0.75
31,16,7,0.35
31,20,7,0.24
31,31,7,0
31,42,7,0.31
31,59,7,0.07
31,71,7,0.16
31,85,7,0.86
31,5,4,0.84
31,8,4,0.45
31,31,4,0
31,41,4,0.05
31,56,4,0.34
31,58,4,0.79
31,65,4,0.09
31,91,4,0.56
31,0,30,0.76
31,31,30,0
31,42,30,0.33
31,46,30,0.68
31,51,30,0.37
31,54,30,0.43
31,56,30,0.77
31,82,30,0.4
31,23,16,0.4
31,24,16,0.85
31,31,16,0
31,41,16,0.34
31,61,16,0.5
31,77,16,0.34
31,89,16,0.07
32,16,33,0.51
32,32,33,0
32,49,33,0.87
32,77,33,0.34
32,84,33,0.37
32,95,33,0.77
32,22,29,0.28
32,28,29,0.01
32,32,29,0
32,48,29,0.99
32,58,29,0.29
32,67,29,0.29
32,76,29,0.45
32,92,29,0.78
32,15,28,0.51
32,22,28,0.07
32,32,28,0
32,46,28,0.82
32,53,28,0.24
32,68,28,0.92
32,79,28,0.43
32,5,1,0.21
32,15,1,0.86
32,32,1,0
32,36,1,0.96
32,37,1,0.77
32,45,1,0.06
32,49,1,0.13
32,51,1,0.87
32,61,1,0.76
32,64,1,0.22
33,33,23,0
33,35,23,0.42
33,47,23,0.66
33,57,23,0.23
33,67,23,0.48
33,86,23,0.38
33,94,23,0.68
33,8,6,0.05
33,10,6,0.41
33,13,6,0.06
33,22,6,0.62
33,33,6,0
33,53,6,0.26
33,55,6,0.45
33,62,6,0.89
33,66,6,0.24
33,79,6,0.46
33,83,6,0.13
33,89,6,0.55
33,93,6,0.0
34,9,20,0.79
34,26,20,0.36
34,34,20,0
34,71,20,0.07
34,73,20,0.31
34,86,20,0.21
34,90,20,0.26
34,4,5,0.44
34,7,5,0.66
34,13,5,0.36
34,17,5,0.87
34,21,5,0.78
34,25,5,0.5
34,34,5,0
34,53,5,0.64
34,72,5,0.52
35,1,38,0.05
35,19,38,0.3
35,24,38,0.24
35,35,38,0
35,43,38,0.66
35,74,38,0.35
35,98,38,0.35
35,33,23,0.1
35,35,23,0
35,47,23,0.64
35,57,23,0.43
35,67,23,0.28
35,86,23,0.4
35,94,23,0.04
35,3,0,0.72
35,6,0,0.82
35,20,0,0.89
35,21,0,0.81
35,35,0,0
35,72,0,0.84
35,96,0,0.27
35,2,27,0.03
35,8,27,0.32
35,26,27,0.92
35,28,27,0.99
35,35,27,0
35,57,27,0.45
35,67,27,0.95
35,72,27,0.79
35,77,27,0.97
35,88,27,0.66
35,89,27,0.4
35,97,27,0.17
36,5,15,0.47
36,18,15,0.38
36,36,15,0
36,38,15,0.91
36,43,15,0.5
36,59,15,0.56
36,88,15,0.44
36,95,15,0.71
36,98,15,0.89
36,5,1,0.5
36,15,1,0.21
36,32,1,0.79
36,36,1,0
36,37,1,0.34
36,45,1,0.53
36,49,1,0.56
36,51,1,0.88
36,61,1,0.73
36,64,1,0.34
37,3,3,0.29
37,9,3,0.11
37,30,3,0.19
37,37,3,0
37,60,3,0.47
37,66,3,0.99
37,68,3,0.42
37,75,3,0.02
37,78,3,0.32
37,85,3,0.03
37,29,17,0.61
37,37,17,0
37,40,17,0.19
37,5,1,0.39
37,15,1,0.25
37,32,1,0.21
37,36,1,0.15
37,37,1,0
37,45,1,0.13
37,49,1,0.3
37,51,1,0.68
37,61,1,0.83
37,64,1,0.84
38,5,15,0.3
38,18,15,0.37
38,36,15,0.2
38,38,15,0
38,43,15,0.26
38,59,15,0.41
38,88,15,0.27
38,95,15,0.29
38,98,15,0.09
38,12,31,0.83
38,38,31,0
38,41,31,0.36
38,51,31,0.6
38,52,31,0.48
38,59,31,0.32
38,65,31,0.07
38,92,31,0.45
38,94,31,0.85
38,99,31,0.18
38,22,9,0.88
38,30,9,0.83
38,38,9,0
38,39,9,0.9
38,60,9,0.22
38,76,9,0.09
38,80,9,0.29
38,38,11,0
38,39,11,0.3
38,41,11,0.09
38,71,11,0.46
38,75,11,0.62
38,78,11,0.74
38,79,11,0.05
38,88,11,0.85
38,96,11,0.78
39,22,9,0.27
39,30,9,0.21
39,38,9,0.25
39,39,9,0
39,60,9,0.27
39,76,9,0.67
39,80,9,0.74
39,38,11,0.1
39,39,11,0
39,41,11,0.71
39,71,11,0.53
39,75,11,0.83
39,78,11,0.03
39,79,11,0.11
39,88,11,0.44
39,96,11,0.06
40,29,17,0.5
40,37,17,0.32
40,40,17,0
40,40,2,0
40,43,2,0.05
40,82,2,0.63
41,12,31,0.04
41,38,31,0.85
41,41,31,0
41,51,31,0.55
41,52,31,0.64
41,59,31,0.34
41,65,31,0.79
41,92,31,0.4
41,94,31,0.34
41,99,31,0.28
41,38,11,0.47
41,39,11,0.02
41,41,11,0
41,71,11,0.46
41,75,11,0.13
41,78,11,0.05
41,79,11,0.04
41,88,11,0.21
41,96,11,0.17
41,23,16,0.76
41,24,16,0.58
41,31,16,0.9
41,41,16,0
41,61,16,0.74
41,77,16,0.32
41,89,16,0.28
41,5,4,0.89
41,8,4,0.22
41,31,4,0.44
41,41,4,0
41,56,4,0.75
41,58,4,0.28
41,65,4,0.15
41,91,4,0.08
42,0,30,0.34
42,31,30,0.34
42,42,30,0
42,46,30,0.05
42,51,30,0.96
42,54,30,0.8
42,56,30,0.56
42,82,30,0.93
42,2,7,0.88
42,16,7,0.73
42,20,7,0.94
42,31,7,0.7
42,42,7,0
42,59,7,0.41
42,71,7,0.04
42,85,7,0.75
43,6,36,0.55
43,11,36,0.82
43,21,36,0.42
43,43,36,0
43,49,36,0.39
43,60,36,0.78
43,82,36,0.73
43,1,38,0.36
43,19,38,0.23
43,24,38,0.3
43,35,38,0.19
43,43,38,0
43,74,38,0.38
43,98,38,0.76
43,5,15,0.26
43,18,15,0.86
43,36,15,0.79
43,38,15,0.03
43,43,15,0
43,59,15,0.75
43,88,15,0.63
43,95,15,0.32
43,98,15,0.34
43,40,2,0.69
43,43,2,0
43,82,2,0.65
44,9,22,0.22
44,17,22,0.8
44,23,22,0.03
44,44,22,0
44,63,22,0.45
44,69,22,0.83
44,81,22,0.51
44,85,22,0.37
44,7,14,0.42
44,18,14,0.76
44,44,14,0
44,46,14,0.84
44,50,14,0.33
44,64,14,0.06
44,73,14,0.38
44,77,14,0.4
44,80,14,0.45
44,99,14,0.83
45,5,1,0.73
45,15,1,0.33
45,32,1,0.16
45,36,1,0.04
45,37,1,0.81
45,45,1,0
45,49,1,0.51
45,51,1,0.64
45,61,1,0.52
45,64,1,0.54
45,0,26,0.9
45,8,26,0.74
45,45,26,0
45,54,26,0.78
45,94,26,0.59
45,96,26,0.02
46,0,30,0.25
46,31,30,0.08
46,42,30,0.39
46,46,30,0
46,51,30,0.61
46,54,30,0.99
46,56,30,0.6
46,82,30,0.76
46,15,28,0.87
46,22,28,0.68
46,32,28,0.87
46,46,28,0
46,53,28,0.73
46,68,28,0.63
46,79,28,0.68
46,6,39,0.09
46,10,39,0.07
46,46,39,0
46,55,39,0.21
46,56,39,0.97
46,72,39,0.5
46,76,39,0.27
46,90,39,0.14
46,93,39,0.33
46,7,14,0.2
46,18,14,0.82
46,44,14,1.0
46,46,14,0
46,50,14,0.7
46,64,14,0.72
46,73,14,0.33
46,77,14,0.11
46,80,14,0.54
46,99,14,0.46
47,33,23,0.54
47,35,23,0.78
47,47,23,0
47,57,23,0.52
47,67,23,0.78
47,86,23,0.21
47,94,23,0.88
47,11,34,0.97
47,17,34,0.88
47,29,34,0.49
47,47,34,0
47,48,34,0.45
47,69,34,0.7
47,84,34,0.0
47,47,13,0
47,52,13,0.87
47,62,13,0.67
47,67,13,0.78
47,91,13,0.99
48,1,12,0.11
48,10,12,0.96
48,11,12,0.11
48,14,12,0.06
48,19,12,0.68
48,20,12,0.43
48,48,12,0
48,81,12,0.15
48,82,12,0.64
48,86,12,0.14
48,91,12,0.22
48,11,34,0.08
48,17,34,0.01
48,29,34,0.71
48,47,34,0.97
48,48,34,0
48,69,34,0.9
48,84,34,0.75
48,22,29,0.71
48,28,29,0.73
48,32,29,0.47
48,48,29,0
48,58,29,0.91
48,67,29,0.91
48,76,29,0.55
48,92,29,0.94
48,48,35,0
48,84,35,0.95
49,7,37,0.32
49,10,37,0.46
49,30,37,0.79
49,49,37,0
49,56,37,0.93
49,74,37,0.59
49,87,37,0.33
49,93,37,0.2
49,16,33,0.61
49,32,33,0.44
49,49,33,0
49,77,33,0.42
49,84,33,0.47
49,95,33,0.58
49,5,1,0.27
49,15,1,0.46
49,32,1,0.62
49,36,1,0.39
49,37,1,0.38
49,45,1,0.73
49,49,1,0
49,51,1,0.93
49,61,1,0.76
49,64,1,0.78
49,6,36,0.98
49,11,36,0.34
49,21,36,0.53
49,43,36,0.43
49,49,36,0
49,60,36,0.25
49,82,36,0.27
50,7,14,0.55
50,18,14,0.25
50,44,14,0.99
50,46,14,0.17
50,50,14,0
50,64,14,0.39
50,73,14,0.61
50,77,14,0.87
50,80,14,0.22
50,99,14,0.71
50,4,8,0.89
50,12,8,0.43
50,14,8,0.1
50,18,8,0.84
50,50,8,0
50,54,8,0.49
50,70,8,0.02
50,94,8,0.06
51,12,31,0.04
51,38,31,0.26
51,41,31,0.5
51,51,31,0
51,52,31,0.1
51,59,31,0.88
51,65,31,0.36
51,92,31,0.85
51,94,31,0.45
51,99,31,0.04
51,5,1,0.87
51,15,1,0.82
51,32,1,0.42
51,36,1,0.52
51,37,1,0.71
51,45,1,0.25
51,49,1,0.6
51,51,1,0
51,61,1,0.93
51,64,1,0.88
51,0,30,0.33
51,31,30,0.23
51,42,30,0.02
51,46,30,0.46
51,51,30,0
51,54,30,0.48
51,56,30,0.58
51,82,30,0.61
52,12,31,0.6
52,38,31,0.58
52,41,31,0.46
52,51,31,0.58
52,52,31,0
52,59,31,0.09
52,65,31,0.82
52,92,31,0.59
52,94,31,0.87
52,99,31,0.93
52,47,13,0.2
52,52,13,0
52,62,13,0.01
52,67,13,0.95
52,91,13,0.1
53,4,5,0.89
53,7,5,0.16
53,13,5,0.91
53,17,5,0.28
53,21,5,0.85
53,25,5,0.97
53,34,5,0.01
53,53,5,0
53,72,5,0.07
53,15,28,0.83
53,22,28,0.53
53,32,28,0.23
53,46,28,0.97
53,53,28,0
53,68,28,0.62
53,79,28,0.76
53,8,6,0.64
53,10,6,0.34
53,13,6,0.99
53,22,6,0.59
53,33,6,0.33
53,53,6,0
53,55,6,0.99
53,62,6,0.8
53,66,6,0.13
53,79,6,0.05
53,83,6,0.06
53,89,6,0.74
53,93,6,0.82
54,4,8,0.96
54,12,8,0.05
54,14,8,0.62
54,18,8,0.96
54,50,8,0.34
54,54,8,0
54,70,8,0.95
54,94,8,0.89
54,0,26,0.66
54,8,26,0.1
54,45,26,0.05
54,54,26,0
54,94,26,0.43
54,96,26,0.07
54,0,30,0.56
54,31,30,0.35
54,42,30,0.28
54,46,30,0.05
54,51,30,0.12
54,54,30,0
54,56,30,0.07
54,82,30,0.9
55,8,6,0.29
55,10,6,0.5
55,13,6,0.04
55,22,6,0.21
55,33,6,0.24
55,53,6,0.86
55,55,6,0
55,62,6,0.08
55,66,6,0.85
55,79,6,0.47
55,83,6,0.03
55,89,6,0.28
55,93,6,0.98
55,6,39,0.79
55,10,39,0.19
55,46,39,0.69
55,55,39,0
55,56,39,0.94
55,72,39,0.44
55,76,39,0.08
55,90,39,0.29
55,93,39,0.03
56,5,4,0.2
56,8,4,0.84
56,31,4,0.02
56,41,4,0.46
56,56,4,0
56,58,4,0.25
56,65,4,0.72
56,91,4,0.96
56,0,30,0.58
56,31,30,0.5
56,42,30,0.94
56,46,30,0.83
56,51,30,0.21
56,54,30,0.94
56,56,30,0
56,82,30,0.04
56,6,39,0.73
56,10,39,0.36
56,46,39,0.77
56,55,39,0.98
56,56,39,0
56,72,39,0.19
56,76,39,0.71
56,90,39,0.9
56,93,39,0.3
56,7,37,0.14
56,10,37,0.43
56,30,37,0.11
56,49,37,0.54
56,56,37,0
56,74,37,0.21
56,87,37,0.29
56,93,37,0.71
57,25,25,0.48
57,28,25,0.51
57,57,25,0
57,89,25,0.08
57,98,25,0.51
57,99,25,0.91
57,33,23,0.33
57,35,23,0.3
57,47,23,0.66
57,57,23,0
57,67,23,0.9
57,86,23,0.7
57,94,23,0.32
57,15,21,0.68
57,16,21,0.65
57,57,21,0
57,70,21,0.57
57,76,21,0.57
57,80,21,0.57
57,85,21,0.59
57,2,27,0.24
57,8,27,0.05
57,26,27,0.2
57,28,27,0.49
57,35,27,0.42
57,57,27,0
57,67,27,0.04
57,72,27,0.23
57,77,27,0.37
57,88,27,0.33
57,89,27,0.93
57,97,27,0.13
58,5,4,0.22
58,8,4,0.62
58,31,4,0.69
58,41,4,0.44
58,56,4,0.84
58,58,4,0
58,65,4,0.69
58,91,4,0.85
58,22,29,0.78
58,28,29,0.59
58,32,29,0.37
58,48,29,0.94
58,58,29,0
58,67,29,0.07
58,76,29,0.61
58,92,29,1.0
59,5,15,0.85
59,18,15,0.57
59,36,15,0.5
59,38,15,0.34
59,43,15,0.41
59,59,15,0
59,88,15,0.98
59,95,15,0.92
59,98,15,0.47
59,12,31,0.6
59,38,31,0.07
59,41,31,0.98
59,51,31,0.33
59,52,31,0.93
59,59,31,0
59,65,31,0.59
59,92,31,0.81
59,94,31,0.63
59,99,31,0.4
59,2,7,0.26
59,16,7,0.19
59,20,7,0.85
59,31,7,0.81
59,42,7,0.98
59,59,7,0
59,71,7,0.32
59,85,7,0.38
60,22,9,0.72
60,30,9,0.98
60,38,9,0.55
60,39,9,0.76
60,60,9,0
60,76,9,0.41
60,80,9,0.7
60,6,36,0.57
60,11,36,0.35
60,21,36,0.86
60,43,36,0.48
60,49,36,0.13
60,60,36,0
60,82,36,0.5
60,3,3,0.26
60,9,3,0.46
60,30,3,0.66
60,37,3,0.65
60,60,3,0
60,66,3,0.4
60,68,3,0.68
60,75,3,0.46
60,78,3,0.76
60,85,3,0.27
61,23,16,0.67
61,24,16,0.34
61,31,16,0.46
61,41,16,0.7
61,61,16,0
61,77,16,0.92
61,89,16,0.18
61,5,1,0.02
61,15,1,0.07
61,32,1,0.17
61,36,1,0.23
61,37,1,0.36
61,45,1,0.87
61,49,1,0.74
61,51,1,0.71
61,61,1,0
61,64,1,0.72
62,8,6,0.33
62,10,6,0.99
62,13,6,0.56
62,22,6,0.24
62,33,6,0.7
62,53,6,0.7
62,55,6,0.54
62,62,6,0
62,66,6,0.25
62,79,6,0.89
62,83,6,0.8
62,89,6,0.54
62,93,6,0.21
62,47,13,0.41
62,52,13,0.96
62,62,13,0
62,67,13,0.11
62,91,13,0.32
63,9,22,0.48
63,17,22,0.68
63,23,22,0.67
63,44,22,0.35
63,63,22,0
63,69,22,0.08
63,81,22,0.76
63,85,22,0.23
63,14,10,0.02
63,29,10,0.81
63,63,10,0
63,73,10,0.45
63,83,10,0.15
63,97,10,0.11
64,7,14,0.18
64,18,14,1.0
64,44,14,0.33
64,46,14,0.01
64,50,14,0.97
64,64,14,0
64,73,14,0.08
64,77,14,0.26
64,80,14,0.24
64,99,14,0.37
64,5,1,0.39
64,15,1,0.15
64,32,1,0.4
64,36,1,0.07
64,37,1,0.04
64,45,1,0.61
64,49,1,0.31
64,51,1,0.32
64,61,1,0.28
64,64,1,0
65,12,31,0.95
65,38,31,0.69
65,41,31,0.15
65,51,31,0.47
65,52,31,0.76
65,59,31,0.13
65,65,31,0
65,92,31,0.93
65,94,31,0.73
65,99,31,0.47
65,5,4,0.28
65,8,4,0.19
65,31,4,0.97
65,41,4,0.68
65,56,4,0.16
65,58,4,0.93
65,65,4,0
65,91,4,0.94
66,8,6,0.74
66,10,6,0.89
66,13,6,0.31
66,22,6,0.62
66,33,6,0.54
66,53,6,0.3
66,55,6,0.16
66,62,6,0.03
66,66,6,0
66,79,6,0.03
66,83,6,0.11
66,89,6,0.84
66,93,6,0.02
66,3,3,0.33
66,9,3,0.3
66,30,3,0.23
66,37,3,0.35
66,60,3,0.2
66,66,3,0
66,68,3,0.51
66,75,3,0.41
66,78,3,0.98
66,85,3,0.66
67,47,13,0.99
67,52,13,0.21
67,62,13,0.05
67,67,13,0
67,91,13,0.03
67,22,29,0.81
67,28,29,0.96
67,32,29,0.11
67,48,29,0.05
67,58,29,0.16
67,67,29,0
67,76,29,0.98
67,92,29,0.32
67,2,27,0.99
67,8,27,0.86
67,26,27,0.05
67,28,27,0.98
67,35,27,0.84
67,57,27,0.43
67,67,27,0
67,72,27,0.23
67,77,27,0.53
67,88,27,0.9
67,89,27,0.7
67,97,27,0.49
67,33,23,0.66
67,35,23,0.44
67,47,23,0.59
67,57,23,0.71
67,67,23,0
67,86,23,0.03
67,94,23,0.95
68,3,3,0.31
68,9,3,0.51
68,30,3,0.7
68,37,3,0.33
68,60,3,0.73
68,66,3,0.41
68,68,3,0
68,75,3,0.38
68,78,3,0.13
68,85,3,0.2
68,15,28,0.36
68,22,28,0.23
68,32,28,0.27
68,46,28,0.25
68,53,28,0.57
68,68,28,0
68,79,28,0.65
69,11,34,0.93
69,17,34,0.37
69,29,34,0.68
69,47,34,0.26
69,48,34,0.69
69,69,34,0
69,84,34,0.95
69,9,32,0.58
69,24,32,0.22
69,69,32,0
69,74,32,0.99
69,88,32,0.75
69,98,32,0.42
69,9,22,0.53
69,17,22,0.94
69,23,22,0.32
69,44,22,0.86
69,63,22,0.04
69,69,22,0
69,81,22,0.18
69,85,22,0.35
70,15,21,0.21
70,16,21,0.03
70,57,21,0.77
70,70,21,0
70,76,21,0.14
70,80,21,0.9
70,85,21,0.26
70,4,8,0.92
70,12,8,0.6
70,14,8,0.64
70,18,8,0.17
70,50,8,0.76
70,54,8,0.23
70,70,8,0
70,94,8,0.73
71,38,11,0.53
71,39,11,0.23
71,41,11,0.13
71,71,11,0
71,75,11,0.83
71,78,11,0.97
71,79,11,0.88
71,88,11,0.32
71,96,11,0.45
71,2,7,0.46
71,16,7,0.74
71,20,7,0.18
71,31,7,0.22
71,42,7,0.42
71,59,7,0.07
71,71,7,0
71,85,7,0.05
71,9,20,0.62
71,26,20,0.8
71,34,20,0.86
71,71,20,0
71,73,20,0.67
71,86,20,0.39
71,90,20,0.87
72,2,27,0.49
72,8,27,0.05
72,26,27,0.4
72,28,27,0.78
72,35,27,0.62
72,57,27,0.64
72,67,27,0.3
72,72,27,0
72,77,27,0.55
72,88,27,0.03
72,89,27,0.8
72,97,27,0.48
72,3,0,0.72
72,6,0,0.1
72,20,0,0.42
72,21,0,0.5
72,35,0,0.19
72,72,0,0
72,96,0,0.18
72,4,5,0.26
72,7,5,0.16
72,13,5,0.99
72,17,5,0.41
72,21,5,0.61
72,25,5,0.78
72,34,5,0.13
72,53,5,0.2
72,72,5,0
72,6,39,0.33
72,10,39,0.71
72,46,39,0.15
72,55,39,0.47
72,56,39,0.4
72,72,39,0
72,76,39,0.18
72,90,39,0.11
72,93,39,0.37
73,14,10,0.92
73,29,10,0.08
73,63,10,0.69
73,73,10,0
73,83,10,0.39
73,97,10,0.16
73,7,14,0.96
73,18,14,0.47
73,44,14,0.6
73,46,14,0.46
73,50,14,0.11
73,64,14,0.75
73,73,14,0
73,77,14,0.73
73,80,14,0.51
73,99,14,0.47
73,9,20,0.2
73,26,20,0.61
73,34,20,0.63
73,71,20,0.92
73,73,20,0
73,86,20,0.84
73,90,20,0.22
74,7,37,0.15
74,10,37,0.77
74,30,37,0.92
74,49,37,0.79
74,56,37,0.83
74,74,37,0
74,87,37,0.9
74,93,37,0.24
74,9,32,0.3
74,24,32,0.07
74,69,32,0.55
74,74,32,0
74,88,32,0.77
74,98,32,0.46
74,1,38,0.8
74,19,38,0.05
74,24,38,0.83
74,35,38,0.23
74,43,38,0.22
74,74,38,0
74,98,38,0.28
75,3,3,0.49
75,9,3,0.16
75,30,3,0.94
75,37,3,0.78
75,60,3,0.54
75,66,3,0.39
75,68,3,0.88
75,75,3,0
75,78,3,0.83
75,85,3,0.63
75,38,11,0.26
75,39,11,0.45
75,41,11,0.47
75,71,11,0.27
75,75,11,0
75,78,11,0.6
75,79,11,0.65
75,88,11,0.24
75,96,11,0.07
76,6,39,0.97
76,10,39,0.55
76,46,39,0.43
76,55,39,0.8
76,56,39,0.62
76,72,39,0.62
76,76,39,0
76,90,39,0.53
76,93,39,0.96
76,15,21,0.92
76,16,21,0.63
76,57,21,0.35
76,70,21,0.65
76,76,21,0
76,80,21,0.75
76,85,21,0.26
76,22,29,0.74
76,28,29,0.51
76,32,29,0.91
76,48,29,0.65
76,58,29,0.25
76,67,29,0.55
76,76,29,0
76,92,29,0.51
76,22,9,0.24
76,30,9,0.46
76,38,9,0.33
76,39,9,0.26
76,60,9,0.05
76,76,9,0
76,80,9,0.6
77,23,16,0.14
77,24,16,0.01
77,31,16,0.83
77,41,16,0.97
77,61,16,0.5
77,77,16,0
77,89,16,0.54
77,16,33,0.09
77,32,33,0.03
77,49,33,0.07
77,77,33,0
77,84,33,0.06
77,95,33,0.03
77,2,27,0.9
77,8,27,0.95
77,26,27,0.54
77,28,27,0.72
77,35,27,0.64
77,57,27,0.5
77,67,27,0.7
77,72,27,0.74
77,77,27,0
77,88,27,0.71
77,89,27,0.57
77,97,27,0.63
77,7,14,0.17
77,18,14,0.91
77,44,14,0.67
77,46,14,0.02
77,50,14,0.71
77,64,14,0.4
77,73,14,0.13
77,77,14,0
77,80,14,0.07
77,99,14,0.03
78,38,11,0.81
78,39,11,0.18
78,41,11,0.0
78,71,11,0.59
78,75,11,0.19
78,78,11,0
78,79,11,0.48
78,88,11,0.36
78,96,11,0.12
78,3,3,0.3
78,9,3,0.88
78,30,3,0.51
78,37,3,0.75
78,60,3,0.88
78,66,3,0.29
78,68,3,0.75
78,75,3,0.62
78,78,3,0
78,85,3,0.21
79,8,6,0.56
79,10,6,0.12
79,13,6,0.86
79,22,6,0.07
79,33,6,0.23
79,53,6,0.76
79,55,6,0.29
79,62,6,0.45
79,66,6,0.44
79,79,6,0
79,83,6,0.08
79,89,6,0.21
79,93,6,0.34
79,17,24,0.91
79,27,24,0.66
79,79,24,0
79,83,24,0.51
79,93,24,0.95
79,38,11,0.83
79,39,11,0.36
79,41,11,0.79
79,71,11,0.28
79,75,11,0.84
79,78,11,0.34
79,79,11,0
79,88,11,0.13
79,96,11,0.17
79,15,28,0.1
79,22,28,0.96
79,32,28,0.8
79,46,28,0.13
79,53,28,0.38
79,68,28,0.62
79,79,28,0
80,15,21,0.75
80,16,21,0.8
80,57,21,0.18
80,70,21,0.84
80,76,21,0.99
80,80,21,0
80,85,21,0.42
80,22,9,0.83
80,30,9,0.74
80,38,9,0.22
80,39,9,0.9
80,60,9,0.65
80,76,9,0.56
80,80,9,0
80,7,14,0.22
80,18,14,0.85
80,44,14,0.45
80,46,14,0.7
80,50,14,0.48
80,64,14,0.92
80,73,14,0.74
80,77,14,0.85
80,80,14,0
80,99,14,0.96
81,9,22,0.71
81,17,22,0.5
81,23,22,0.66
81,44,22,0.13
81,63,22,0.37
81,69,22,0.34
81,81,22,0
81,85,22,0.1
81,1,12,0.91
81,10,12,0.74
81,11,12,0.71
81,14,12,0.98
81,19,12,0.47
81,20,12,0.05
81,48,12,0.59
81,81,12,0
81,82,12,0.72
81,86,12,0.09
81,91,12,0.09
82,1,12,0.15
82,10,12,0.37
82,11,12,0.55
82,14,12,0.09
82,19,12,0.76
82,20,12,0.94
82,48,12,0.79
82,81,12,0.68
82,82,12,0
82,86,12,0.47
82,91,12,0.24
82,6,36,0.49
82,11,36,0.52
82,21,36,0.07
82,43,36,0.41
82,49,36,0.63
82,60,36,0.52
82,82,36,0
82,40,2,0.43
82,43,2,0.44
82,82,2,0
82,0,30,0.35
82,31,30,0.74
82,42,30,0.87
82,46,30,0.42
82,51,30,0.18
82,54,30,0.54
82,56,30,0.16
82,82,30,0
83,14,10,0.24
83,29,10,0.21
83,63,10,0.9
83,73,10,0.46
83,83,10,0
83,97,10,0.01
83,17,24,0.59
83,27,24,0.44
83,79,24,0.5
83,83,24,0
83,93,24,0.3
83,8,6,0.14
83,10,6,0.23
83,13,6,0.01
83,22,6,0.36
83,33,6,0.09
83,53,6,0.1
83,55,6,0.17
83,62,6,0.99
83,66,6,0.31
83,79,6,0.62
83,83,6,0
83,89,6,0.62
83,93,6,0.16
84,16,33,0.79
84,32,33,0.18
84,49,33,0.42
84,77,33,0.46
84,84,33,0
84,95,33,0.38
84,48,35,0.73
84,84,35,0
84,11,34,0.41
84,17,34,0.7
84,29,34,0.4
84,47,34,0.17
84,48,34,0.2
84,69,34,0.6
84,84,34,0
85,15,21,0.63
85,16,21,0.79
85,57,21,0.22
85,70,21,0.15
85,76,21,0.8
85,80,21,0.13
85,85,21,0
85,2,7,0.18
85,16,7,0.16
85,20,7,0.64
85,31,7,0.26
85,42,7,0.03
85,59,7,0.81
85,71,7,0.59
85,85,7,0
85,3,3,0.55
85,9,3,0.11
85,30,3,0.95
85,37,3,0.17
85,60,3,0.79
85,66,3,0.47
85,68,3,0.17
85,75,3,0.17
85,78,3,0.32
85,85,3,0
85,9,22,0.87
85,17,22,0.94
85,23,22,0.99
85,44,22,0.66
85,63,22,0.83
85,69,22,0.31
85,81,22,0.04
85,85,22,0
86,9,20,0.6
86,26,20,0.62
86,34,20,0.4
86,71,20,0.96
86,73,20,0.71
86,86,20,0
86,90,20,0.83
86,33,23,0.15
86,35,23,0.16
86,47,23,0.1
86,57,23,0.7
86,67,23,0.88
86,86,23,0
86,94,23,0.49
86,1,12,0.51
86,10,12,0.12
86,11,12,0.45
86,14,12,0.66
86,19,12,0.23
86,20,12,0.12
86,48,12,0.99
86,81,12,0.13
86,82,12,0.79
86,86,12,0
86,91,12,0.08
87,21,19,0.87
87,87,19,0
87,7,37,0.03
87,10,37,0.97
87,30,37,0.35
87,49,37,0.18
87,56,37,0.88
87,74,37,0.61
87,87,37,0
87,93,37,0.88
88,2,27,0.72
88,8,27,0.08
88,26,27,0.83
88,28,27,0.08
88,35,27,0.02
88,57,27,0.28
88,67,27,0.04
88,72,27,0.19
88,77,27,0.61
88,88,27,0
88,89,27,0.32
88,97,27,0.69
88,5,15,0.84
88,18,15,0.12
88,36,15,0.73
88,38,15,0.3
88,43,15,0.94
88,59,15,0.42
88,88,15,0
88,95,15,0.25
88,98,15,0.98
88,9,32,0.59
88,24,32,0.99
88,69,32,0.26
88,74,32,0.91
88,88,32,0
88,98,32,0.31
88,38,11,0.48
88,39,11,0.05
88,41,11,0.42
88,71,11,0.22
88,75,11,1.0
88,78,11,0.38
88,79,11,0.15
88,88,11,0
88,96,11,0.25
89,8,6,0.45
89,10,6,0.88
89,13,6,0.99
89,22,6,0.59
89,33,6,0.76
89,53,6,0.87
89,55,6,0.57
89,62,6,0.76
89,66,6,0.48
89,79,6,0.03
89,83,6,0.33
89,89,6,0
89,93,6,0.45
89,2,27,0.87
89,8,27,0.36
89,26,27,0.79
89,28,27,0.08
89,35,27,0.8
89,57,27,0.42
89,67,27,0.28
89,72,27,0.04
89,77,27,0.75
89,88,27,0.7
89,89,27,0
89,97,27,0.15
89,25,25,0.24
89,28,25,0.68
89,57,25,0.63
89,89,25,0
89,98,25,0.66
89,99,25,0.33
89,23,16,0.34
89,24,16,0.85
89,31,16,0.64
89,41,16,0.41
89,61,16,0.92
89,77,16,0.9
89,89,16,0
90,6,39,0.25
90,10,39,0.65
90,46,39,0.78
90,55,39,0.79
90,56,39,0.16
90,72,39,0.08
90,76,39,0.29
90,90,39,0
90,93,39,0.96
90,9,20,0.76
90,26,20,0.18
90,34,20,0.86
90,71,20,0.15
90,73,20,0.9
90,86,20,0.77
90,90,20,0
91,1,12,0.59
91,10,12,0.39
91,11,12,0.08
91,14,12,0.65
91,19,12,0.25
91,20,12,0.47
91,48,12,0.1
91,81,12,0.75
91,82,12,0.62
91,86,12,0.37
91,91,12,0
91,5,4,0.54
91,8,4,0.37
91,31,4,0.26
91,41,4,0.23
91,56,4,0.61
91,58,4,0.35
91,65,4,0.29
91,91,4,0
91,47,13,0.95
91,52,13,0.87
91,62,13,0.54
91,67,13,0.34
91,91,13,0
92,22,29,0.55
92,28,29,0.54
92,32,29,0.43
92,48,29,0.6
92,58,29,0.78
92,67,29,0.25
92,76,29,0.05
92,92,29,0
92,12,31,0.24
92,38,31,0.8
92,41,31,0.3
92,51,31,0.1
92,52,31,0.56
92,59,31,0.42
92,65,31,0.6
92,92,31,0
92,94,31,0.66
92,99,31,0.82
93,8,6,0.43
93,10,6,0.85
93,13,6,0.59
93,22,6,0.15
93,33,6,0.22
93,53,6,0.1
93,55,6,0.71
93,62,6,0.02
93,66,6,0.65
93,79,6,0.47
93,83,6,0.22
93,89,6,0.53
93,93,6,0
93,6,39,0.6
93,10,39,0.7
93,46,39,0.93
93,55,39,0.36
93,56,39,0.93
93,72,39,0.57
93,76,39,0.03
93,90,39,0.52
93,93,39,0
93,17,24,0.29
93,27,24,0.74
93,79,24,0.07
93,83,24,0.35
93,93,24,0
93,7,37,0.2
93,10,37,0.01
93,30,37,0.99
93,49,37,0.82
93,56,37,0.33
93,74,37,0.51
93,87,37,0.17
93,93,37,0
94,0,26,0.81
94,8,26,0.05
94,45,26,0.4
94,54,26,0.86
94,94,26,0
94,96,26,0.68
94,4,8,0.12
94,12,8,0.95
94,14,8,0.59
94,18,8,0.38
94,50,8,0.37
94,54,8,0.22
94,70,8,0.99
94,94,8,0
94,12,31,0.23
94,38,31,0.6
94,41,31,0.57
94,51,31,0.63
94,52,31,0.2
94,59,31,0.24
94,65,31,0.16
94,92,31,0.81
94,94,31,0
94,99,31,0.16
94,33,23,0.25
94,35,23,0.76
94,47,23,0.69
94,57,23,0.66
94,67,23,0.72
94,86,23,0.64
94,94,23,0
95,16,33,0.94
95,32,33,0.01
95,49,33,0.87
95,77,33,0.29
95,84,33,0.78
95,95,33,0
95,5,15,0.31
95,18,15,0.16
95,36,15,0.1
95,38,15,0.99
95,43,15,0.32
95,59,15,0.58
95,88,15,0.65
95,95,15,0
95,98,15,0.75
96,3,0,0.15
96,6,0,0.1
96,20,0,0.12
96,21,0,0.42
96,35,0,0.48
96,72,0,0.47
96,96,0,0
96,38,11,0.99
96,39,11,0.19
96,41,11,0.66
96,71,11,0.61
96,75,11,0.78
96,78,11,0.57
96,79,11,0.47
96,88,11,0.55
96,96,11,0
96,0,26,0.62
96,8,26,0.25
96,45,26,0.99
96,54,26,0.7
96,94,26,0.99
96,96,26,0
97,2,27,0.68
97,8,27,0.55
97,26,27,0.95
97,28,27,0.98
97,35,27,0.76
97,57,27,0.53
97,67,27,0.93
97,72,27,0.68
97,77,27,0.16
97,88,27,0.02
97,89,27,0.62
97,97,27,0
97,14,10,0.86
97,29,10,0.69
97,63,10,0.46
97,73,10,0.99
97,83,10,0.79
97,97,10,0
98,25,25,0.55
98,28,25,0.33
98,57,25,0.74
98,89,25,0.68
98,98,25,0
98,99,25,0.75
98,9,32,0.73
98,24,32,0.01
98,69,32,0.83
98,74,32,0.06
98,88,32,0.33
98,98,32,0
98,1,38,0.16
98,19,38,0.56
98,24,38,0.89
98,35,38,0.35
98,43,38,0.36
98,74,38,0.95
98,98,38,0
98,5,15,0.98
98,18,15,0.6
98,36,15,0.19
98,38,15,0.08
98,43,15,0.35
98,59,15,0.05
98,88,15,0.08
98,95,15,0.51
98,98,15,0
99,25,25,0.44
99,28,25,0.24
99,57,25,0.52
99,89,25,0.27
99,98,25,0.45
99,99,25,0
99,7,14,0.2
99,18,14,0.14
99,44,14,0.08
99,46,14,0.37
99,50,14,0.19
99,64,14,0.36
99,73,14,0.19
99,77,14,0.0
99,80,14,0.65
99,99,14,0
99,12,31,0.4
99,38,31,0.82
99,41,31,0.24
99,51,31,0.08
99,52,31,0.48
99,59,31,0.35
99,65,31,0.37
99,92,31,0.25
99,94,31,0.29
99,99,31,0