M,100,P,30,Q,100000,targetS,0.1,targetW,0.1

Resources name, resource id, current workload and max workload
R_0,0,0.78,1
R_1,1,0.65,1
R_2,2,0.72,1
R_3,3,0.71,1
R_4,4,0.73,1
R_5,5,0.76,1
R_6,6,0.72,1
R_7,7,0.78,1
R_8,8,0.73,1
R_9,9,0.8,1
R_10,10,0.68,1
R_11,11,0.61,1
R_12,12,0.79,1
R_13,13,0.75,1
R_14,14,0.63,1
R_15,15,0.64,1
R_16,16,0.72,1
R_17,17,0.7,1
R_18,18,0.63,1
R_19,19,0.63,1
R_20,20,0.74,1
R_21,21,0.78,1
R_22,22,0.62,1
R_23,23,0.71,1
R_24,24,0.77,1
R_25,25,0.67,1
R_26,26,0.77,1
R_27,27,0.61,1
R_28,28,0.67,1
R_29,29,0.7,1
R_30,30,0.78,1
R_31,31,0.68,1
R_32,32,0.62,1
R_33,33,0.73,1
R_34,34,0.64,1
R_35,35,0.71,1
R_36,36,0.68,1
R_37,37,0.61,1
R_38,38,0.77,1
R_39,39,0.78,1
R_40,40,0.69,1
R_41,41,0.75,1
R_42,42,0.69,1
R_43,43,0.8,1
R_44,44,0.62,1
R_45,45,0.74,1
R_46,46,0.79,1
R_47,47,0.75,1
R_48,48,0.6,1
R_49,49,0.66,1
R_50,50,0.7,1
R_51,51,0.73,1
R_52,52,0.64,1
R_53,53,0.64,1
R_54,54,0.79,1
R_55,55,0.62,1
R_56,56,0.63,1
R_57,57,0.63,1
R_58,58,0.65,1
R_59,59,0.77,1
R_60,60,0.72,1
R_61,61,0.79,1
R_62,62,0.69,1
R_63,63,0.65,1
R_64,64,0.72,1
R_65,65,0.6,1
R_66,66,0.7,1
R_67,67,0.71,1
R_68,68,0.74,1
R_69,69,0.61,1
R_70,70,0.71,1
R_71,71,0.64,1
R_72,72,0.66,1
R_73,73,0.71,1
R_74,74,0.6,1
R_75,75,0.71,1
R_76,76,0.79,1
R_77,77,0.78,1
R_78,78,0.63,1
R_79,79,0.68,1
R_80,80,0.65,1
R_81,81,0.6,1
R_82,82,0.77,1
R_83,83,0.62,1
R_84,84,0.76,1
R_85,85,0.64,1
R_86,86,0.67,1
R_87,87,0.65,1
R_88,88,0.73,1
R_89,89,0.73,1
R_90,90,0.65,1
R_91,91,0.78,1
R_92,92,0.67,1
R_93,93,0.63,1
R_94,94,0.7,1
R_95,95,0.67,1
R_96,96,0.6,1
R_97,97,0.63,1
R_98,98,0.7,1
R_99,99,0.79,1

Activities name, activity id, lambda, stress, resource id, priority, rifiutato
act_19,19,0.21,0.13,0,116,0
act_9,9,0.17,0.9,1,142,1
act_7,7,0.16,0.47,1,184,1
act_17,17,0.16,0.6,2,120,0
act_13,13,0.11,0.72,2,77,1
act_10,10,0.22,0.17,3,95,0
act_5,5,0.04,0.34,3,283,0
act_5,5,0.04,0.34,4,239,1
act_5,5,0.04,0.34,4,90,1
act_11,11,0.1,0.3,4,192,0
act_5,5,0.04,0.34,4,57,1
act_5,5,0.04,0.34,4,102,1
act_4,4,0.14,0.52,5,98,0
act_3,3,0.05,0.22,6,100,0
act_3,3,0.05,0.22,6,149,0
act_3,3,0.05,0.22,6,164,0
act_3,3,0.05,0.22,6,106,0
act_3,3,0.05,0.22,6,49,0
act_12,12,0.18,0.61,7,14,0
act_0,0,0.06,0.2,8,128,0
act_0,0,0.06,0.2,8,323,0
act_13,13,0.11,0.72,8,340,0
act_11,11,0.1,0.3,9,160,0
act_11,11,0.1,0.3,9,319,0
act_8,8,0.19,0.1,10,19,0
act_5,5,0.04,0.34,10,161,1
act_5,5,0.04,0.34,10,175,1
act_5,5,0.04,0.34,10,72,1
act_19,19,0.21,0.13,11,47,0
act_12,12,0.18,0.61,12,93,0
act_9,9,0.17,0.9,13,326,0
act_13,13,0.11,0.72,14,277,1
act_9,9,0.17,0.9,14,305,1
act_0,0,0.06,0.2,15,55,0
act_11,11,0.1,0.3,15,68,0
act_11,11,0.1,0.3,15,70,0
act_0,0,0.06,0.2,15,58,0
act_6,6,0.03,0.95,16,307,1
act_6,6,0.03,0.95,16,222,1
act_15,15,0.01,0.92,16,303,1
act_15,15,0.01,0.92,16,297,1
act_6,6,0.03,0.95,16,298,1
act_6,6,0.03,0.95,16,267,1
act_15,15,0.01,0.92,16,4,1
act_6,6,0.03,0.95,16,300,1
act_15,15,0.01,0.92,16,89,1
act_15,15,0.01,0.92,16,28,1
act_15,15,0.01,0.92,16,158,1
act_6,6,0.03,0.95,16,304,1
act_6,6,0.03,0.95,16,43,1
act_6,6,0.03,0.95,17,75,1
act_19,19,0.21,0.13,17,302,0
act_6,6,0.03,0.95,17,231,1
act_6,6,0.03,0.95,17,254,1
act_6,6,0.03,0.95,18,33,1
act_6,6,0.03,0.95,18,166,1
act_6,6,0.03,0.95,18,253,1
act_15,15,0.01,0.92,18,21,1
act_6,6,0.03,0.95,18,220,1
act_15,15,0.01,0.92,18,213,1
act_6,6,0.03,0.95,18,109,1
act_6,6,0.03,0.95,18,206,1
act_15,15,0.01,0.92,18,133,1
act_15,15,0.01,0.92,18,99,1
act_15,15,0.01,0.92,18,281,1
act_15,15,0.01,0.92,18,134,1
act_6,6,0.03,0.95,18,322,1
act_15,15,0.01,0.92,18,69,1
act_15,15,0.01,0.92,18,332,1
act_6,6,0.03,0.95,18,123,1
act_15,15,0.01,0.92,18,170,1
act_15,15,0.01,0.92,18,324,1
act_15,15,0.01,0.92,18,250,1
act_15,15,0.01,0.92,18,127,1
act_18,18,0.22,0.04,19,240,0
act_15,15,0.01,0.92,19,309,1
act_11,11,0.1,0.3,19,230,0
act_15,15,0.01,0.92,19,180,1
act_15,15,0.01,0.92,19,265,1
act_15,15,0.01,0.92,19,241,1
act_15,15,0.01,0.92,19,60,1
act_15,15,0.01,0.92,20,17,1
act_15,15,0.01,0.92,20,162,1
act_15,15,0.01,0.92,20,333,1
act_15,15,0.01,0.92,20,177,1
act_15,15,0.01,0.92,20,327,1
act_15,15,0.01,0.92,20,20,1
act_15,15,0.01,0.92,20,29,1
act_15,15,0.01,0.92,20,117,1
act_15,15,0.01,0.92,20,138,1
act_15,15,0.01,0.92,20,61,1
act_15,15,0.01,0.92,20,224,1
act_15,15,0.01,0.92,20,187,1
act_15,15,0.01,0.92,20,221,1
act_15,15,0.01,0.92,20,37,1
act_15,15,0.01,0.92,20,46,1
act_15,15,0.01,0.92,20,295,1
act_15,15,0.01,0.92,20,207,1
act_15,15,0.01,0.92,20,159,1
act_15,15,0.01,0.92,20,215,1
act_15,15,0.01,0.92,20,24,1
act_15,15,0.01,0.92,20,165,1
act_15,15,0.01,0.92,20,247,1
act_15,15,0.01,0.92,20,169,1
act_15,15,0.01,0.92,20,271,1
act_15,15,0.01,0.92,20,137,1
act_15,15,0.01,0.92,20,256,1
act_10,10,0.22,0.17,21,315,0
act_18,18,0.22,0.04,22,174,0
act_4,4,0.14,0.52,22,284,0
act_19,19,0.21,0.13,23,91,0
act_8,8,0.19,0.1,24,173,0
act_7,7,0.16,0.47,25,274,1
act_7,7,0.16,0.47,25,235,1
act_19,19,0.21,0.13,26,190,0
act_7,7,0.16,0.47,27,301,0
act_7,7,0.16,0.47,27,92,0
act_5,5,0.04,0.34,27,286,0
act_18,18,0.22,0.04,28,154,0
act_18,18,0.22,0.04,29,83,0
act_17,17,0.16,0.6,30,141,0
act_0,0,0.06,0.2,31,105,0
act_17,17,0.16,0.6,31,269,0
act_11,11,0.1,0.3,31,130,0
act_0,0,0.06,0.2,32,262,0
act_6,6,0.03,0.95,32,129,1
act_0,0,0.06,0.2,32,52,0
act_6,6,0.03,0.95,32,150,1
act_0,0,0.06,0.2,32,38,0
act_6,6,0.03,0.95,32,76,1
act_6,6,0.03,0.95,32,199,1
act_6,6,0.03,0.95,32,103,1
act_6,6,0.03,0.95,32,287,1
act_4,4,0.14,0.52,33,198,0
act_11,11,0.1,0.3,34,292,0
act_11,11,0.1,0.3,34,15,0
act_11,11,0.1,0.3,34,118,0
act_18,18,0.22,0.04,35,97,0
act_16,16,0.29,0.13,36,318,0
act_10,10,0.22,0.17,37,51,0
act_7,7,0.16,0.47,38,0,0
act_11,11,0.1,0.3,39,217,0
act_11,11,0.1,0.3,39,204,0
act_9,9,0.17,0.9,40,136,1
act_13,13,0.11,0.72,40,63,1
act_0,0,0.06,0.2,41,209,0
act_3,3,0.05,0.22,41,248,0
act_0,0,0.06,0.2,41,65,0
act_0,0,0.06,0.2,41,218,0
act_14,14,0.24,0.54,42,237,0
act_13,13,0.11,0.72,43,73,0
act_0,0,0.06,0.2,43,257,0
act_8,8,0.19,0.1,44,252,0
act_4,4,0.14,0.52,44,85,0
act_10,10,0.22,0.17,45,153,0
act_7,7,0.16,0.47,46,110,0
act_18,18,0.22,0.04,47,275,0
act_12,12,0.18,0.61,48,3,1
act_12,12,0.18,0.61,48,32,1
act_4,4,0.14,0.52,49,31,0
act_4,4,0.14,0.52,49,201,0
act_17,17,0.16,0.6,50,216,0
act_11,11,0.1,0.3,50,6,0
act_5,5,0.04,0.34,50,44,0
act_5,5,0.04,0.34,51,155,0
act_5,5,0.04,0.34,51,62,0
act_5,5,0.04,0.34,51,12,0
act_5,5,0.04,0.34,51,167,0
act_5,5,0.04,0.34,51,263,0
act_5,5,0.04,0.34,51,313,0
act_8,8,0.19,0.1,52,316,0
act_11,11,0.1,0.3,52,132,0
act_2,2,0.27,0.63,53,232,1
act_3,3,0.05,0.22,53,115,0
act_6,6,0.03,0.95,53,214,1
act_7,7,0.16,0.47,54,288,0
act_0,0,0.06,0.2,55,64,0
act_0,0,0.06,0.2,55,84,0
act_19,19,0.21,0.13,55,334,0
act_11,11,0.1,0.3,56,290,0
act_7,7,0.16,0.47,56,227,0
act_11,11,0.1,0.3,56,39,0
act_14,14,0.24,0.54,57,310,0
act_13,13,0.11,0.72,57,124,1
act_14,14,0.24,0.54,58,34,0
act_11,11,0.1,0.3,58,336,0
act_10,10,0.22,0.17,59,66,0
act_4,4,0.14,0.52,60,246,1
act_4,4,0.14,0.52,60,189,1
act_6,6,0.03,0.95,61,311,1
act_17,17,0.16,0.6,61,266,1
act_15,15,0.01,0.92,62,249,1
act_8,8,0.19,0.1,62,35,0
act_15,15,0.01,0.92,62,178,1
act_15,15,0.01,0.92,62,185,1
act_15,15,0.01,0.92,62,27,1
act_15,15,0.01,0.92,62,30,1
act_15,15,0.01,0.92,62,195,1
act_15,15,0.01,0.92,62,228,1
act_15,15,0.01,0.92,62,53,1
act_15,15,0.01,0.92,62,135,1
act_15,15,0.01,0.92,62,88,1
act_15,15,0.01,0.92,62,279,1
act_15,15,0.01,0.92,62,176,1
act_2,2,0.27,0.63,63,312,0
act_15,15,0.01,0.92,64,291,1
act_10,10,0.22,0.17,64,280,0
act_15,15,0.01,0.92,64,282,1
act_15,15,0.01,0.92,64,260,1
act_15,15,0.01,0.92,64,146,1
act_15,15,0.01,0.92,64,193,1
act_18,18,0.22,0.04,65,273,0
act_7,7,0.16,0.47,65,325,0
act_9,9,0.17,0.9,66,143,0
act_15,15,0.01,0.92,66,86,1
act_15,15,0.01,0.92,66,40,1
act_15,15,0.01,0.92,66,25,1
act_15,15,0.01,0.92,66,56,1
act_15,15,0.01,0.92,66,191,1
act_15,15,0.01,0.92,66,331,1
act_15,15,0.01,0.92,66,114,1
act_15,15,0.01,0.92,66,226,1
act_15,15,0.01,0.92,66,163,1
act_15,15,0.01,0.92,66,94,1
act_15,15,0.01,0.92,66,78,1
act_15,15,0.01,0.92,66,296,1
act_15,15,0.01,0.92,66,151,1
act_12,12,0.18,0.61,67,212,0
act_5,5,0.04,0.34,68,1,1
act_5,5,0.04,0.34,68,328,1
act_5,5,0.04,0.34,68,147,1
act_5,5,0.04,0.34,68,13,1
act_5,5,0.04,0.34,68,197,1
act_5,5,0.04,0.34,68,272,1
act_15,15,0.01,0.92,68,36,1
act_19,19,0.21,0.13,69,131,0
act_3,3,0.05,0.22,69,236,0
act_3,3,0.05,0.22,69,87,0
act_3,3,0.05,0.22,69,245,0
act_16,16,0.29,0.13,70,107,0
act_19,19,0.21,0.13,71,59,0
act_4,4,0.14,0.52,71,22,0
act_18,18,0.22,0.04,72,9,0
act_11,11,0.1,0.3,72,276,0
act_10,10,0.22,0.17,73,299,0
act_1,1,0.29,0.06,74,294,0
act_15,15,0.01,0.92,74,219,1
act_15,15,0.01,0.92,74,125,1
act_15,15,0.01,0.92,74,126,1
act_15,15,0.01,0.92,74,251,1
act_15,15,0.01,0.92,74,148,1
act_15,15,0.01,0.92,74,321,1
act_15,15,0.01,0.92,74,188,1
act_15,15,0.01,0.92,74,264,1
act_15,15,0.01,0.92,74,145,1
act_15,15,0.01,0.92,74,18,1
act_17,17,0.16,0.6,75,71,0
act_11,11,0.1,0.3,75,5,0
act_4,4,0.14,0.52,76,200,0
act_9,9,0.17,0.9,77,314,0
act_14,14,0.24,0.54,78,196,0
act_16,16,0.29,0.13,79,79,0
act_12,12,0.18,0.61,80,101,0
act_11,11,0.1,0.3,80,341,0
act_2,2,0.27,0.63,81,113,1
act_6,6,0.03,0.95,81,202,1
act_6,6,0.03,0.95,81,54,1
act_6,6,0.03,0.95,81,225,1
act_6,6,0.03,0.95,81,45,1
act_17,17,0.16,0.6,82,67,0
act_6,6,0.03,0.95,83,238,1
act_17,17,0.16,0.6,83,293,1
act_6,6,0.03,0.95,83,308,1
act_6,6,0.03,0.95,83,194,1
act_5,5,0.04,0.34,83,182,1
act_5,5,0.04,0.34,83,140,1
act_5,5,0.04,0.34,83,285,1
act_19,19,0.21,0.13,84,223,0
act_19,19,0.21,0.13,85,210,0
act_11,11,0.1,0.3,85,168,0
act_15,15,0.01,0.92,85,171,1
act_15,15,0.01,0.92,85,96,1
act_15,15,0.01,0.92,85,42,1
act_15,15,0.01,0.92,85,339,1
act_9,9,0.17,0.9,86,74,0
act_3,3,0.05,0.22,86,320,0
act_3,3,0.05,0.22,86,270,0
act_3,3,0.05,0.22,86,211,0
act_16,16,0.29,0.13,87,122,0
act_6,6,0.03,0.95,87,278,1
act_6,6,0.03,0.95,87,104,1
act_6,6,0.03,0.95,88,268,1
act_6,6,0.03,0.95,88,26,1
act_6,6,0.03,0.95,88,306,1
act_6,6,0.03,0.95,88,48,1
act_6,6,0.03,0.95,88,335,1
act_6,6,0.03,0.95,88,233,1
act_6,6,0.03,0.95,88,81,1
act_6,6,0.03,0.95,88,337,1
act_13,13,0.11,0.72,89,208,1
act_13,13,0.11,0.72,89,289,1
act_6,6,0.03,0.95,89,229,1
act_16,16,0.29,0.13,90,121,0
act_3,3,0.05,0.22,90,243,0
act_15,15,0.01,0.92,91,181,1
act_4,4,0.14,0.52,91,317,0
act_15,15,0.01,0.92,91,2,1
act_15,15,0.01,0.92,91,242,1
act_15,15,0.01,0.92,91,338,1
act_15,15,0.01,0.92,91,183,1
act_15,15,0.01,0.92,91,205,1
act_15,15,0.01,0.92,91,179,1
act_15,15,0.01,0.92,92,50,1
act_15,15,0.01,0.92,92,8,1
act_15,15,0.01,0.92,92,203,1
act_18,18,0.22,0.04,92,255,0
act_6,6,0.03,0.95,92,11,1
act_6,6,0.03,0.95,92,41,1
act_15,15,0.01,0.92,92,82,1
act_8,8,0.19,0.1,93,234,0
act_4,4,0.14,0.52,94,157,0
act_0,0,0.06,0.2,94,258,0
act_0,0,0.06,0.2,94,329,0
act_12,12,0.18,0.61,95,111,0
act_13,13,0.11,0.72,95,259,0
act_1,1,0.29,0.06,96,156,0
act_3,3,0.05,0.22,97,23,0
act_7,7,0.16,0.47,97,261,0
act_3,3,0.05,0.22,97,186,0
act_3,3,0.05,0.22,97,108,0
act_3,3,0.05,0.22,97,80,0
act_5,5,0.04,0.34,98,152,1
act_5,5,0.04,0.34,98,16,1
act_5,5,0.04,0.34,98,330,1
act_5,5,0.04,0.34,98,139,1
act_5,5,0.04,0.34,98,10,1
act_5,5,0.04,0.34,98,144,1
act_5,5,0.04,0.34,98,244,1
act_3,3,0.05,0.22,99,172,0
act_3,3,0.05,0.22,99,7,0
act_3,3,0.05,0.22,99,119,0
act_3,3,0.05,0.22,99,112,0

Alpha (resource id, list of activity ids)
0:7,17,19
1:7,9
2:13,5,17,16
3:10,19,5
4:3,19,5,11
5:13,16,4
6:3,4
7:12,18,17
8:13,18,0
9:5,14,18,11
10:5,2,8
11:12,19
12:2,7,12,5
13:9,16
14:9,13
15:0,11
16:15,6,16
17:19,6,13
18:6,15
19:15,18,8,11
20:15,2
21:17,10,15
22:4,18,6
23:19,18
24:12,7,3,8
25:19,0,10,7
26:2,19
27:7,14,5
28:18,12
29:18,14,7
30:7,17
31:0,11,17
32:0,6,7
33:12,4,9
34:14,11
35:18,19
36:13,16,19
37:2,19,10
38:7,16
39:11,14
40:9,13
41:0,3,16
42:1,14,17,12
43:0,18,13,1
44:19,8,4,10
45:4,10
46:10,7
47:18,3
48:12,0
49:4,2
50:11,17,5
51:16,5
52:11,8
53:6,3,2
54:16,7
55:0,13,16,19
56:11,7
57:14,16,13
58:11,14
59:5,15,16,10
60:17,19,4,7
61:6,0,17
62:8,15
63:10,2,4
64:15,10
65:7,12,18,6
66:7,15,9,14
67:17,12
68:15,5
69:10,3,19
70:16,0
71:4,19,18
72:3,1,11,18
73:9,10,1
74:15,1
75:11,17
76:4,14,2
77:19,9
78:16,1,18,14
79:16,12
80:1,19,12,11
81:2,12,6
82:11,10,17
83:17,6,5
84:4,0,19
85:8,19,11,15
86:3,9,2,4
87:16,6,13,1
88:6,14
89:13,6
90:16,3,5,1
91:15,4,16
92:15,6,18,13
93:19,8,10
94:4,8,1,0
95:12,7,13,0
96:10,16,1
97:3,10,7
98:2,5,18
99:2,3,12

Costs (resource, resource to replace, activity, cost)
0,0,7,0
0,1,7,0.23
0,12,7,0.04
0,24,7,0.59
0,25,7,0.14
0,27,7,0.82
0,29,7,0.56
0,30,7,0.62
0,32,7,0.96
0,38,7,0.52
0,46,7,0.53
0,54,7,0.12
0,56,7,0.21
0,60,7,0.64
0,65,7,0.95
0,66,7,0.04
0,95,7,0.86
0,97,7,0.32
0,0,17,0
0,2,17,0.62
0,7,17,0.16
0,21,17,0.12
0,30,17,0.18
0,31,17,0.87
0,42,17,0.5
0,50,17,0.62
0,60,17,0.88
0,61,17,0.79
0,67,17,1.0
0,75,17,0.91
0,82,17,0.65
0,83,17,0.06
0,0,19,0
0,3,19,0.39
0,4,19,0.63
0,11,19,0.42
0,17,19,0.59
0,23,19,0.01
0,25,19,0.34
0,26,19,0.37
0,35,19,0.6
0,36,19,0.01
0,37,19,0.94
0,44,19,0.09
0,55,19,0.29
0,60,19,0.67
0,69,19,0.28
0,71,19,0.53
0,77,19,0.75
0,80,19,0.97
0,84,19,0.28
0,85,19,0.4
0,93,19,0.38
1,0,7,0.89
1,1,7,0
1,12,7,0.62
1,24,7,0.14
1,25,7,0.56
1,27,7,0.71
1,29,7,0.75
1,30,7,0.18
1,32,7,0.5
1,38,7,0.81
1,46,7,0.53
1,54,7,0.57
1,56,7,0.7
1,60,7,0.04
1,65,7,0.56
1,66,7,0.06
1,95,7,0.73
1,97,7,0.48
1,1,9,0
1,13,9,0.03
1,14,9,0.94
1,33,9,0.82
1,40,9,0.78
1,66,9,0.07
1,73,9,0.27
1,77,9,0.24
1,86,9,0.48
2,2,13,0
2,5,13,0.81
2,8,13,0.66
2,14,13,0.39
2,17,13,0.19
2,36,13,0.66
2,40,13,0.03
2,43,13,0.7
2,55,13,0.76
2,57,13,0.08
2,87,13,0.21
2,89,13,0.11
2,92,13,0.04
2,95,13,0.05
2,2,5,0
2,3,5,0.05
2,4,5,0.22
2,9,5,0.8
2,10,5,0.29
2,12,5,0.63
2,27,5,0.14
2,50,5,0.35
2,51,5,0.49
2,59,5,0.9
2,68,5,0.87
2,83,5,0.78
2,90,5,0.07
2,98,5,0.58
2,0,17,0.77
2,2,17,0
2,7,17,0.14
2,21,17,0.83
2,30,17,0.69
2,31,17,0.67
2,42,17,0.2
2,50,17,0.99
2,60,17,0.49
2,61,17,0.78
2,67,17,0.42
2,75,17,0.17
2,82,17,0.06
2,83,17,0.97
2,2,16,0
2,5,16,0.34
2,13,16,0.82
2,16,16,0.2
2,36,16,0.42
2,38,16,0.24
2,41,16,0.54
2,51,16,0.31
2,54,16,0.13
2,55,16,0.12
2,57,16,0.8
2,59,16,0.27
2,70,16,0.49
2,78,16,0.35
2,79,16,0.99
2,87,16,0.44
2,90,16,0.95
2,91,16,0.0
2,96,16,0.8
3,3,10,0
3,21,10,0.42
3,25,10,0.11
3,37,10,0.41
3,44,10,0.98
3,45,10,0.88
3,46,10,0.51
3,59,10,0.57
3,63,10,0.77
3,64,10,0.67
3,69,10,0.34
3,73,10,0.37
3,82,10,0.45
3,93,10,0.48
3,96,10,0.32
3,97,10,0.99
3,0,19,0.18
3,3,19,0
3,4,19,0.83
3,11,19,0.94
3,17,19,0.88
3,23,19,0.33
3,25,19,0.74
3,26,19,0.28
3,35,19,0.31
3,36,19,0.61
3,37,19,0.79
3,44,19,0.52
3,55,19,0.74
3,60,19,0.67
3,69,19,0.73
3,71,19,0.7
3,77,19,0.36
3,80,19,0.56
3,84,19,0.19
3,85,19,0.59
3,93,19,0.07
3,2,5,0.33
3,3,5,0
3,4,5,0.56
3,9,5,0.67
3,10,5,0.2
3,12,5,0.72
3,27,5,0.33
3,50,5,0.01
3,51,5,0.52
3,59,5,0.16
3,68,5,0.45
3,83,5,0.2
3,90,5,0.65
3,98,5,0.32
4,4,3,0
4,6,3,0.09
4,24,3,0.96
4,41,3,1.0
4,47,3,0.73
4,53,3,0.78
4,69,3,0.64
4,72,3,0.78
4,86,3,0.41
4,90,3,0.35
4,97,3,0.27
4,99,3,0.25
4,0,19,0.52
4,3,19,0.35
4,4,19,0
4,11,19,0.47
4,17,19,1.0
4,23,19,0.95
4,25,19,0.75
4,26,19,0.07
4,35,19,0.53
4,36,19,0.09
4,37,19,0.6
4,44,19,0.13
4,55,19,0.48
4,60,19,0.52
4,69,19,0.85
4,71,19,0.5
4,77,19,0.49
4,80,19,0.23
4,84,19,0.94
4,85,19,0.61
4,93,19,0.15
4,2,5,0.6
4,3,5,0.43
4,4,5,0
4,9,5,0.41
4,10,5,0.46
4,12,5,0.11
4,27,5,0.65
4,50,5,0.6
4,51,5,0.12
4,59,5,0.02
4,68,5,0.42
4,83,5,0.78
4,90,5,0.25
4,98,5,0.04
4,4,11,0
4,9,11,0.28
4,15,11,0.04
4,19,11,0.98
4,31,11,0.16
4,34,11,0.96
4,39,11,0.98
4,50,11,0.85
4,52,11,0.68
4,56,11,0.32
4,58,11,0.61
4,72,11,0.49
4,75,11,0.64
4,80,11,0.18
4,82,11,0.0
4,85,11,0.0
5,2,13,0.25
5,5,13,0
5,8,13,0.55
5,14,13,0.08
5,17,13,0.83
5,36,13,0.08
5,40,13,0.0
5,43,13,0.77
5,55,13,0.78
5,57,13,0.23
5,87,13,0.36
5,89,13,0.66
5,92,13,0.82
5,95,13,0.96
5,2,16,0.21
5,5,16,0
5,13,16,0.25
5,16,16,0.67
5,36,16,0.8
5,38,16,0.74
5,41,16,0.52
5,51,16,0.0
5,54,16,0.71
5,55,16,0.21
5,57,16,1.0
5,59,16,0.1
5,70,16,0.24
5,78,16,0.86
5,79,16,0.44
5,87,16,0.32
5,90,16,0.19
5,91,16,0.1
5,96,16,0.13
5,5,4,0
5,6,4,0.57
5,22,4,0.37
5,33,4,0.67
5,44,4,0.96
5,45,4,0.26
5,49,4,0.17
5,60,4,0.62
5,63,4,0.73
5,71,4,0.3
5,76,4,0.17
5,84,4,0.04
5,86,4,0.58
5,91,4,0.7
5,94,4,0.96
6,4,3,0.55
6,6,3,0
6,24,3,0.62
6,41,3,0.33
6,47,3,0.98
6,53,3,0.9
6,69,3,0.15
6,72,3,0.25
6,86,3,0.42
6,90,3,0.79
6,97,3,0.06
6,99,3,0.69
6,5,4,0.54
6,6,4,0
6,22,4,0.91
6,33,4,0.85
6,44,4,0.29
6,45,4,0.52
6,49,4,0.39
6,60,4,0.72
6,63,4,0.24
6,71,4,0.99
6,76,4,0.72
6,84,4,0.18
6,86,4,0.15
6,91,4,0.74
6,94,4,0.33
7,7,12,0
7,11,12,0.56
7,12,12,0.44
7,24,12,0.09
7,28,12,0.05
7,33,12,0.85
7,42,12,0.59
7,48,12,0.54
7,65,12,0.3
7,67,12,0.35
7,79,12,0.94
7,80,12,0.42
7,81,12,0.02
7,95,12,0.86
7,99,12,0.29
7,7,18,0
7,8,18,0.88
7,9,18,0.01
7,19,18,0.14
7,22,18,0.01
7,23,18,0.03
7,28,18,0.64
7,29,18,0.69
7,35,18,0.89
7,43,18,0.04
7,47,18,0.19
7,65,18,0.63
7,71,18,0.25
7,72,18,0.46
7,78,18,0.01
7,92,18,0.38
7,98,18,0.31
7,0,17,0.7
7,2,17,0.87
7,7,17,0
7,21,17,0.08
7,30,17,0.49
7,31,17,0.51
7,42,17,0.45
7,50,17,0.42
7,60,17,0.14
7,61,17,0.69
7,67,17,0.0
7,75,17,0.11
7,82,17,0.38
7,83,17,0.16
8,2,13,0.41
8,5,13,0.52
8,8,13,0
8,14,13,0.32
8,17,13,0.72
8,36,13,0.47
8,40,13,0.95
8,43,13,0.28
8,55,13,0.73
8,57,13,0.22
8,87,13,0.45
8,89,13,0.31
8,92,13,0.45
8,95,13,0.41
8,7,18,0.5
8,8,18,0
8,9,18,0.02
8,19,18,0.63
8,22,18,0.29
8,23,18,0.95
8,28,18,0.16
8,29,18,0.3
8,35,18,0.28
8,43,18,0.71
8,47,18,0.87
8,65,18,0.99
8,71,18,0.58
8,72,18,0.49
8,78,18,0.62
8,92,18,0.28
8,98,18,0.33
8,8,0,0
8,15,0,0.13
8,25,0,0.78
8,31,0,0.88
8,32,0,1.0
8,41,0,0.37
8,43,0,0.44
8,48,0,0.61
8,55,0,0.98
8,61,0,0.6
8,70,0,0.72
8,84,0,0.55
8,94,0,0.98
8,95,0,0.83
9,2,5,0.48
9,3,5,0.02
9,4,5,0.74
9,9,5,0
9,10,5,0.7
9,12,5,0.27
9,27,5,0.77
9,50,5,0.38
9,51,5,0.04
9,59,5,0.99
9,68,5,0.38
9,83,5,0.72
9,90,5,0.59
9,98,5,0.9
9,9,14,0
9,27,14,0.61
9,29,14,0.72
9,34,14,0.65
9,39,14,0.64
9,42,14,0.64
9,57,14,0.57
9,58,14,0.13
9,66,14,0.57
9,76,14,0.51
9,78,14,0.4
9,88,14,0.4
9,7,18,0.04
9,8,18,0.83
9,9,18,0
9,19,18,0.15
9,22,18,0.87
9,23,18,0.93
9,28,18,0.34
9,29,18,0.36
9,35,18,0.81
9,43,18,0.76
9,47,18,0.94
9,65,18,0.74
9,71,18,0.54
9,72,18,0.54
9,78,18,0.81
9,92,18,0.99
9,98,18,0.62
9,4,11,0.38
9,9,11,0
9,15,11,0.6
9,19,11,0.07
9,31,11,0.29
9,34,11,0.87
9,39,11,0.53
9,50,11,0.95
9,52,11,0.39
9,56,11,0.81
9,58,11,0.04
9,72,11,0.34
9,75,11,0.58
9,80,11,0.88
9,82,11,0.6
9,85,11,0.31
10,2,5,0.06
10,3,5,0.71
10,4,5,0.2
10,9,5,0.64
10,10,5,0
10,12,5,0.44
10,27,5,0.22
10,50,5,0.3
10,51,5,0.55
10,59,5,0.53
10,68,5,0.68
10,83,5,0.17
10,90,5,0.39
10,98,5,0.94
10,10,2,0
10,12,2,0.93
10,20,2,0.69
10,26,2,0.1
10,37,2,0.23
10,49,2,0.36
10,53,2,0.59
10,63,2,0.96
10,76,2,0.39
10,81,2,0.4
10,86,2,0.31
10,98,2,0.65
10,99,2,0.64
10,10,8,0
10,19,8,0.47
10,24,8,0.23
10,44,8,0.71
10,52,8,0.09
10,62,8,0.51
10,85,8,0.71
10,93,8,0.16
10,94,8,0.89
11,7,12,0.51
11,11,12,0
11,12,12,0.42
11,24,12,0.55
11,28,12,0.28
11,33,12,0.78
11,42,12,0.38
11,48,12,0.67
11,65,12,0.34
11,67,12,0.97
11,79,12,0.02
11,80,12,0.26
11,81,12,0.24
11,95,12,0.84
11,99,12,0.52
11,0,19,0.23
11,3,19,0.01
11,4,19,0.57
11,11,19,0
11,17,19,0.45
11,23,19,0.94
11,25,19,0.4
11,26,19,0.75
11,35,19,0.83
11,36,19,0.53
11,37,19,0.9
11,44,19,0.56
11,55,19,0.69
11,60,19,0.98
11,69,19,0.24
11,71,19,0.61
11,77,19,0.19
11,80,19,0.07
11,84,19,0.28
11,85,19,0.51
11,93,19,0.59
12,10,2,0.79
12,12,2,0
12,20,2,0.01
12,26,2,0.62
12,37,2,0.33
12,49,2,0.66
12,53,2,0.62
12,63,2,0.86
12,76,2,0.56
12,81,2,0.44
12,86,2,0.09
12,98,2,0.28
12,99,2,0.8
12,0,7,0.03
12,1,7,0.92
12,12,7,0
12,24,7,0.36
12,25,7,0.72
12,27,7,0.13
12,29,7,0.29
12,30,7,0.32
12,32,7,0.31
12,38,7,0.75
12,46,7,0.64
12,54,7,0.3
12,56,7,0.99
12,60,7,0.77
12,65,7,0.26
12,66,7,0.99
12,95,7,0.91
12,97,7,0.2
12,7,12,0.31
12,11,12,0.7
12,12,12,0
12,24,12,0.39
12,28,12,0.79
12,33,12,0.63
12,42,12,0.28
12,48,12,0.55
12,65,12,0.89
12,67,12,0.62
12,79,12,0.06
12,80,12,0.5
12,81,12,0.47
12,95,12,0.74
12,99,12,0.53
12,2,5,0.38
12,3,5,0.94
12,4,5,0.54
12,9,5,0.94
12,10,5,0.56
12,12,5,0
12,27,5,0.29
12,50,5,0.85
12,51,5,0.34
12,59,5,0.61
12,68,5,0.7
12,83,5,0.56
12,90,5,0.34
12,98,5,0.65
13,1,9,0.81
13,13,9,0
13,14,9,0.85
13,33,9,0.85
13,40,9,0.35
13,66,9,0.84
13,73,9,0.17
13,77,9,0.69
13,86,9,0.04
13,2,16,0.93
13,5,16,0.48
13,13,16,0
13,16,16,0.83
13,36,16,0.05
13,38,16,0.76
13,41,16,0.1
13,51,16,0.55
13,54,16,0.42
13,55,16,0.26
13,57,16,0.5
13,59,16,0.95
13,70,16,0.44
13,78,16,0.68
13,79,16,0.22
13,87,16,0.64
13,90,16,0.51
13,91,16,0.85
13,96,16,0.26
14,1,9,0.39
14,13,9,0.89
14,14,9,0
14,33,9,0.25
14,40,9,0.19
14,66,9,0.05
14,73,9,0.74
14,77,9,0.86
14,86,9,0.94
14,2,13,0.48
14,5,13,0.43
14,8,13,0.76
14,14,13,0
14,17,13,0.21
14,36,13,0.32
14,40,13,0.58
14,43,13,0.35
14,55,13,0.87
14,57,13,0.53
14,87,13,0.16
14,89,13,0.51
14,92,13,0.85
14,95,13,0.09
15,8,0,0.75
15,15,0,0
15,25,0,0.28
15,31,0,0.4
15,32,0,0.64
15,41,0,0.92
15,43,0,0.02
15,48,0,0.13
15,55,0,0.89
15,61,0,0.94
15,70,0,0.09
15,84,0,0.68
15,94,0,0.65
15,95,0,0.11
15,4,11,0.94
15,9,11,0.2
15,15,11,0
15,19,11,0.91
15,31,11,0.57
15,34,11,0.56
15,39,11,0.71
15,50,11,0.43
15,52,11,0.56
15,56,11,0.68
15,58,11,0.82
15,72,11,0.45
15,75,11,0.12
15,80,11,0.49
15,82,11,1.0
15,85,11,0.97
16,16,15,0
16,18,15,0.84
16,19,15,0.44
16,20,15,0.86
16,21,15,0.99
16,59,15,0.98
16,62,15,0.62
16,64,15,0.63
16,66,15,0.78
16,68,15,0.39
16,74,15,0.44
16,85,15,0.01
16,91,15,0.09
16,92,15,0.48
16,16,6,0
16,17,6,0.09
16,18,6,0.92
16,22,6,0.53
16,32,6,0.48
16,53,6,0.72
16,61,6,0.78
16,65,6,0.96
16,81,6,0.1
16,83,6,0.66
16,87,6,0.38
16,88,6,0.7
16,89,6,0.4
16,92,6,0.67
16,2,16,0.72
16,5,16,0.09
16,13,16,0.85
16,16,16,0
16,36,16,0.3
16,38,16,0.54
16,41,16,0.47
16,51,16,0.72
16,54,16,0.08
16,55,16,0.04
16,57,16,0.93
16,59,16,0.58
16,70,16,0.4
16,78,16,0.87
16,79,16,0.55
16,87,16,0.01
16,90,16,0.56
16,91,16,0.44
16,96,16,0.01
17,0,19,0.38
17,3,19,0.71
17,4,19,0.93
17,11,19,0.67
17,17,19,0
17,23,19,0.41
17,25,19,0.14
17,26,19,0.26
17,35,19,0.93
17,36,19,0.49
17,37,19,0.17
17,44,19,0.1
17,55,19,0.73
17,60,19,0.61
17,69,19,0.76
17,71,19,0.9
17,77,19,0.36
17,80,19,0.03
17,84,19,0.14
17,85,19,0.06
17,93,19,0.85
17,16,6,0.27
17,17,6,0
17,18,6,0.48
17,22,6,0.98
17,32,6,0.98
17,53,6,0.97
17,61,6,0.59
17,65,6,0.37
17,81,6,0.09
17,83,6,0.52
17,87,6,0.87
17,88,6,0.18
17,89,6,0.53
17,92,6,0.32
17,2,13,0.96
17,5,13,0.74
17,8,13,0.84
17,14,13,0.71
17,17,13,0
17,36,13,0.67
17,40,13,0.39
17,43,13,0.48
17,55,13,0.47
17,57,13,0.58
17,87,13,0.01
17,89,13,0.14
17,92,13,0.54
17,95,13,0.94
18,16,6,0.73
18,17,6,0.22
18,18,6,0
18,22,6,0.61
18,32,6,0.35
18,53,6,0.9
18,61,6,0.32
18,65,6,0.99
18,81,6,0.64
18,83,6,0.75
18,87,6,0.68
18,88,6,0.99
18,89,6,0.65
18,92,6,0.06
18,16,15,0.8
18,18,15,0
18,19,15,0.32
18,20,15,0.53
18,21,15,0.45
18,59,15,0.93
18,62,15,0.76
18,64,15,0.35
18,66,15,0.87
18,68,15,0.75
18,74,15,0.34
18,85,15,0.36
18,91,15,0.39
18,92,15,0.42
19,16,15,0.89
19,18,15,0.43
19,19,15,0
19,20,15,0.75
19,21,15,0.46
19,59,15,0.44
19,62,15,0.75
19,64,15,0.7
19,66,15,0.56
19,68,15,0.89
19,74,15,0.0
19,85,15,0.17
19,91,15,0.31
19,92,15,0.14
19,7,18,0.64
19,8,18,0.63
19,9,18,0.05
19,19,18,0
19,22,18,0.63
19,23,18,0.37
19,28,18,0.96
19,29,18,0.47
19,35,18,0.31
19,43,18,0.82
19,47,18,0.58
19,65,18,0.3
19,71,18,0.6
19,72,18,0.89
19,78,18,0.29
19,92,18,0.92
19,98,18,0.2
19,10,8,0.38
19,19,8,0
19,24,8,0.18
19,44,8,0.88
19,52,8,0.1
19,62,8,0.83
19,85,8,0.51
19,93,8,0.26
19,94,8,0.6
19,4,11,0.48
19,9,11,0.64
19,15,11,0.58
19,19,11,0
19,31,11,0.67
19,34,11,0.87
19,39,11,0.09
19,50,11,0.8
19,52,11,0.55
19,56,11,0.88
19,58,11,0.03
19,72,11,0.11
19,75,11,0.24
19,80,11,0.15
19,82,11,0.37
19,85,11,0.73
20,16,15,0.85
20,18,15,0.75
20,19,15,0.38
20,20,15,0
20,21,15,0.17
20,59,15,0.86
20,62,15,0.83
20,64,15,0.06
20,66,15,0.54
20,68,15,0.48
20,74,15,0.55
20,85,15,0.8
20,91,15,0.14
20,92,15,0.66
20,10,2,0.87
20,12,2,0.5
20,20,2,0
20,26,2,0.89
20,37,2,0.37
20,49,2,0.38
20,53,2,0.66
20,63,2,0.88
20,76,2,0.58
20,81,2,0.93
20,86,2,0.03
20,98,2,0.0
20,99,2,0.99
21,0,17,0.11
21,2,17,0.8
21,7,17,0.95
21,21,17,0
21,30,17,0.88
21,31,17,0.92
21,42,17,0.48
21,50,17,0.85
21,60,17,0.95
21,61,17,0.9
21,67,17,0.43
21,75,17,0.57
21,82,17,0.21
21,83,17,0.24
21,3,10,0.28
21,21,10,0
21,25,10,0.17
21,37,10,0.23
21,44,10,0.06
21,45,10,0.19
21,46,10,0.9
21,59,10,0.53
21,63,10,0.32
21,64,10,0.29
21,69,10,0.94
21,73,10,0.26
21,82,10,0.8
21,93,10,0.7
21,96,10,0.09
21,97,10,0.85
21,16,15,0.82
21,18,15,0.66
21,19,15,0.21
21,20,15,0.35
21,21,15,0
21,59,15,0.43
21,62,15,0.37
21,64,15,0.59
21,66,15,0.16
21,68,15,0.71
21,74,15,0.72
21,85,15,0.39
21,91,15,0.57
21,92,15,0.4
22,5,4,0.6
22,6,4,0.67
22,22,4,0
22,33,4,0.05
22,44,4,0.94
22,45,4,0.32
22,49,4,0.28
22,60,4,0.25
22,63,4,0.26
22,71,4,0.72
22,76,4,0.2
22,84,4,0.77
22,86,4,0.71
22,91,4,0.89
22,94,4,0.83
22,7,18,0.98
22,8,18,0.47
22,9,18,0.79
22,19,18,0.68
22,22,18,0
22,23,18,0.65
22,28,18,0.81
22,29,18,0.84
22,35,18,0.23
22,43,18,0.99
22,47,18,0.08
22,65,18,0.68
22,71,18,0.13
22,72,18,0.88
22,78,18,0.44
22,92,18,0.0
22,98,18,0.69
22,16,6,0.8
22,17,6,0.16
22,18,6,0.54
22,22,6,0
22,32,6,1.0
22,53,6,0.04
22,61,6,0.94
22,65,6,0.26
22,81,6,0.22
22,83,6,0.1
22,87,6,0.88
22,88,6,0.24
22,89,6,0.75
22,92,6,0.36
23,0,19,0.9
23,3,19,0.75
23,4,19,0.63
23,11,19,0.6
23,17,19,0.69
23,23,19,0
23,25,19,0.96
23,26,19,0.43
23,35,19,0.85
23,36,19,0.95
23,37,19,0.71
23,44,19,0.35
23,55,19,0.43
23,60,19,0.05
23,69,19,0.72
23,71,19,0.77
23,77,19,0.46
23,80,19,0.49
23,84,19,0.29
23,85,19,0.33
23,93,19,0.51
23,7,18,0.16
23,8,18,0.99
23,9,18,0.03
23,19,18,0.21
23,22,18,0.77
23,23,18,0
23,28,18,0.75
23,29,18,0.34
23,35,18,0.27
23,43,18,0.74
23,47,18,0.03
23,65,18,0.11
23,71,18,0.78
23,72,18,0.94
23,78,18,0.74
23,92,18,0.46
23,98,18,0.93
24,7,12,0.19
24,11,12,0.72
24,12,12,0.74
24,24,12,0
24,28,12,0.97
24,33,12,0.14
24,42,12,0.26
24,48,12,0.49
24,65,12,0.26
24,67,12,0.2
24,79,12,0.05
24,80,12,0.87
24,81,12,0.18
24,95,12,0.38
24,99,12,0.13
24,0,7,0.57
24,1,7,0.21
24,12,7,0.77
24,24,7,0
24,25,7,0.79
24,27,7,0.09
24,29,7,0.18
24,30,7,0.4
24,32,7,0.09
24,38,7,0.96
24,46,7,0.95
24,54,7,0.18
24,56,7,0.8
24,60,7,0.45
24,65,7,0.72
24,66,7,0.67
24,95,7,0.34
24,97,7,0.35
24,4,3,0.84
24,6,3,0.52
24,24,3,0
24,41,3,0.42
24,47,3,0.8
24,53,3,0.08
24,69,3,0.74
24,72,3,0.95
24,86,3,0.75
24,90,3,0.45
24,97,3,0.41
24,99,3,0.09
24,10,8,0.9
24,19,8,0.32
24,24,8,0
24,44,8,0.63
24,52,8,0.04
24,62,8,0.95
24,85,8,0.01
24,93,8,0.13
24,94,8,0.29
25,0,19,0.24
25,3,19,0.97
25,4,19,0.48
25,11,19,0.03
25,17,19,0.86
25,23,19,0.66
25,25,19,0
25,26,19,0.63
25,35,19,0.84
25,36,19,0.15
25,37,19,0.94
25,44,19,0.07
25,55,19,0.19
25,60,19,0.49
25,69,19,0.16
25,71,19,0.81
25,77,19,0.7
25,80,19,0.04
25,84,19,0.06
25,85,19,0.74
25,93,19,0.67
25,8,0,0.3
25,15,0,0.68
25,25,0,0
25,31,0,0.85
25,32,0,0.82
25,41,0,0.81
25,43,0,0.65
25,48,0,0.96
25,55,0,0.46
25,61,0,0.69
25,70,0,0.66
25,84,0,0.26
25,94,0,0.89
25,95,0,0.64
25,3,10,0.64
25,21,10,0.43
25,25,10,0
25,37,10,0.2
25,44,10,0.06
25,45,10,0.02
25,46,10,0.9
25,59,10,0.96
25,63,10,0.21
25,64,10,0.01
25,69,10,0.64
25,73,10,0.67
25,82,10,0.21
25,93,10,0.72
25,96,10,0.65
25,97,10,0.25
25,0,7,0.14
25,1,7,0.83
25,12,7,0.34
25,24,7,0.83
25,25,7,0
25,27,7,0.39
25,29,7,0.38
25,30,7,0.05
25,32,7,0.52
25,38,7,0.22
25,46,7,0.61
25,54,7,0.75
25,56,7,0.83
25,60,7,0.94
25,65,7,0.89
25,66,7,0.25
25,95,7,0.36
25,97,7,0.73
26,10,2,0.24
26,12,2,0.36
26,20,2,0.6
26,26,2,0
26,37,2,0.42
26,49,2,0.0
26,53,2,0.95
26,63,2,0.86
26,76,2,0.39
26,81,2,0.97
26,86,2,0.37
26,98,2,0.95
26,99,2,0.89
26,0,19,0.15
26,3,19,0.52
26,4,19,0.14
26,11,19,0.81
26,17,19,0.99
26,23,19,0.57
26,25,19,0.09
26,26,19,0
26,35,19,0.5
26,36,19,0.1
26,37,19,0.62
26,44,19,0.42
26,55,19,0.75
26,60,19,0.76
26,69,19,0.5
26,71,19,0.05
26,77,19,0.22
26,80,19,0.2
26,84,19,0.28
26,85,19,0.33
26,93,19,0.71
27,0,7,0.86
27,1,7,0.57
27,12,7,0.95
27,24,7,0.11
27,25,7,0.08
27,27,7,0
27,29,7,0.81
27,30,7,0.6
27,32,7,0.59
27,38,7,0.76
27,46,7,0.95
27,54,7,0.2
27,56,7,0.17
27,60,7,0.4
27,65,7,0.7
27,66,7,0.16
27,95,7,0.72
27,97,7,0.07
27,9,14,0.25
27,27,14,0
27,29,14,0.84
27,34,14,0.36
27,39,14,0.95
27,42,14,0.85
27,57,14,0.11
27,58,14,0.41
27,66,14,0.69
27,76,14,0.08
27,78,14,0.61
27,88,14,0.87
27,2,5,0.7
27,3,5,0.98
27,4,5,0.0
27,9,5,0.7
27,10,5,0.39
27,12,5,0.4
27,27,5,0
27,50,5,0.93
27,51,5,0.07
27,59,5,0.01
27,68,5,0.05
27,83,5,0.3
27,90,5,0.88
27,98,5,0.15
28,7,18,0.45
28,8,18,0.14
28,9,18,0.72
28,19,18,0.26
28,22,18,0.3
28,23,18,0.18
28,28,18,0
28,29,18,0.26
28,35,18,0.89
28,43,18,0.22
28,47,18,0.09
28,65,18,0.29
28,71,18,0.97
28,72,18,0.64
28,78,18,0.81
28,92,18,0.03
28,98,18,0.49
28,7,12,0.78
28,11,12,0.74
28,12,12,1.0
28,24,12,0.56
28,28,12,0
28,33,12,0.67
28,42,12,0.42
28,48,12,0.48
28,65,12,0.1
28,67,12,0.02
28,79,12,0.98
28,80,12,0.2
28,81,12,0.76
28,95,12,0.49
28,99,12,0.66
29,7,18,0.6
29,8,18,0.9
29,9,18,0.96
29,19,18,0.8
29,22,18,1.0
29,23,18,0.01
29,28,18,0.29
29,29,18,0
29,35,18,0.48
29,43,18,0.05
29,47,18,0.27
29,65,18,0.29
29,71,18,0.64
29,72,18,0.41
29,78,18,0.55
29,92,18,0.7
29,98,18,0.54
29,9,14,0.72
29,27,14,0.97
29,29,14,0
29,34,14,0.91
29,39,14,0.66
29,42,14,0.74
29,57,14,0.4
29,58,14,0.29
29,66,14,0.54
29,76,14,0.28
29,78,14,0.53
29,88,14,0.03
29,0,7,0.21
29,1,7,0.54
29,12,7,0.1
29,24,7,0.82
29,25,7,0.18
29,27,7,0.91
29,29,7,0
29,30,7,0.48
29,32,7,0.43
29,38,7,0.56
29,46,7,0.7
29,54,7,0.12
29,56,7,0.01
29,60,7,0.76
29,65,7,0.32
29,66,7,0.54
29,95,7,0.13
29,97,7,0.64
30,0,7,0.7
30,1,7,0.16
30,12,7,0.41
30,24,7,0.67
30,25,7,0.07
30,27,7,0.29
30,29,7,0.82
30,30,7,0
30,32,7,0.74
30,38,7,0.21
30,46,7,0.71
30,54,7,0.33
30,56,7,0.95
30,60,7,0.72
30,65,7,0.81
30,66,7,0.28
30,95,7,0.68
30,97,7,0.57
30,0,17,0.91
30,2,17,0.89
30,7,17,0.65
30,21,17,0.4
30,30,17,0
30,31,17,0.35
30,42,17,0.26
30,50,17,0.38
30,60,17,0.89
30,61,17,0.99
30,67,17,0.07
30,75,17,0.54
30,82,17,0.15
30,83,17,0.29
31,8,0,0.96
31,15,0,0.37
31,25,0,0.03
31,31,0,0
31,32,0,0.46
31,41,0,0.83
31,43,0,0.9
31,48,0,0.18
31,55,0,0.74
31,61,0,0.68
31,70,0,0.17
31,84,0,0.17
31,94,0,0.08
31,95,0,1.0
31,4,11,0.55
31,9,11,0.54
31,15,11,0.97
31,19,11,0.16
31,31,11,0
31,34,11,0.37
31,39,11,0.41
31,50,11,0.66
31,52,11,0.09
31,56,11,0.4
31,58,11,0.92
31,72,11,0.13
31,75,11,0.03
31,80,11,0.15
31,82,11,0.9
31,85,11,0.62
31,0,17,0.13
31,2,17,0.03
31,7,17,0.09
31,21,17,0.86
31,30,17,0.46
31,31,17,0
31,42,17,0.87
31,50,17,0.33
31,60,17,0.86
31,61,17,0.9
31,67,17,0.31
31,75,17,0.09
31,82,17,0.3
31,83,17,0.96
32,8,0,0.41
32,15,0,0.78
32,25,0,0.64
32,31,0,0.03
32,32,0,0
32,41,0,0.19
32,43,0,0.03
32,48,0,0.96
32,55,0,0.67
32,61,0,0.3
32,70,0,0.67
32,84,0,0.24
32,94,0,0.17
32,95,0,0.52
32,16,6,0.69
32,17,6,0.68
32,18,6,0.25
32,22,6,0.57
32,32,6,0
32,53,6,0.74
32,61,6,0.62
32,65,6,0.48
32,81,6,0.46
32,83,6,0.28
32,87,6,0.39
32,88,6,0.04
32,89,6,0.21
32,92,6,0.37
32,0,7,0.42
32,1,7,0.36
32,12,7,0.34
32,24,7,0.48
32,25,7,0.67
32,27,7,0.61
32,29,7,0.92
32,30,7,0.58
32,32,7,0
32,38,7,0.81
32,46,7,0.09
32,54,7,0.82
32,56,7,0.35
32,60,7,0.14
32,65,7,0.8
32,66,7,0.11
32,95,7,0.32
32,97,7,0.77
33,7,12,0.0
33,11,12,0.28
33,12,12,0.12
33,24,12,0.87
33,28,12,0.33
33,33,12,0
33,42,12,0.29
33,48,12,0.21
33,65,12,0.61
33,67,12,0.46
33,79,12,0.82
33,80,12,0.47
33,81,12,0.66
33,95,12,0.92
33,99,12,0.26
33,5,4,0.26
33,6,4,0.6
33,22,4,0.67
33,33,4,0
33,44,4,0.78
33,45,4,0.3
33,49,4,0.36
33,60,4,0.34
33,63,4,0.75
33,71,4,0.92
33,76,4,0.95
33,84,4,0.6
33,86,4,0.23
33,91,4,0.36
33,94,4,0.36
33,1,9,0.77
33,13,9,0.88
33,14,9,0.71
33,33,9,0
33,40,9,0.46
33,66,9,0.9
33,73,9,0.58
33,77,9,0.87
33,86,9,0.97
34,9,14,0.93
34,27,14,0.39
34,29,14,0.92
34,34,14,0
34,39,14,0.56
34,42,14,0.28
34,57,14,0.85
34,58,14,0.89
34,66,14,0.37
34,76,14,0.62
34,78,14,0.35
34,88,14,0.58
34,4,11,0.5
34,9,11,0.11
34,15,11,0.33
34,19,11,0.54
34,31,11,0.31
34,34,11,0
34,39,11,0.77
34,50,11,0.61
34,52,11,0.39
34,56,11,0.55
34,58,11,0.74
34,72,11,0.22
34,75,11,0.6
34,80,11,0.24
34,82,11,0.67
34,85,11,0.6
35,7,18,0.16
35,8,18,0.38
35,9,18,0.81
35,19,18,0.27
35,22,18,0.13
35,23,18,0.24
35,28,18,0.52
35,29,18,0.84
35,35,18,0
35,43,18,0.26
35,47,18,0.75
35,65,18,0.13
35,71,18,0.33
35,72,18,0.93
35,78,18,0.82
35,92,18,0.25
35,98,18,0.15
35,0,19,0.29
35,3,19,0.93
35,4,19,0.44
35,11,19,0.27
35,17,19,0.68
35,23,19,0.89
35,25,19,0.64
35,26,19,0.6
35,35,19,0
35,36,19,0.05
35,37,19,0.84
35,44,19,0.49
35,55,19,0.28
35,60,19,0.21
35,69,19,0.31
35,71,19,0.57
35,77,19,0.61
35,80,19,0.84
35,84,19,0.65
35,85,19,0.38
35,93,19,0.48
36,2,13,0.06
36,5,13,0.25
36,8,13,0.77
36,14,13,0.79
36,17,13,0.11
36,36,13,0
36,40,13,0.71
36,43,13,0.7
36,55,13,0.15
36,57,13,0.74
36,87,13,0.8
36,89,13,0.91
36,92,13,0.46
36,95,13,0.67
36,2,16,0.63
36,5,16,0.67
36,13,16,0.11
36,16,16,0.11
36,36,16,0
36,38,16,0.02
36,41,16,0.24
36,51,16,0.4
36,54,16,0.01
36,55,16,0.95
36,57,16,0.8
36,59,16,0.85
36,70,16,0.56
36,78,16,0.22
36,79,16,0.34
36,87,16,0.25
36,90,16,0.95
36,91,16,0.8
36,96,16,0.52
36,0,19,0.16
36,3,19,0.13
36,4,19,0.45
36,11,19,0.14
36,17,19,0.62
36,23,19,0.03
36,25,19,0.25
36,26,19,0.83
36,35,19,0.81
36,36,19,0
36,37,19,0.65
36,44,19,0.82
36,55,19,0.47
36,60,19,0.67
36,69,19,0.66
36,71,19,0.92
36,77,19,0.19
36,80,19,0.43
36,84,19,0.89
36,85,19,0.28
36,93,19,0.53
37,10,2,0.08
37,12,2,0.15
37,20,2,0.51
37,26,2,0.79
37,37,2,0
37,49,2,0.88
37,53,2,0.18
37,63,2,0.56
37,76,2,0.88
37,81,2,0.38
37,86,2,0.2
37,98,2,0.17
37,99,2,0.68
37,0,19,0.5
37,3,19,0.81
37,4,19,0.79
37,11,19,0.06
37,17,19,0.16
37,23,19,0.89
37,25,19,0.16
37,26,19,0.99
37,35,19,0.95
37,36,19,0.61
37,37,19,0
37,44,19,0.86
37,55,19,0.27
37,60,19,0.51
37,69,19,0.8
37,71,19,0.49
37,77,19,0.83
37,80,19,0.81
37,84,19,0.38
37,85,19,0.51
37,93,19,0.44
37,3,10,0.76
37,21,10,0.34
37,25,10,0.47
37,37,10,0
37,44,10,0.59
37,45,10,0.47
37,46,10,0.33
37,59,10,0.16
37,63,10,0.72
37,64,10,0.27
37,69,10,0.97
37,73,10,0.07
37,82,10,0.91
37,93,10,0.23
37,96,10,0.79
37,97,10,0.78
38,0,7,0.08
38,1,7,0.38
38,12,7,0.17
38,24,7,0.9
38,25,7,0.33
38,27,7,0.01
38,29,7,0.39
38,30,7,0.3
38,32,7,0.59
38,38,7,0
38,46,7,0.31
38,54,7,0.37
38,56,7,0.18
38,60,7,0.59
38,65,7,0.8
38,66,7,0.55
38,95,7,0.42
38,97,7,0.06
38,2,16,0.49
38,5,16,0.1
38,13,16,0.23
38,16,16,0.63
38,36,16,0.75
38,38,16,0
38,41,16,0.65
38,51,16,0.98
38,54,16,0.04
38,55,16,0.18
38,57,16,0.22
38,59,16,0.29
38,70,16,0.12
38,78,16,0.84
38,79,16,0.11
38,87,16,0.58
38,90,16,0.99
38,91,16,0.66
38,96,16,0.0
39,4,11,0.54
39,9,11,0.22
39,15,11,0.55
39,19,11,0.78
39,31,11,0.2
39,34,11,0.58
39,39,11,0
39,50,11,0.19
39,52,11,0.68
39,56,11,0.26
39,58,11,0.34
39,72,11,0.87
39,75,11,0.41
39,80,11,0.8
39,82,11,0.37
39,85,11,0.13
39,9,14,0.7
39,27,14,0.63
39,29,14,0.59
39,34,14,0.26
39,39,14,0
39,42,14,0.18
39,57,14,0.11
39,58,14,0.63
39,66,14,0.43
39,76,14,0.26
39,78,14,0.72
39,88,14,0.68
40,1,9,0.4
40,13,9,0.36
40,14,9,0.69
40,33,9,0.58
40,40,9,0
40,66,9,0.19
40,73,9,0.86
40,77,9,0.29
40,86,9,0.48
40,2,13,0.34
40,5,13,0.65
40,8,13,0.33
40,14,13,0.31
40,17,13,0.89
40,36,13,0.82
40,40,13,0
40,43,13,0.6
40,55,13,0.65
40,57,13,0.8
40,87,13,0.85
40,89,13,0.97
40,92,13,0.8
40,95,13,0.77
41,8,0,0.62
41,15,0,0.32
41,25,0,0.91
41,31,0,0.18
41,32,0,0.96
41,41,0,0
41,43,0,0.81
41,48,0,0.15
41,55,0,0.76
41,61,0,0.48
41,70,0,0.28
41,84,0,0.84
41,94,0,0.73
41,95,0,0.98
41,4,3,0.86
41,6,3,0.29
41,24,3,0.81
41,41,3,0
41,47,3,0.25
41,53,3,0.87
41,69,3,0.04
41,72,3,0.45
41,86,3,0.95
41,90,3,0.19
41,97,3,0.64
41,99,3,0.67
41,2,16,0.16
41,5,16,0.65
41,13,16,0.55
41,16,16,0.38
41,36,16,0.44
41,38,16,0.93
41,41,16,0
41,51,16,0.52
41,54,16,0.29
41,55,16,0.85
41,57,16,0.15
41,59,16,0.82
41,70,16,0.61
41,78,16,0.66
41,79,16,0.38
41,87,16,0.79
41,90,16,0.69
41,91,16,0.84
41,96,16,0.44
42,42,1,0
42,43,1,0.42
42,72,1,0.62
42,73,1,0.09
42,74,1,0.19
42,78,1,0.22
42,80,1,0.41
42,87,1,0.97
42,90,1,0.96
42,94,1,0.27
42,96,1,0.82
42,9,14,0.55
42,27,14,0.65
42,29,14,0.35
42,34,14,0.97
42,39,14,0.38
42,42,14,0
42,57,14,0.3
42,58,14,0.56
42,66,14,0.76
42,76,14,0.95
42,78,14,0.59
42,88,14,0.84
42,0,17,0.34
42,2,17,0.13
42,7,17,0.6
42,21,17,0.8
42,30,17,0.86
42,31,17,0.22
42,42,17,0
42,50,17,0.6
42,60,17,0.06
42,61,17,0.43
42,67,17,0.22
42,75,17,0.04
42,82,17,0.99
42,83,17,0.2
42,7,12,0.31
42,11,12,0.77
42,12,12,0.26
42,24,12,0.17
42,28,12,0.34
42,33,12,0.35
42,42,12,0
42,48,12,0.6
42,65,12,0.38
42,67,12,0.04
42,79,12,0.38
42,80,12,0.31
42,81,12,0.01
42,95,12,0.27
42,99,12,0.16
43,8,0,0.89
43,15,0,0.43
43,25,0,0.98
43,31,0,0.23
43,32,0,0.01
43,41,0,0.62
43,43,0,0
43,48,0,0.55
43,55,0,0.68
43,61,0,0.66
43,70,0,0.54
43,84,0,0.23
43,94,0,0.33
43,95,0,0.96
43,7,18,0.03
43,8,18,0.93
43,9,18,0.56
43,19,18,0.49
43,22,18,0.21
43,23,18,0.64
43,28,18,0.44
43,29,18,0.42
43,35,18,0.08
43,43,18,0
43,47,18,0.35
43,65,18,0.02
43,71,18,0.83
43,72,18,0.04
43,78,18,0.6
43,92,18,0.58
43,98,18,0.6
43,2,13,0.61
43,5,13,0.74
43,8,13,0.54
43,14,13,0.4
43,17,13,0.15
43,36,13,0.85
43,40,13,0.73
43,43,13,0
43,55,13,0.13
43,57,13,0.76
43,87,13,0.3
43,89,13,0.95
43,92,13,0.82
43,95,13,0.65
43,42,1,0.34
43,43,1,0
43,72,1,0.68
43,73,1,0.31
43,74,1,0.87
43,78,1,0.5
43,80,1,0.42
43,87,1,0.56
43,90,1,0.68
43,94,1,0.9
43,96,1,0.21
44,0,19,0.36
44,3,19,0.43
44,4,19,0.64
44,11,19,0.74
44,17,19,0.67
44,23,19,0.65
44,25,19,0.19
44,26,19,0.32
44,35,19,0.84
44,36,19,0.56
44,37,19,0.44
44,44,19,0
44,55,19,0.18
44,60,19,0.61
44,69,19,0.96
44,71,19,0.3
44,77,19,0.69
44,80,19,0.46
44,84,19,0.37
44,85,19,0.42
44,93,19,0.38
44,10,8,0.32
44,19,8,0.78
44,24,8,0.93
44,44,8,0
44,52,8,0.82
44,62,8,0.48
44,85,8,0.44
44,93,8,0.28
44,94,8,0.34
44,5,4,0.93
44,6,4,0.57
44,22,4,0.46
44,33,4,0.73
44,44,4,0
44,45,4,0.86
44,49,4,0.28
44,60,4,0.77
44,63,4,0.3
44,71,4,0.34
44,76,4,0.03
44,84,4,0.53
44,86,4,0.16
44,91,4,0.4
44,94,4,0.72
44,3,10,0.48
44,21,10,0.73
44,25,10,0.91
44,37,10,0.23
44,44,10,0
44,45,10,0.6
44,46,10,0.33
44,59,10,0.65
44,63,10,0.73
44,64,10,0.81
44,69,10,0.38
44,73,10,0.32
44,82,10,0.21
44,93,10,0.85
44,96,10,0.08
44,97,10,0.93
45,5,4,0.25
45,6,4,0.17
45,22,4,0.91
45,33,4,0.97
45,44,4,0.9
45,45,4,0
45,49,4,0.12
45,60,4,0.36
45,63,4,1.0
45,71,4,0.8
45,76,4,0.06
45,84,4,0.4
45,86,4,0.41
45,91,4,0.49
45,94,4,0.56
45,3,10,0.68
45,21,10,0.29
45,25,10,0.15
45,37,10,0.72
45,44,10,0.2
45,45,10,0
45,46,10,0.1
45,59,10,0.13
45,63,10,0.65
45,64,10,0.93
45,69,10,0.45
45,73,10,0.97
45,82,10,0.77
45,93,10,0.47
45,96,10,0.57
45,97,10,0.16
46,3,10,0.3
46,21,10,0.14
46,25,10,0.79
46,37,10,0.84
46,44,10,0.73
46,45,10,0.93
46,46,10,0
46,59,10,0.21
46,63,10,0.91
46,64,10,0.44
46,69,10,0.52
46,73,10,0.69
46,82,10,0.94
46,93,10,0.33
46,96,10,0.34
46,97,10,0.56
46,0,7,0.54
46,1,7,0.48
46,12,7,1.0
46,24,7,0.92
46,25,7,0.66
46,27,7,0.44
46,29,7,0.98
46,30,7,0.35
46,32,7,0.48
46,38,7,0.37
46,46,7,0
46,54,7,0.6
46,56,7,0.25
46,60,7,0.98
46,65,7,0.91
46,66,7,0.36
46,95,7,0.92
46,97,7,0.46
47,7,18,0.4
47,8,18,0.33
47,9,18,0.99
47,19,18,0.18
47,22,18,0.04
47,23,18,0.36
47,28,18,0.54
47,29,18,0.39
47,35,18,0.97
47,43,18,0.51
47,47,18,0
47,65,18,0.68
47,71,18,0.8
47,72,18,0.15
47,78,18,0.98
47,92,18,0.68
47,98,18,0.17
47,4,3,0.1
47,6,3,0.69
47,24,3,0.72
47,41,3,0.58
47,47,3,0
47,53,3,0.72
47,69,3,0.24
47,72,3,0.7
47,86,3,0.47
47,90,3,0.16
47,97,3,0.41
47,99,3,0.08
48,7,12,0.93
48,11,12,0.46
48,12,12,0.06
48,24,12,0.67
48,28,12,0.65
48,33,12,0.1
48,42,12,0.9
48,48,12,0
48,65,12,0.86
48,67,12,0.43
48,79,12,0.66
48,80,12,0.76
48,81,12,0.43
48,95,12,0.33
48,99,12,0.07
48,8,0,0.99
48,15,0,0.7
48,25,0,0.42
48,31,0,0.99
48,32,0,0.87
48,41,0,0.32
48,43,0,0.06
48,48,0,0
48,55,0,0.93
48,61,0,0.39
48,70,0,0.22
48,84,0,0.35
48,94,0,0.44
48,95,0,0.51
49,5,4,0.15
49,6,4,0.16
49,22,4,0.34
49,33,4,0.41
49,44,4,0.68
49,45,4,0.58
49,49,4,0
49,60,4,0.37
49,63,4,0.7
49,71,4,0.68
49,76,4,0.05
49,84,4,0.36
49,86,4,0.41
49,91,4,0.31
49,94,4,0.43
49,10,2,0.42
49,12,2,0.41
49,20,2,0.64
49,26,2,0.94
49,37,2,0.59
49,49,2,0
49,53,2,0.73
49,63,2,0.91
49,76,2,0.38
49,81,2,0.05
49,86,2,0.53
49,98,2,0.02
49,99,2,0.26
50,4,11,0.81
50,9,11,0.43
50,15,11,0.71
50,19,11,0.63
50,31,11,0.76
50,34,11,0.28
50,39,11,0.55
50,50,11,0
50,52,11,0.87
50,56,11,0.81
50,58,11,0.73
50,72,11,0.03
50,75,11,0.24
50,80,11,0.83
50,82,11,0.09
50,85,11,0.72
50,0,17,0.04
50,2,17,0.86
50,7,17,0.03
50,21,17,0.8
50,30,17,0.08
50,31,17,0.72
50,42,17,0.1
50,50,17,0
50,60,17,0.7
50,61,17,0.19
50,67,17,0.14
50,75,17,0.6
50,82,17,0.55
50,83,17,0.16
50,2,5,0.88
50,3,5,0.96
50,4,5,0.6
50,9,5,0.02
50,10,5,0.33
50,12,5,0.38
50,27,5,0.03
50,50,5,0
50,51,5,0.4
50,59,5,0.31
50,68,5,0.32
50,83,5,0.15
50,90,5,0.17
50,98,5,0.9
51,2,16,0.73
51,5,16,0.28
51,13,16,0.68
51,16,16,0.46
51,36,16,0.12
51,38,16,0.37
51,41,16,0.06
51,51,16,0
51,54,16,0.11
51,55,16,0.44
51,57,16,0.66
51,59,16,0.28
51,70,16,0.65
51,78,16,0.76
51,79,16,0.86
51,87,16,0.31
51,90,16,0.74
51,91,16,0.51
51,96,16,0.16
51,2,5,0.76
51,3,5,0.47
51,4,5,0.38
51,9,5,1.0
51,10,5,0.88
51,12,5,0.38
51,27,5,0.26
51,50,5,0.38
51,51,5,0
51,59,5,0.22
51,68,5,0.87
51,83,5,0.38
51,90,5,0.71
51,98,5,0.13
52,4,11,0.36
52,9,11,0.82
52,15,11,0.71
52,19,11,0.26
52,31,11,0.25
52,34,11,0.16
52,39,11,0.4
52,50,11,0.79
52,52,11,0
52,56,11,0.27
52,58,11,0.17
52,72,11,0.87
52,75,11,0.83
52,80,11,0.71
52,82,11,0.76
52,85,11,0.67
52,10,8,0.24
52,19,8,0.5
52,24,8,0.53
52,44,8,0.24
52,52,8,0
52,62,8,0.85
52,85,8,0.89
52,93,8,0.57
52,94,8,0.53
53,16,6,0.73
53,17,6,0.01
53,18,6,0.84
53,22,6,0.49
53,32,6,0.78
53,53,6,0
53,61,6,0.44
53,65,6,0.36
53,81,6,0.19
53,83,6,0.98
53,87,6,0.04
53,88,6,0.34
53,89,6,0.53
53,92,6,0.11
53,4,3,0.75
53,6,3,0.5
53,24,3,0.7
53,41,3,0.23
53,47,3,0.24
53,53,3,0
53,69,3,0.45
53,72,3,0.36
53,86,3,0.01
53,90,3,0.11
53,97,3,0.22
53,99,3,0.99
53,10,2,0.39
53,12,2,0.96
53,20,2,0.29
53,26,2,0.28
53,37,2,0.74
53,49,2,0.01
53,53,2,0
53,63,2,0.96
53,76,2,0.7
53,81,2,0.78
53,86,2,0.34
53,98,2,0.28
53,99,2,0.48
54,2,16,0.57
54,5,16,0.24
54,13,16,0.16
54,16,16,0.6
54,36,16,0.06
54,38,16,0.12
54,41,16,0.26
54,51,16,0.23
54,54,16,0
54,55,16,0.68
54,57,16,0.85
54,59,16,0.39
54,70,16,0.62
54,78,16,0.1
54,79,16,0.95
54,87,16,0.77
54,90,16,0.0
54,91,16,0.74
54,96,16,0.26
54,0,7,0.85
54,1,7,0.86
54,12,7,0.38
54,24,7,0.28
54,25,7,0.94
54,27,7,0.7
54,29,7,0.65
54,30,7,0.28
54,32,7,0.85
54,38,7,0.88
54,46,7,0.27
54,54,7,0
54,56,7,0.84
54,60,7,0.5
54,65,7,0.0
54,66,7,0.0
54,95,7,0.84
54,97,7,0.6
55,8,0,0.94
55,15,0,0.47
55,25,0,0.27
55,31,0,0.02
55,32,0,0.34
55,41,0,0.75
55,43,0,0.34
55,48,0,0.54
55,55,0,0
55,61,0,0.22
55,70,0,0.93
55,84,0,0.34
55,94,0,0.04
55,95,0,0.37
55,2,13,0.25
55,5,13,0.6
55,8,13,0.87
55,14,13,0.15
55,17,13,0.78
55,36,13,0.45
55,40,13,0.68
55,43,13,0.86
55,55,13,0
55,57,13,0.61
55,87,13,0.3
55,89,13,0.04
55,92,13,0.02
55,95,13,0.88
55,2,16,0.41
55,5,16,0.61
55,13,16,0.45
55,16,16,0.9
55,36,16,0.56
55,38,16,0.68
55,41,16,0.82
55,51,16,0.89
55,54,16,0.99
55,55,16,0
55,57,16,0.86
55,59,16,0.24
55,70,16,0.66
55,78,16,0.02
55,79,16,0.78
55,87,16,0.29
55,90,16,0.98
55,91,16,0.93
55,96,16,0.35
55,0,19,0.61
55,3,19,0.24
55,4,19,0.69
55,11,19,0.69
55,17,19,0.61
55,23,19,0.04
55,25,19,0.29
55,26,19,0.82
55,35,19,0.28
55,36,19,0.97
55,37,19,0.79
55,44,19,0.32
55,55,19,0
55,60,19,0.2
55,69,19,0.41
55,71,19,0.46
55,77,19,0.01
55,80,19,0.35
55,84,19,0.17
55,85,19,0.46
55,93,19,0.42
56,4,11,0.31
56,9,11,0.79
56,15,11,0.93
56,19,11,0.23
56,31,11,0.43
56,34,11,0.51
56,39,11,0.94
56,50,11,0.6
56,52,11,0.32
56,56,11,0
56,58,11,0.99
56,72,11,0.63
56,75,11,0.99
56,80,11,0.79
56,82,11,1.0
56,85,11,0.37
56,0,7,0.36
56,1,7,0.01
56,12,7,0.82
56,24,7,0.03
56,25,7,0.6
56,27,7,0.09
56,29,7,0.38
56,30,7,0.44
56,32,7,0.47
56,38,7,0.51
56,46,7,0.72
56,54,7,0.27
56,56,7,0
56,60,7,0.28
56,65,7,0.3
56,66,7,0.45
56,95,7,0.2
56,97,7,0.44
57,9,14,0.69
57,27,14,0.76
57,29,14,0.89
57,34,14,0.55
57,39,14,0.87
57,42,14,0.74
57,57,14,0
57,58,14,0.53
57,66,14,0.73
57,76,14,0.47
57,78,14,0.38
57,88,14,0.29
57,2,16,0.41
57,5,16,0.24
57,13,16,0.24
57,16,16,0.15
57,36,16,0.69
57,38,16,0.54
57,41,16,0.14
57,51,16,0.01
57,54,16,0.24
57,55,16,0.61
57,57,16,0
57,59,16,0.67
57,70,16,0.4
57,78,16,0.91
57,79,16,0.43
57,87,16,0.22
57,90,16,0.75
57,91,16,0.48
57,96,16,0.14
57,2,13,0.75
57,5,13,0.0
57,8,13,0.11
57,14,13,0.46
57,17,13,0.6
57,36,13,0.7
57,40,13,0.58
57,43,13,0.33
57,55,13,0.92
57,57,13,0
57,87,13,0.71
57,89,13,0.49
57,92,13,0.63
57,95,13,0.8
58,4,11,0.01
58,9,11,0.65
58,15,11,1.0
58,19,11,0.4
58,31,11,0.87
58,34,11,0.77
58,39,11,0.88
58,50,11,0.19
58,52,11,0.04
58,56,11,0.84
58,58,11,0
58,72,11,0.16
58,75,11,0.44
58,80,11,0.55
58,82,11,0.94
58,85,11,0.93
58,9,14,0.77
58,27,14,0.98
58,29,14,0.64
58,34,14,0.54
58,39,14,0.63
58,42,14,0.91
58,57,14,0.05
58,58,14,0
58,66,14,0.69
58,76,14,0.31
58,78,14,0.43
58,88,14,0.12
59,2,5,0.08
59,3,5,0.38
59,4,5,0.25
59,9,5,0.57
59,10,5,0.43
59,12,5,0.72
59,27,5,0.11
59,50,5,0.55
59,51,5,0.95
59,59,5,0
59,68,5,0.86
59,83,5,0.52
59,90,5,0.2
59,98,5,0.79
59,16,15,0.14
59,18,15,0.94
59,19,15,0.06
59,20,15,0.02
59,21,15,0.78
59,59,15,0
59,62,15,0.74
59,64,15,0.9
59,66,15,0.44
59,68,15,0.52
59,74,15,0.56
59,85,15,0.26
59,91,15,0.69
59,92,15,0.5
59,2,16,0.24
59,5,16,0.0
59,13,16,0.34
59,16,16,0.57
59,36,16,0.03
59,38,16,0.88
59,41,16,0.94
59,51,16,0.0
59,54,16,0.62
59,55,16,0.17
59,57,16,0.91
59,59,16,0
59,70,16,0.82
59,78,16,0.33
59,79,16,0.82
59,87,16,0.26
59,90,16,0.03
59,91,16,0.58
59,96,16,0.57
59,3,10,0.63
59,21,10,0.91
59,25,10,0.57
59,37,10,0.13
59,44,10,0.11
59,45,10,0.25
59,46,10,0.27
59,59,10,0
59,63,10,0.57
59,64,10,0.49
59,69,10,0.14
59,73,10,0.54
59,82,10,0.86
59,93,10,0.11
59,96,10,0.53
59,97,10,0.26
60,0,17,0.41
60,2,17,0.19
60,7,17,0.98
60,21,17,0.29
60,30,17,0.27
60,31,17,0.75
60,42,17,0.21
60,50,17,0.58
60,60,17,0
60,61,17,0.28
60,67,17,0.61
60,75,17,0.08
60,82,17,0.54
60,83,17,0.19
60,0,19,0.37
60,3,19,0.25
60,4,19,0.88
60,11,19,0.23
60,17,19,0.29
60,23,19,0.04
60,25,19,0.54
60,26,19,0.92
60,35,19,0.13
60,36,19,0.65
60,37,19,0.8
60,44,19,0.94
60,55,19,0.92
60,60,19,0
60,69,19,0.56
60,71,19,0.14
60,77,19,0.53
60,80,19,0.36
60,84,19,0.93
60,85,19,0.81
60,93,19,0.65
60,5,4,0.79
60,6,4,0.95
60,22,4,0.61
60,33,4,0.62
60,44,4,0.88
60,45,4,0.7
60,49,4,0.08
60,60,4,0
60,63,4,0.02
60,71,4,0.37
60,76,4,0.02
60,84,4,0.35
60,86,4,0.74
60,91,4,0.94
60,94,4,0.64
60,0,7,0.11
60,1,7,0.17
60,12,7,0.4
60,24,7,0.84
60,25,7,0.88
60,27,7,0.38
60,29,7,0.38
60,30,7,0.23
60,32,7,0.14
60,38,7,0.32
60,46,7,0.07
60,54,7,0.05
60,56,7,0.8
60,60,7,0
60,65,7,0.16
60,66,7,0.05
60,95,7,0.01
60,97,7,0.41
61,16,6,0.83
61,17,6,0.84
61,18,6,0.55
61,22,6,0.24
61,32,6,0.21
61,53,6,0.57
61,61,6,0
61,65,6,0.47
61,81,6,0.66
61,83,6,0.34
61,87,6,0.71
61,88,6,0.97
61,89,6,0.24
61,92,6,0.77
61,8,0,0.15
61,15,0,0.49
61,25,0,0.09
61,31,0,0.82
61,32,0,0.65
61,41,0,0.47
61,43,0,0.79
61,48,0,0.27
61,55,0,0.72
61,61,0,0
61,70,0,0.33
61,84,0,0.25
61,94,0,0.28
61,95,0,0.29
61,0,17,0.51
61,2,17,0.84
61,7,17,0.17
61,21,17,0.6
61,30,17,0.74
61,31,17,0.83
61,42,17,0.87
61,50,17,0.81
61,60,17,0.03
61,61,17,0
61,67,17,0.54
61,75,17,0.72
61,82,17,0.34
61,83,17,0.39
62,10,8,0.9
62,19,8,0.78
62,24,8,0.18
62,44,8,0.38
62,52,8,0.12
62,62,8,0
62,85,8,0.55
62,93,8,0.57
62,94,8,0.56
62,16,15,0.79
62,18,15,0.35
62,19,15,0.97
62,20,15,0.37
62,21,15,0.42
62,59,15,0.5
62,62,15,0
62,64,15,0.07
62,66,15,0.2
62,68,15,0.73
62,74,15,0.38
62,85,15,0.12
62,91,15,0.61
62,92,15,0.81
63,3,10,0.09
63,21,10,0.99
63,25,10,0.41
63,37,10,0.1
63,44,10,0.24
63,45,10,0.08
63,46,10,0.01
63,59,10,0.68
63,63,10,0
63,64,10,0.09
63,69,10,0.98
63,73,10,0.05
63,82,10,0.28
63,93,10,0.82
63,96,10,0.78
63,97,10,0.87
63,10,2,0.88
63,12,2,0.52
63,20,2,0.84
63,26,2,0.9
63,37,2,0.48
63,49,2,0.05
63,53,2,0.88
63,63,2,0
63,76,2,0.3
63,81,2,0.52
63,86,2,0.0
63,98,2,0.59
63,99,2,0.85
63,5,4,0.38
63,6,4,0.09
63,22,4,0.69
63,33,4,0.6
63,44,4,0.28
63,45,4,0.2
63,49,4,0.64
63,60,4,0.17
63,63,4,0
63,71,4,0.77
63,76,4,0.21
63,84,4,0.14
63,86,4,0.44
63,91,4,0.42
63,94,4,0.27
64,16,15,0.48
64,18,15,0.62
64,19,15,0.9
64,20,15,0.73
64,21,15,0.07
64,59,15,0.37
64,62,15,0.17
64,64,15,0
64,66,15,0.37
64,68,15,0.35
64,74,15,0.17
64,85,15,0.12
64,91,15,0.14
64,92,15,0.28
64,3,10,0.58
64,21,10,0.14
64,25,10,0.76
64,37,10,0.35
64,44,10,0.3
64,45,10,0.18
64,46,10,0.96
64,59,10,0.18
64,63,10,0.87
64,64,10,0
64,69,10,0.84
64,73,10,0.91
64,82,10,0.37
64,93,10,0.02
64,96,10,0.68
64,97,10,0.74
65,0,7,0.21
65,1,7,0.78
65,12,7,0.79
65,24,7,0.83
65,25,7,0.71
65,27,7,0.04
65,29,7,0.98
65,30,7,0.88
65,32,7,0.26
65,38,7,0.66
65,46,7,0.81
65,54,7,0.73
65,56,7,0.78
65,60,7,0.64
65,65,7,0
65,66,7,0.03
65,95,7,0.17
65,97,7,0.41
65,7,12,0.6
65,11,12,0.7
65,12,12,0.0
65,24,12,0.33
65,28,12,0.13
65,33,12,0.13
65,42,12,0.23
65,48,12,0.58
65,65,12,0
65,67,12,0.09
65,79,12,0.46
65,80,12,0.23
65,81,12,0.47
65,95,12,0.87
65,99,12,0.5
65,7,18,0.23
65,8,18,0.71
65,9,18,0.93
65,19,18,0.75
65,22,18,0.71
65,23,18,0.41
65,28,18,0.53
65,29,18,0.28
65,35,18,0.76
65,43,18,0.9
65,47,18,0.48
65,65,18,0
65,71,18,0.03
65,72,18,0.54
65,78,18,0.48
65,92,18,0.99
65,98,18,0.33
65,16,6,0.07
65,17,6,0.94
65,18,6,0.17
65,22,6,0.85
65,32,6,1.0
65,53,6,0.59
65,61,6,0.88
65,65,6,0
65,81,6,0.77
65,83,6,0.1
65,87,6,0.95
65,88,6,0.68
65,89,6,0.87
65,92,6,0.01
66,0,7,0.81
66,1,7,0.87
66,12,7,0.54
66,24,7,0.16
66,25,7,0.83
66,27,7,0.77
66,29,7,0.14
66,30,7,0.94
66,32,7,0.98
66,38,7,0.23
66,46,7,0.7
66,54,7,1.0
66,56,7,0.22
66,60,7,0.02
66,65,7,0.85
66,66,7,0
66,95,7,0.21
66,97,7,0.01
66,16,15,0.38
66,18,15,0.24
66,19,15,0.97
66,20,15,0.52
66,21,15,0.21
66,59,15,0.17
66,62,15,0.2
66,64,15,0.64
66,66,15,0
66,68,15,0.57
66,74,15,0.19
66,85,15,0.22
66,91,15,0.36
66,92,15,0.28
66,1,9,0.79
66,13,9,0.05
66,14,9,0.74
66,33,9,0.87
66,40,9,0.32
66,66,9,0
66,73,9,0.43
66,77,9,0.92
66,86,9,0.24
66,9,14,0.37
66,27,14,0.1
66,29,14,0.2
66,34,14,0.9
66,39,14,0.38
66,42,14,0.59
66,57,14,0.02
66,58,14,0.22
66,66,14,0
66,76,14,0.93
66,78,14,0.24
66,88,14,0.02
67,0,17,0.07
67,2,17,0.97
67,7,17,0.03
67,21,17,0.08
67,30,17,0.43
67,31,17,0.01
67,42,17,0.77
67,50,17,0.27
67,60,17,0.16
67,61,17,0.67
67,67,17,0
67,75,17,0.97
67,82,17,0.22
67,83,17,0.45
67,7,12,0.07
67,11,12,0.5
67,12,12,0.98
67,24,12,0.67
67,28,12,0.21
67,33,12,0.56
67,42,12,0.09
67,48,12,0.71
67,65,12,0.13
67,67,12,0
67,79,12,0.59
67,80,12,0.65
67,81,12,0.2
67,95,12,0.69
67,99,12,0.26
68,16,15,0.59
68,18,15,0.78
68,19,15,0.52
68,20,15,0.78
68,21,15,0.39
68,59,15,0.41
68,62,15,0.65
68,64,15,0.22
68,66,15,0.32
68,68,15,0
68,74,15,0.81
68,85,15,0.7
68,91,15,0.91
68,92,15,0.51
68,2,5,0.42
68,3,5,0.8
68,4,5,0.99
68,9,5,0.78
68,10,5,0.31
68,12,5,0.27
68,27,5,0.99
68,50,5,0.74
68,51,5,0.41
68,59,5,0.28
68,68,5,0
68,83,5,0.79
68,90,5,0.26
68,98,5,0.48
69,3,10,0.87
69,21,10,0.53
69,25,10,0.96
69,37,10,0.73
69,44,10,0.73
69,45,10,0.51
69,46,10,0.12
69,59,10,0.68
69,63,10,0.38
69,64,10,0.34
69,69,10,0
69,73,10,0.76
69,82,10,0.56
69,93,10,0.93
69,96,10,0.5
69,97,10,0.44
69,4,3,0.78
69,6,3,0.2
69,24,3,0.15
69,41,3,0.85
69,47,3,0.7
69,53,3,0.46
69,69,3,0
69,72,3,0.39
69,86,3,0.28
69,90,3,0.77
69,97,3,0.58
69,99,3,0.43
69,0,19,0.72
69,3,19,0.73
69,4,19,0.61
69,11,19,0.5
69,17,19,0.6
69,23,19,0.17
69,25,19,0.53
69,26,19,0.98
69,35,19,0.1
69,36,19,0.38
69,37,19,0.48
69,44,19,0.63
69,55,19,0.31
69,60,19,0.57
69,69,19,0
69,71,19,0.07
69,77,19,0.38
69,80,19,0.01
69,84,19,0.8
69,85,19,0.66
69,93,19,0.76
70,2,16,0.66
70,5,16,0.92
70,13,16,0.4
70,16,16,0.85
70,36,16,0.15
70,38,16,0.35
70,41,16,0.29
70,51,16,0.27
70,54,16,0.94
70,55,16,0.78
70,57,16,0.46
70,59,16,0.17
70,70,16,0
70,78,16,0.32
70,79,16,0.15
70,87,16,0.77
70,90,16,0.4
70,91,16,0.26
70,96,16,0.17
70,8,0,0.16
70,15,0,0.79
70,25,0,0.55
70,31,0,0.68
70,32,0,0.63
70,41,0,0.85
70,43,0,0.93
70,48,0,0.18
70,55,0,0.78
70,61,0,0.82
70,70,0,0
70,84,0,0.49
70,94,0,0.65
70,95,0,0.39
71,5,4,0.43
71,6,4,0.06
71,22,4,0.39
71,33,4,0.51
71,44,4,0.5
71,45,4,0.22
71,49,4,0.04
71,60,4,0.63
71,63,4,0.07
71,71,4,0
71,76,4,0.41
71,84,4,0.63
71,86,4,0.53
71,91,4,0.18
71,94,4,0.62
71,0,19,0.87
71,3,19,0.89
71,4,19,0.69
71,11,19,0.75
71,17,19,0.73
71,23,19,0.91
71,25,19,0.49
71,26,19,0.86
71,35,19,0.68
71,36,19,0.77
71,37,19,0.5
71,44,19,0.5
71,55,19,0.95
71,60,19,0.22
71,69,19,0.5
71,71,19,0
71,77,19,0.59
71,80,19,0.48
71,84,19,0.83
71,85,19,0.87
71,93,19,0.5
71,7,18,0.13
71,8,18,0.32
71,9,18,0.59
71,19,18,0.93
71,22,18,0.84
71,23,18,0.82
71,28,18,0.29
71,29,18,0.78
71,35,18,0.91
71,43,18,0.58
71,47,18,0.88
71,65,18,0.9
71,71,18,0
71,72,18,0.68
71,78,18,0.65
71,92,18,0.0
71,98,18,0.68
72,4,3,0.68
72,6,3,0.3
72,24,3,0.42
72,41,3,0.25
72,47,3,0.54
72,53,3,0.43
72,69,3,0.57
72,72,3,0
72,86,3,0.51
72,90,3,0.62
72,97,3,0.82
72,99,3,0.72
72,42,1,0.43
72,43,1,0.87
72,72,1,0
72,73,1,0.72
72,74,1,0.79
72,78,1,0.88
72,80,1,0.55
72,87,1,0.76
72,90,1,0.65
72,94,1,0.92
72,96,1,0.15
72,4,11,0.13
72,9,11,0.27
72,15,11,0.96
72,19,11,0.06
72,31,11,0.95
72,34,11,0.67
72,39,11,0.36
72,50,11,0.7
72,52,11,0.36
72,56,11,0.69
72,58,11,0.13
72,72,11,0
72,75,11,0.84
72,80,11,0.34
72,82,11,0.92
72,85,11,0.92
72,7,18,0.47
72,8,18,0.01
72,9,18,0.65
72,19,18,0.85
72,22,18,0.79
72,23,18,0.6
72,28,18,0.11
72,29,18,0.14
72,35,18,0.01
72,43,18,0.72
72,47,18,0.28
72,65,18,0.91
72,71,18,0.89
72,72,18,0
72,78,18,0.94
72,92,18,0.56
72,98,18,0.63
73,1,9,0.99
73,13,9,0.88
73,14,9,0.47
73,33,9,0.03
73,40,9,0.56
73,66,9,0.64
73,73,9,0
73,77,9,0.5
73,86,9,0.78
73,3,10,0.58
73,21,10,0.97
73,25,10,0.0
73,37,10,0.67
73,44,10,0.83
73,45,10,0.87
73,46,10,0.22
73,59,10,0.04
73,63,10,0.34
73,64,10,0.25
73,69,10,0.5
73,73,10,0
73,82,10,0.04
73,93,10,0.32
73,96,10,0.59
73,97,10,0.74
73,42,1,0.61
73,43,1,0.69
73,72,1,0.31
73,73,1,0
73,74,1,0.79
73,78,1,0.85
73,80,1,0.71
73,87,1,0.72
73,90,1,0.21
73,94,1,0.78
73,96,1,0.98
74,16,15,0.76
74,18,15,0.43
74,19,15,0.07
74,20,15,0.48
74,21,15,0.98
74,59,15,0.85
74,62,15,0.19
74,64,15,0.6
74,66,15,0.96
74,68,15,0.27
74,74,15,0
74,85,15,0.85
74,91,15,0.59
74,92,15,0.19
74,42,1,0.87
74,43,1,0.27
74,72,1,0.19
74,73,1,0.25
74,74,1,0
74,78,1,0.57
74,80,1,0.81
74,87,1,0.54
74,90,1,0.83
74,94,1,0.9
74,96,1,0.02
75,4,11,0.55
75,9,11,0.14
75,15,11,0.6
75,19,11,0.28
75,31,11,0.46
75,34,11,0.11
75,39,11,0.25
75,50,11,0.9
75,52,11,0.27
75,56,11,0.08
75,58,11,0.74
75,72,11,0.13
75,75,11,0
75,80,11,0.47
75,82,11,0.53
75,85,11,0.05
75,0,17,0.62
75,2,17,0.97
75,7,17,0.18
75,21,17,0.0
75,30,17,0.49
75,31,17,0.12
75,42,17,0.68
75,50,17,0.95
75,60,17,0.37
75,61,17,0.24
75,67,17,0.14
75,75,17,0
75,82,17,0.79
75,83,17,0.78
76,5,4,0.92
76,6,4,0.7
76,22,4,0.06
76,33,4,0.86
76,44,4,0.55
76,45,4,0.31
76,49,4,0.82
76,60,4,0.06
76,63,4,0.89
76,71,4,0.65
76,76,4,0
76,84,4,0.87
76,86,4,0.86
76,91,4,0.78
76,94,4,0.09
76,9,14,0.39
76,27,14,0.49
76,29,14,0.69
76,34,14,0.17
76,39,14,0.54
76,42,14,0.08
76,57,14,0.69
76,58,14,0.46
76,66,14,0.98
76,76,14,0
76,78,14,0.04
76,88,14,0.08
76,10,2,0.24
76,12,2,0.45
76,20,2,0.45
76,26,2,0.7
76,37,2,0.49
76,49,2,0.44
76,53,2,0.78
76,63,2,0.29
76,76,2,0
76,81,2,0.04
76,86,2,0.89
76,98,2,0.71
76,99,2,0.47
77,0,19,0.05
77,3,19,0.32
77,4,19,0.24
77,11,19,0.01
77,17,19,0.4
77,23,19,0.13
77,25,19,0.63
77,26,19,0.83
77,35,19,0.59
77,36,19,0.59
77,37,19,0.92
77,44,19,0.51
77,55,19,0.23
77,60,19,0.59
77,69,19,0.47
77,71,19,0.91
77,77,19,0
77,80,19,0.03
77,84,19,0.21
77,85,19,0.64
77,93,19,0.14
77,1,9,0.91
77,13,9,0.37
77,14,9,0.31
77,33,9,0.09
77,40,9,0.34
77,66,9,0.17
77,73,9,0.2
77,77,9,0
77,86,9,0.6
78,2,16,0.87
78,5,16,0.47
78,13,16,0.37
78,16,16,0.02
78,36,16,0.25
78,38,16,0.56
78,41,16,0.52
78,51,16,0.64
78,54,16,0.37
78,55,16,0.06
78,57,16,0.98
78,59,16,0.04
78,70,16,0.92
78,78,16,0
78,79,16,0.5
78,87,16,0.53
78,90,16,0.35
78,91,16,0.31
78,96,16,0.15
78,42,1,0.15
78,43,1,0.83
78,72,1,0.53
78,73,1,0.28
78,74,1,0.95
78,78,1,0
78,80,1,0.88
78,87,1,0.89
78,90,1,0.59
78,94,1,0.98
78,96,1,0.74
78,7,18,0.31
78,8,18,0.95
78,9,18,0.69
78,19,18,0.11
78,22,18,0.41
78,23,18,0.33
78,28,18,0.46
78,29,18,0.43
78,35,18,0.42
78,43,18,0.25
78,47,18,0.83
78,65,18,0.81
78,71,18,0.35
78,72,18,0.91
78,78,18,0
78,92,18,0.75
78,98,18,0.35
78,9,14,0.68
78,27,14,0.01
78,29,14,0.01
78,34,14,0.93
78,39,14,0.71
78,42,14,0.98
78,57,14,0.53
78,58,14,0.16
78,66,14,0.12
78,76,14,0.5
78,78,14,0
78,88,14,0.19
79,2,16,0.44
79,5,16,0.95
79,13,16,0.36
79,16,16,0.9
79,36,16,0.08
79,38,16,0.2
79,41,16,0.9
79,51,16,0.02
79,54,16,0.22
79,55,16,0.0
79,57,16,0.08
79,59,16,0.74
79,70,16,0.2
79,78,16,0.51
79,79,16,0
79,87,16,0.28
79,90,16,0.99
79,91,16,0.17
79,96,16,0.39
79,7,12,0.14
79,11,12,0.34
79,12,12,0.09
79,24,12,0.93
79,28,12,0.81
79,33,12,0.05
79,42,12,0.03
79,48,12,0.12
79,65,12,0.29
79,67,12,0.64
79,79,12,0
79,80,12,0.58
79,81,12,0.43
79,95,12,0.18
79,99,12,0.09
80,42,1,0.08
80,43,1,0.6
80,72,1,0.8
80,73,1,0.58
80,74,1,0.6
80,78,1,0.82
80,80,1,0
80,87,1,0.45
80,90,1,0.97
80,94,1,0.68
80,96,1,0.56
80,0,19,0.47
80,3,19,0.05
80,4,19,0.39
80,11,19,0.72
80,17,19,0.36
80,23,19,0.19
80,25,19,0.85
80,26,19,0.53
80,35,19,0.49
80,36,19,0.79
80,37,19,0.16
80,44,19,0.65
80,55,19,0.28
80,60,19,0.29
80,69,19,0.85
80,71,19,0.91
80,77,19,0.66
80,80,19,0
80,84,19,0.22
80,85,19,0.04
80,93,19,0.21
80,7,12,0.34
80,11,12,0.73
80,12,12,0.52
80,24,12,0.22
80,28,12,0.82
80,33,12,0.2
80,42,12,0.83
80,48,12,0.86
80,65,12,0.73
80,67,12,0.98
80,79,12,0.06
80,80,12,0
80,81,12,0.31
80,95,12,0.67
80,99,12,0.77
80,4,11,0.65
80,9,11,0.13
80,15,11,0.49
80,19,11,0.53
80,31,11,0.44
80,34,11,0.1
80,39,11,0.51
80,50,11,0.98
80,52,11,0.74
80,56,11,0.65
80,58,11,0.59
80,72,11,0.71
80,75,11,0.63
80,80,11,0
80,82,11,0.54
80,85,11,0.22
81,10,2,0.3
81,12,2,0.18
81,20,2,0.69
81,26,2,0.04
81,37,2,0.83
81,49,2,0.91
81,53,2,0.02
81,63,2,0.09
81,76,2,0.37
81,81,2,0
81,86,2,0.47
81,98,2,0.77
81,99,2,0.12
81,7,12,0.65
81,11,12,0.13
81,12,12,0.44
81,24,12,0.39
81,28,12,0.92
81,33,12,0.38
81,42,12,0.5
81,48,12,0.56
81,65,12,0.25
81,67,12,0.28
81,79,12,0.85
81,80,12,0.47
81,81,12,0
81,95,12,0.67
81,99,12,0.19
81,16,6,0.39
81,17,6,0.58
81,18,6,0.51
81,22,6,0.44
81,32,6,0.65
81,53,6,0.51
81,61,6,0.56
81,65,6,0.32
81,81,6,0
81,83,6,0.69
81,87,6,0.44
81,88,6,0.32
81,89,6,0.04
81,92,6,0.08
82,4,11,0.26
82,9,11,0.7
82,15,11,0.43
82,19,11,0.97
82,31,11,0.55
82,34,11,0.63
82,39,11,0.9
82,50,11,0.26
82,52,11,0.46
82,56,11,0.26
82,58,11,0.53
82,72,11,0.1
82,75,11,0.71
82,80,11,0.92
82,82,11,0
82,85,11,0.59
82,3,10,0.68
82,21,10,0.38
82,25,10,0.51
82,37,10,0.98
82,44,10,0.57
82,45,10,0.48
82,46,10,0.27
82,59,10,0.5
82,63,10,0.55
82,64,10,0.9
82,69,10,0.84
82,73,10,0.87
82,82,10,0
82,93,10,0.38
82,96,10,0.96
82,97,10,0.6
82,0,17,0.57
82,2,17,0.85
82,7,17,0.8
82,21,17,0.67
82,30,17,0.31
82,31,17,0.77
82,42,17,0.81
82,50,17,0.16
82,60,17,0.46
82,61,17,0.76
82,67,17,0.65
82,75,17,0.28
82,82,17,0
82,83,17,0.18
83,0,17,0.21
83,2,17,0.23
83,7,17,0.92
83,21,17,0.47
83,30,17,0.85
83,31,17,0.93
83,42,17,0.83
83,50,17,0.17
83,60,17,0.38
83,61,17,0.82
83,67,17,0.17
83,75,17,0.22
83,82,17,0.81
83,83,17,0
83,16,6,0.65
83,17,6,0.87
83,18,6,0.06
83,22,6,0.61
83,32,6,0.6
83,53,6,0.2
83,61,6,0.2
83,65,6,0.59
83,81,6,0.41
83,83,6,0
83,87,6,0.7
83,88,6,0.56
83,89,6,0.91
83,92,6,0.25
83,2,5,0.42
83,3,5,0.24
83,4,5,0.21
83,9,5,1.0
83,10,5,0.69
83,12,5,0.15
83,27,5,0.21
83,50,5,0.8
83,51,5,0.92
83,59,5,0.71
83,68,5,0.51
83,83,5,0
83,90,5,0.88
83,98,5,0.75
84,5,4,0.7
84,6,4,0.3
84,22,4,0.7
84,33,4,0.24
84,44,4,0.79
84,45,4,0.52
84,49,4,0.54
84,60,4,0.25
84,63,4,0.3
84,71,4,0.68
84,76,4,0.03
84,84,4,0
84,86,4,0.99
84,91,4,0.56
84,94,4,0.35
84,8,0,0.59
84,15,0,0.8
84,25,0,0.45
84,31,0,0.75
84,32,0,0.47
84,41,0,0.85
84,43,0,0.55
84,48,0,0.52
84,55,0,0.09
84,61,0,0.43
84,70,0,0.16
84,84,0,0
84,94,0,0.25
84,95,0,0.96
84,0,19,0.1
84,3,19,0.51
84,4,19,0.02
84,11,19,0.76
84,17,19,0.44
84,23,19,0.93
84,25,19,0.46
84,26,19,0.45
84,35,19,0.5
84,36,19,0.82
84,37,19,0.4
84,44,19,0.15
84,55,19,0.84
84,60,19,0.77
84,69,19,0.76
84,71,19,0.69
84,77,19,0.49
84,80,19,0.77
84,84,19,0
84,85,19,0.26
84,93,19,0.5
85,10,8,0.08
85,19,8,0.41
85,24,8,0.15
85,44,8,0.44
85,52,8,0.27
85,62,8,0.88
85,85,8,0
85,93,8,0.62
85,94,8,0.42
85,0,19,0.35
85,3,19,0.4
85,4,19,0.09
85,11,19,0.0
85,17,19,0.97
85,23,19,0.06
85,25,19,0.56
85,26,19,0.93
85,35,19,0.11
85,36,19,0.73
85,37,19,0.06
85,44,19,0.87
85,55,19,0.15
85,60,19,0.01
85,69,19,0.59
85,71,19,0.74
85,77,19,0.85
85,80,19,0.26
85,84,19,0.19
85,85,19,0
85,93,19,0.34
85,4,11,0.7
85,9,11,0.63
85,15,11,0.86
85,19,11,0.82
85,31,11,0.91
85,34,11,0.51
85,39,11,0.45
85,50,11,0.13
85,52,11,0.0
85,56,11,0.16
85,58,11,0.5
85,72,11,0.3
85,75,11,0.3
85,80,11,0.27
85,82,11,0.49
85,85,11,0
85,16,15,0.03
85,18,15,0.54
85,19,15,0.67
85,20,15,0.83
85,21,15,0.54
85,59,15,0.28
85,62,15,0.72
85,64,15,0.51
85,66,15,0.21
85,68,15,0.29
85,74,15,0.46
85,85,15,0
85,91,15,0.6
85,92,15,0.16
86,4,3,0.32
86,6,3,0.36
86,24,3,0.5
86,41,3,0.65
86,47,3,0.91
86,53,3,0.01
86,69,3,0.47
86,72,3,0.44
86,86,3,0
86,90,3,0.99
86,97,3,0.28
86,99,3,0.49
86,1,9,0.02
86,13,9,0.71
86,14,9,0.43
86,33,9,0.39
86,40,9,0.76
86,66,9,0.22
86,73,9,0.1
86,77,9,0.32
86,86,9,0
86,10,2,0.22
86,12,2,0.69
86,20,2,0.47
86,26,2,0.72
86,37,2,0.33
86,49,2,0.88
86,53,2,0.83
86,63,2,0.21
86,76,2,0.04
86,81,2,0.39
86,86,2,0
86,98,2,0.26
86,99,2,0.98
86,5,4,0.59
86,6,4,0.64
86,22,4,0.52
86,33,4,0.66
86,44,4,0.04
86,45,4,0.71
86,49,4,0.98
86,60,4,0.05
86,63,4,0.2
86,71,4,0.13
86,76,4,0.43
86,84,4,0.72
86,86,4,0
86,91,4,0.99
86,94,4,0.66
87,2,16,0.91
87,5,16,0.01
87,13,16,0.47
87,16,16,0.47
87,36,16,0.03
87,38,16,0.68
87,41,16,0.34
87,51,16,0.78
87,54,16,0.96
87,55,16,0.35
87,57,16,0.2
87,59,16,0.33
87,70,16,0.67
87,78,16,0.55
87,79,16,0.2
87,87,16,0
87,90,16,0.89
87,91,16,0.68
87,96,16,0.91
87,16,6,0.89
87,17,6,0.18
87,18,6,0.08
87,22,6,0.98
87,32,6,0.05
87,53,6,0.46
87,61,6,0.69
87,65,6,0.72
87,81,6,0.16
87,83,6,0.63
87,87,6,0
87,88,6,0.39
87,89,6,0.76
87,92,6,0.78
87,2,13,0.05
87,5,13,0.26
87,8,13,0.56
87,14,13,0.61
87,17,13,0.49
87,36,13,0.66
87,40,13,0.15
87,43,13,0.88
87,55,13,0.6
87,57,13,0.76
87,87,13,0
87,89,13,0.03
87,92,13,0.18
87,95,13,0.84
87,42,1,0.72
87,43,1,0.2
87,72,1,0.42
87,73,1,0.14
87,74,1,0.6
87,78,1,0.29
87,80,1,0.05
87,87,1,0
87,90,1,0.13
87,94,1,0.09
87,96,1,0.64
88,16,6,0.64
88,17,6,0.25
88,18,6,0.11
88,22,6,0.66
88,32,6,0.11
88,53,6,0.55
88,61,6,0.98
88,65,6,0.47
88,81,6,0.04
88,83,6,0.89
88,87,6,0.03
88,88,6,0
88,89,6,0.86
88,92,6,0.75
88,9,14,0.72
88,27,14,0.37
88,29,14,0.92
88,34,14,0.73
88,39,14,0.34
88,42,14,0.83
88,57,14,0.18
88,58,14,0.77
88,66,14,0.87
88,76,14,0.01
88,78,14,0.62
88,88,14,0
89,2,13,0.81
89,5,13,0.82
89,8,13,0.09
89,14,13,0.83
89,17,13,0.95
89,36,13,0.6
89,40,13,0.3
89,43,13,0.99
89,55,13,0.19
89,57,13,0.94
89,87,13,0.93
89,89,13,0
89,92,13,0.77
89,95,13,0.75
89,16,6,0.55
89,17,6,0.33
89,18,6,0.54
89,22,6,0.14
89,32,6,0.53
89,53,6,0.98
89,61,6,0.66
89,65,6,0.42
89,81,6,0.25
89,83,6,0.95
89,87,6,0.6
89,88,6,0.43
89,89,6,0
89,92,6,0.72
90,2,16,0.57
90,5,16,0.12
90,13,16,0.55
90,16,16,0.51
90,36,16,0.71
90,38,16,0.15
90,41,16,0.89
90,51,16,0.44
90,54,16,0.66
90,55,16,1.0
90,57,16,0.29
90,59,16,0.84
90,70,16,0.42
90,78,16,0.42
90,79,16,0.57
90,87,16,0.06
90,90,16,0
90,91,16,0.84
90,96,16,0.42
90,4,3,0.54
90,6,3,0.25
90,24,3,0.08
90,41,3,0.74
90,47,3,0.12
90,53,3,0.88
90,69,3,0.63
90,72,3,0.15
90,86,3,0.29
90,90,3,0
90,97,3,0.37
90,99,3,0.6
90,2,5,0.43
90,3,5,0.12
90,4,5,0.58
90,9,5,0.87
90,10,5,0.16
90,12,5,0.35
90,27,5,0.27
90,50,5,0.7
90,51,5,0.92
90,59,5,0.13
90,68,5,0.78
90,83,5,0.34
90,90,5,0
90,98,5,0.23
90,42,1,0.02
90,43,1,0.39
90,72,1,0.54
90,73,1,0.32
90,74,1,0.92
90,78,1,0.67
90,80,1,0.01
90,87,1,0.77
90,90,1,0
90,94,1,0.64
90,96,1,0.9
91,16,15,0.28
91,18,15,0.41
91,19,15,0.73
91,20,15,0.06
91,21,15,0.03
91,59,15,0.55
91,62,15,0.93
91,64,15,0.86
91,66,15,0.77
91,68,15,0.54
91,74,15,0.41
91,85,15,0.11
91,91,15,0
91,92,15,0.5
91,5,4,0.4
91,6,4,0.42
91,22,4,0.83
91,33,4,0.17
91,44,4,0.05
91,45,4,0.99
91,49,4,0.56
91,60,4,0.32
91,63,4,0.21
91,71,4,0.07
91,76,4,0.21
91,84,4,0.05
91,86,4,0.84
91,91,4,0
91,94,4,0.95
91,2,16,0.5
91,5,16,0.23
91,13,16,0.99
91,16,16,0.87
91,36,16,0.55
91,38,16,0.95
91,41,16,0.57
91,51,16,0.23
91,54,16,0.3
91,55,16,0.94
91,57,16,0.21
91,59,16,0.24
91,70,16,0.04
91,78,16,0.75
91,79,16,0.77
91,87,16,0.3
91,90,16,0.46
91,91,16,0
91,96,16,0.17
92,16,15,0.78
92,18,15,0.58
92,19,15,0.1
92,20,15,0.48
92,21,15,0.64
92,59,15,0.4
92,62,15,0.98
92,64,15,0.35
92,66,15,0.67
92,68,15,0.81
92,74,15,0.04
92,85,15,0.41
92,91,15,0.31
92,92,15,0
92,16,6,0.24
92,17,6,0.18
92,18,6,0.27
92,22,6,0.29
92,32,6,0.56
92,53,6,0.85
92,61,6,0.61
92,65,6,0.04
92,81,6,0.61
92,83,6,0.54
92,87,6,0.77
92,88,6,0.13
92,89,6,0.14
92,92,6,0
92,7,18,0.94
92,8,18,0.11
92,9,18,0.5
92,19,18,0.81
92,22,18,0.25
92,23,18,0.69
92,28,18,0.34
92,29,18,0.19
92,35,18,0.87
92,43,18,0.7
92,47,18,0.15
92,65,18,0.24
92,71,18,0.04
92,72,18,0.86
92,78,18,0.48
92,92,18,0
92,98,18,0.02
92,2,13,0.46
92,5,13,0.28
92,8,13,0.71
92,14,13,0.6
92,17,13,0.37
92,36,13,0.48
92,40,13,0.78
92,43,13,0.8
92,55,13,0.12
92,57,13,0.58
92,87,13,0.12
92,89,13,0.9
92,92,13,0
92,95,13,0.48
93,0,19,0.24
93,3,19,0.55
93,4,19,0.57
93,11,19,0.57
93,17,19,0.8
93,23,19,0.64
93,25,19,0.04
93,26,19,0.5
93,35,19,0.22
93,36,19,0.26
93,37,19,0.6
93,44,19,0.1
93,55,19,0.88
93,60,19,0.16
93,69,19,0.88
93,71,19,0.82
93,77,19,0.5
93,80,19,0.36
93,84,19,0.39
93,85,19,0.37
93,93,19,0
93,10,8,0.29
93,19,8,0.83
93,24,8,0.09
93,44,8,0.68
93,52,8,0.08
93,62,8,0.63
93,85,8,0.89
93,93,8,0
93,94,8,0.82
93,3,10,0.87
93,21,10,0.03
93,25,10,0.04
93,37,10,0.12
93,44,10,0.92
93,45,10,0.42
93,46,10,0.28
93,59,10,0.93
93,63,10,0.55
93,64,10,0.31
93,69,10,0.26
93,73,10,0.67
93,82,10,0.05
93,93,10,0
93,96,10,0.39
93,97,10,0.51
94,5,4,0.14
94,6,4,0.48
94,22,4,0.35
94,33,4,0.7
94,44,4,0.3
94,45,4,0.17
94,49,4,0.22
94,60,4,0.1
94,63,4,0.11
94,71,4,0.71
94,76,4,0.97
94,84,4,0.8
94,86,4,0.1
94,91,4,0.02
94,94,4,0
94,10,8,0.42
94,19,8,0.64
94,24,8,0.97
94,44,8,0.66
94,52,8,0.92
94,62,8,0.19
94,85,8,0.87
94,93,8,0.76
94,94,8,0
94,42,1,0.01
94,43,1,0.17
94,72,1,0.49
94,73,1,0.99
94,74,1,0.33
94,78,1,0.66
94,80,1,0.61
94,87,1,0.36
94,90,1,0.29
94,94,1,0
94,96,1,0.06
94,8,0,0.03
94,15,0,0.67
94,25,0,0.24
94,31,0,0.48
94,32,0,0.64
94,41,0,0.12
94,43,0,0.18
94,48,0,0.32
94,55,0,0.78
94,61,0,0.41
94,70,0,0.29
94,84,0,0.56
94,94,0,0
94,95,0,1.0
95,7,12,0.58
95,11,12,0.97
95,12,12,0.84
95,24,12,0.84
95,28,12,0.92
95,33,12,0.05
95,42,12,0.46
95,48,12,0.77
95,65,12,0.56
95,67,12,0.79
95,79,12,0.53
95,80,12,0.8
95,81,12,0.87
95,95,12,0
95,99,12,0.09
95,0,7,0.53
95,1,7,0.39
95,12,7,0.6
95,24,7,0.23
95,25,7,0.35
95,27,7,0.29
95,29,7,0.13
95,30,7,0.71
95,32,7,0.39
95,38,7,0.26
95,46,7,0.08
95,54,7,0.03
95,56,7,0.95
95,60,7,0.9
95,65,7,0.35
95,66,7,0.97
95,95,7,0
95,97,7,0.45
95,2,13,0.01
95,5,13,0.39
95,8,13,0.74
95,14,13,0.48
95,17,13,0.97
95,36,13,0.18
95,40,13,0.89
95,43,13,0.9
95,55,13,0.7
95,57,13,0.44
95,87,13,0.38
95,89,13,0.14
95,92,13,0.27
95,95,13,0
95,8,0,0.05
95,15,0,0.31
95,25,0,0.18
95,31,0,0.9
95,32,0,0.16
95,41,0,0.44
95,43,0,0.59
95,48,0,0.65
95,55,0,0.8
95,61,0,0.65
95,70,0,0.55
95,84,0,0.95
95,94,0,0.05
95,95,0,0
96,3,10,0.49
96,21,10,0.23
96,25,10,0.79
96,37,10,0.81
96,44,10,0.55
96,45,10,0.18
96,46,10,0.62
96,59,10,0.56
96,63,10,0.31
96,64,10,0.44
96,69,10,0.76
96,73,10,0.25
96,82,10,0.62
96,93,10,0.25
96,96,10,0
96,97,10,0.48
96,2,16,0.78
96,5,16,0.01
96,13,16,0.24
96,16,16,0.87
96,36,16,0.82
96,38,16,0.68
96,41,16,0.01
96,51,16,0.88
96,54,16,0.54
96,55,16,0.67
96,57,16,0.1
96,59,16,0.63
96,70,16,0.93
96,78,16,0.32
96,79,16,0.91
96,87,16,0.75
96,90,16,0.8
96,91,16,0.16
96,96,16,0
96,42,1,0.96
96,43,1,0.05
96,72,1,0.56
96,73,1,0.91
96,74,1,0.98
96,78,1,0.36
96,80,1,0.03
96,87,1,0.88
96,90,1,0.23
96,94,1,0.78
96,96,1,0
97,4,3,0.57
97,6,3,0.52
97,24,3,0.63
97,41,3,0.86
97,47,3,0.52
97,53,3,0.87
97,69,3,0.86
97,72,3,0.89
97,86,3,0.64
97,90,3,0.4
97,97,3,0
97,99,3,0.79
97,3,10,0.18
97,21,10,1.0
97,25,10,0.13
97,37,10,0.44
97,44,10,0.87
97,45,10,0.73
97,46,10,0.73
97,59,10,0.78
97,63,10,0.47
97,64,10,0.69
97,69,10,0.98
97,73,10,0.52
97,82,10,0.9
97,93,10,0.93
97,96,10,0.94
97,97,10,0
97,0,7,0.03
97,1,7,0.95
97,12,7,0.68
97,24,7,0.17
97,25,7,0.43
97,27,7,0.28
97,29,7,0.13
97,30,7,0.06
97,32,7,0.27
97,38,7,0.08
97,46,7,0.67
97,54,7,0.43
97,56,7,0.31
97,60,7,0.48
97,65,7,0.1
97,66,7,0.32
97,95,7,0.62
97,97,7,0
98,10,2,0.88
98,12,2,0.98
98,20,2,0.84
98,26,2,0.22
98,37,2,0.1
98,49,2,0.1
98,53,2,0.55
98,63,2,0.0
98,76,2,0.73
98,81,2,0.46
98,86,2,0.58
98,98,2,0
98,99,2,0.27
98,2,5,0.13
98,3,5,0.7
98,4,5,0.22
98,9,5,0.06
98,10,5,0.5
98,12,5,0.52
98,27,5,0.85
98,50,5,0.69
98,51,5,0.81
98,59,5,0.04
98,68,5,0.47
98,83,5,0.77
98,90,5,0.48
98,98,5,0
98,7,18,0.79
98,8,18,0.01
98,9,18,0.78
98,19,18,0.74
98,22,18,0.04
98,23,18,0.87
98,28,18,0.58
98,29,18,0.27
98,35,18,0.47
98,43,18,0.87
98,47,18,0.12
98,65,18,0.36
98,71,18,0.23
98,72,18,0.04
98,78,18,0.12
98,92,18,0.75
98,98,18,0
99,10,2,0.19
99,12,2,0.52
99,20,2,0.55
99,26,2,0.19
99,37,2,0.35
99,49,2,0.65
99,53,2,0.94
99,63,2,0.69
99,76,2,0.89
99,81,2,0.22
99,86,2,0.17
99,98,2,0.16
99,99,2,0
99,4,3,0.58
99,6,3,0.4
99,24,3,0.7
99,41,3,0.99
99,47,3,0.42
99,53,3,0.37
99,69,3,0.64
99,72,3,0.93
99,86,3,0.32
99,90,3,0.84
99,97,3,0.43
99,99,3,0
99,7,12,0.64
99,11,12,0.46
99,12,12,0.14
99,24,12,0.02
99,28,12,0.98
99,33,12,0.1
99,42,12,0.39
99,48,12,0.67
99,65,12,0.42
99,67,12,0.33
99,79,12,0.48
99,80,12,0.2
99,81,12,0.11
99,95,12,0.58
99,99,12,0