M,100,P,30,Q,100000,targetS,0.1,targetW,0.1

Resources name, resource id, current workload and max workload
R_0,0,0.48,1
R_1,1,0.42,1
R_2,2,0.56,1
R_3,3,0.66,1
R_4,4,0.22,1
R_5,5,0.74,1
R_6,6,0.52,1
R_7,7,0.56,1
R_8,8,0.51,1
R_9,9,0.46,1
R_10,10,0.39,1
R_11,11,0.69,1
R_12,12,0.31,1
R_13,13,0.47,1
R_14,14,0.64,1
R_15,15,0.41,1
R_16,16,0.2,1
R_17,17,0.44,1
R_18,18,0.79,1
R_19,19,0.62,1
R_20,20,0.27,1
R_21,21,0.42,1
R_22,22,0.4,1
R_23,23,0.33,1
R_24,24,0.45,1
R_25,25,0.33,1
R_26,26,0.31,1
R_27,27,0.31,1
R_28,28,0.65,1
R_29,29,0.48,1
R_30,30,0.3,1
R_31,31,0.46,1
R_32,32,0.65,1
R_33,33,0.76,1
R_34,34,0.3,1
R_35,35,0.7,1
R_36,36,0.61,1
R_37,37,0.78,1
R_38,38,0.52,1
R_39,39,0.74,1
R_40,40,0.32,1
R_41,41,0.37,1
R_42,42,0.31,1
R_43,43,0.3,1
R_44,44,0.45,1
R_45,45,0.21,1
R_46,46,0.68,1
R_47,47,0.26,1
R_48,48,0.21,1
R_49,49,0.6,1
R_50,50,0.41,1
R_51,51,0.52,1
R_52,52,0.62,1
R_53,53,0.39,1
R_54,54,0.74,1
R_55,55,0.33,1
R_56,56,0.26,1
R_57,57,0.73,1
R_58,58,0.36,1
R_59,59,0.27,1
R_60,60,0.39,1
R_61,61,0.59,1
R_62,62,0.56,1
R_63,63,0.31,1
R_64,64,0.67,1
R_65,65,0.72,1
R_66,66,0.51,1
R_67,67,0.25,1
R_68,68,0.23,1
R_69,69,0.21,1
R_70,70,0.68,1
R_71,71,0.49,1
R_72,72,0.8,1
R_73,73,0.73,1
R_74,74,0.66,1
R_75,75,0.46,1
R_76,76,0.31,1
R_77,77,0.23,1
R_78,78,0.6,1
R_79,79,0.35,1
R_80,80,0.41,1
R_81,81,0.22,1
R_82,82,0.38,1
R_83,83,0.79,1
R_84,84,0.61,1
R_85,85,0.77,1
R_86,86,0.48,1
R_87,87,0.22,1
R_88,88,0.77,1
R_89,89,0.72,1
R_90,90,0.4,1
R_91,91,0.33,1
R_92,92,0.57,1
R_93,93,0.42,1
R_94,94,0.68,1
R_95,95,0.25,1
R_96,96,0.45,1
R_97,97,0.37,1
R_98,98,0.56,1
R_99,99,0.6,1

Activities name, activity id, lambda, stress, resource id, priority, rifiutato
act_36,36,0.26,0.52,0,411,1
act_36,36,0.26,0.52,0,366,1
act_1,1,0.19,0.97,1,449,1
act_1,1,0.19,0.97,1,338,1
act_1,1,0.19,0.97,1,72,1
act_14,14,0.22,0.63,2,406,0
act_14,14,0.22,0.63,2,371,0
act_25,25,0.27,0.32,3,250,0
act_7,7,0.24,0.62,4,59,0
act_7,7,0.24,0.62,4,310,0
act_32,32,0.07,0.67,4,386,0
act_32,32,0.07,0.67,4,284,0
act_32,32,0.07,0.67,4,66,0
act_32,32,0.07,0.67,4,285,0
act_8,8,0.21,0.88,5,144,0
act_6,6,0.14,0.68,6,71,1
act_34,34,0.19,0.96,6,94,1
act_6,6,0.14,0.68,6,52,1
act_15,15,0.12,0.76,7,226,0
act_16,16,0.02,0.82,7,412,1
act_15,15,0.12,0.76,7,402,0
act_16,16,0.02,0.82,7,68,1
act_6,6,0.14,0.68,7,47,0
act_16,16,0.02,0.82,7,324,1
act_8,8,0.21,0.88,8,297,0
act_8,8,0.21,0.88,8,30,0
act_16,16,0.02,0.82,8,261,0
act_16,16,0.02,0.82,8,174,0
act_16,16,0.02,0.82,8,21,0
act_2,2,0.19,0.64,9,456,1
act_2,2,0.19,0.64,9,100,1
act_9,9,0.1,0.23,9,91,0
act_1,1,0.19,0.97,10,396,0
act_37,37,0.07,0.4,10,234,0
act_1,1,0.19,0.97,10,135,0
act_37,37,0.07,0.4,10,418,0
act_37,37,0.07,0.4,10,290,0
act_25,25,0.27,0.32,11,304,0
act_32,32,0.07,0.67,12,168,0
act_39,39,0.08,0.29,12,224,0
act_39,39,0.08,0.29,12,274,0
act_39,39,0.08,0.29,12,5,0
act_32,32,0.07,0.67,12,314,0
act_39,39,0.08,0.29,12,341,0
act_23,23,0.12,0.36,12,95,0
act_32,32,0.07,0.67,12,295,0
act_21,21,0.09,0.66,13,327,0
act_5,5,0.25,0.71,13,416,1
act_21,21,0.09,0.66,13,420,0
act_21,21,0.09,0.66,13,336,0
act_13,13,0.21,0.87,14,268,0
act_39,39,0.08,0.29,14,83,0
act_14,14,0.22,0.63,15,170,0
act_1,1,0.19,0.97,15,359,0
act_34,34,0.19,0.96,16,225,1
act_10,10,0.23,0.49,16,413,0
act_34,34,0.19,0.96,16,49,1
act_20,20,0.01,0.17,17,294,0
act_20,20,0.01,0.17,17,431,0
act_14,14,0.22,0.63,17,42,1
act_20,20,0.01,0.17,17,185,0
act_20,20,0.01,0.17,17,62,0
act_34,34,0.19,0.96,17,362,1
act_20,20,0.01,0.17,17,24,0
act_20,20,0.01,0.17,17,121,0
act_20,20,0.01,0.17,17,244,0
act_20,20,0.01,0.17,17,302,0
act_20,20,0.01,0.17,17,346,0
act_20,20,0.01,0.17,17,401,0
act_20,20,0.01,0.17,17,142,0
act_20,20,0.01,0.17,17,48,0
act_20,20,0.01,0.17,17,395,0
act_20,20,0.01,0.17,17,422,0
act_34,34,0.19,0.96,18,253,0
act_24,24,0.1,0.6,19,306,1
act_24,24,0.1,0.6,19,355,1
act_24,24,0.1,0.6,19,414,1
act_8,8,0.21,0.88,20,368,0
act_17,17,0.27,0.69,20,272,0
act_38,38,0.01,0.9,20,128,1
act_8,8,0.21,0.88,20,429,0
act_38,38,0.01,0.9,20,82,1
act_38,38,0.01,0.9,20,258,1
act_39,39,0.08,0.29,21,367,0
act_2,2,0.19,0.64,21,96,1
act_2,2,0.19,0.64,21,238,1
act_21,21,0.09,0.66,21,57,1
act_36,36,0.26,0.52,22,292,1
act_23,23,0.12,0.36,22,79,0
act_23,23,0.12,0.36,22,457,0
act_20,20,0.01,0.17,22,169,0
act_20,20,0.01,0.17,22,432,0
act_20,20,0.01,0.17,22,209,0
act_20,20,0.01,0.17,22,326,0
act_20,20,0.01,0.17,22,441,0
act_16,16,0.02,0.82,22,344,1
act_20,20,0.01,0.17,22,176,0
act_20,20,0.01,0.17,22,97,0
act_6,6,0.14,0.68,23,322,0
act_25,25,0.27,0.32,23,378,0
act_6,6,0.14,0.68,23,363,0
act_27,27,0.23,0.37,24,9,0
act_2,2,0.19,0.64,24,385,0
act_25,25,0.27,0.32,25,410,0
act_31,31,0.22,0.98,25,85,0
act_22,22,0.12,0.31,26,35,1
act_22,22,0.12,0.31,26,293,1
act_23,23,0.12,0.36,26,210,1
act_23,23,0.12,0.36,26,87,1
act_24,24,0.1,0.6,26,113,1
act_24,24,0.1,0.6,26,38,1
act_35,35,0.16,0.66,27,27,0
act_25,25,0.27,0.32,27,287,0
act_35,35,0.16,0.66,27,381,0
act_37,37,0.07,0.4,27,67,0
act_27,27,0.23,0.37,28,50,0
act_39,39,0.08,0.29,28,424,0
act_11,11,0.25,0.22,29,311,0
act_31,31,0.22,0.98,29,63,0
act_2,2,0.19,0.64,30,291,0
act_7,7,0.24,0.62,30,383,0
act_2,2,0.19,0.64,30,397,0
act_22,22,0.12,0.31,31,74,0
act_7,7,0.24,0.62,31,333,0
act_22,22,0.12,0.31,31,221,0
act_33,33,0.18,0.59,32,125,1
act_29,29,0.07,0.48,32,58,1
act_29,29,0.07,0.48,32,454,1
act_22,22,0.12,0.31,33,387,0
act_37,37,0.07,0.4,34,217,0
act_32,32,0.07,0.67,34,229,1
act_24,24,0.1,0.6,34,15,0
act_37,37,0.07,0.4,34,308,0
act_24,24,0.1,0.6,34,299,0
act_37,37,0.07,0.4,34,109,0
act_24,24,0.1,0.6,34,288,0
act_20,20,0.01,0.17,34,65,0
act_24,24,0.1,0.6,34,215,0
act_15,15,0.12,0.76,35,323,0
act_38,38,0.01,0.9,35,400,0
act_15,15,0.12,0.76,35,337,0
act_38,38,0.01,0.9,35,340,0
act_38,38,0.01,0.9,35,421,0
act_38,38,0.01,0.9,35,213,0
act_38,38,0.01,0.9,35,11,0
act_19,19,0.11,0.62,36,318,0
act_20,20,0.01,0.17,36,17,0
act_19,19,0.11,0.62,36,388,0
act_20,20,0.01,0.17,36,84,0
act_20,20,0.01,0.17,36,408,0
act_20,20,0.01,0.17,36,315,0
act_19,19,0.11,0.62,36,12,0
act_20,20,0.01,0.17,36,136,0
act_20,20,0.01,0.17,36,233,0
act_23,23,0.12,0.36,37,177,0
act_9,9,0.1,0.23,38,46,0
act_9,9,0.1,0.23,38,150,0
act_9,9,0.1,0.23,38,398,0
act_35,35,0.16,0.66,38,211,0
act_18,18,0.16,0.07,39,231,0
act_32,32,0.07,0.67,39,173,0
act_17,17,0.27,0.69,40,98,0
act_17,17,0.27,0.69,40,236,0
act_37,37,0.07,0.4,40,364,0
act_37,37,0.07,0.4,40,243,0
act_5,5,0.25,0.71,41,370,1
act_5,5,0.25,0.71,41,399,1
act_14,14,0.22,0.63,42,127,0
act_14,14,0.22,0.63,42,156,0
act_15,15,0.12,0.76,42,141,1
act_15,15,0.12,0.76,42,349,1
act_34,34,0.19,0.96,43,451,0
act_2,2,0.19,0.64,43,43,0
act_2,2,0.19,0.64,43,241,0
act_27,27,0.23,0.37,44,303,0
act_1,1,0.19,0.97,44,104,0
act_19,19,0.11,0.62,44,191,0
act_33,33,0.18,0.59,45,194,0
act_33,33,0.18,0.59,45,240,0
act_33,33,0.18,0.59,45,129,0
act_33,33,0.18,0.59,45,245,0
act_29,29,0.07,0.48,46,257,0
act_29,29,0.07,0.48,46,328,0
act_29,29,0.07,0.48,46,202,0
act_29,29,0.07,0.48,46,205,0
act_31,31,0.22,0.98,47,60,0
act_18,18,0.16,0.07,47,112,0
act_31,31,0.22,0.98,47,19,0
act_9,9,0.1,0.23,48,172,0
act_9,9,0.1,0.23,48,45,0
act_9,9,0.1,0.23,48,175,0
act_9,9,0.1,0.23,48,375,0
act_20,20,0.01,0.17,48,222,0
act_20,20,0.01,0.17,48,61,0
act_9,9,0.1,0.23,48,343,0
act_9,9,0.1,0.23,48,339,0
act_9,9,0.1,0.23,48,296,0
act_20,20,0.01,0.17,48,89,0
act_20,20,0.01,0.17,48,348,0
act_20,20,0.01,0.17,48,186,0
act_20,20,0.01,0.17,48,281,0
act_20,20,0.01,0.17,48,158,0
act_20,20,0.01,0.17,48,435,0
act_14,14,0.22,0.63,49,409,0
act_13,13,0.21,0.87,50,357,0
act_13,13,0.21,0.87,50,301,0
act_38,38,0.01,0.9,50,16,0
act_38,38,0.01,0.9,50,235,0
act_38,38,0.01,0.9,50,437,0
act_38,38,0.01,0.9,50,360,0
act_38,38,0.01,0.9,50,227,0
act_38,38,0.01,0.9,50,446,0
act_38,38,0.01,0.9,50,271,0
act_38,38,0.01,0.9,50,6,0
act_38,38,0.01,0.9,50,300,0
act_38,38,0.01,0.9,50,278,0
act_38,38,0.01,0.9,50,263,0
act_38,38,0.01,0.9,50,201,0
act_38,38,0.01,0.9,50,426,0
act_38,38,0.01,0.9,50,450,0
act_38,38,0.01,0.9,50,26,0
act_38,38,0.01,0.9,50,270,0
act_9,9,0.1,0.23,51,269,0
act_6,6,0.14,0.68,51,342,0
act_6,6,0.14,0.68,51,55,0
act_25,25,0.27,0.32,52,20,0
act_25,25,0.27,0.32,53,393,1
act_25,25,0.27,0.32,53,372,1
act_35,35,0.16,0.66,54,117,0
act_28,28,0.06,0.08,55,382,0
act_28,28,0.06,0.08,55,101,0
act_39,39,0.08,0.29,55,164,0
act_10,10,0.23,0.49,55,321,1
act_39,39,0.08,0.29,55,282,0
act_39,39,0.08,0.29,55,453,0
act_28,28,0.06,0.08,55,33,0
act_38,38,0.01,0.9,55,116,1
act_38,38,0.01,0.9,55,247,1
act_14,14,0.22,0.63,56,10,1
act_33,33,0.18,0.59,56,439,0
act_33,33,0.18,0.59,56,29,0
act_24,24,0.1,0.6,56,264,0
act_2,2,0.19,0.64,57,354,1
act_29,29,0.07,0.48,57,445,0
act_17,17,0.27,0.69,58,187,1
act_4,4,0.12,0.53,58,192,0
act_2,2,0.19,0.64,58,53,0
act_35,35,0.16,0.66,59,207,0
act_15,15,0.12,0.76,59,448,0
act_20,20,0.01,0.17,59,423,0
act_15,15,0.12,0.76,59,78,0
act_20,20,0.01,0.17,59,76,0
act_20,20,0.01,0.17,59,218,0
act_20,20,0.01,0.17,59,351,0
act_20,20,0.01,0.17,59,200,0
act_15,15,0.12,0.76,59,442,0
act_15,15,0.12,0.76,59,139,0
act_20,20,0.01,0.17,59,115,0
act_20,20,0.01,0.17,59,358,0
act_20,20,0.01,0.17,59,36,0
act_35,35,0.16,0.66,60,102,1
act_35,35,0.16,0.66,60,249,1
act_35,35,0.16,0.66,60,444,1
act_6,6,0.14,0.68,61,114,0
act_6,6,0.14,0.68,61,22,0
act_24,24,0.1,0.6,61,335,0
act_31,31,0.22,0.98,62,88,1
act_19,19,0.11,0.62,62,196,0
act_23,23,0.12,0.36,63,391,1
act_23,23,0.12,0.36,63,220,1
act_7,7,0.24,0.62,63,320,1
act_23,23,0.12,0.36,63,379,1
act_23,23,0.12,0.36,64,252,0
act_23,23,0.12,0.36,64,216,0
act_18,18,0.16,0.07,65,70,0
act_9,9,0.1,0.23,65,188,0
act_6,6,0.14,0.68,66,153,0
act_6,6,0.14,0.68,66,184,0
act_16,16,0.02,0.82,66,248,1
act_6,6,0.14,0.68,66,3,0
act_16,16,0.02,0.82,66,163,1
act_16,16,0.02,0.82,66,54,1
act_3,3,0.04,0.36,67,92,0
act_1,1,0.19,0.97,67,266,0
act_1,1,0.19,0.97,67,280,0
act_3,3,0.04,0.36,67,286,0
act_3,3,0.04,0.36,67,120,0
act_1,1,0.19,0.97,67,251,0
act_3,3,0.04,0.36,67,403,0
act_16,16,0.02,0.82,68,123,0
act_16,16,0.02,0.82,68,193,0
act_6,6,0.14,0.68,68,283,0
act_3,3,0.04,0.36,68,312,0
act_3,3,0.04,0.36,68,107,0
act_6,6,0.14,0.68,68,317,0
act_6,6,0.14,0.68,68,7,0
act_16,16,0.02,0.82,68,203,0
act_3,3,0.04,0.36,68,195,0
act_16,16,0.02,0.82,68,347,0
act_3,3,0.04,0.36,68,155,0
act_3,3,0.04,0.36,68,275,0
act_16,16,0.02,0.82,68,313,0
act_3,3,0.04,0.36,68,138,0
act_13,13,0.21,0.87,69,134,1
act_24,24,0.1,0.6,69,143,1
act_24,24,0.1,0.6,69,18,1
act_31,31,0.22,0.98,69,99,1
act_24,24,0.1,0.6,69,64,1
act_23,23,0.12,0.36,70,111,0
act_23,23,0.12,0.36,70,56,0
act_20,20,0.01,0.17,71,151,0
act_20,20,0.01,0.17,71,436,0
act_6,6,0.14,0.68,71,345,0
act_20,20,0.01,0.17,71,365,0
act_9,9,0.1,0.23,71,407,0
act_20,20,0.01,0.17,71,148,0
act_9,9,0.1,0.23,71,39,0
act_20,20,0.01,0.17,71,373,0
act_20,20,0.01,0.17,71,181,0
act_20,20,0.01,0.17,71,273,0
act_20,20,0.01,0.17,71,161,0
act_20,20,0.01,0.17,71,23,0
act_20,20,0.01,0.17,71,182,0
act_20,20,0.01,0.17,71,4,0
act_20,20,0.01,0.17,71,350,0
act_20,20,0.01,0.17,71,145,0
act_20,20,0.01,0.17,71,242,0
act_20,20,0.01,0.17,71,77,0
act_20,20,0.01,0.17,71,178,0
act_20,20,0.01,0.17,71,122,0
act_35,35,0.16,0.66,72,361,0
act_32,32,0.07,0.67,73,28,1
act_32,32,0.07,0.67,73,166,1
act_32,32,0.07,0.67,73,353,1
act_39,39,0.08,0.29,74,133,0
act_23,23,0.12,0.36,74,389,1
act_23,23,0.12,0.36,74,427,1
act_38,38,0.01,0.9,75,277,0
act_37,37,0.07,0.4,75,305,0
act_38,38,0.01,0.9,75,219,0
act_37,37,0.07,0.4,75,147,0
act_37,37,0.07,0.4,75,124,0
act_38,38,0.01,0.9,75,51,0
act_37,37,0.07,0.4,75,25,0
act_37,37,0.07,0.4,75,119,0
act_37,37,0.07,0.4,75,190,0
act_38,38,0.01,0.9,75,325,0
act_38,38,0.01,0.9,75,232,0
act_37,37,0.07,0.4,75,44,0
act_27,27,0.23,0.37,76,262,1
act_21,21,0.09,0.66,76,160,1
act_0,0,0.26,0.34,76,415,1
act_21,21,0.09,0.66,76,434,1
act_23,23,0.12,0.36,77,105,0
act_11,11,0.25,0.22,77,438,0
act_2,2,0.19,0.64,77,239,0
act_2,2,0.19,0.64,77,0,0
act_14,14,0.22,0.63,78,254,0
act_21,21,0.09,0.66,79,265,1
act_33,33,0.18,0.59,79,334,1
act_21,21,0.09,0.66,79,433,1
act_33,33,0.18,0.59,79,329,1
act_21,21,0.09,0.66,79,208,1
act_34,34,0.19,0.96,80,440,0
act_34,34,0.19,0.96,80,34,0
act_22,22,0.12,0.31,80,73,0
act_38,38,0.01,0.9,80,154,0
act_38,38,0.01,0.9,80,443,0
act_38,38,0.01,0.9,80,159,0
act_38,38,0.01,0.9,80,162,0
act_38,38,0.01,0.9,80,452,0
act_38,38,0.01,0.9,80,197,0
act_38,38,0.01,0.9,80,1,0
act_38,38,0.01,0.9,80,331,0
act_38,38,0.01,0.9,80,118,0
act_20,20,0.01,0.17,81,394,0
act_20,20,0.01,0.17,81,157,0
act_20,20,0.01,0.17,81,376,0
act_22,22,0.12,0.31,81,392,1
act_22,22,0.12,0.31,81,380,1
act_22,22,0.12,0.31,81,330,1
act_20,20,0.01,0.17,81,404,0
act_20,20,0.01,0.17,81,2,0
act_20,20,0.01,0.17,81,204,0
act_20,20,0.01,0.17,81,430,0
act_22,22,0.12,0.31,81,165,1
act_22,22,0.12,0.31,81,356,1
act_20,20,0.01,0.17,81,279,0
act_20,20,0.01,0.17,81,86,0
act_20,20,0.01,0.17,81,419,0
act_20,20,0.01,0.17,81,390,0
act_20,20,0.01,0.17,81,230,0
act_20,20,0.01,0.17,81,126,0
act_20,20,0.01,0.17,81,307,0
act_20,20,0.01,0.17,81,179,0
act_20,20,0.01,0.17,81,223,0
act_20,20,0.01,0.17,81,309,0
act_20,20,0.01,0.17,81,80,0
act_39,39,0.08,0.29,82,384,0
act_39,39,0.08,0.29,82,132,0
act_39,39,0.08,0.29,82,189,0
act_3,3,0.04,0.36,82,130,1
act_39,39,0.08,0.29,82,199,0
act_3,3,0.04,0.36,82,428,1
act_3,3,0.04,0.36,82,228,1
act_3,3,0.04,0.36,82,298,1
act_39,39,0.08,0.29,82,369,0
act_3,3,0.04,0.36,82,237,1
act_26,26,0.11,0.67,83,377,0
act_9,9,0.1,0.23,84,260,0
act_9,9,0.1,0.23,84,146,0
act_9,9,0.1,0.23,84,458,0
act_2,2,0.19,0.64,85,255,0
act_9,9,0.1,0.23,86,110,0
act_9,9,0.1,0.23,86,90,0
act_37,37,0.07,0.4,86,69,0
act_37,37,0.07,0.4,86,149,0
act_9,9,0.1,0.23,86,425,0
act_37,37,0.07,0.4,86,374,0
act_22,22,0.12,0.31,87,332,0
act_31,31,0.22,0.98,87,267,0
act_36,36,0.26,0.52,87,180,0
act_15,15,0.12,0.76,87,140,0
act_20,20,0.01,0.17,88,13,0
act_20,20,0.01,0.17,88,131,0
act_34,34,0.19,0.96,88,41,0
act_20,20,0.01,0.17,88,167,0
act_18,18,0.16,0.07,89,40,0
act_24,24,0.1,0.6,89,455,0
act_33,33,0.18,0.59,90,405,0
act_33,33,0.18,0.59,90,75,0
act_33,33,0.18,0.59,90,198,0
act_18,18,0.16,0.07,91,31,0
act_6,6,0.14,0.68,91,137,1
act_18,18,0.16,0.07,91,106,0
act_6,6,0.14,0.68,91,183,1
act_32,32,0.07,0.67,92,152,0
act_28,28,0.06,0.08,92,289,0
act_12,12,0.26,0.94,92,8,0
act_21,21,0.09,0.66,93,81,1
act_27,27,0.23,0.37,93,14,1
act_21,21,0.09,0.66,93,276,1
act_21,21,0.09,0.66,93,316,1
act_35,35,0.16,0.66,94,93,0
act_24,24,0.1,0.6,95,259,0
act_31,31,0.22,0.98,95,256,0
act_21,21,0.09,0.66,95,214,0
act_0,0,0.26,0.34,95,447,0
act_18,18,0.16,0.07,96,212,0
act_17,17,0.27,0.69,96,417,0
act_0,0,0.26,0.34,97,103,0
act_11,11,0.25,0.22,97,206,0
act_9,9,0.1,0.23,97,171,0
act_29,29,0.07,0.48,98,352,0
act_31,31,0.22,0.98,98,319,0
act_29,29,0.07,0.48,98,246,0
act_29,29,0.07,0.48,98,37,0
act_14,14,0.22,0.63,99,108,0
act_19,19,0.11,0.62,99,32,0

Alpha (resource id, list of activity ids)
0:25,36
1:10,1
2:12,14,2
3:11,25
4:7,32
5:28,33,8,23
6:34,6
7:9,6,15,16
8:8,22,16,12
9:2,9,1
10:13,12,37,1
11:25,31,2
12:23,39,32
13:4,21,5
14:13,39,2
15:1,14
16:10,34
17:34,20,14
18:39,34
19:24,5
20:17,8,38
21:21,2,39,5
22:36,20,23,16
23:12,10,25,6
24:2,27,14
25:36,31,25
26:20,22,23,24
27:15,37,35,25
28:27,39
29:31,37,11
30:7,2
31:9,7,22
32:33,13,29
33:1,22,36
34:24,20,32,37
35:12,38,31,15
36:20,27,19
37:23,1
38:35,9
39:18,32
40:37,17
41:5,0
42:25,14,15
43:34,1,2
44:19,1,27,29
45:11,33
46:29,13
47:31,18
48:20,9
49:10,14,1
50:13,38
51:2,6,9
52:25,18
53:25,23,10,36
54:10,14,35,36
55:10,39,28,38
56:33,24,27,14
57:2,29,1
58:17,4,2
59:35,20,15
60:35,13
61:6,24
62:31,22,19
63:7,23
64:34,23
65:9,18,1
66:12,16,1,6
67:1,3
68:16,3,6
69:31,24,13,1
70:0,23,17,8
71:20,6,9
72:31,28,26,35
73:32,1,12
74:23,39,3
75:9,37,38,27
76:0,21,27
77:2,23,11
78:14,31
79:7,33,21
80:22,38,34
81:20,22
82:39,3
83:26,36,17,35
84:24,9
85:9,22,2,14
86:9,11,37
87:22,15,31,36
88:34,20
89:18,24
90:17,33
91:18,36,34,6
92:28,32,12
93:24,21,6,27
94:8,34,35,31
95:24,31,21,0
96:18,17
97:11,9,0
98:29,17,31
99:19,14,36,37

Costs (resource, resource to replace, activity, cost)
0,0,25,0
0,3,25,0.16
0,11,25,0.68
0,23,25,0.06
0,25,25,0.16
0,27,25,0.55
0,42,25,0.09
0,52,25,0.2
0,53,25,0.54
0,0,36,0
0,22,36,0.58
0,25,36,0.08
0,33,36,0.12
0,53,36,0.94
0,54,36,0.09
0,83,36,0.19
0,87,36,0.08
0,91,36,0.26
0,99,36,0.34
1,1,10,0
1,16,10,0.37
1,23,10,0.66
1,49,10,0.8
1,53,10,0.71
1,54,10,0.04
1,55,10,0.95
1,1,1,0
1,9,1,0.02
1,10,1,0.81
1,15,1,0.03
1,33,1,0.88
1,37,1,0.13
1,43,1,0.39
1,44,1,0.98
1,49,1,0.91
1,57,1,0.96
1,65,1,0.13
1,66,1,0.99
1,67,1,0.74
1,69,1,0.58
1,73,1,0.05
2,2,12,0
2,8,12,0.71
2,10,12,0.92
2,23,12,0.81
2,35,12,0.15
2,66,12,0.95
2,73,12,0.36
2,92,12,0.26
2,2,14,0
2,15,14,0.77
2,17,14,0.87
2,24,14,0.7
2,42,14,0.62
2,49,14,0.65
2,54,14,0.58
2,56,14,0.98
2,78,14,0.58
2,85,14,0.84
2,99,14,0.6
2,2,2,0
2,9,2,0.22
2,11,2,0.83
2,14,2,0.28
2,21,2,0.3
2,24,2,0.81
2,30,2,0.33
2,43,2,0.52
2,51,2,0.33
2,57,2,0.18
2,58,2,0.63
2,77,2,0.02
2,85,2,0.75
3,3,11,0
3,29,11,0.5
3,45,11,0.16
3,77,11,0.24
3,86,11,0.22
3,97,11,0.98
3,0,25,0.64
3,3,25,0
3,11,25,0.47
3,23,25,0.33
3,25,25,0.37
3,27,25,0.69
3,42,25,0.82
3,52,25,0.15
3,53,25,0.45
4,4,7,0
4,30,7,0.91
4,31,7,0.53
4,63,7,0.51
4,79,7,0.21
4,4,32,0
4,12,32,0.43
4,34,32,0.18
4,39,32,0.85
4,73,32,0.79
4,92,32,0.12
5,5,28,0
5,55,28,0.95
5,72,28,0.9
5,92,28,0.55
5,5,33,0
5,32,33,0.1
5,45,33,0.19
5,56,33,0.62
5,79,33,0.17
5,90,33,0.68
5,5,8,0
5,8,8,0.08
5,20,8,0.02
5,70,8,0.09
5,94,8,0.43
5,5,23,0
5,12,23,0.17
5,22,23,0.28
5,26,23,0.85
5,37,23,0.12
5,53,23,0.04
5,63,23,0.59
5,64,23,0.26
5,70,23,0.82
5,74,23,0.52
5,77,23,0.75
6,6,34,0
6,16,34,0.97
6,17,34,0.95
6,18,34,0.07
6,43,34,0.73
6,64,34,0.59
6,80,34,0.38
6,88,34,0.03
6,91,34,0.05
6,94,34,0.28
6,6,6,0
6,7,6,0.05
6,23,6,0.75
6,51,6,0.9
6,61,6,0.71
6,66,6,0.5
6,68,6,0.75
6,71,6,0.21
6,91,6,0.93
6,93,6,0.61
7,7,9,0
7,9,9,0.64
7,31,9,0.03
7,38,9,0.06
7,48,9,0.98
7,51,9,0.0
7,65,9,0.3
7,71,9,0.87
7,75,9,0.47
7,84,9,0.39
7,85,9,0.93
7,86,9,0.51
7,97,9,0.06
7,6,6,0.3
7,7,6,0
7,23,6,0.64
7,51,6,0.7
7,61,6,0.97
7,66,6,0.95
7,68,6,0.78
7,71,6,0.71
7,91,6,0.96
7,93,6,0.8
7,7,15,0
7,27,15,0.64
7,35,15,0.17
7,42,15,0.56
7,59,15,0.77
7,87,15,0.96
7,7,16,0
7,8,16,0.56
7,22,16,0.85
7,66,16,0.36
7,68,16,0.69
8,5,8,0.09
8,8,8,0
8,20,8,0.28
8,70,8,0.58
8,94,8,0.5
8,8,22,0
8,26,22,0.83
8,31,22,0.53
8,33,22,0.51
8,62,22,0.85
8,80,22,0.83
8,81,22,0.39
8,85,22,0.36
8,87,22,0.31
8,7,16,0.82
8,8,16,0
8,22,16,0.3
8,66,16,0.18
8,68,16,0.64
8,2,12,0.82
8,8,12,0
8,10,12,0.04
8,23,12,0.88
8,35,12,0.06
8,66,12,0.84
8,73,12,0.67
8,92,12,0.54
9,2,2,0.07
9,9,2,0
9,11,2,0.13
9,14,2,0.5
9,21,2,0.28
9,24,2,0.19
9,30,2,0.5
9,43,2,0.58
9,51,2,0.74
9,57,2,0.54
9,58,2,0.76
9,77,2,0.72
9,85,2,0.02
9,7,9,0.01
9,9,9,0
9,31,9,0.81
9,38,9,0.19
9,48,9,0.0
9,51,9,0.32
9,65,9,0.59
9,71,9,0.59
9,75,9,0.23
9,84,9,0.54
9,85,9,0.51
9,86,9,0.23
9,97,9,0.18
9,1,1,0.37
9,9,1,0
9,10,1,0.54
9,15,1,0.55
9,33,1,0.35
9,37,1,0.87
9,43,1,0.5
9,44,1,0.34
9,49,1,0.25
9,57,1,0.33
9,65,1,0.51
9,66,1,0.67
9,67,1,0.08
9,69,1,0.52
9,73,1,0.99
10,10,13,0
10,14,13,0.34
10,32,13,0.55
10,46,13,0.08
10,50,13,0.94
10,60,13,0.24
10,69,13,0.71
10,2,12,0.67
10,8,12,0.93
10,10,12,0
10,23,12,0.5
10,35,12,0.27
10,66,12,0.62
10,73,12,0.81
10,92,12,0.87
10,10,37,0
10,27,37,0.74
10,29,37,0.4
10,34,37,0.6
10,40,37,0.51
10,75,37,0.49
10,86,37,0.65
10,99,37,0.07
10,1,1,0.43
10,9,1,0.45
10,10,1,0
10,15,1,0.46
10,33,1,0.23
10,37,1,0.47
10,43,1,0.6
10,44,1,0.22
10,49,1,0.15
10,57,1,0.63
10,65,1,0.53
10,66,1,0.53
10,67,1,0.08
10,69,1,0.82
10,73,1,0.99
11,0,25,0.42
11,3,25,0.52
11,11,25,0
11,23,25,0.07
11,25,25,0.9
11,27,25,0.89
11,42,25,0.78
11,52,25,0.89
11,53,25,0.72
11,11,31,0
11,25,31,0.87
11,29,31,0.31
11,35,31,0.48
11,47,31,0.04
11,62,31,0.2
11,69,31,0.99
11,72,31,0.65
11,78,31,0.1
11,87,31,0.04
11,94,31,0.44
11,95,31,0.62
11,98,31,0.25
11,2,2,0.13
11,9,2,0.69
11,11,2,0
11,14,2,0.01
11,21,2,0.18
11,24,2,0.97
11,30,2,0.15
11,43,2,0.93
11,51,2,0.77
11,57,2,0.05
11,58,2,0.73
11,77,2,0.78
11,85,2,0.52
12,5,23,0.51
12,12,23,0
12,22,23,0.84
12,26,23,0.82
12,37,23,0.41
12,53,23,0.45
12,63,23,0.93
12,64,23,0.15
12,70,23,0.62
12,74,23,0.41
12,77,23,0.18
12,12,39,0
12,14,39,0.12
12,18,39,0.62
12,21,39,0.45
12,28,39,0.68
12,55,39,0.86
12,74,39,0.25
12,82,39,0.52
12,4,32,0.95
12,12,32,0
12,34,32,0.57
12,39,32,0.76
12,73,32,0.46
12,92,32,0.83
13,13,4,0
13,58,4,0.82
13,13,21,0
13,21,21,0.18
13,76,21,0.08
13,79,21,0.33
13,93,21,0.84
13,95,21,0.42
13,13,5,0
13,19,5,0.62
13,21,5,0.84
13,41,5,0.89
14,10,13,0.34
14,14,13,0
14,32,13,0.16
14,46,13,0.26
14,50,13,0.83
14,60,13,0.8
14,69,13,0.0
14,12,39,0.83
14,14,39,0
14,18,39,0.12
14,21,39,0.71
14,28,39,0.2
14,55,39,0.0
14,74,39,0.93
14,82,39,0.14
14,2,2,0.64
14,9,2,0.75
14,11,2,0.34
14,14,2,0
14,21,2,0.31
14,24,2,0.63
14,30,2,0.14
14,43,2,0.62
14,51,2,0.92
14,57,2,0.89
14,58,2,0.78
14,77,2,0.68
14,85,2,0.52
15,1,1,0.39
15,9,1,0.1
15,10,1,0.8
15,15,1,0
15,33,1,0.42
15,37,1,0.82
15,43,1,0.09
15,44,1,0.65
15,49,1,0.96
15,57,1,0.03
15,65,1,0.37
15,66,1,0.64
15,67,1,0.24
15,69,1,0.74
15,73,1,0.66
15,2,14,0.78
15,15,14,0
15,17,14,0.99
15,24,14,0.97
15,42,14,0.88
15,49,14,0.4
15,54,14,0.69
15,56,14,0.82
15,78,14,0.2
15,85,14,0.76
15,99,14,0.95
16,1,10,0.48
16,16,10,0
16,23,10,0.7
16,49,10,0.41
16,53,10,0.1
16,54,10,0.32
16,55,10,0.27
16,6,34,0.68
16,16,34,0
16,17,34,0.09
16,18,34,0.44
16,43,34,0.95
16,64,34,0.72
16,80,34,0.35
16,88,34,0.34
16,91,34,0.32
16,94,34,0.81
17,6,34,0.35
17,16,34,0.89
17,17,34,0
17,18,34,0.8
17,43,34,0.02
17,64,34,0.12
17,80,34,0.76
17,88,34,0.62
17,91,34,0.34
17,94,34,0.28
17,17,20,0
17,22,20,0.53
17,26,20,0.96
17,34,20,0.21
17,36,20,0.75
17,48,20,0.77
17,59,20,0.56
17,71,20,0.57
17,81,20,0.49
17,88,20,0.08
17,2,14,0.04
17,15,14,0.49
17,17,14,0
17,24,14,0.63
17,42,14,0.57
17,49,14,0.43
17,54,14,0.74
17,56,14,0.34
17,78,14,0.67
17,85,14,0.83
17,99,14,0.03
18,12,39,0.96
18,14,39,0.1
18,18,39,0
18,21,39,0.91
18,28,39,0.21
18,55,39,0.23
18,74,39,0.82
18,82,39,0.46
18,6,34,0.16
18,16,34,0.45
18,17,34,0.24
18,18,34,0
18,43,34,0.89
18,64,34,0.37
18,80,34,0.22
18,88,34,0.68
18,91,34,0.75
18,94,34,0.83
19,19,24,0
19,26,24,0.11
19,34,24,0.23
19,56,24,0.19
19,61,24,0.16
19,69,24,0.25
19,84,24,0.13
19,89,24,0.94
19,93,24,0.0
19,95,24,0.03
19,13,5,0.97
19,19,5,0
19,21,5,0.93
19,41,5,0.67
20,20,17,0
20,40,17,0.45
20,58,17,0.32
20,70,17,0.49
20,83,17,0.54
20,90,17,0.86
20,96,17,0.19
20,98,17,0.78
20,5,8,0.14
20,8,8,0.5
20,20,8,0
20,70,8,0.95
20,94,8,0.84
20,20,38,0
20,35,38,0.63
20,50,38,0.6
20,55,38,0.56
20,75,38,0.46
20,80,38,0.7
21,13,21,0.08
21,21,21,0
21,76,21,0.61
21,79,21,0.89
21,93,21,0.38
21,95,21,0.99
21,2,2,0.53
21,9,2,0.54
21,11,2,0.63
21,14,2,0.65
21,21,2,0
21,24,2,0.84
21,30,2,0.29
21,43,2,0.64
21,51,2,0.14
21,57,2,0.4
21,58,2,0.91
21,77,2,0.27
21,85,2,0.83
21,12,39,0.77
21,14,39,0.65
21,18,39,0.67
21,21,39,0
21,28,39,0.69
21,55,39,0.01
21,74,39,0.91
21,82,39,0.66
21,13,5,0.95
21,19,5,0.55
21,21,5,0
21,41,5,0.73
22,0,36,0.53
22,22,36,0
22,25,36,0.57
22,33,36,0.09
22,53,36,0.16
22,54,36,0.77
22,83,36,0.39
22,87,36,0.34
22,91,36,0.16
22,99,36,0.71
22,17,20,0.33
22,22,20,0
22,26,20,0.46
22,34,20,0.62
22,36,20,0.52
22,48,20,0.65
22,59,20,0.35
22,71,20,0.09
22,81,20,0.92
22,88,20,0.97
22,5,23,0.56
22,12,23,0.58
22,22,23,0
22,26,23,0.78
22,37,23,0.13
22,53,23,0.43
22,63,23,0.97
22,64,23,0.2
22,70,23,0.78
22,74,23,0.47
22,77,23,0.93
22,7,16,0.3
22,8,16,0.44
22,22,16,0
22,66,16,0.09
22,68,16,0.58
23,2,12,0.33
23,8,12,0.52
23,10,12,0.71
23,23,12,0
23,35,12,0.85
23,66,12,0.77
23,73,12,0.5
23,92,12,0.18
23,1,10,0.12
23,16,10,0.68
23,23,10,0
23,49,10,0.28
23,53,10,0.23
23,54,10,0.93
23,55,10,0.26
23,0,25,0.13
23,3,25,0.98
23,11,25,0.1
23,23,25,0
23,25,25,0.52
23,27,25,0.75
23,42,25,0.4
23,52,25,0.11
23,53,25,0.21
23,6,6,0.54
23,7,6,0.7
23,23,6,0
23,51,6,1.0
23,61,6,0.39
23,66,6,0.57
23,68,6,0.26
23,71,6,0.26
23,91,6,0.4
23,93,6,0.21
24,2,2,0.8
24,9,2,0.68
24,11,2,0.37
24,14,2,0.4
24,21,2,0.16
24,24,2,0
24,30,2,0.98
24,43,2,0.25
24,51,2,0.07
24,57,2,0.71
24,58,2,0.75
24,77,2,0.09
24,85,2,0.35
24,24,27,0
24,28,27,0.08
24,36,27,0.76
24,44,27,0.45
24,56,27,0.18
24,75,27,0.99
24,76,27,0.44
24,93,27,0.54
24,2,14,0.91
24,15,14,0.93
24,17,14,0.82
24,24,14,0
24,42,14,0.14
24,49,14,0.07
24,54,14,0.03
24,56,14,0.51
24,78,14,0.86
24,85,14,0.9
24,99,14,0.61
25,0,36,0.38
25,22,36,0.58
25,25,36,0
25,33,36,0.84
25,53,36,0.92
25,54,36,0.04
25,83,36,0.82
25,87,36,0.97
25,91,36,0.14
25,99,36,0.61
25,11,31,0.88
25,25,31,0
25,29,31,0.84
25,35,31,0.01
25,47,31,0.82
25,62,31,0.03
25,69,31,0.55
25,72,31,0.22
25,78,31,0.39
25,87,31,0.04
25,94,31,0.19
25,95,31,0.07
25,98,31,0.9
25,0,25,0.3
25,3,25,0.09
25,11,25,0.75
25,23,25,0.45
25,25,25,0
25,27,25,0.07
25,42,25,0.09
25,52,25,0.05
25,53,25,0.98
26,17,20,0.67
26,22,20,0.65
26,26,20,0
26,34,20,0.92
26,36,20,0.61
26,48,20,0.42
26,59,20,0.11
26,71,20,0.66
26,81,20,0.03
26,88,20,0.52
26,8,22,0.89
26,26,22,0
26,31,22,0.15
26,33,22,0.94
26,62,22,0.24
26,80,22,0.43
26,81,22,0.69
26,85,22,0.61
26,87,22,0.58
26,5,23,0.65
26,12,23,0.55
26,22,23,0.64
26,26,23,0
26,37,23,0.81
26,53,23,0.05
26,63,23,0.65
26,64,23,0.61
26,70,23,0.07
26,74,23,0.06
26,77,23,0.9
26,19,24,0.44
26,26,24,0
26,34,24,0.59
26,56,24,0.05
26,61,24,0.17
26,69,24,0.43
26,84,24,0.57
26,89,24,0.67
26,93,24,0.81
26,95,24,0.11
27,7,15,0.23
27,27,15,0
27,35,15,0.05
27,42,15,0.86
27,59,15,0.79
27,87,15,0.67
27,10,37,0.17
27,27,37,0
27,29,37,0.93
27,34,37,0.9
27,40,37,0.27
27,75,37,0.64
27,86,37,0.84
27,99,37,0.19
27,27,35,0
27,38,35,1.0
27,54,35,0.1
27,59,35,0.2
27,60,35,0.19
27,72,35,0.03
27,83,35,0.39
27,94,35,0.59
27,0,25,0.99
27,3,25,0.92
27,11,25,0.19
27,23,25,0.68
27,25,25,0.96
27,27,25,0
27,42,25,0.43
27,52,25,0.71
27,53,25,0.22
28,24,27,0.18
28,28,27,0
28,36,27,0.07
28,44,27,0.2
28,56,27,0.55
28,75,27,0.05
28,76,27,0.85
28,93,27,0.5
28,12,39,0.4
28,14,39,0.73
28,18,39,0.65
28,21,39,0.97
28,28,39,0
28,55,39,0.11
28,74,39,0.23
28,82,39,0.9
29,11,31,0.12
29,25,31,0.1
29,29,31,0
29,35,31,0.05
29,47,31,0.44
29,62,31,0.5
29,69,31,0.12
29,72,31,0.69
29,78,31,0.26
29,87,31,0.28
29,94,31,0.13
29,95,31,0.04
29,98,31,0.04
29,10,37,0.53
29,27,37,0.89
29,29,37,0
29,34,37,0.73
29,40,37,0.01
29,75,37,0.22
29,86,37,0.62
29,99,37,0.89
29,3,11,0.41
29,29,11,0
29,45,11,0.77
29,77,11,0.24
29,86,11,0.59
29,97,11,0.17
30,4,7,0.66
30,30,7,0
30,31,7,0.86
30,63,7,0.45
30,79,7,0.65
30,2,2,0.77
30,9,2,0.53
30,11,2,0.75
30,14,2,0.77
30,21,2,0.64
30,24,2,0.05
30,30,2,0
30,43,2,0.62
30,51,2,0.03
30,57,2,0.71
30,58,2,0.67
30,77,2,0.97
30,85,2,1.0
31,7,9,0.16
31,9,9,0.28
31,31,9,0
31,38,9,0.71
31,48,9,0.29
31,51,9,0.8
31,65,9,0.5
31,71,9,0.65
31,75,9,0.69
31,84,9,0.64
31,85,9,0.63
31,86,9,0.39
31,97,9,0.29
31,4,7,0.93
31,30,7,0.78
31,31,7,0
31,63,7,0.14
31,79,7,0.32
31,8,22,0.62
31,26,22,0.16
31,31,22,0
31,33,22,0.61
31,62,22,0.36
31,80,22,0.3
31,81,22,0.08
31,85,22,0.34
31,87,22,0.24
32,5,33,0.75
32,32,33,0
32,45,33,0.31
32,56,33,0.97
32,79,33,0.11
32,90,33,0.83
32,10,13,0.58
32,14,13,0.46
32,32,13,0
32,46,13,0.24
32,50,13,0.02
32,60,13,0.38
32,69,13,0.38
32,32,29,0
32,44,29,0.26
32,46,29,0.91
32,57,29,0.38
32,98,29,0.35
33,1,1,0.22
33,9,1,0.61
33,10,1,0.32
33,15,1,0.22
33,33,1,0
33,37,1,0.82
33,43,1,0.98
33,44,1,0.3
33,49,1,0.79
33,57,1,0.52
33,65,1,0.75
33,66,1,0.81
33,67,1,0.68
33,69,1,0.03
33,73,1,0.26
33,8,22,0.31
33,26,22,0.75
33,31,22,0.97
33,33,22,0
33,62,22,0.76
33,80,22,0.4
33,81,22,0.82
33,85,22,0.51
33,87,22,0.27
33,0,36,0.08
33,22,36,0.32
33,25,36,0.03
33,33,36,0
33,53,36,0.43
33,54,36,0.95
33,83,36,0.51
33,87,36,0.43
33,91,36,0.0
33,99,36,0.24
34,19,24,0.31
34,26,24,0.53
34,34,24,0
34,56,24,0.52
34,61,24,0.03
34,69,24,0.53
34,84,24,0.78
34,89,24,0.55
34,93,24,0.14
34,95,24,0.64
34,17,20,0.61
34,22,20,0.4
34,26,20,0.26
34,34,20,0
34,36,20,0.74
34,48,20,0.37
34,59,20,0.94
34,71,20,0.21
34,81,20,0.53
34,88,20,0.43
34,4,32,0.7
34,12,32,0.99
34,34,32,0
34,39,32,0.0
34,73,32,0.11
34,92,32,0.08
34,10,37,0.38
34,27,37,0.17
34,29,37,0.47
34,34,37,0
34,40,37,0.62
34,75,37,0.68
34,86,37,0.42
34,99,37,0.79
35,2,12,0.19
35,8,12,0.29
35,10,12,0.63
35,23,12,0.91
35,35,12,0
35,66,12,0.32
35,73,12,0.79
35,92,12,0.95
35,20,38,0.53
35,35,38,0
35,50,38,0.83
35,55,38,0.01
35,75,38,0.61
35,80,38,0.77
35,11,31,0.49
35,25,31,0.61
35,29,31,0.36
35,35,31,0
35,47,31,0.91
35,62,31,0.04
35,69,31,0.92
35,72,31,0.43
35,78,31,0.14
35,87,31,0.65
35,94,31,0.71
35,95,31,0.31
35,98,31,0.82
35,7,15,0.27
35,27,15,0.51
35,35,15,0
35,42,15,0.1
35,59,15,0.33
35,87,15,0.46
36,17,20,0.7
36,22,20,0.87
36,26,20,0.12
36,34,20,0.75
36,36,20,0
36,48,20,0.96
36,59,20,0.05
36,71,20,0.23
36,81,20,0.55
36,88,20,0.22
36,24,27,0.51
36,28,27,0.8
36,36,27,0
36,44,27,0.13
36,56,27,0.71
36,75,27,0.12
36,76,27,0.08
36,93,27,0.82
36,36,19,0
36,44,19,0.91
36,62,19,0.68
36,99,19,1.0
37,5,23,0.91
37,12,23,0.04
37,22,23,0.4
37,26,23,0.95
37,37,23,0
37,53,23,0.44
37,63,23,0.31
37,64,23,0.91
37,70,23,0.97
37,74,23,0.62
37,77,23,0.24
37,1,1,0.19
37,9,1,0.21
37,10,1,0.51
37,15,1,0.44
37,33,1,0.59
37,37,1,0
37,43,1,0.47
37,44,1,0.9
37,49,1,0.56
37,57,1,0.65
37,65,1,0.27
37,66,1,0.64
37,67,1,0.76
37,69,1,0.86
37,73,1,0.32
38,27,35,0.79
38,38,35,0
38,54,35,0.08
38,59,35,0.63
38,60,35,0.13
38,72,35,0.82
38,83,35,0.61
38,94,35,0.41
38,7,9,0.69
38,9,9,0.17
38,31,9,0.7
38,38,9,0
38,48,9,0.13
38,51,9,0.73
38,65,9,0.78
38,71,9,0.27
38,75,9,0.22
38,84,9,0.31
38,85,9,0.89
38,86,9,0.2
38,97,9,0.01
39,39,18,0
39,47,18,0.86
39,52,18,0.25
39,65,18,0.18
39,89,18,0.37
39,91,18,0.43
39,96,18,0.14
39,4,32,0.93
39,12,32,0.16
39,34,32,0.38
39,39,32,0
39,73,32,0.2
39,92,32,0.7
40,10,37,0.6
40,27,37,0.31
40,29,37,0.07
40,34,37,0.68
40,40,37,0
40,75,37,0.12
40,86,37,0.25
40,99,37,0.32
40,20,17,0.98
40,40,17,0
40,58,17,0.82
40,70,17,0.71
40,83,17,0.79
40,90,17,0.01
40,96,17,0.07
40,98,17,0.67
41,13,5,0.86
41,19,5,0.07
41,21,5,0.64
41,41,5,0
41,41,0,0
41,70,0,0.93
41,76,0,0.4
41,95,0,0.9
41,97,0,0.04
42,0,25,0.51
42,3,25,0.13
42,11,25,0.66
42,23,25,0.85
42,25,25,0.29
42,27,25,0.66
42,42,25,0
42,52,25,0.57
42,53,25,0.41
42,2,14,0.19
42,15,14,0.91
42,17,14,0.06
42,24,14,0.46
42,42,14,0
42,49,14,0.16
42,54,14,0.58
42,56,14,0.33
42,78,14,0.27
42,85,14,0.19
42,99,14,0.1
42,7,15,0.36
42,27,15,0.02
42,35,15,0.13
42,42,15,0
42,59,15,0.04
42,87,15,0.07
43,6,34,0.11
43,16,34,0.31
43,17,34,0.86
43,18,34,0.98
43,43,34,0
43,64,34,0.54
43,80,34,0.98
43,88,34,0.47
43,91,34,0.49
43,94,34,0.06
43,1,1,0.88
43,9,1,0.38
43,10,1,0.14
43,15,1,0.3
43,33,1,0.74
43,37,1,0.71
43,43,1,0
43,44,1,0.14
43,49,1,0.04
43,57,1,0.96
43,65,1,0.53
43,66,1,0.91
43,67,1,0.47
43,69,1,0.31
43,73,1,0.62
43,2,2,0.38
43,9,2,0.5
43,11,2,0.35
43,14,2,0.49
43,21,2,0.63
43,24,2,0.67
43,30,2,0.98
43,43,2,0
43,51,2,0.41
43,57,2,0.35
43,58,2,0.74
43,77,2,1.0
43,85,2,0.8
44,36,19,0.44
44,44,19,0
44,62,19,0.45
44,99,19,0.47
44,1,1,0.15
44,9,1,1.0
44,10,1,0.39
44,15,1,0.02
44,33,1,0.7
44,37,1,0.42
44,43,1,0.33
44,44,1,0
44,49,1,0.95
44,57,1,0.91
44,65,1,0.51
44,66,1,0.3
44,67,1,0.93
44,69,1,0.68
44,73,1,0.98
44,24,27,0.63
44,28,27,0.82
44,36,27,0.9
44,44,27,0
44,56,27,0.62
44,75,27,0.91
44,76,27,0.11
44,93,27,0.08
44,32,29,0.04
44,44,29,0
44,46,29,0.29
44,57,29,0.55
44,98,29,1.0
45,3,11,0.01
45,29,11,0.56
45,45,11,0
45,77,11,0.48
45,86,11,0.57
45,97,11,0.85
45,5,33,0.44
45,32,33,0.27
45,45,33,0
45,56,33,0.3
45,79,33,0.17
45,90,33,0.5
46,32,29,0.38
46,44,29,0.41
46,46,29,0
46,57,29,0.06
46,98,29,0.21
46,10,13,0.16
46,14,13,0.11
46,32,13,0.37
46,46,13,0
46,50,13,0.14
46,60,13,0.86
46,69,13,0.9
47,11,31,0.31
47,25,31,0.1
47,29,31,0.95
47,35,31,0.1
47,47,31,0
47,62,31,0.87
47,69,31,0.75
47,72,31,0.69
47,78,31,0.87
47,87,31,0.39
47,94,31,0.56
47,95,31,0.38
47,98,31,0.99
47,39,18,0.29
47,47,18,0
47,52,18,0.79
47,65,18,0.26
47,89,18,0.68
47,91,18,0.51
47,96,18,0.3
48,17,20,0.13
48,22,20,0.23
48,26,20,0.06
48,34,20,0.51
48,36,20,0.17
48,48,20,0
48,59,20,0.08
48,71,20,0.33
48,81,20,0.41
48,88,20,0.93
48,7,9,0.44
48,9,9,0.61
48,31,9,0.64
48,38,9,0.53
48,48,9,0
48,51,9,0.4
48,65,9,0.03
48,71,9,0.71
48,75,9,0.62
48,84,9,0.83
48,85,9,0.1
48,86,9,0.76
48,97,9,0.15
49,1,10,0.47
49,16,10,0.39
49,23,10,0.5
49,49,10,0
49,53,10,0.09
49,54,10,0.38
49,55,10,0.93
49,2,14,0.68
49,15,14,0.66
49,17,14,0.54
49,24,14,0.74
49,42,14,0.9
49,49,14,0
49,54,14,0.56
49,56,14,0.34
49,78,14,0.1
49,85,14,0.06
49,99,14,0.08
49,1,1,0.65
49,9,1,0.16
49,10,1,0.11
49,15,1,0.97
49,33,1,0.12
49,37,1,0.99
49,43,1,0.72
49,44,1,0.24
49,49,1,0
49,57,1,0.92
49,65,1,0.24
49,66,1,0.35
49,67,1,0.84
49,69,1,0.11
49,73,1,0.37
50,10,13,0.32
50,14,13,0.01
50,32,13,0.95
50,46,13,0.88
50,50,13,0
50,60,13,0.73
50,69,13,0.37
50,20,38,0.9
50,35,38,0.79
50,50,38,0
50,55,38,0.34
50,75,38,0.03
50,80,38,0.66
51,2,2,0.48
51,9,2,0.21
51,11,2,0.08
51,14,2,0.6
51,21,2,0.11
51,24,2,0.54
51,30,2,0.83
51,43,2,0.54
51,51,2,0
51,57,2,0.89
51,58,2,0.43
51,77,2,0.58
51,85,2,0.82
51,6,6,0.02
51,7,6,0.13
51,23,6,0.01
51,51,6,0
51,61,6,0.38
51,66,6,0.16
51,68,6,0.83
51,71,6,0.5
51,91,6,0.88
51,93,6,0.35
51,7,9,0.67
51,9,9,0.02
51,31,9,0.2
51,38,9,0.78
51,48,9,0.68
51,51,9,0
51,65,9,0.59
51,71,9,0.76
51,75,9,0.81
51,84,9,0.29
51,85,9,0.11
51,86,9,0.21
51,97,9,0.73
52,0,25,0.68
52,3,25,0.91
52,11,25,0.85
52,23,25,0.36
52,25,25,0.11
52,27,25,0.16
52,42,25,0.68
52,52,25,0
52,53,25,0.81
52,39,18,0.36
52,47,18,0.65
52,52,18,0
52,65,18,0.36
52,89,18,0.22
52,91,18,0.7
52,96,18,0.78
53,0,25,0.75
53,3,25,0.77
53,11,25,0.65
53,23,25,0.03
53,25,25,0.19
53,27,25,0.65
53,42,25,0.99
53,52,25,0.82
53,53,25,0
53,5,23,0.89
53,12,23,0.57
53,22,23,0.28
53,26,23,0.68
53,37,23,0.31
53,53,23,0
53,63,23,0.32
53,64,23,0.11
53,70,23,0.93
53,74,23,0.42
53,77,23,0.15
53,1,10,0.55
53,16,10,0.84
53,23,10,0.88
53,49,10,0.72
53,53,10,0
53,54,10,0.11
53,55,10,0.79
53,0,36,0.73
53,22,36,0.74
53,25,36,0.69
53,33,36,0.63
53,53,36,0
53,54,36,0.0
53,83,36,0.08
53,87,36,0.8
53,91,36,0.09
53,99,36,0.39
54,1,10,0.2
54,16,10,0.01
54,23,10,0.21
54,49,10,0.24
54,53,10,0.1
54,54,10,0
54,55,10,0.7
54,2,14,0.73
54,15,14,0.25
54,17,14,0.51
54,24,14,0.7
54,42,14,0.25
54,49,14,0.4
54,54,14,0
54,56,14,0.75
54,78,14,0.69
54,85,14,0.3
54,99,14,0.59
54,27,35,0.97
54,38,35,0.31
54,54,35,0
54,59,35,0.44
54,60,35,0.9
54,72,35,0.16
54,83,35,0.31
54,94,35,0.33
54,0,36,0.98
54,22,36,0.4
54,25,36,0.83
54,33,36,0.55
54,53,36,0.99
54,54,36,0
54,83,36,0.47
54,87,36,0.88
54,91,36,0.3
54,99,36,0.26
55,1,10,0.63
55,16,10,0.93
55,23,10,0.84
55,49,10,0.46
55,53,10,0.06
55,54,10,0.3
55,55,10,0
55,12,39,0.98
55,14,39,0.93
55,18,39,0.85
55,21,39,0.99
55,28,39,0.83
55,55,39,0
55,74,39,0.13
55,82,39,0.78
55,5,28,0.66
55,55,28,0
55,72,28,0.17
55,92,28,0.27
55,20,38,0.61
55,35,38,0.73
55,50,38,0.4
55,55,38,0
55,75,38,0.9
55,80,38,0.12
56,5,33,0.94
56,32,33,0.6
56,45,33,0.8
56,56,33,0
56,79,33,0.32
56,90,33,0.75
56,19,24,0.58
56,26,24,0.77
56,34,24,0.18
56,56,24,0
56,61,24,0.17
56,69,24,0.83
56,84,24,0.59
56,89,24,0.24
56,93,24,0.12
56,95,24,0.19
56,24,27,0.3
56,28,27,0.64
56,36,27,0.53
56,44,27,0.76
56,56,27,0
56,75,27,0.98
56,76,27,0.05
56,93,27,0.12
56,2,14,0.49
56,15,14,0.22
56,17,14,0.44
56,24,14,0.36
56,42,14,0.35
56,49,14,0.91
56,54,14,0.39
56,56,14,0
56,78,14,0.57
56,85,14,0.97
56,99,14,0.69
57,2,2,0.69
57,9,2,0.47
57,11,2,0.95
57,14,2,0.52
57,21,2,0.13
57,24,2,0.49
57,30,2,0.12
57,43,2,0.2
57,51,2,0.53
57,57,2,0
57,58,2,0.08
57,77,2,0.25
57,85,2,0.74
57,32,29,0.45
57,44,29,0.0
57,46,29,0.8
57,57,29,0
57,98,29,0.65
57,1,1,0.59
57,9,1,0.52
57,10,1,0.83
57,15,1,0.97
57,33,1,0.08
57,37,1,0.4
57,43,1,0.35
57,44,1,0.6
57,49,1,0.51
57,57,1,0
57,65,1,0.11
57,66,1,0.97
57,67,1,0.8
57,69,1,0.18
57,73,1,0.75
58,20,17,0.02
58,40,17,0.34
58,58,17,0
58,70,17,0.38
58,83,17,0.69
58,90,17,0.78
58,96,17,0.74
58,98,17,0.91
58,13,4,0.83
58,58,4,0
58,2,2,0.04
58,9,2,0.28
58,11,2,0.78
58,14,2,0.51
58,21,2,0.07
58,24,2,0.56
58,30,2,0.1
58,43,2,0.95
58,51,2,0.88
58,57,2,0.79
58,58,2,0
58,77,2,0.92
58,85,2,0.27
59,27,35,0.89
59,38,35,0.9
59,54,35,0.98
59,59,35,0
59,60,35,0.84
59,72,35,0.08
59,83,35,0.99
59,94,35,0.26
59,17,20,0.03
59,22,20,0.0
59,26,20,0.71
59,34,20,0.49
59,36,20,0.97
59,48,20,0.3
59,59,20,0
59,71,20,0.39
59,81,20,0.21
59,88,20,0.27
59,7,15,0.34
59,27,15,0.19
59,35,15,0.04
59,42,15,0.2
59,59,15,0
59,87,15,0.98
60,27,35,0.59
60,38,35,0.05
60,54,35,0.64
60,59,35,0.51
60,60,35,0
60,72,35,0.76
60,83,35,0.54
60,94,35,0.12
60,10,13,0.14
60,14,13,0.59
60,32,13,0.83
60,46,13,0.57
60,50,13,0.19
60,60,13,0
60,69,13,0.28
61,6,6,0.23
61,7,6,0.91
61,23,6,0.49
61,51,6,0.4
61,61,6,0
61,66,6,0.9
61,68,6,0.75
61,71,6,0.65
61,91,6,0.86
61,93,6,0.62
61,19,24,0.68
61,26,24,0.23
61,34,24,0.25
61,56,24,0.04
61,61,24,0
61,69,24,0.17
61,84,24,0.23
61,89,24,0.7
61,93,24,0.59
61,95,24,0.69
62,11,31,0.76
62,25,31,0.67
62,29,31,0.22
62,35,31,0.03
62,47,31,0.07
62,62,31,0
62,69,31,0.1
62,72,31,0.56
62,78,31,0.01
62,87,31,0.2
62,94,31,0.22
62,95,31,0.48
62,98,31,0.86
62,8,22,0.24
62,26,22,0.97
62,31,22,0.96
62,33,22,0.12
62,62,22,0
62,80,22,0.48
62,81,22,0.18
62,85,22,0.69
62,87,22,0.96
62,36,19,0.97
62,44,19,0.19
62,62,19,0
62,99,19,0.07
63,4,7,0.29
63,30,7,0.63
63,31,7,0.17
63,63,7,0
63,79,7,0.56
63,5,23,0.44
63,12,23,0.68
63,22,23,0.05
63,26,23,0.7
63,37,23,0.62
63,53,23,0.15
63,63,23,0
63,64,23,0.5
63,70,23,0.05
63,74,23,0.79
63,77,23,0.71
64,6,34,0.75
64,16,34,0.37
64,17,34,0.36
64,18,34,0.25
64,43,34,0.2
64,64,34,0
64,80,34,0.97
64,88,34,0.15
64,91,34,0.59
64,94,34,0.29
64,5,23,0.81
64,12,23,0.76
64,22,23,0.95
64,26,23,0.61
64,37,23,0.06
64,53,23,0.91
64,63,23,0.5
64,64,23,0
64,70,23,0.38
64,74,23,0.6
64,77,23,0.46
65,7,9,0.34
65,9,9,0.28
65,31,9,0.63
65,38,9,0.3
65,48,9,0.07
65,51,9,0.62
65,65,9,0
65,71,9,0.2
65,75,9,0.06
65,84,9,0.88
65,85,9,0.45
65,86,9,0.64
65,97,9,0.14
65,39,18,0.19
65,47,18,0.19
65,52,18,0.97
65,65,18,0
65,89,18,0.26
65,91,18,0.49
65,96,18,0.92
65,1,1,0.08
65,9,1,0.1
65,10,1,0.28
65,15,1,0.24
65,33,1,0.42
65,37,1,0.15
65,43,1,0.66
65,44,1,0.85
65,49,1,0.23
65,57,1,0.48
65,65,1,0
65,66,1,0.5
65,67,1,0.07
65,69,1,0.49
65,73,1,0.9
66,2,12,0.24
66,8,12,0.83
66,10,12,0.56
66,23,12,0.29
66,35,12,0.9
66,66,12,0
66,73,12,0.27
66,92,12,0.76
66,7,16,0.47
66,8,16,0.83
66,22,16,0.17
66,66,16,0
66,68,16,0.79
66,1,1,0.74
66,9,1,0.6
66,10,1,0.26
66,15,1,0.74
66,33,1,0.9
66,37,1,0.34
66,43,1,0.77
66,44,1,0.54
66,49,1,0.99
66,57,1,0.05
66,65,1,0.28
66,66,1,0
66,67,1,0.4
66,69,1,0.04
66,73,1,0.17
66,6,6,0.79
66,7,6,0.76
66,23,6,0.58
66,51,6,0.85
66,61,6,0.81
66,66,6,0
66,68,6,0.17
66,71,6,0.83
66,91,6,0.42
66,93,6,0.49
67,1,1,0.3
67,9,1,0.66
67,10,1,0.52
67,15,1,0.23
67,33,1,0.59
67,37,1,0.34
67,43,1,0.16
67,44,1,0.62
67,49,1,0.15
67,57,1,0.03
67,65,1,0.45
67,66,1,0.68
67,67,1,0
67,69,1,0.3
67,73,1,0.7
67,67,3,0
67,68,3,0.37
67,74,3,0.76
67,82,3,0.92
68,7,16,0.52
68,8,16,0.5
68,22,16,0.93
68,66,16,0.83
68,68,16,0
68,67,3,0.84
68,68,3,0
68,74,3,0.99
68,82,3,0.56
68,6,6,0.83
68,7,6,0.87
68,23,6,0.84
68,51,6,0.46
68,61,6,0.88
68,66,6,0.22
68,68,6,0
68,71,6,0.02
68,91,6,0.52
68,93,6,0.24
69,11,31,0.11
69,25,31,0.97
69,29,31,0.55
69,35,31,0.64
69,47,31,0.98
69,62,31,0.28
69,69,31,0
69,72,31,0.96
69,78,31,0.89
69,87,31,0.83
69,94,31,0.86
69,95,31,0.79
69,98,31,0.01
69,19,24,0.95
69,26,24,0.23
69,34,24,0.26
69,56,24,0.6
69,61,24,0.54
69,69,24,0
69,84,24,0.36
69,89,24,0.66
69,93,24,0.82
69,95,24,0.11
69,10,13,0.38
69,14,13,0.55
69,32,13,0.94
69,46,13,0.62
69,50,13,0.4
69,60,13,0.8
69,69,13,0
69,1,1,0.81
69,9,1,0.12
69,10,1,0.07
69,15,1,0.91
69,33,1,0.34
69,37,1,0.75
69,43,1,0.14
69,44,1,0.1
69,49,1,0.64
69,57,1,0.56
69,65,1,0.02
69,66,1,0.14
69,67,1,0.61
69,69,1,0
69,73,1,0.44
70,41,0,0.55
70,70,0,0
70,76,0,0.14
70,95,0,0.1
70,97,0,0.65
70,5,23,0.18
70,12,23,0.72
70,22,23,0.56
70,26,23,0.32
70,37,23,0.04
70,53,23,0.9
70,63,23,0.24
70,64,23,0.09
70,70,23,0
70,74,23,0.81
70,77,23,0.67
70,20,17,0.24
70,40,17,0.99
70,58,17,0.88
70,70,17,0
70,83,17,0.92
70,90,17,0.85
70,96,17,0.08
70,98,17,0.78
70,5,8,0.33
70,8,8,0.13
70,20,8,0.67
70,70,8,0
70,94,8,0.56
71,17,20,0.57
71,22,20,0.43
71,26,20,0.77
71,34,20,0.42
71,36,20,0.7
71,48,20,0.57
71,59,20,0.25
71,71,20,0
71,81,20,0.78
71,88,20,0.33
71,6,6,0.13
71,7,6,0.47
71,23,6,0.46
71,51,6,0.45
71,61,6,0.17
71,66,6,0.11
71,68,6,1.0
71,71,6,0
71,91,6,0.64
71,93,6,0.5
71,7,9,0.46
71,9,9,0.65
71,31,9,0.82
71,38,9,0.26
71,48,9,0.81
71,51,9,0.21
71,65,9,0.15
71,71,9,0
71,75,9,0.47
71,84,9,0.97
71,85,9,0.79
71,86,9,0.05
71,97,9,0.65
72,11,31,0.73
72,25,31,0.53
72,29,31,0.48
72,35,31,0.08
72,47,31,0.08
72,62,31,0.83
72,69,31,0.17
72,72,31,0
72,78,31,0.59
72,87,31,0.5
72,94,31,0.9
72,95,31,0.72
72,98,31,0.33
72,5,28,0.76
72,55,28,0.64
72,72,28,0
72,92,28,0.28
72,72,26,0
72,83,26,0.93
72,27,35,0.41
72,38,35,0.88
72,54,35,0.72
72,59,35,0.97
72,60,35,0.66
72,72,35,0
72,83,35,0.21
72,94,35,0.65
73,4,32,0.77
73,12,32,0.65
73,34,32,0.88
73,39,32,0.27
73,73,32,0
73,92,32,0.9
73,1,1,0.76
73,9,1,0.19
73,10,1,0.06
73,15,1,0.1
73,33,1,0.68
73,37,1,0.25
73,43,1,0.77
73,44,1,0.81
73,49,1,0.73
73,57,1,0.15
73,65,1,0.56
73,66,1,0.12
73,67,1,0.09
73,69,1,0.65
73,73,1,0
73,2,12,0.25
73,8,12,0.79
73,10,12,0.82
73,23,12,1.0
73,35,12,0.09
73,66,12,0.15
73,73,12,0
73,92,12,0.84
74,5,23,0.52
74,12,23,0.52
74,22,23,0.3
74,26,23,0.49
74,37,23,0.12
74,53,23,0.62
74,63,23,0.7
74,64,23,0.46
74,70,23,0.97
74,74,23,0
74,77,23,0.87
74,12,39,0.42
74,14,39,0.45
74,18,39,0.58
74,21,39,0.44
74,28,39,0.51
74,55,39,0.16
74,74,39,0
74,82,39,0.82
74,67,3,0.03
74,68,3,0.05
74,74,3,0
74,82,3,0.55
75,7,9,0.52
75,9,9,0.79
75,31,9,0.2
75,38,9,0.73
75,48,9,0.0
75,51,9,0.58
75,65,9,0.1
75,71,9,0.37
75,75,9,0
75,84,9,0.48
75,85,9,0.48
75,86,9,0.72
75,97,9,0.88
75,10,37,0.55
75,27,37,0.02
75,29,37,0.66
75,34,37,0.97
75,40,37,0.45
75,75,37,0
75,86,37,0.61
75,99,37,0.94
75,20,38,0.84
75,35,38,0.98
75,50,38,0.86
75,55,38,0.17
75,75,38,0
75,80,38,0.01
75,24,27,0.88
75,28,27,0.45
75,36,27,0.36
75,44,27,0.74
75,56,27,0.91
75,75,27,0
75,76,27,0.76
75,93,27,0.88
76,41,0,0.51
76,70,0,0.32
76,76,0,0
76,95,0,0.36
76,97,0,0.68
76,13,21,0.27
76,21,21,0.64
76,76,21,0
76,79,21,0.09
76,93,21,0.57
76,95,21,0.45
76,24,27,0.45
76,28,27,0.86
76,36,27,0.44
76,44,27,0.55
76,56,27,0.18
76,75,27,0.33
76,76,27,0
76,93,27,0.82
77,2,2,0.99
77,9,2,0.22
77,11,2,0.66
77,14,2,0.08
77,21,2,0.02
77,24,2,0.26
77,30,2,0.81
77,43,2,0.87
77,51,2,0.24
77,57,2,0.97
77,58,2,0.9
77,77,2,0
77,85,2,0.89
77,5,23,0.74
77,12,23,0.98
77,22,23,0.02
77,26,23,0.57
77,37,23,0.64
77,53,23,0.1
77,63,23,0.4
77,64,23,0.21
77,70,23,0.32
77,74,23,0.69
77,77,23,0
77,3,11,0.6
77,29,11,0.13
77,45,11,0.4
77,77,11,0
77,86,11,0.3
77,97,11,0.33
78,2,14,0.74
78,15,14,0.26
78,17,14,0.45
78,24,14,0.97
78,42,14,0.4
78,49,14,0.74
78,54,14,0.16
78,56,14,0.26
78,78,14,0
78,85,14,0.97
78,99,14,0.62
78,11,31,0.16
78,25,31,0.86
78,29,31,0.78
78,35,31,0.26
78,47,31,0.28
78,62,31,0.34
78,69,31,0.79
78,72,31,0.46
78,78,31,0
78,87,31,0.27
78,94,31,0.51
78,95,31,0.83
78,98,31,0.2
79,4,7,0.32
79,30,7,0.18
79,31,7,0.18
79,63,7,0.31
79,79,7,0
79,5,33,0.96
79,32,33,0.43
79,45,33,0.2
79,56,33,0.25
79,79,33,0
79,90,33,0.41
79,13,21,0.94
79,21,21,0.73
79,76,21,0.56
79,79,21,0
79,93,21,0.15
79,95,21,0.21
80,8,22,0.07
80,26,22,0.4
80,31,22,0.45
80,33,22,0.03
80,62,22,0.44
80,80,22,0
80,81,22,0.2
80,85,22,0.53
80,87,22,0.45
80,20,38,0.3
80,35,38,0.29
80,50,38,0.49
80,55,38,0.06
80,75,38,0.49
80,80,38,0
80,6,34,0.06
80,16,34,0.38
80,17,34,0.76
80,18,34,0.91
80,43,34,0.08
80,64,34,0.36
80,80,34,0
80,88,34,0.28
80,91,34,0.23
80,94,34,0.91
81,17,20,0.46
81,22,20,0.0
81,26,20,0.03
81,34,20,0.21
81,36,20,0.86
81,48,20,0.08
81,59,20,0.66
81,71,20,0.58
81,81,20,0
81,88,20,0.71
81,8,22,0.67
81,26,22,0.73
81,31,22,0.67
81,33,22,0.09
81,62,22,0.43
81,80,22,0.81
81,81,22,0
81,85,22,0.06
81,87,22,0.71
82,12,39,0.48
82,14,39,0.44
82,18,39,0.82
82,21,39,0.89
82,28,39,0.84
82,55,39,0.5
82,74,39,0.33
82,82,39,0
82,67,3,0.98
82,68,3,0.36
82,74,3,0.78
82,82,3,0
83,72,26,0.79
83,83,26,0
83,0,36,0.81
83,22,36,0.2
83,25,36,0.62
83,33,36,0.68
83,53,36,0.2
83,54,36,0.14
83,83,36,0
83,87,36,0.85
83,91,36,0.52
83,99,36,0.41
83,20,17,0.2
83,40,17,0.09
83,58,17,0.87
83,70,17,0.44
83,83,17,0
83,90,17,0.09
83,96,17,0.9
83,98,17,0.1
83,27,35,0.73
83,38,35,0.96
83,54,35,0.23
83,59,35,0.48
83,60,35,0.59
83,72,35,0.28
83,83,35,0
83,94,35,0.87
84,19,24,0.28
84,26,24,0.66
84,34,24,0.92
84,56,24,0.82
84,61,24,0.7
84,69,24,0.49
84,84,24,0
84,89,24,0.0
84,93,24,0.04
84,95,24,0.87
84,7,9,0.38
84,9,9,0.85
84,31,9,0.08
84,38,9,0.22
84,48,9,0.79
84,51,9,0.41
84,65,9,0.75
84,71,9,0.07
84,75,9,0.04
84,84,9,0
84,85,9,0.47
84,86,9,0.1
84,97,9,0.91
85,7,9,0.93
85,9,9,0.74
85,31,9,0.89
85,38,9,0.58
85,48,9,0.4
85,51,9,0.99
85,65,9,0.58
85,71,9,0.33
85,75,9,0.09
85,84,9,0.65
85,85,9,0
85,86,9,0.16
85,97,9,0.02
85,8,22,0.6
85,26,22,0.03
85,31,22,0.44
85,33,22,0.12
85,62,22,0.89
85,80,22,0.0
85,81,22,0.93
85,85,22,0
85,87,22,0.46
85,2,2,0.77
85,9,2,0.95
85,11,2,0.09
85,14,2,0.16
85,21,2,0.47
85,24,2,0.74
85,30,2,0.64
85,43,2,0.82
85,51,2,0.8
85,57,2,0.08
85,58,2,0.38
85,77,2,0.33
85,85,2,0
85,2,14,0.81
85,15,14,0.91
85,17,14,0.07
85,24,14,0.74
85,42,14,0.9
85,49,14,0.28
85,54,14,0.57
85,56,14,0.65
85,78,14,0.79
85,85,14,0
85,99,14,0.89
86,7,9,0.92
86,9,9,0.34
86,31,9,0.41
86,38,9,0.33
86,48,9,0.41
86,51,9,1.0
86,65,9,0.89
86,71,9,0.7
86,75,9,0.87
86,84,9,0.49
86,85,9,0.04
86,86,9,0
86,97,9,0.19
86,3,11,0.84
86,29,11,0.9
86,45,11,0.67
86,77,11,0.07
86,86,11,0
86,97,11,0.06
86,10,37,0.67
86,27,37,0.04
86,29,37,0.25
86,34,37,0.52
86,40,37,0.35
86,75,37,0.71
86,86,37,0
86,99,37,0.39
87,8,22,0.64
87,26,22,0.68
87,31,22,0.01
87,33,22,0.86
87,62,22,0.41
87,80,22,0.27
87,81,22,0.91
87,85,22,0.43
87,87,22,0
87,7,15,0.13
87,27,15,0.1
87,35,15,0.24
87,42,15,0.01
87,59,15,0.03
87,87,15,0
87,11,31,0.58
87,25,31,0.74
87,29,31,0.3
87,35,31,0.87
87,47,31,0.82
87,62,31,0.74
87,69,31,0.12
87,72,31,0.93
87,78,31,0.11
87,87,31,0
87,94,31,0.96
87,95,31,0.65
87,98,31,0.87
87,0,36,0.35
87,22,36,0.02
87,25,36,0.37
87,33,36,0.56
87,53,36,0.97
87,54,36,0.78
87,83,36,0.45
87,87,36,0
87,91,36,0.36
87,99,36,0.21
88,6,34,0.38
88,16,34,0.59
88,17,34,0.79
88,18,34,0.65
88,43,34,0.58
88,64,34,0.54
88,80,34,0.67
88,88,34,0
88,91,34,0.11
88,94,34,0.18
88,17,20,0.02
88,22,20,0.55
88,26,20,0.38
88,34,20,0.59
88,36,20,0.2
88,48,20,0.23
88,59,20,0.87
88,71,20,0.63
88,81,20,0.1
88,88,20,0
89,39,18,0.44
89,47,18,0.16
89,52,18,0.02
89,65,18,0.64
89,89,18,0
89,91,18,0.28
89,96,18,0.19
89,19,24,0.15
89,26,24,0.22
89,34,24,0.2
89,56,24,0.4
89,61,24,0.75
89,69,24,0.93
89,84,24,0.66
89,89,24,0
89,93,24,0.97
89,95,24,0.42
90,20,17,0.14
90,40,17,0.96
90,58,17,0.82
90,70,17,0.37
90,83,17,0.74
90,90,17,0
90,96,17,0.0
90,98,17,0.57
90,5,33,0.14
90,32,33,0.21
90,45,33,0.55
90,56,33,0.6
90,79,33,0.4
90,90,33,0
91,39,18,0.25
91,47,18,0.76
91,52,18,0.4
91,65,18,0.84
91,89,18,0.7
91,91,18,0
91,96,18,0.15
91,0,36,0.52
91,22,36,0.37
91,25,36,0.98
91,33,36,0.83
91,53,36,0.82
91,54,36,0.59
91,83,36,0.77
91,87,36,0.24
91,91,36,0
91,99,36,0.69
91,6,34,0.74
91,16,34,0.37
91,17,34,0.78
91,18,34,0.21
91,43,34,0.85
91,64,34,0.88
91,80,34,0.03
91,88,34,0.94
91,91,34,0
91,94,34,0.25
91,6,6,0.76
91,7,6,0.32
91,23,6,0.1
91,51,6,0.74
91,61,6,0.69
91,66,6,0.46
91,68,6,0.34
91,71,6,0.18
91,91,6,0
91,93,6,0.47
92,5,28,0.19
92,55,28,0.62
92,72,28,0.8
92,92,28,0
92,4,32,0.45
92,12,32,0.73
92,34,32,0.04
92,39,32,0.05
92,73,32,0.85
92,92,32,0
92,2,12,0.09
92,8,12,0.74
92,10,12,0.71
92,23,12,0.87
92,35,12,0.37
92,66,12,0.47
92,73,12,0.75
92,92,12,0
93,19,24,0.87
93,26,24,0.01
93,34,24,0.92
93,56,24,0.75
93,61,24,0.87
93,69,24,0.3
93,84,24,0.86
93,89,24,0.18
93,93,24,0
93,95,24,0.52
93,13,21,0.53
93,21,21,0.7
93,76,21,0.44
93,79,21,0.75
93,93,21,0
93,95,21,1.0
93,6,6,0.49
93,7,6,0.51
93,23,6,0.96
93,51,6,0.11
93,61,6,0.73
93,66,6,0.73
93,68,6,0.44
93,71,6,0.78
93,91,6,0.56
93,93,6,0
93,24,27,0.78
93,28,27,0.96
93,36,27,0.78
93,44,27,0.74
93,56,27,0.65
93,75,27,0.92
93,76,27,0.35
93,93,27,0
94,5,8,0.13
94,8,8,0.55
94,20,8,0.28
94,70,8,0.8
94,94,8,0
94,6,34,0.6
94,16,34,0.69
94,17,34,0.63
94,18,34,0.81
94,43,34,0.04
94,64,34,0.21
94,80,34,0.87
94,88,34,0.26
94,91,34,0.21
94,94,34,0
94,27,35,0.35
94,38,35,0.41
94,54,35,0.27
94,59,35,0.18
94,60,35,0.2
94,72,35,0.85
94,83,35,0.25
94,94,35,0
94,11,31,0.19
94,25,31,0.18
94,29,31,0.9
94,35,31,0.61
94,47,31,0.07
94,62,31,0.87
94,69,31,0.69
94,72,31,0.15
94,78,31,0.86
94,87,31,0.25
94,94,31,0
94,95,31,0.18
94,98,31,0.94
95,19,24,0.75
95,26,24,0.82
95,34,24,0.94
95,56,24,0.88
95,61,24,0.18
95,69,24,0.86
95,84,24,0.85
95,89,24,0.56
95,93,24,0.68
95,95,24,0
95,11,31,0.97
95,25,31,0.73
95,29,31,0.31
95,35,31,0.42
95,47,31,0.58
95,62,31,0.27
95,69,31,0.12
95,72,31,0.9
95,78,31,0.2
95,87,31,0.73
95,94,31,0.1
95,95,31,0
95,98,31,0.09
95,13,21,0.31
95,21,21,0.21
95,76,21,0.08
95,79,21,0.2
95,93,21,0.29
95,95,21,0
95,41,0,0.31
95,70,0,0.16
95,76,0,0.95
95,95,0,0
95,97,0,0.24
96,39,18,0.76
96,47,18,0.65
96,52,18,0.34
96,65,18,0.73
96,89,18,0.77
96,91,18,0.74
96,96,18,0
96,20,17,0.13
96,40,17,0.6
96,58,17,0.08
96,70,17,0.85
96,83,17,0.56
96,90,17,0.42
96,96,17,0
96,98,17,0.59
97,3,11,0.83
97,29,11,0.27
97,45,11,0.79
97,77,11,0.99
97,86,11,0.43
97,97,11,0
97,7,9,0.54
97,9,9,0.43
97,31,9,0.25
97,38,9,0.34
97,48,9,0.66
97,51,9,0.08
97,65,9,0.86
97,71,9,0.7
97,75,9,0.77
97,84,9,0.12
97,85,9,0.58
97,86,9,0.49
97,97,9,0
97,41,0,0.42
97,70,0,0.82
97,76,0,0.1
97,95,0,0.55
97,97,0,0
98,32,29,0.1
98,44,29,0.42
98,46,29,0.64
98,57,29,0.72
98,98,29,0
98,20,17,0.3
98,40,17,0.5
98,58,17,0.2
98,70,17,0.05
98,83,17,0.62
98,90,17,0.48
98,96,17,0.46
98,98,17,0
98,11,31,0.91
98,25,31,0.28
98,29,31,0.62
98,35,31,1.0
98,47,31,0.92
98,62,31,0.62
98,69,31,0.28
98,72,31,0.33
98,78,31,0.04
98,87,31,0.98
98,94,31,0.73
98,95,31,0.43
98,98,31,0
99,36,19,0.24
99,44,19,0.21
99,62,19,0.27
99,99,19,0
99,2,14,0.82
99,15,14,0.44
99,17,14,0.59
99,24,14,0.06
99,42,14,0.7
99,49,14,0.38
99,54,14,0.21
99,56,14,0.79
99,78,14,0.33
99,85,14,0.97
99,99,14,0
99,0,36,0.8
99,22,36,0.48
99,25,36,0.74
99,33,36,0.36
99,53,36,0.44
99,54,36,0.71
99,83,36,0.58
99,87,36,0.08
99,91,36,0.59
99,99,36,0
99,10,37,0.53
99,27,37,0.43
99,29,37,0.31
99,34,37,0.43
99,40,37,0.56
99,75,37,0.62
99,86,37,0.92
99,99,37,0