M,100,P,30,Q,100000,targetS,0.1,targetW,0.1

Resources name, resource id, current workload and max workload
R_0,0,0.57,1
R_1,1,0.42,1
R_2,2,0.44,1
R_3,3,0.62,1
R_4,4,0.43,1
R_5,5,0.75,1
R_6,6,0.71,1
R_7,7,0.75,1
R_8,8,0.44,1
R_9,9,0.62,1
R_10,10,0.44,1
R_11,11,0.41,1
R_12,12,0.54,1
R_13,13,0.58,1
R_14,14,0.42,1
R_15,15,0.73,1
R_16,16,0.49,1
R_17,17,0.74,1
R_18,18,0.49,1
R_19,19,0.4,1
R_20,20,0.63,1
R_21,21,0.72,1
R_22,22,0.41,1
R_23,23,0.56,1
R_24,24,0.54,1
R_25,25,0.41,1
R_26,26,0.59,1
R_27,27,0.72,1
R_28,28,0.53,1
R_29,29,0.62,1
R_30,30,0.64,1
R_31,31,0.43,1
R_32,32,0.66,1
R_33,33,0.66,1
R_34,34,0.54,1
R_35,35,0.55,1
R_36,36,0.58,1
R_37,37,0.55,1
R_38,38,0.49,1
R_39,39,0.6,1
R_40,40,0.56,1
R_41,41,0.74,1
R_42,42,0.7,1
R_43,43,0.55,1
R_44,44,0.56,1
R_45,45,0.73,1
R_46,46,0.77,1
R_47,47,0.42,1
R_48,48,0.65,1
R_49,49,0.5,1
R_50,50,0.5,1
R_51,51,0.51,1
R_52,52,0.74,1
R_53,53,0.65,1
R_54,54,0.56,1
R_55,55,0.52,1
R_56,56,0.75,1
R_57,57,0.5,1
R_58,58,0.68,1
R_59,59,0.7,1
R_60,60,0.43,1
R_61,61,0.49,1
R_62,62,0.72,1
R_63,63,0.66,1
R_64,64,0.8,1
R_65,65,0.52,1
R_66,66,0.73,1
R_67,67,0.73,1
R_68,68,0.61,1
R_69,69,0.44,1
R_70,70,0.51,1
R_71,71,0.52,1
R_72,72,0.54,1
R_73,73,0.58,1
R_74,74,0.4,1
R_75,75,0.72,1
R_76,76,0.53,1
R_77,77,0.79,1
R_78,78,0.55,1
R_79,79,0.56,1
R_80,80,0.52,1
R_81,81,0.59,1
R_82,82,0.75,1
R_83,83,0.43,1
R_84,84,0.54,1
R_85,85,0.57,1
R_86,86,0.46,1
R_87,87,0.6,1
R_88,88,0.46,1
R_89,89,0.46,1
R_90,90,0.64,1
R_91,91,0.45,1
R_92,92,0.54,1
R_93,93,0.41,1
R_94,94,0.57,1
R_95,95,0.68,1
R_96,96,0.79,1
R_97,97,0.57,1
R_98,98,0.54,1
R_99,99,0.8,1

Activities name, activity id, lambda, stress, resource id, priority, rifiutato
act_12,12,0.22,0.73,0,540,1
act_11,11,0.13,0.31,0,161,1
act_18,18,0.15,0.92,1,9,0
act_11,11,0.13,0.31,1,62,0
act_4,4,0.16,0.44,1,480,0
act_11,11,0.13,0.31,1,40,0
act_17,17,0.01,0.05,2,517,0
act_14,14,0.29,0.22,2,223,0
act_11,11,0.13,0.31,2,63,0
act_17,17,0.01,0.05,2,301,0
act_17,17,0.01,0.05,2,505,0
act_17,17,0.01,0.05,2,378,0
act_17,17,0.01,0.05,2,578,0
act_17,17,0.01,0.05,2,169,0
act_17,17,0.01,0.05,2,572,0
act_17,17,0.01,0.05,2,234,0
act_17,17,0.01,0.05,2,140,0
act_17,17,0.01,0.05,2,197,0
act_17,17,0.01,0.05,2,522,0
act_17,17,0.01,0.05,2,452,0
act_17,17,0.01,0.05,2,52,0
act_6,6,0.17,0.12,3,292,0
act_6,6,0.17,0.12,3,176,0
act_13,13,0.02,0.52,3,308,0
act_6,6,0.17,0.12,4,432,0
act_13,13,0.02,0.52,4,61,1
act_6,6,0.17,0.12,4,387,0
act_2,2,0.16,0.37,4,129,1
act_13,13,0.02,0.52,4,5,1
act_13,13,0.02,0.52,4,442,1
act_12,12,0.22,0.73,5,457,0
act_5,5,0.01,0.47,6,304,0
act_8,8,0.1,0.03,6,369,0
act_8,8,0.1,0.03,6,509,0
act_13,13,0.02,0.52,6,16,0
act_13,13,0.02,0.52,6,374,0
act_13,13,0.02,0.52,6,309,0
act_5,5,0.01,0.47,6,386,0
act_5,5,0.01,0.47,6,55,0
act_3,3,0.17,0.11,7,126,0
act_8,8,0.1,0.03,8,577,0
act_9,9,0.13,0.03,8,337,0
act_14,14,0.29,0.22,8,79,0
act_16,16,0.28,0.07,9,403,0
act_17,17,0.01,0.05,10,182,0
act_17,17,0.01,0.05,10,249,0
act_5,5,0.01,0.47,10,475,0
act_17,17,0.01,0.05,10,507,0
act_5,5,0.01,0.47,10,376,0
act_17,17,0.01,0.05,10,488,0
act_17,17,0.01,0.05,10,285,0
act_5,5,0.01,0.47,10,502,0
act_17,17,0.01,0.05,10,391,0
act_5,5,0.01,0.47,10,418,0
act_5,5,0.01,0.47,10,559,0
act_17,17,0.01,0.05,10,564,0
act_17,17,0.01,0.05,10,402,0
act_1,1,0.16,0.36,10,275,0
act_15,15,0.1,0.68,10,31,0
act_15,15,0.1,0.68,10,199,0
act_5,5,0.01,0.47,10,364,0
act_5,5,0.01,0.47,10,137,0
act_17,17,0.01,0.05,10,76,0
act_5,5,0.01,0.47,10,19,0
act_5,5,0.01,0.47,10,174,0
act_17,17,0.01,0.05,10,273,0
act_17,17,0.01,0.05,10,270,0
act_7,7,0.28,0.31,11,336,1
act_7,7,0.28,0.31,11,330,1
act_17,17,0.01,0.05,11,262,0
act_17,17,0.01,0.05,11,50,0
act_17,17,0.01,0.05,11,560,0
act_18,18,0.15,0.92,12,404,0
act_18,18,0.15,0.92,12,329,0
act_0,0,0.09,0.08,12,436,0
act_10,10,0.01,0.27,13,148,0
act_15,15,0.1,0.68,13,454,1
act_17,17,0.01,0.05,13,17,0
act_15,15,0.1,0.68,13,146,1
act_15,15,0.1,0.68,13,314,1
act_10,10,0.01,0.27,13,87,0
act_17,17,0.01,0.05,13,305,0
act_17,17,0.01,0.05,13,85,0
act_17,17,0.01,0.05,13,70,0
act_17,17,0.01,0.05,13,237,0
act_10,10,0.01,0.27,13,388,0
act_10,10,0.01,0.27,13,83,0
act_10,10,0.01,0.27,13,171,0
act_10,10,0.01,0.27,13,192,0
act_7,7,0.28,0.31,14,551,1
act_7,7,0.28,0.31,14,492,1
act_17,17,0.01,0.05,14,573,0
act_17,17,0.01,0.05,14,357,0
act_6,6,0.17,0.12,15,38,0
act_15,15,0.1,0.68,15,441,0
act_15,15,0.1,0.68,16,228,1
act_15,15,0.1,0.68,16,41,1
act_4,4,0.16,0.44,16,224,0
act_5,5,0.01,0.47,16,188,0
act_5,5,0.01,0.47,16,526,0
act_5,5,0.01,0.47,16,355,0
act_15,15,0.1,0.68,16,20,1
act_5,5,0.01,0.47,16,266,0
act_5,5,0.01,0.47,16,252,0
act_12,12,0.22,0.73,17,265,0
act_19,19,0.24,0.04,18,95,0
act_19,19,0.24,0.04,18,25,0
act_0,0,0.09,0.08,19,46,0
act_3,3,0.17,0.11,19,157,0
act_3,3,0.17,0.11,19,512,0
act_0,0,0.09,0.08,19,255,0
act_3,3,0.17,0.11,20,493,0
act_0,0,0.09,0.08,20,481,0
act_0,0,0.09,0.08,20,408,0
act_0,0,0.09,0.08,21,349,0
act_3,3,0.17,0.11,21,317,0
act_10,10,0.01,0.27,21,53,0
act_12,12,0.22,0.73,22,68,1
act_12,12,0.22,0.73,22,400,1
act_8,8,0.1,0.03,22,162,0
act_14,14,0.29,0.22,23,39,0
act_8,8,0.1,0.03,23,383,0
act_4,4,0.16,0.44,24,179,0
act_8,8,0.1,0.03,24,346,0
act_4,4,0.16,0.44,24,536,0
act_13,13,0.02,0.52,25,363,1
act_6,6,0.17,0.12,25,71,0
act_13,13,0.02,0.52,25,213,1
act_6,6,0.17,0.12,25,414,0
act_5,5,0.01,0.47,25,217,0
act_13,13,0.02,0.52,25,345,1
act_6,6,0.17,0.12,25,47,0
act_5,5,0.01,0.47,25,150,0
act_3,3,0.17,0.11,26,477,0
act_3,3,0.17,0.11,26,321,0
act_10,10,0.01,0.27,26,15,0
act_10,10,0.01,0.27,26,496,0
act_10,10,0.01,0.27,26,18,0
act_10,10,0.01,0.27,26,380,0
act_10,10,0.01,0.27,26,230,0
act_10,10,0.01,0.27,26,287,0
act_15,15,0.1,0.68,27,498,0
act_6,6,0.17,0.12,27,191,0
act_11,11,0.13,0.31,28,397,0
act_11,11,0.13,0.31,28,123,0
act_11,11,0.13,0.31,28,427,0
act_19,19,0.24,0.04,29,554,0
act_15,15,0.1,0.68,29,396,0
act_10,10,0.01,0.27,30,566,0
act_10,10,0.01,0.27,30,91,0
act_10,10,0.01,0.27,30,392,0
act_1,1,0.16,0.36,30,315,0
act_1,1,0.16,0.36,30,172,0
act_10,10,0.01,0.27,30,549,0
act_3,3,0.17,0.11,31,453,0
act_4,4,0.16,0.44,31,138,1
act_4,4,0.16,0.44,31,297,1
act_16,16,0.28,0.07,32,569,0
act_17,17,0.01,0.05,32,49,0
act_17,17,0.01,0.05,32,32,0
act_17,17,0.01,0.05,32,151,0
act_17,17,0.01,0.05,32,277,0
act_17,17,0.01,0.05,32,214,0
act_17,17,0.01,0.05,32,476,0
act_8,8,0.1,0.03,33,494,0
act_3,3,0.17,0.11,33,395,0
act_3,3,0.17,0.11,34,272,0
act_3,3,0.17,0.11,34,107,0
act_5,5,0.01,0.47,35,347,0
act_12,12,0.22,0.73,35,4,0
act_5,5,0.01,0.47,35,96,0
act_6,6,0.17,0.12,35,437,0
act_5,5,0.01,0.47,35,433,0
act_5,5,0.01,0.47,35,533,0
act_5,5,0.01,0.47,35,465,0
act_5,5,0.01,0.47,35,109,0
act_19,19,0.24,0.04,36,117,0
act_4,4,0.16,0.44,36,486,0
act_17,17,0.01,0.05,37,248,0
act_16,16,0.28,0.07,37,201,0
act_17,17,0.01,0.05,37,113,0
act_17,17,0.01,0.05,37,367,0
act_17,17,0.01,0.05,37,482,0
act_17,17,0.01,0.05,37,497,0
act_17,17,0.01,0.05,37,24,0
act_17,17,0.01,0.05,37,205,0
act_17,17,0.01,0.05,37,77,0
act_17,17,0.01,0.05,37,37,0
act_17,17,0.01,0.05,37,334,0
act_17,17,0.01,0.05,37,324,0
act_17,17,0.01,0.05,37,48,0
act_17,17,0.01,0.05,37,458,0
act_17,17,0.01,0.05,37,327,0
act_17,17,0.01,0.05,37,139,0
act_17,17,0.01,0.05,37,149,0
act_13,13,0.02,0.52,38,10,1
act_13,13,0.02,0.52,38,530,1
act_8,8,0.1,0.03,38,131,0
act_8,8,0.1,0.03,38,27,0
act_13,13,0.02,0.52,38,372,1
act_8,8,0.1,0.03,38,385,0
act_8,8,0.1,0.03,38,316,0
act_13,13,0.02,0.52,38,565,1
act_13,13,0.02,0.52,38,338,1
act_14,14,0.29,0.22,39,534,0
act_10,10,0.01,0.27,39,544,0
act_10,10,0.01,0.27,39,318,0
act_10,10,0.01,0.27,39,413,0
act_10,10,0.01,0.27,39,422,0
act_10,10,0.01,0.27,39,104,0
act_10,10,0.01,0.27,39,187,0
act_10,10,0.01,0.27,39,389,0
act_10,10,0.01,0.27,39,124,0
act_10,10,0.01,0.27,39,398,0
act_10,10,0.01,0.27,39,510,0
act_10,10,0.01,0.27,39,434,0
act_12,12,0.22,0.73,40,45,0
act_6,6,0.17,0.12,40,294,0
act_0,0,0.09,0.08,41,467,0
act_0,0,0.09,0.08,41,239,0
act_14,14,0.29,0.22,42,483,0
act_11,11,0.13,0.31,43,264,1
act_6,6,0.17,0.12,43,81,0
act_11,11,0.13,0.31,43,210,1
act_12,12,0.22,0.73,44,567,1
act_2,2,0.16,0.37,44,212,0
act_3,3,0.17,0.11,45,173,0
act_8,8,0.1,0.03,45,84,0
act_15,15,0.1,0.68,46,423,0
act_15,15,0.1,0.68,46,535,0
act_13,13,0.02,0.52,47,226,0
act_12,12,0.22,0.73,47,469,0
act_9,9,0.13,0.03,47,184,0
act_9,9,0.13,0.03,47,300,0
act_13,13,0.02,0.52,47,112,0
act_13,13,0.02,0.52,47,34,0
act_13,13,0.02,0.52,47,181,0
act_13,13,0.02,0.52,47,555,0
act_17,17,0.01,0.05,48,198,0
act_16,16,0.28,0.07,48,132,0
act_17,17,0.01,0.05,48,78,0
act_17,17,0.01,0.05,48,417,0
act_17,17,0.01,0.05,48,110,0
act_10,10,0.01,0.27,48,186,0
act_17,17,0.01,0.05,48,515,0
act_2,2,0.16,0.37,49,443,1
act_2,2,0.16,0.37,49,446,1
act_2,2,0.16,0.37,49,548,1
act_4,4,0.16,0.44,50,532,0
act_15,15,0.1,0.68,50,60,1
act_15,15,0.1,0.68,50,233,1
act_15,15,0.1,0.68,50,440,1
act_6,6,0.17,0.12,51,189,0
act_6,6,0.17,0.12,51,344,0
act_15,15,0.1,0.68,52,2,1
act_15,15,0.1,0.68,52,394,1
act_17,17,0.01,0.05,52,310,0
act_17,17,0.01,0.05,52,82,0
act_17,17,0.01,0.05,52,203,0
act_17,17,0.01,0.05,52,407,0
act_17,17,0.01,0.05,52,371,0
act_14,14,0.29,0.22,53,260,0
act_10,10,0.01,0.27,53,459,0
act_10,10,0.01,0.27,53,244,0
act_10,10,0.01,0.27,53,516,0
act_10,10,0.01,0.27,53,130,0
act_10,10,0.01,0.27,53,500,0
act_10,10,0.01,0.27,53,420,0
act_7,7,0.28,0.31,54,339,0
act_9,9,0.13,0.03,54,490,0
act_5,5,0.01,0.47,54,542,1
act_5,5,0.01,0.47,54,33,1
act_2,2,0.16,0.37,55,489,0
act_2,2,0.16,0.37,55,553,0
act_2,2,0.16,0.37,55,320,0
act_1,1,0.16,0.36,56,368,0
act_0,0,0.09,0.08,57,478,0
act_0,0,0.09,0.08,57,410,0
act_1,1,0.16,0.36,57,538,0
act_0,0,0.09,0.08,57,351,0
act_14,14,0.29,0.22,58,92,0
act_3,3,0.17,0.11,59,473,0
act_15,15,0.1,0.68,59,246,0
act_16,16,0.28,0.07,60,299,0
act_8,8,0.1,0.03,60,280,0
act_2,2,0.16,0.37,60,406,0
act_5,5,0.01,0.47,61,470,1
act_7,7,0.28,0.31,61,426,0
act_5,5,0.01,0.47,61,160,1
act_5,5,0.01,0.47,61,474,1
act_5,5,0.01,0.47,61,487,1
act_5,5,0.01,0.47,61,471,1
act_5,5,0.01,0.47,61,219,1
act_5,5,0.01,0.47,61,102,1
act_5,5,0.01,0.47,61,216,1
act_5,5,0.01,0.47,61,145,1
act_5,5,0.01,0.47,61,527,1
act_5,5,0.01,0.47,61,435,1
act_5,5,0.01,0.47,61,503,1
act_5,5,0.01,0.47,61,86,1
act_5,5,0.01,0.47,61,211,1
act_5,5,0.01,0.47,61,220,1
act_5,5,0.01,0.47,61,259,1
act_5,5,0.01,0.47,61,142,1
act_5,5,0.01,0.47,61,325,1
act_5,5,0.01,0.47,61,240,1
act_5,5,0.01,0.47,61,447,1
act_5,5,0.01,0.47,61,448,1
act_5,5,0.01,0.47,61,256,1
act_5,5,0.01,0.47,61,547,1
act_4,4,0.16,0.44,62,508,0
act_2,2,0.16,0.37,63,122,0
act_5,5,0.01,0.47,63,514,1
act_6,6,0.17,0.12,63,247,0
act_2,2,0.16,0.37,64,93,0
act_5,5,0.01,0.47,65,99,0
act_16,16,0.28,0.07,65,209,0
act_5,5,0.01,0.47,65,111,0
act_5,5,0.01,0.47,65,563,0
act_5,5,0.01,0.47,65,352,0
act_5,5,0.01,0.47,65,288,0
act_5,5,0.01,0.47,65,444,0
act_5,5,0.01,0.47,65,67,0
act_5,5,0.01,0.47,65,21,0
act_5,5,0.01,0.47,65,485,0
act_5,5,0.01,0.47,65,14,0
act_5,5,0.01,0.47,65,136,0
act_5,5,0.01,0.47,65,428,0
act_5,5,0.01,0.47,65,225,0
act_5,5,0.01,0.47,65,222,0
act_5,5,0.01,0.47,65,450,0
act_5,5,0.01,0.47,65,28,0
act_5,5,0.01,0.47,65,319,0
act_5,5,0.01,0.47,65,135,0
act_5,5,0.01,0.47,65,521,0
act_8,8,0.1,0.03,66,479,0
act_1,1,0.16,0.36,66,89,0
act_5,5,0.01,0.47,67,456,0
act_9,9,0.13,0.03,67,158,0
act_5,5,0.01,0.47,67,373,0
act_5,5,0.01,0.47,67,353,0
act_5,5,0.01,0.47,67,568,0
act_5,5,0.01,0.47,67,261,0
act_5,5,0.01,0.47,67,242,0
act_5,5,0.01,0.47,67,236,0
act_5,5,0.01,0.47,67,103,0
act_5,5,0.01,0.47,67,290,0
act_5,5,0.01,0.47,67,302,0
act_5,5,0.01,0.47,67,524,0
act_5,5,0.01,0.47,67,253,0
act_5,5,0.01,0.47,67,269,0
act_5,5,0.01,0.47,67,293,0
act_15,15,0.1,0.68,68,116,0
act_5,5,0.01,0.47,68,412,0
act_1,1,0.16,0.36,68,121,0
act_15,15,0.1,0.68,68,268,0
act_5,5,0.01,0.47,68,296,0
act_5,5,0.01,0.47,68,204,0
act_15,15,0.1,0.68,69,340,1
act_18,18,0.15,0.92,69,472,1
act_18,18,0.15,0.92,69,570,1
act_15,15,0.1,0.68,69,167,1
act_10,10,0.01,0.27,70,200,0
act_10,10,0.01,0.27,70,546,0
act_4,4,0.16,0.44,70,56,0
act_10,10,0.01,0.27,70,519,0
act_10,10,0.01,0.27,70,267,0
act_10,10,0.01,0.27,70,558,0
act_4,4,0.16,0.44,70,439,0
act_10,10,0.01,0.27,70,43,0
act_10,10,0.01,0.27,70,322,0
act_10,10,0.01,0.27,70,286,0
act_10,10,0.01,0.27,70,156,0
act_10,10,0.01,0.27,70,127,0
act_10,10,0.01,0.27,70,430,0
act_10,10,0.01,0.27,70,358,0
act_10,10,0.01,0.27,70,390,0
act_10,10,0.01,0.27,70,518,0
act_10,10,0.01,0.27,70,147,0
act_10,10,0.01,0.27,70,101,0
act_15,15,0.1,0.68,71,513,1
act_9,9,0.13,0.03,71,165,0
act_12,12,0.22,0.73,71,58,1
act_17,17,0.01,0.05,72,429,0
act_8,8,0.1,0.03,72,562,0
act_12,12,0.22,0.73,72,557,1
act_13,13,0.02,0.52,72,65,1
act_13,13,0.02,0.52,72,463,1
act_13,13,0.02,0.52,72,144,1
act_17,17,0.01,0.05,72,1,0
act_13,13,0.02,0.52,72,80,1
act_17,17,0.01,0.05,72,75,0
act_13,13,0.02,0.52,72,94,1
act_17,17,0.01,0.05,72,409,0
act_15,15,0.1,0.68,73,118,1
act_10,10,0.01,0.27,73,100,0
act_3,3,0.17,0.11,73,537,0
act_15,15,0.1,0.68,73,303,1
act_10,10,0.01,0.27,73,529,0
act_10,10,0.01,0.27,73,576,0
act_10,10,0.01,0.27,73,232,0
act_1,1,0.16,0.36,74,377,1
act_7,7,0.28,0.31,74,491,0
act_8,8,0.1,0.03,75,114,0
act_17,17,0.01,0.05,75,295,0
act_17,17,0.01,0.05,75,506,0
act_17,17,0.01,0.05,75,281,0
act_8,8,0.1,0.03,75,571,0
act_17,17,0.01,0.05,75,74,0
act_17,17,0.01,0.05,75,279,0
act_17,17,0.01,0.05,75,333,0
act_17,17,0.01,0.05,75,229,0
act_14,14,0.29,0.22,76,365,0
act_0,0,0.09,0.08,76,35,0
act_13,13,0.02,0.52,77,11,0
act_13,13,0.02,0.52,77,541,0
act_15,15,0.1,0.68,77,360,0
act_13,13,0.02,0.52,77,289,0
act_13,13,0.02,0.52,77,328,0
act_13,13,0.02,0.52,77,361,0
act_1,1,0.16,0.36,78,51,0
act_1,1,0.16,0.36,78,341,0
act_1,1,0.16,0.36,79,312,1
act_8,8,0.1,0.03,79,278,0
act_1,1,0.16,0.36,79,495,1
act_14,14,0.29,0.22,80,552,0
act_1,1,0.16,0.36,80,462,0
act_0,0,0.09,0.08,81,556,0
act_3,3,0.17,0.11,81,411,0
act_11,11,0.13,0.31,81,424,0
act_6,6,0.17,0.12,82,3,0
act_5,5,0.01,0.47,83,23,1
act_0,0,0.09,0.08,83,207,0
act_5,5,0.01,0.47,83,106,1
act_5,5,0.01,0.47,83,405,1
act_0,0,0.09,0.08,83,119,0
act_0,0,0.09,0.08,83,166,0
act_0,0,0.09,0.08,83,36,0
act_0,0,0.09,0.08,83,421,0
act_0,0,0.09,0.08,83,350,0
act_18,18,0.15,0.92,84,73,0
act_15,15,0.1,0.68,84,26,0
act_18,18,0.15,0.92,84,356,0
act_6,6,0.17,0.12,85,384,0
act_6,6,0.17,0.12,85,342,0
act_17,17,0.01,0.05,85,399,0
act_17,17,0.01,0.05,85,7,0
act_17,17,0.01,0.05,85,464,0
act_17,17,0.01,0.05,85,12,0
act_17,17,0.01,0.05,85,105,0
act_17,17,0.01,0.05,85,115,0
act_17,17,0.01,0.05,85,354,0
act_17,17,0.01,0.05,85,343,0
act_17,17,0.01,0.05,85,6,0
act_3,3,0.17,0.11,86,284,0
act_2,2,0.16,0.37,86,29,1
act_2,2,0.16,0.37,86,254,1
act_13,13,0.02,0.52,86,282,1
act_13,13,0.02,0.52,86,177,1
act_8,8,0.1,0.03,87,455,0
act_17,17,0.01,0.05,87,196,0
act_17,17,0.01,0.05,87,251,0
act_17,17,0.01,0.05,87,227,0
act_8,8,0.1,0.03,87,501,0
act_17,17,0.01,0.05,87,235,0
act_8,8,0.1,0.03,87,504,0
act_17,17,0.01,0.05,87,159,0
act_17,17,0.01,0.05,87,185,0
act_17,17,0.01,0.05,87,307,0
act_17,17,0.01,0.05,87,241,0
act_17,17,0.01,0.05,87,208,0
act_17,17,0.01,0.05,87,30,0
act_7,7,0.28,0.31,88,143,0
act_10,10,0.01,0.27,88,178,0
act_10,10,0.01,0.27,88,306,0
act_10,10,0.01,0.27,88,0,0
act_10,10,0.01,0.27,88,257,0
act_10,10,0.01,0.27,88,393,0
act_10,10,0.01,0.27,88,283,0
act_10,10,0.01,0.27,88,401,0
act_10,10,0.01,0.27,88,468,0
act_10,10,0.01,0.27,88,88,0
act_10,10,0.01,0.27,88,195,0
act_10,10,0.01,0.27,88,141,0
act_10,10,0.01,0.27,88,461,0
act_10,10,0.01,0.27,88,243,0
act_10,10,0.01,0.27,88,539,0
act_10,10,0.01,0.27,88,168,0
act_10,10,0.01,0.27,88,154,0
act_10,10,0.01,0.27,88,525,0
act_10,10,0.01,0.27,88,531,0
act_10,10,0.01,0.27,88,215,0
act_10,10,0.01,0.27,88,335,0
act_10,10,0.01,0.27,88,425,0
act_10,10,0.01,0.27,88,59,0
act_10,10,0.01,0.27,88,231,0
act_10,10,0.01,0.27,88,348,0
act_10,10,0.01,0.27,88,438,0
act_10,10,0.01,0.27,88,332,0
act_7,7,0.28,0.31,89,175,0
act_10,10,0.01,0.27,89,574,0
act_10,10,0.01,0.27,89,449,0
act_10,10,0.01,0.27,89,72,0
act_10,10,0.01,0.27,89,125,0
act_10,10,0.01,0.27,89,152,0
act_10,10,0.01,0.27,89,190,0
act_10,10,0.01,0.27,89,543,0
act_10,10,0.01,0.27,89,42,0
act_10,10,0.01,0.27,89,416,0
act_10,10,0.01,0.27,89,97,0
act_10,10,0.01,0.27,89,22,0
act_10,10,0.01,0.27,89,238,0
act_10,10,0.01,0.27,89,520,0
act_10,10,0.01,0.27,89,98,0
act_10,10,0.01,0.27,89,221,0
act_10,10,0.01,0.27,89,575,0
act_10,10,0.01,0.27,89,431,0
act_10,10,0.01,0.27,89,381,0
act_10,10,0.01,0.27,89,134,0
act_10,10,0.01,0.27,89,323,0
act_10,10,0.01,0.27,89,545,0
act_10,10,0.01,0.27,89,153,0
act_10,10,0.01,0.27,89,326,0
act_10,10,0.01,0.27,89,13,0
act_10,10,0.01,0.27,89,382,0
act_16,16,0.28,0.07,90,64,0
act_10,10,0.01,0.27,90,499,0
act_10,10,0.01,0.27,90,133,0
act_10,10,0.01,0.27,90,263,0
act_10,10,0.01,0.27,90,366,0
act_10,10,0.01,0.27,90,271,0
act_10,10,0.01,0.27,90,523,0
act_10,10,0.01,0.27,90,44,0
act_10,10,0.01,0.27,90,170,0
act_1,1,0.16,0.36,91,258,1
act_1,1,0.16,0.36,91,419,1
act_1,1,0.16,0.36,91,90,1
act_7,7,0.28,0.31,92,274,0
act_10,10,0.01,0.27,92,128,0
act_18,18,0.15,0.92,92,218,1
act_10,10,0.01,0.27,92,245,0
act_18,18,0.15,0.92,93,451,1
act_1,1,0.16,0.36,93,331,1
act_6,6,0.17,0.12,93,57,0
act_13,13,0.02,0.52,94,550,1
act_13,13,0.02,0.52,94,375,1
act_13,13,0.02,0.52,94,276,1
act_18,18,0.15,0.92,94,511,1
act_18,18,0.15,0.92,94,8,1
act_13,13,0.02,0.52,94,193,1
act_13,13,0.02,0.52,94,155,1
act_13,13,0.02,0.52,94,183,1
act_14,14,0.29,0.22,95,445,0
act_13,13,0.02,0.52,95,484,0
act_10,10,0.01,0.27,96,69,0
act_10,10,0.01,0.27,96,163,0
act_9,9,0.13,0.03,96,54,0
act_10,10,0.01,0.27,96,180,0
act_10,10,0.01,0.27,96,362,0
act_10,10,0.01,0.27,96,202,0
act_10,10,0.01,0.27,96,194,0
act_10,10,0.01,0.27,96,66,0
act_8,8,0.1,0.03,97,359,0
act_11,11,0.13,0.31,97,206,0
act_9,9,0.13,0.03,97,466,0
act_19,19,0.24,0.04,98,250,0
act_8,8,0.1,0.03,98,164,0
act_8,8,0.1,0.03,98,313,0
act_17,17,0.01,0.05,99,528,0
act_8,8,0.1,0.03,99,298,0
act_17,17,0.01,0.05,99,108,0
act_17,17,0.01,0.05,99,460,0
act_17,17,0.01,0.05,99,415,0
act_17,17,0.01,0.05,99,379,0
act_17,17,0.01,0.05,99,120,0
act_17,17,0.01,0.05,99,291,0
act_17,17,0.01,0.05,99,561,0
act_17,17,0.01,0.05,99,311,0
act_17,17,0.01,0.05,99,370,0

Alpha (resource id, list of activity ids)
0:11,12
1:4,11,18,9
2:17,11,14
3:6,13
4:2,13,9,6
5:3,16,1,12
6:8,5,13
7:3,7,19
8:9,8,16,14
9:16,7
10:15,5,1,17
11:0,17,7,15
12:6,18,0
13:17,10,2,15
14:17,7
15:19,6,9,15
16:15,4,5
17:15,4,12
18:11,19
19:0,3
20:0,2,3,18
21:10,0,9,3
22:12,8
23:16,8,14
24:4,8
25:13,6,5
26:1,3,6,10
27:6,8,15
28:11,2,19
29:6,19,15,3
30:1,10
31:11,4,1,3
32:2,16,18,17
33:3,8
34:3,4
35:12,6,5
36:19,4,18,2
37:16,17
38:8,13
39:14,10,15,6
40:12,0,6
41:18,8,14,0
42:14,11
43:11,16,6,19
44:19,2,12
45:3,8
46:2,15,0,4
47:9,12,13
48:16,15,10,17
49:2,0,6,19
50:12,4,3,15
51:6,1
52:15,17
53:10,0,14
54:14,5,9,7
55:5,2
56:16,1,9,14
57:12,1,0
58:14,12
59:3,15
60:8,16,12,2
61:7,5
62:19,4
63:2,5,6
64:3,2
65:5,16
66:19,8,1,13
67:16,9,5
68:1,15,5
69:18,15
70:10,4
71:9,12,15,1
72:8,12,13,17
73:10,3,15
74:1,7
75:17,8
76:14,0
77:12,15,13
78:14,1,18
79:8,19,1
80:14,1,16
81:3,0,11
82:6,7,14
83:5,0
84:18,15
85:17,6
86:13,2,3,7
87:8,17
88:7,10
89:10,7
90:18,10,16
91:2,9,1,4
92:7,10,18,14
93:6,1,18
94:18,13
95:14,16,13
96:9,10,8
97:12,9,11,8
98:2,16,19,8
99:8,11,6,17

Costs (resource, resource to replace, activity, cost)
0,0,11,0
0,1,11,0.05
0,2,11,0.3
0,18,11,0.93
0,28,11,0.81
0,31,11,0.85
0,42,11,0.98
0,43,11,0.83
0,81,11,0.14
0,97,11,0.35
0,99,11,0.85
0,0,12,0
0,5,12,0.36
0,17,12,0.16
0,22,12,0.54
0,35,12,0.14
0,40,12,0.32
0,44,12,0.4
0,47,12,0.62
0,50,12,0.09
0,57,12,0.23
0,58,12,0.9
0,60,12,0.4
0,71,12,0.81
0,72,12,0.87
0,77,12,0.88
0,97,12,0.64
1,1,4,0
1,16,4,0.34
1,17,4,0.71
1,24,4,0.57
1,31,4,0.45
1,34,4,0.51
1,36,4,0.64
1,46,4,0.06
1,50,4,0.9
1,62,4,0.31
1,70,4,0.35
1,91,4,0.41
1,0,11,0.21
1,1,11,0
1,2,11,0.4
1,18,11,0.41
1,28,11,0.52
1,31,11,0.83
1,42,11,0.53
1,43,11,0.11
1,81,11,0.28
1,97,11,0.61
1,99,11,0.34
1,1,18,0
1,12,18,0.83
1,20,18,0.89
1,32,18,0.61
1,36,18,0.23
1,41,18,0.89
1,69,18,0.32
1,78,18,0.08
1,84,18,0.0
1,90,18,0.97
1,92,18,0.57
1,93,18,0.7
1,94,18,0.19
1,1,9,0
1,4,9,0.44
1,8,9,0.24
1,15,9,0.83
1,21,9,0.54
1,47,9,0.77
1,54,9,0.17
1,56,9,0.81
1,67,9,0.59
1,71,9,0.9
1,91,9,0.61
1,96,9,0.16
1,97,9,0.71
2,2,17,0
2,10,17,0.86
2,11,17,0.87
2,13,17,0.95
2,14,17,0.8
2,32,17,0.16
2,37,17,0.43
2,48,17,0.23
2,52,17,0.72
2,72,17,0.97
2,75,17,0.97
2,85,17,0.25
2,87,17,0.14
2,99,17,0.75
2,0,11,0.3
2,1,11,0.49
2,2,11,0
2,18,11,0.58
2,28,11,0.84
2,31,11,0.16
2,42,11,0.78
2,43,11,0.38
2,81,11,0.89
2,97,11,0.84
2,99,11,0.46
2,2,14,0
2,8,14,0.03
2,23,14,0.77
2,39,14,0.6
2,41,14,0.46
2,42,14,0.2
2,53,14,0.34
2,54,14,0.74
2,56,14,0.52
2,58,14,0.51
2,76,14,0.84
2,78,14,0.52
2,80,14,0.11
2,82,14,0.4
2,92,14,0.23
2,95,14,0.82
3,3,6,0
3,4,6,0.3
3,12,6,0.75
3,15,6,0.49
3,25,6,0.14
3,26,6,0.88
3,27,6,0.33
3,29,6,0.02
3,35,6,0.09
3,39,6,0.53
3,40,6,0.02
3,43,6,0.74
3,49,6,0.32
3,51,6,0.08
3,63,6,0.81
3,82,6,0.75
3,85,6,0.42
3,93,6,0.04
3,99,6,0.38
3,3,13,0
3,4,13,0.33
3,6,13,0.97
3,25,13,0.25
3,38,13,0.51
3,47,13,0.86
3,66,13,0.9
3,72,13,0.05
3,77,13,0.9
3,86,13,0.84
3,94,13,0.47
3,95,13,0.54
4,4,2,0
4,13,2,0.86
4,20,2,0.61
4,28,2,0.93
4,32,2,0.2
4,36,2,0.48
4,44,2,0.3
4,46,2,0.79
4,49,2,0.48
4,55,2,0.1
4,60,2,0.4
4,63,2,0.36
4,64,2,0.47
4,86,2,0.86
4,91,2,0.25
4,98,2,0.82
4,3,13,0.9
4,4,13,0
4,6,13,0.39
4,25,13,0.15
4,38,13,0.43
4,47,13,0.85
4,66,13,0.93
4,72,13,0.17
4,77,13,0.85
4,86,13,0.85
4,94,13,0.79
4,95,13,0.16
4,1,9,0.3
4,4,9,0
4,8,9,0.1
4,15,9,0.05
4,21,9,0.44
4,47,9,0.34
4,54,9,0.14
4,56,9,0.84
4,67,9,0.85
4,71,9,0.21
4,91,9,0.45
4,96,9,0.77
4,97,9,0.0
4,3,6,0.23
4,4,6,0
4,12,6,0.18
4,15,6,0.63
4,25,6,0.5
4,26,6,0.17
4,27,6,0.3
4,29,6,0.01
4,35,6,0.28
4,39,6,0.09
4,40,6,0.49
4,43,6,0.37
4,49,6,0.79
4,51,6,0.54
4,63,6,0.25
4,82,6,0.27
4,85,6,0.13
4,93,6,0.28
4,99,6,0.06
5,5,3,0
5,7,3,0.49
5,19,3,0.82
5,20,3,0.75
5,21,3,0.63
5,26,3,0.42
5,29,3,0.03
5,31,3,0.05
5,33,3,0.85
5,34,3,0.25
5,45,3,0.92
5,50,3,0.16
5,59,3,0.38
5,64,3,0.11
5,73,3,0.6
5,81,3,0.09
5,86,3,0.07
5,5,16,0
5,8,16,0.82
5,9,16,0.99
5,23,16,0.52
5,32,16,0.36
5,37,16,0.45
5,43,16,0.11
5,48,16,0.61
5,56,16,0.02
5,60,16,0.09
5,65,16,0.06
5,67,16,0.02
5,80,16,0.89
5,90,16,0.53
5,95,16,0.3
5,98,16,0.39
5,5,1,0
5,10,1,0.02
5,26,1,0.3
5,30,1,0.12
5,31,1,0.24
5,51,1,0.71
5,56,1,0.8
5,57,1,0.76
5,66,1,0.87
5,68,1,0.24
5,71,1,0.54
5,74,1,0.69
5,78,1,0.02
5,79,1,0.53
5,80,1,0.76
5,91,1,0.55
5,93,1,0.41
5,0,12,0.01
5,5,12,0
5,17,12,0.83
5,22,12,0.34
5,35,12,0.68
5,40,12,0.7
5,44,12,0.83
5,47,12,0.57
5,50,12,0.99
5,57,12,0.98
5,58,12,0.57
5,60,12,0.76
5,71,12,0.28
5,72,12,0.45
5,77,12,0.81
5,97,12,0.49
6,6,8,0
6,8,8,0.11
6,22,8,0.05
6,23,8,0.67
6,24,8,0.48
6,27,8,0.95
6,33,8,0.51
6,38,8,0.63
6,41,8,0.38
6,45,8,0.68
6,60,8,0.28
6,66,8,0.05
6,72,8,0.28
6,75,8,0.4
6,79,8,0.96
6,87,8,0.76
6,96,8,0.58
6,97,8,0.69
6,98,8,0.88
6,99,8,0.36
6,6,5,0
6,10,5,0.37
6,16,5,0.18
6,25,5,0.03
6,35,5,0.8
6,54,5,0.75
6,55,5,0.72
6,61,5,0.31
6,63,5,0.96
6,65,5,0.03
6,67,5,0.45
6,68,5,0.27
6,83,5,0.05
6,3,13,0.0
6,4,13,0.75
6,6,13,0
6,25,13,0.82
6,38,13,0.54
6,47,13,0.12
6,66,13,0.59
6,72,13,0.24
6,77,13,0.23
6,86,13,0.29
6,94,13,0.94
6,95,13,0.69
7,5,3,0.71
7,7,3,0
7,19,3,0.81
7,20,3,0.71
7,21,3,0.83
7,26,3,0.45
7,29,3,0.6
7,31,3,0.56
7,33,3,0.38
7,34,3,0.08
7,45,3,0.74
7,50,3,0.1
7,59,3,0.82
7,64,3,0.39
7,73,3,0.19
7,81,3,0.04
7,86,3,0.3
7,7,7,0
7,9,7,0.35
7,11,7,0.83
7,14,7,0.67
7,54,7,0.99
7,61,7,0.24
7,74,7,0.78
7,82,7,0.36
7,86,7,0.21
7,88,7,0.57
7,89,7,0.72
7,92,7,0.92
7,7,19,0
7,15,19,0.06
7,18,19,0.45
7,28,19,0.17
7,29,19,0.48
7,36,19,0.31
7,43,19,0.91
7,44,19,0.65
7,49,19,0.56
7,62,19,0.36
7,66,19,0.66
7,79,19,0.07
7,98,19,1.0
8,1,9,0.69
8,4,9,0.64
8,8,9,0
8,15,9,0.97
8,21,9,0.7
8,47,9,0.1
8,54,9,0.76
8,56,9,0.66
8,67,9,0.26
8,71,9,0.22
8,91,9,0.73
8,96,9,0.07
8,97,9,0.69
8,6,8,0.25
8,8,8,0
8,22,8,0.87
8,23,8,0.15
8,24,8,0.6
8,27,8,0.02
8,33,8,0.55
8,38,8,0.8
8,41,8,0.13
8,45,8,0.43
8,60,8,0.21
8,66,8,0.94
8,72,8,0.1
8,75,8,0.84
8,79,8,0.49
8,87,8,0.07
8,96,8,0.87
8,97,8,0.8
8,98,8,0.93
8,99,8,0.74
8,5,16,1.0
8,8,16,0
8,9,16,0.65
8,23,16,0.72
8,32,16,0.71
8,37,16,0.57
8,43,16,0.05
8,48,16,0.22
8,56,16,0.22
8,60,16,0.15
8,65,16,0.6
8,67,16,0.2
8,80,16,0.92
8,90,16,0.59
8,95,16,0.4
8,98,16,0.02
8,2,14,0.76
8,8,14,0
8,23,14,0.28
8,39,14,0.36
8,41,14,0.48
8,42,14,0.73
8,53,14,0.79
8,54,14,0.95
8,56,14,0.93
8,58,14,0.9
8,76,14,0.12
8,78,14,0.44
8,80,14,0.44
8,82,14,0.06
8,92,14,0.55
8,95,14,0.44
9,5,16,0.05
9,8,16,0.89
9,9,16,0
9,23,16,0.13
9,32,16,0.8
9,37,16,0.73
9,43,16,0.58
9,48,16,0.47
9,56,16,0.66
9,60,16,0.37
9,65,16,0.22
9,67,16,0.43
9,80,16,0.06
9,90,16,0.63
9,95,16,0.08
9,98,16,0.64
9,7,7,0.52
9,9,7,0
9,11,7,0.91
9,14,7,0.39
9,54,7,0.21
9,61,7,0.06
9,74,7,0.62
9,82,7,0.94
9,86,7,0.36
9,88,7,0.97
9,89,7,0.37
9,92,7,0.02
10,10,15,0
10,11,15,0.78
10,13,15,0.42
10,15,15,0.39
10,16,15,0.45
10,17,15,0.59
10,27,15,0.81
10,29,15,0.86
10,39,15,0.44
10,46,15,0.31
10,48,15,0.13
10,50,15,0.96
10,52,15,0.75
10,59,15,0.4
10,68,15,0.68
10,69,15,0.53
10,71,15,0.6
10,73,15,0.94
10,77,15,0.16
10,84,15,0.27
10,6,5,0.58
10,10,5,0
10,16,5,0.83
10,25,5,0.86
10,35,5,0.98
10,54,5,0.53
10,55,5,0.03
10,61,5,0.31
10,63,5,0.28
10,65,5,0.86
10,67,5,0.12
10,68,5,0.86
10,83,5,0.14
10,5,1,0.01
10,10,1,0
10,26,1,0.2
10,30,1,0.16
10,31,1,0.52
10,51,1,0.6
10,56,1,0.42
10,57,1,0.16
10,66,1,0.19
10,68,1,0.5
10,71,1,0.35
10,74,1,0.34
10,78,1,0.65
10,79,1,0.42
10,80,1,0.11
10,91,1,0.29
10,93,1,0.95
10,2,17,0.33
10,10,17,0
10,11,17,0.44
10,13,17,0.26
10,14,17,0.92
10,32,17,0.43
10,37,17,0.36
10,48,17,0.87
10,52,17,0.83
10,72,17,0.01
10,75,17,0.9
10,85,17,0.2
10,87,17,0.07
10,99,17,0.84
11,11,0,0
11,12,0,0.69
11,19,0,0.62
11,20,0,0.49
11,21,0,0.76
11,40,0,0.7
11,41,0,0.98
11,46,0,0.03
11,49,0,0.97
11,53,0,0.31
11,57,0,0.21
11,76,0,0.01
11,81,0,0.52
11,83,0,0.13
11,2,17,0.23
11,10,17,0.88
11,11,17,0
11,13,17,0.92
11,14,17,0.89
11,32,17,0.37
11,37,17,0.91
11,48,17,0.69
11,52,17,0.02
11,72,17,0.81
11,75,17,0.0
11,85,17,0.3
11,87,17,0.98
11,99,17,0.89
11,7,7,0.99
11,9,7,0.04
11,11,7,0
11,14,7,0.56
11,54,7,0.42
11,61,7,0.98
11,74,7,0.44
11,82,7,0.26
11,86,7,0.95
11,88,7,0.7
11,89,7,0.14
11,92,7,0.55
11,10,15,0.55
11,11,15,0
11,13,15,0.26
11,15,15,0.27
11,16,15,0.11
11,17,15,0.02
11,27,15,0.15
11,29,15,0.5
11,39,15,0.43
11,46,15,0.82
11,48,15,0.3
11,50,15,0.64
11,52,15,0.28
11,59,15,0.71
11,68,15,0.8
11,69,15,0.08
11,71,15,0.07
11,73,15,0.84
11,77,15,0.76
11,84,15,0.94
12,3,6,0.35
12,4,6,0.49
12,12,6,0
12,15,6,0.61
12,25,6,0.94
12,26,6,0.69
12,27,6,0.03
12,29,6,0.61
12,35,6,0.68
12,39,6,0.47
12,40,6,0.11
12,43,6,0.74
12,49,6,0.65
12,51,6,0.19
12,63,6,0.29
12,82,6,0.68
12,85,6,0.1
12,93,6,0.75
12,99,6,0.52
12,1,18,0.66
12,12,18,0
12,20,18,0.85
12,32,18,0.16
12,36,18,0.68
12,41,18,0.71
12,69,18,0.95
12,78,18,0.34
12,84,18,0.47
12,90,18,0.15
12,92,18,0.66
12,93,18,0.72
12,94,18,0.8
12,11,0,0.07
12,12,0,0
12,19,0,0.63
12,20,0,0.97
12,21,0,0.05
12,40,0,0.18
12,41,0,0.89
12,46,0,0.89
12,49,0,0.91
12,53,0,0.91
12,57,0,0.23
12,76,0,0.87
12,81,0,0.67
12,83,0,0.45
13,2,17,0.26
13,10,17,0.57
13,11,17,0.08
13,13,17,0
13,14,17,0.78
13,32,17,0.14
13,37,17,0.16
13,48,17,0.34
13,52,17,0.27
13,72,17,0.77
13,75,17,0.66
13,85,17,0.36
13,87,17,0.46
13,99,17,0.34
13,13,10,0
13,21,10,0.51
13,26,10,0.59
13,30,10,0.54
13,39,10,0.05
13,48,10,0.95
13,53,10,0.84
13,70,10,0.36
13,73,10,0.18
13,88,10,0.16
13,89,10,0.21
13,90,10,0.98
13,92,10,0.75
13,96,10,0.12
13,4,2,0.72
13,13,2,0
13,20,2,0.87
13,28,2,0.62
13,32,2,0.44
13,36,2,0.48
13,44,2,0.96
13,46,2,0.85
13,49,2,0.93
13,55,2,0.35
13,60,2,0.93
13,63,2,0.1
13,64,2,0.92
13,86,2,0.62
13,91,2,0.42
13,98,2,0.2
13,10,15,0.39
13,11,15,0.77
13,13,15,0
13,15,15,0.98
13,16,15,0.42
13,17,15,0.14
13,27,15,0.11
13,29,15,0.66
13,39,15,0.42
13,46,15,0.81
13,48,15,0.41
13,50,15,0.58
13,52,15,0.91
13,59,15,0.93
13,68,15,0.35
13,69,15,0.18
13,71,15,0.13
13,73,15,0.79
13,77,15,0.87
13,84,15,0.15
14,2,17,0.6
14,10,17,0.98
14,11,17,0.19
14,13,17,0.09
14,14,17,0
14,32,17,0.64
14,37,17,0.46
14,48,17,0.44
14,52,17,0.06
14,72,17,0.73
14,75,17,0.69
14,85,17,0.84
14,87,17,0.38
14,99,17,0.44
14,7,7,0.96
14,9,7,0.62
14,11,7,0.14
14,14,7,0
14,54,7,0.59
14,61,7,0.96
14,74,7,0.78
14,82,7,0.19
14,86,7,0.39
14,88,7,0.59
14,89,7,0.12
14,92,7,0.74
15,7,19,0.11
15,15,19,0
15,18,19,0.84
15,28,19,0.43
15,29,19,0.6
15,36,19,0.56
15,43,19,0.73
15,44,19,0.43
15,49,19,0.2
15,62,19,0.28
15,66,19,0.24
15,79,19,0.24
15,98,19,0.91
15,3,6,0.38
15,4,6,0.04
15,12,6,0.1
15,15,6,0
15,25,6,0.64
15,26,6,0.77
15,27,6,0.68
15,29,6,0.27
15,35,6,0.86
15,39,6,0.87
15,40,6,0.77
15,43,6,0.46
15,49,6,0.66
15,51,6,0.31
15,63,6,0.54
15,82,6,0.22
15,85,6,0.49
15,93,6,0.29
15,99,6,0.3
15,1,9,0.23
15,4,9,0.67
15,8,9,0.33
15,15,9,0
15,21,9,0.12
15,47,9,0.99
15,54,9,0.32
15,56,9,0.28
15,67,9,0.39
15,71,9,0.71
15,91,9,0.21
15,96,9,0.08
15,97,9,0.6
15,10,15,0.62
15,11,15,0.36
15,13,15,0.34
15,15,15,0
15,16,15,0.82
15,17,15,0.92
15,27,15,0.27
15,29,15,0.02
15,39,15,0.77
15,46,15,0.35
15,48,15,0.21
15,50,15,0.3
15,52,15,0.37
15,59,15,0.58
15,68,15,0.48
15,69,15,0.48
15,71,15,0.51
15,73,15,0.95
15,77,15,0.18
15,84,15,0.15
16,10,15,0.6
16,11,15,0.77
16,13,15,0.02
16,15,15,0.51
16,16,15,0
16,17,15,0.32
16,27,15,0.28
16,29,15,0.21
16,39,15,0.24
16,46,15,0.72
16,48,15,0.34
16,50,15,0.15
16,52,15,0.39
16,59,15,0.33
16,68,15,0.7
16,69,15,0.23
16,71,15,0.82
16,73,15,0.26
16,77,15,0.55
16,84,15,0.33
16,1,4,0.35
16,16,4,0
16,17,4,0.89
16,24,4,0.84
16,31,4,0.49
16,34,4,0.77
16,36,4,0.47
16,46,4,0.22
16,50,4,0.15
16,62,4,0.9
16,70,4,0.7
16,91,4,0.37
16,6,5,0.29
16,10,5,0.9
16,16,5,0
16,25,5,0.05
16,35,5,0.33
16,54,5,0.13
16,55,5,0.36
16,61,5,0.52
16,63,5,0.18
16,65,5,0.78
16,67,5,0.55
16,68,5,0.48
16,83,5,0.78
17,10,15,0.84
17,11,15,0.81
17,13,15,0.84
17,15,15,0.75
17,16,15,0.81
17,17,15,0
17,27,15,0.73
17,29,15,0.37
17,39,15,0.01
17,46,15,0.82
17,48,15,0.29
17,50,15,0.52
17,52,15,0.27
17,59,15,0.23
17,68,15,0.71
17,69,15,0.65
17,71,15,0.6
17,73,15,0.86
17,77,15,0.55
17,84,15,0.54
17,1,4,0.06
17,16,4,0.79
17,17,4,0
17,24,4,0.83
17,31,4,0.34
17,34,4,0.6
17,36,4,0.51
17,46,4,0.24
17,50,4,0.24
17,62,4,0.67
17,70,4,0.13
17,91,4,0.5
17,0,12,0.96
17,5,12,0.17
17,17,12,0
17,22,12,0.76
17,35,12,0.97
17,40,12,0.43
17,44,12,0.24
17,47,12,0.05
17,50,12,0.01
17,57,12,0.83
17,58,12,0.9
17,60,12,0.2
17,71,12,0.56
17,72,12,0.3
17,77,12,0.48
17,97,12,0.07
18,0,11,0.43
18,1,11,0.12
18,2,11,0.54
18,18,11,0
18,28,11,0.73
18,31,11,0.14
18,42,11,0.55
18,43,11,0.81
18,81,11,0.71
18,97,11,0.08
18,99,11,0.22
18,7,19,0.65
18,15,19,0.25
18,18,19,0
18,28,19,0.22
18,29,19,0.7
18,36,19,0.06
18,43,19,0.64
18,44,19,0.49
18,49,19,0.22
18,62,19,0.12
18,66,19,0.75
18,79,19,0.64
18,98,19,0.51
19,11,0,0.05
19,12,0,0.56
19,19,0,0
19,20,0,0.75
19,21,0,0.14
19,40,0,0.55
19,41,0,0.69
19,46,0,0.07
19,49,0,0.14
19,53,0,0.32
19,57,0,0.54
19,76,0,0.65
19,81,0,0.72
19,83,0,0.86
19,5,3,0.26
19,7,3,0.42
19,19,3,0
19,20,3,0.59
19,21,3,0.27
19,26,3,0.77
19,29,3,0.35
19,31,3,0.49
19,33,3,0.05
19,34,3,0.21
19,45,3,0.18
19,50,3,0.38
19,59,3,0.8
19,64,3,0.55
19,73,3,0.79
19,81,3,0.05
19,86,3,0.24
20,11,0,0.64
20,12,0,0.53
20,19,0,0.09
20,20,0,0
20,21,0,0.31
20,40,0,0.75
20,41,0,0.58
20,46,0,0.55
20,49,0,0.63
20,53,0,0.74
20,57,0,0.25
20,76,0,0.45
20,81,0,0.52
20,83,0,0.39
20,4,2,0.29
20,13,2,0.39
20,20,2,0
20,28,2,0.02
20,32,2,0.5
20,36,2,0.61
20,44,2,0.47
20,46,2,0.12
20,49,2,0.9
20,55,2,0.49
20,60,2,0.91
20,63,2,0.4
20,64,2,0.69
20,86,2,0.84
20,91,2,0.31
20,98,2,0.02
20,5,3,0.14
20,7,3,0.47
20,19,3,0.51
20,20,3,0
20,21,3,0.28
20,26,3,0.3
20,29,3,0.11
20,31,3,0.96
20,33,3,0.67
20,34,3,0.09
20,45,3,0.84
20,50,3,0.38
20,59,3,0.35
20,64,3,0.91
20,73,3,0.69
20,81,3,0.83
20,86,3,0.01
20,1,18,0.22
20,12,18,0.37
20,20,18,0
20,32,18,0.91
20,36,18,0.88
20,41,18,0.71
20,69,18,0.47
20,78,18,0.98
20,84,18,0.1
20,90,18,0.3
20,92,18,0.71
20,93,18,0.14
20,94,18,0.65
21,13,10,0.0
21,21,10,0
21,26,10,0.58
21,30,10,0.57
21,39,10,0.26
21,48,10,0.94
21,53,10,0.48
21,70,10,0.38
21,73,10,0.3
21,88,10,0.19
21,89,10,0.92
21,90,10,0.13
21,92,10,0.39
21,96,10,0.03
21,11,0,0.96
21,12,0,0.29
21,19,0,0.05
21,20,0,0.62
21,21,0,0
21,40,0,0.55
21,41,0,0.55
21,46,0,0.28
21,49,0,0.41
21,53,0,0.38
21,57,0,0.5
21,76,0,0.13
21,81,0,0.32
21,83,0,0.44
21,1,9,0.29
21,4,9,0.72
21,8,9,0.63
21,15,9,1.0
21,21,9,0
21,47,9,0.49
21,54,9,0.19
21,56,9,0.5
21,67,9,0.08
21,71,9,0.88
21,91,9,0.06
21,96,9,0.52
21,97,9,0.54
21,5,3,0.91
21,7,3,0.92
21,19,3,0.75
21,20,3,0.95
21,21,3,0
21,26,3,0.77
21,29,3,0.1
21,31,3,0.0
21,33,3,0.64
21,34,3,0.21
21,45,3,0.15
21,50,3,0.74
21,59,3,0.18
21,64,3,0.51
21,73,3,0.92
21,81,3,0.18
21,86,3,0.55
22,0,12,0.19
22,5,12,0.11
22,17,12,0.87
22,22,12,0
22,35,12,0.53
22,40,12,0.09
22,44,12,0.21
22,47,12,0.74
22,50,12,0.06
22,57,12,0.46
22,58,12,0.99
22,60,12,0.89
22,71,12,0.58
22,72,12,0.98
22,77,12,0.85
22,97,12,0.66
22,6,8,0.42
22,8,8,0.19
22,22,8,0
22,23,8,0.02
22,24,8,0.86
22,27,8,0.57
22,33,8,0.16
22,38,8,0.64
22,41,8,0.12
22,45,8,0.25
22,60,8,0.2
22,66,8,0.97
22,72,8,0.05
22,75,8,0.46
22,79,8,0.9
22,87,8,0.07
22,96,8,0.7
22,97,8,0.16
22,98,8,0.06
22,99,8,0.96
23,5,16,0.43
23,8,16,0.54
23,9,16,0.22
23,23,16,0
23,32,16,0.83
23,37,16,0.37
23,43,16,0.96
23,48,16,0.42
23,56,16,0.39
23,60,16,0.35
23,65,16,0.36
23,67,16,0.6
23,80,16,0.07
23,90,16,0.44
23,95,16,0.89
23,98,16,0.29
23,6,8,0.82
23,8,8,0.48
23,22,8,0.39
23,23,8,0
23,24,8,0.31
23,27,8,0.77
23,33,8,0.86
23,38,8,0.87
23,41,8,0.39
23,45,8,0.93
23,60,8,0.18
23,66,8,0.37
23,72,8,0.28
23,75,8,0.04
23,79,8,0.89
23,87,8,0.65
23,96,8,0.48
23,97,8,0.19
23,98,8,0.71
23,99,8,0.64
23,2,14,0.01
23,8,14,0.27
23,23,14,0
23,39,14,0.39
23,41,14,0.11
23,42,14,0.42
23,53,14,0.01
23,54,14,0.01
23,56,14,0.69
23,58,14,0.93
23,76,14,0.23
23,78,14,0.6
23,80,14,0.04
23,82,14,0.82
23,92,14,0.03
23,95,14,0.8
24,1,4,0.01
24,16,4,0.6
24,17,4,0.02
24,24,4,0
24,31,4,0.12
24,34,4,0.56
24,36,4,0.48
24,46,4,0.05
24,50,4,0.11
24,62,4,0.11
24,70,4,0.8
24,91,4,0.22
24,6,8,0.57
24,8,8,0.29
24,22,8,0.91
24,23,8,0.96
24,24,8,0
24,27,8,0.35
24,33,8,0.55
24,38,8,0.33
24,41,8,0.7
24,45,8,0.24
24,60,8,0.33
24,66,8,0.82
24,72,8,0.41
24,75,8,0.07
24,79,8,0.94
24,87,8,0.28
24,96,8,0.66
24,97,8,0.18
24,98,8,0.68
24,99,8,0.5
25,3,13,0.25
25,4,13,0.14
25,6,13,0.69
25,25,13,0
25,38,13,0.26
25,47,13,0.08
25,66,13,0.45
25,72,13,0.72
25,77,13,0.82
25,86,13,0.05
25,94,13,0.12
25,95,13,0.66
25,3,6,0.65
25,4,6,0.94
25,12,6,0.08
25,15,6,0.92
25,25,6,0
25,26,6,0.26
25,27,6,0.47
25,29,6,0.81
25,35,6,0.6
25,39,6,0.95
25,40,6,0.65
25,43,6,0.6
25,49,6,0.94
25,51,6,0.28
25,63,6,0.48
25,82,6,0.72
25,85,6,0.64
25,93,6,0.52
25,99,6,0.2
25,6,5,0.97
25,10,5,0.45
25,16,5,0.37
25,25,5,0
25,35,5,0.17
25,54,5,0.78
25,55,5,0.36
25,61,5,0.89
25,63,5,0.72
25,65,5,0.81
25,67,5,0.29
25,68,5,0.5
25,83,5,0.18
26,5,1,0.25
26,10,1,0.34
26,26,1,0
26,30,1,0.66
26,31,1,0.75
26,51,1,0.63
26,56,1,0.99
26,57,1,0.56
26,66,1,0.52
26,68,1,0.34
26,71,1,0.03
26,74,1,0.92
26,78,1,0.78
26,79,1,0.12
26,80,1,0.84
26,91,1,0.65
26,93,1,0.27
26,5,3,0.87
26,7,3,0.13
26,19,3,0.79
26,20,3,0.89
26,21,3,0.51
26,26,3,0
26,29,3,0.25
26,31,3,0.82
26,33,3,0.95
26,34,3,0.59
26,45,3,0.23
26,50,3,0.68
26,59,3,0.92
26,64,3,0.83
26,73,3,0.39
26,81,3,0.05
26,86,3,0.66
26,3,6,0.04
26,4,6,0.12
26,12,6,0.46
26,15,6,0.54
26,25,6,0.7
26,26,6,0
26,27,6,0.52
26,29,6,0.85
26,35,6,0.87
26,39,6,0.99
26,40,6,0.03
26,43,6,0.93
26,49,6,0.77
26,51,6,0.34
26,63,6,0.32
26,82,6,0.79
26,85,6,1.0
26,93,6,0.26
26,99,6,0.47
26,13,10,0.33
26,21,10,0.91
26,26,10,0
26,30,10,0.26
26,39,10,0.83
26,48,10,0.78
26,53,10,0.46
26,70,10,0.6
26,73,10,0.09
26,88,10,0.39
26,89,10,0.9
26,90,10,0.97
26,92,10,0.63
26,96,10,0.62
27,3,6,0.07
27,4,6,0.11
27,12,6,0.65
27,15,6,0.46
27,25,6,0.15
27,26,6,0.66
27,27,6,0
27,29,6,0.35
27,35,6,0.43
27,39,6,0.17
27,40,6,0.37
27,43,6,0.92
27,49,6,0.57
27,51,6,0.68
27,63,6,0.04
27,82,6,0.01
27,85,6,0.29
27,93,6,0.64
27,99,6,0.13
27,6,8,0.9
27,8,8,0.94
27,22,8,0.66
27,23,8,0.66
27,24,8,0.18
27,27,8,0
27,33,8,0.77
27,38,8,0.76
27,41,8,0.7
27,45,8,0.5
27,60,8,0.99
27,66,8,0.19
27,72,8,0.57
27,75,8,0.23
27,79,8,0.0
27,87,8,0.51
27,96,8,0.93
27,97,8,0.92
27,98,8,0.46
27,99,8,0.16
27,10,15,0.15
27,11,15,0.89
27,13,15,0.59
27,15,15,0.23
27,16,15,0.08
27,17,15,0.06
27,27,15,0
27,29,15,0.35
27,39,15,0.65
27,46,15,0.36
27,48,15,0.83
27,50,15,0.02
27,52,15,0.78
27,59,15,0.15
27,68,15,0.06
27,69,15,0.91
27,71,15,0.49
27,73,15,1.0
27,77,15,0.9
27,84,15,0.88
28,0,11,0.44
28,1,11,0.42
28,2,11,0.78
28,18,11,0.17
28,28,11,0
28,31,11,0.93
28,42,11,0.91
28,43,11,0.66
28,81,11,0.98
28,97,11,0.41
28,99,11,0.21
28,4,2,0.92
28,13,2,1.0
28,20,2,0.24
28,28,2,0
28,32,2,0.24
28,36,2,0.41
28,44,2,0.82
28,46,2,0.83
28,49,2,0.61
28,55,2,0.26
28,60,2,0.73
28,63,2,0.79
28,64,2,0.45
28,86,2,0.21
28,91,2,0.52
28,98,2,0.96
28,7,19,0.83
28,15,19,0.75
28,18,19,0.69
28,28,19,0
28,29,19,0.45
28,36,19,0.16
28,43,19,0.96
28,44,19,0.46
28,49,19,0.22
28,62,19,0.97
28,66,19,0.74
28,79,19,0.14
28,98,19,0.05
29,3,6,0.3
29,4,6,0.41
29,12,6,0.37
29,15,6,0.78
29,25,6,0.32
29,26,6,0.25
29,27,6,0.23
29,29,6,0
29,35,6,0.51
29,39,6,0.47
29,40,6,0.23
29,43,6,0.23
29,49,6,0.79
29,51,6,0.15
29,63,6,0.96
29,82,6,0.19
29,85,6,0.6
29,93,6,0.24
29,99,6,0.15
29,7,19,0.89
29,15,19,0.75
29,18,19,0.92
29,28,19,0.05
29,29,19,0
29,36,19,0.73
29,43,19,0.39
29,44,19,0.11
29,49,19,0.15
29,62,19,0.47
29,66,19,0.64
29,79,19,0.55
29,98,19,0.54
29,10,15,0.68
29,11,15,0.32
29,13,15,0.39
29,15,15,0.4
29,16,15,0.5
29,17,15,0.53
29,27,15,0.51
29,29,15,0
29,39,15,0.82
29,46,15,0.74
29,48,15,0.39
29,50,15,0.11
29,52,15,0.31
29,59,15,0.05
29,68,15,0.81
29,69,15,0.73
29,71,15,0.92
29,73,15,0.52
29,77,15,0.19
29,84,15,0.55
29,5,3,0.32
29,7,3,0.75
29,19,3,0.83
29,20,3,0.37
29,21,3,0.13
29,26,3,0.97
29,29,3,0
29,31,3,0.13
29,33,3,0.95
29,34,3,0.09
29,45,3,0.85
29,50,3,0.26
29,59,3,0.93
29,64,3,0.61
29,73,3,0.23
29,81,3,0.52
29,86,3,0.19
30,5,1,0.41
30,10,1,0.14
30,26,1,0.97
30,30,1,0
30,31,1,0.27
30,51,1,0.47
30,56,1,0.71
30,57,1,0.05
30,66,1,0.63
30,68,1,0.65
30,71,1,0.45
30,74,1,0.69
30,78,1,0.77
30,79,1,0.63
30,80,1,0.19
30,91,1,0.92
30,93,1,0.95
30,13,10,0.19
30,21,10,0.85
30,26,10,0.31
30,30,10,0
30,39,10,0.21
30,48,10,0.31
30,53,10,0.81
30,70,10,0.44
30,73,10,0.73
30,88,10,0.79
30,89,10,0.4
30,90,10,0.82
30,92,10,0.66
30,96,10,0.21
31,0,11,0.31
31,1,11,0.72
31,2,11,0.36
31,18,11,0.75
31,28,11,0.6
31,31,11,0
31,42,11,0.07
31,43,11,0.27
31,81,11,0.4
31,97,11,0.6
31,99,11,0.29
31,1,4,0.74
31,16,4,0.98
31,17,4,0.05
31,24,4,0.02
31,31,4,0
31,34,4,0.89
31,36,4,0.88
31,46,4,0.68
31,50,4,0.9
31,62,4,0.57
31,70,4,0.45
31,91,4,0.75
31,5,1,0.19
31,10,1,0.96
31,26,1,0.52
31,30,1,0.29
31,31,1,0
31,51,1,0.98
31,56,1,0.35
31,57,1,0.53
31,66,1,0.39
31,68,1,0.61
31,71,1,0.72
31,74,1,0.89
31,78,1,0.65
31,79,1,0.25
31,80,1,0.25
31,91,1,0.87
31,93,1,0.54
31,5,3,0.05
31,7,3,0.33
31,19,3,0.07
31,20,3,0.82
31,21,3,0.93
31,26,3,0.11
31,29,3,0.75
31,31,3,0
31,33,3,0.96
31,34,3,0.16
31,45,3,0.51
31,50,3,0.78
31,59,3,0.9
31,64,3,0.33
31,73,3,0.43
31,81,3,0.77
31,86,3,0.84
32,4,2,0.89
32,13,2,0.05
32,20,2,0.29
32,28,2,0.26
32,32,2,0
32,36,2,0.43
32,44,2,0.9
32,46,2,0.33
32,49,2,0.02
32,55,2,0.45
32,60,2,0.59
32,63,2,0.46
32,64,2,0.22
32,86,2,0.52
32,91,2,0.42
32,98,2,0.03
32,5,16,0.97
32,8,16,0.19
32,9,16,0.69
32,23,16,0.6
32,32,16,0
32,37,16,0.19
32,43,16,0.07
32,48,16,0.57
32,56,16,0.69
32,60,16,0.58
32,65,16,0.29
32,67,16,0.5
32,80,16,0.96
32,90,16,0.75
32,95,16,0.37
32,98,16,0.54
32,1,18,0.08
32,12,18,0.13
32,20,18,0.64
32,32,18,0
32,36,18,0.51
32,41,18,0.68
32,69,18,0.73
32,78,18,0.74
32,84,18,0.63
32,90,18,0.42
32,92,18,0.8
32,93,18,0.27
32,94,18,0.28
32,2,17,0.21
32,10,17,0.8
32,11,17,0.49
32,13,17,0.01
32,14,17,0.98
32,32,17,0
32,37,17,0.27
32,48,17,0.56
32,52,17,0.9
32,72,17,0.15
32,75,17,0.58
32,85,17,0.13
32,87,17,0.73
32,99,17,0.36
33,5,3,0.48
33,7,3,0.02
33,19,3,0.34
33,20,3,0.07
33,21,3,0.06
33,26,3,0.12
33,29,3,0.69
33,31,3,0.23
33,33,3,0
33,34,3,0.63
33,45,3,0.08
33,50,3,0.6
33,59,3,0.1
33,64,3,0.07
33,73,3,0.49
33,81,3,0.01
33,86,3,0.04
33,6,8,0.33
33,8,8,0.38
33,22,8,0.78
33,23,8,0.42
33,24,8,0.72
33,27,8,0.93
33,33,8,0
33,38,8,0.9
33,41,8,0.42
33,45,8,0.13
33,60,8,0.82
33,66,8,0.29
33,72,8,0.57
33,75,8,0.04
33,79,8,0.93
33,87,8,0.23
33,96,8,0.45
33,97,8,0.44
33,98,8,0.24
33,99,8,0.04
34,5,3,0.55
34,7,3,0.99
34,19,3,0.54
34,20,3,0.61
34,21,3,0.26
34,26,3,0.88
34,29,3,0.05
34,31,3,0.16
34,33,3,0.24
34,34,3,0
34,45,3,0.45
34,50,3,0.87
34,59,3,0.84
34,64,3,0.79
34,73,3,0.71
34,81,3,0.73
34,86,3,0.97
34,1,4,0.65
34,16,4,0.19
34,17,4,0.69
34,24,4,0.5
34,31,4,0.89
34,34,4,0
34,36,4,0.19
34,46,4,0.87
34,50,4,0.34
34,62,4,0.5
34,70,4,0.6
34,91,4,0.51
35,0,12,0.97
35,5,12,0.81
35,17,12,0.16
35,22,12,0.19
35,35,12,0
35,40,12,0.05
35,44,12,0.74
35,47,12,0.8
35,50,12,0.02
35,57,12,0.28
35,58,12,0.75
35,60,12,0.54
35,71,12,0.25
35,72,12,0.89
35,77,12,0.01
35,97,12,0.1
35,3,6,0.09
35,4,6,0.28
35,12,6,0.23
35,15,6,0.56
35,25,6,0.79
35,26,6,0.24
35,27,6,0.34
35,29,6,0.8
35,35,6,0
35,39,6,0.68
35,40,6,0.16
35,43,6,0.73
35,49,6,0.76
35,51,6,0.89
35,63,6,0.16
35,82,6,0.01
35,85,6,0.86
35,93,6,0.72
35,99,6,0.93
35,6,5,0.97
35,10,5,0.7
35,16,5,0.96
35,25,5,0.39
35,35,5,0
35,54,5,0.11
35,55,5,0.66
35,61,5,0.56
35,63,5,0.84
35,65,5,0.05
35,67,5,0.02
35,68,5,0.62
35,83,5,0.74
36,7,19,0.11
36,15,19,0.63
36,18,19,0.54
36,28,19,0.71
36,29,19,0.83
36,36,19,0
36,43,19,0.24
36,44,19,0.03
36,49,19,0.47
36,62,19,0.4
36,66,19,0.24
36,79,19,0.88
36,98,19,0.57
36,1,4,0.9
36,16,4,0.32
36,17,4,0.29
36,24,4,0.62
36,31,4,0.62
36,34,4,0.33
36,36,4,0
36,46,4,0.88
36,50,4,0.28
36,62,4,0.55
36,70,4,0.34
36,91,4,0.6
36,1,18,0.72
36,12,18,0.57
36,20,18,0.37
36,32,18,0.08
36,36,18,0
36,41,18,0.86
36,69,18,0.02
36,78,18,0.33
36,84,18,0.32
36,90,18,0.79
36,92,18,0.08
36,93,18,0.95
36,94,18,0.24
36,4,2,0.32
36,13,2,0.03
36,20,2,0.69
36,28,2,0.18
36,32,2,0.11
36,36,2,0
36,44,2,0.67
36,46,2,0.58
36,49,2,0.24
36,55,2,0.19
36,60,2,0.95
36,63,2,0.96
36,64,2,0.59
36,86,2,0.13
36,91,2,0.9
36,98,2,0.82
37,5,16,0.05
37,8,16,0.82
37,9,16,0.72
37,23,16,0.74
37,32,16,0.19
37,37,16,0
37,43,16,0.83
37,48,16,0.33
37,56,16,0.95
37,60,16,0.81
37,65,16,0.36
37,67,16,0.27
37,80,16,0.99
37,90,16,0.43
37,95,16,0.57
37,98,16,0.84
37,2,17,0.29
37,10,17,0.7
37,11,17,0.68
37,13,17,0.01
37,14,17,0.53
37,32,17,0.19
37,37,17,0
37,48,17,0.91
37,52,17,0.38
37,72,17,0.94
37,75,17,0.8
37,85,17,0.85
37,87,17,0.7
37,99,17,0.6
38,6,8,0.27
38,8,8,0.58
38,22,8,0.9
38,23,8,0.67
38,24,8,0.54
38,27,8,0.06
38,33,8,0.88
38,38,8,0
38,41,8,0.73
38,45,8,0.52
38,60,8,0.17
38,66,8,0.43
38,72,8,0.21
38,75,8,0.74
38,79,8,0.15
38,87,8,0.11
38,96,8,0.18
38,97,8,0.89
38,98,8,0.68
38,99,8,0.75
38,3,13,0.22
38,4,13,0.87
38,6,13,0.43
38,25,13,0.37
38,38,13,0
38,47,13,0.39
38,66,13,0.18
38,72,13,0.57
38,77,13,0.54
38,86,13,0.05
38,94,13,0.7
38,95,13,0.05
39,2,14,0.73
39,8,14,0.97
39,23,14,0.33
39,39,14,0
39,41,14,0.88
39,42,14,0.31
39,53,14,0.47
39,54,14,0.67
39,56,14,0.39
39,58,14,0.22
39,76,14,0.91
39,78,14,0.93
39,80,14,0.53
39,82,14,0.22
39,92,14,0.07
39,95,14,0.49
39,13,10,0.5
39,21,10,0.48
39,26,10,0.81
39,30,10,0.69
39,39,10,0
39,48,10,0.64
39,53,10,0.04
39,70,10,0.37
39,73,10,0.72
39,88,10,0.29
39,89,10,0.82
39,90,10,0.38
39,92,10,0.85
39,96,10,0.82
39,10,15,0.3
39,11,15,0.54
39,13,15,0.8
39,15,15,0.2
39,16,15,0.06
39,17,15,0.42
39,27,15,1.0
39,29,15,0.65
39,39,15,0
39,46,15,0.57
39,48,15,0.41
39,50,15,0.34
39,52,15,0.79
39,59,15,0.88
39,68,15,0.98
39,69,15,0.43
39,71,15,0.69
39,73,15,0.12
39,77,15,0.65
39,84,15,0.36
39,3,6,0.71
39,4,6,0.69
39,12,6,0.68
39,15,6,0.49
39,25,6,0.05
39,26,6,0.72
39,27,6,0.15
39,29,6,0.88
39,35,6,0.5
39,39,6,0
39,40,6,0.61
39,43,6,0.85
39,49,6,0.83
39,51,6,0.26
39,63,6,0.15
39,82,6,0.01
39,85,6,0.83
39,93,6,0.31
39,99,6,0.49
40,0,12,0.64
40,5,12,0.43
40,17,12,0.61
40,22,12,0.06
40,35,12,0.68
40,40,12,0
40,44,12,0.81
40,47,12,0.51
40,50,12,0.09
40,57,12,0.69
40,58,12,0.43
40,60,12,0.92
40,71,12,0.72
40,72,12,0.01
40,77,12,0.12
40,97,12,0.29
40,11,0,0.68
40,12,0,0.77
40,19,0,0.63
40,20,0,0.58
40,21,0,0.66
40,40,0,0
40,41,0,0.03
40,46,0,0.51
40,49,0,0.86
40,53,0,0.07
40,57,0,0.81
40,76,0,0.2
40,81,0,0.63
40,83,0,0.74
40,3,6,0.96
40,4,6,0.35
40,12,6,0.64
40,15,6,0.15
40,25,6,0.78
40,26,6,0.26
40,27,6,0.42
40,29,6,0.52
40,35,6,0.56
40,39,6,0.31
40,40,6,0
40,43,6,0.66
40,49,6,0.36
40,51,6,0.83
40,63,6,0.94
40,82,6,0.85
40,85,6,0.21
40,93,6,0.99
40,99,6,0.95
41,1,18,0.43
41,12,18,0.96
41,20,18,0.21
41,32,18,0.4
41,36,18,0.73
41,41,18,0
41,69,18,0.64
41,78,18,0.82
41,84,18,0.22
41,90,18,0.11
41,92,18,0.29
41,93,18,0.02
41,94,18,0.76
41,6,8,0.71
41,8,8,0.49
41,22,8,0.87
41,23,8,0.48
41,24,8,0.54
41,27,8,0.65
41,33,8,0.71
41,38,8,0.44
41,41,8,0
41,45,8,0.26
41,60,8,0.34
41,66,8,0.94
41,72,8,0.3
41,75,8,0.07
41,79,8,0.69
41,87,8,0.35
41,96,8,0.6
41,97,8,0.15
41,98,8,0.36
41,99,8,0.21
41,2,14,0.77
41,8,14,0.36
41,23,14,0.66
41,39,14,0.35
41,41,14,0
41,42,14,0.73
41,53,14,0.78
41,54,14,0.31
41,56,14,0.22
41,58,14,0.86
41,76,14,0.41
41,78,14,0.22
41,80,14,0.05
41,82,14,0.78
41,92,14,0.65
41,95,14,0.88
41,11,0,0.04
41,12,0,0.27
41,19,0,0.33
41,20,0,0.08
41,21,0,0.99
41,40,0,0.92
41,41,0,0
41,46,0,0.6
41,49,0,0.89
41,53,0,0.51
41,57,0,0.6
41,76,0,0.61
41,81,0,0.22
41,83,0,0.02
42,2,14,0.69
42,8,14,0.35
42,23,14,0.48
42,39,14,0.9
42,41,14,0.33
42,42,14,0
42,53,14,0.62
42,54,14,0.44
42,56,14,0.26
42,58,14,0.99
42,76,14,0.59
42,78,14,0.18
42,80,14,0.18
42,82,14,0.85
42,92,14,0.1
42,95,14,0.02
42,0,11,0.29
42,1,11,0.73
42,2,11,0.9
42,18,11,0.86
42,28,11,0.16
42,31,11,0.74
42,42,11,0
42,43,11,0.23
42,81,11,0.55
42,97,11,0.2
42,99,11,0.09
43,0,11,0.96
43,1,11,0.18
43,2,11,0.11
43,18,11,0.04
43,28,11,0.52
43,31,11,0.09
43,42,11,0.1
43,43,11,0
43,81,11,0.64
43,97,11,0.19
43,99,11,0.16
43,5,16,0.02
43,8,16,0.98
43,9,16,0.22
43,23,16,0.61
43,32,16,0.05
43,37,16,0.95
43,43,16,0
43,48,16,0.07
43,56,16,0.32
43,60,16,0.59
43,65,16,0.85
43,67,16,0.96
43,80,16,0.09
43,90,16,0.19
43,95,16,0.2
43,98,16,0.85
43,3,6,0.19
43,4,6,0.76
43,12,6,0.5
43,15,6,0.55
43,25,6,0.48
43,26,6,0.98
43,27,6,0.75
43,29,6,0.33
43,35,6,0.2
43,39,6,0.6
43,40,6,0.52
43,43,6,0
43,49,6,0.76
43,51,6,0.66
43,63,6,0.89
43,82,6,0.13
43,85,6,0.23
43,93,6,0.0
43,99,6,0.58
43,7,19,0.6
43,15,19,0.03
43,18,19,0.8
43,28,19,0.76
43,29,19,0.93
43,36,19,0.74
43,43,19,0
43,44,19,0.36
43,49,19,0.01
43,62,19,0.26
43,66,19,0.48
43,79,19,0.05
43,98,19,0.21
44,7,19,0.75
44,15,19,0.4
44,18,19,0.45
44,28,19,0.65
44,29,19,0.17
44,36,19,0.83
44,43,19,0.63
44,44,19,0
44,49,19,0.55
44,62,19,0.03
44,66,19,0.74
44,79,19,0.97
44,98,19,0.01
44,4,2,0.77
44,13,2,0.92
44,20,2,0.05
44,28,2,0.78
44,32,2,0.47
44,36,2,0.51
44,44,2,0
44,46,2,0.2
44,49,2,0.38
44,55,2,0.42
44,60,2,0.29
44,63,2,0.47
44,64,2,0.04
44,86,2,0.8
44,91,2,0.16
44,98,2,0.87
44,0,12,0.76
44,5,12,0.06
44,17,12,0.61
44,22,12,0.62
44,35,12,0.98
44,40,12,0.22
44,44,12,0
44,47,12,0.65
44,50,12,0.25
44,57,12,1.0
44,58,12,0.15
44,60,12,0.41
44,71,12,0.93
44,72,12,0.41
44,77,12,0.1
44,97,12,0.09
45,5,3,0.23
45,7,3,0.99
45,19,3,0.77
45,20,3,0.54
45,21,3,0.17
45,26,3,0.32
45,29,3,0.74
45,31,3,0.8
45,33,3,0.86
45,34,3,0.84
45,45,3,0
45,50,3,0.93
45,59,3,0.59
45,64,3,0.72
45,73,3,0.92
45,81,3,0.58
45,86,3,0.99
45,6,8,0.61
45,8,8,0.78
45,22,8,0.98
45,23,8,0.2
45,24,8,0.87
45,27,8,1.0
45,33,8,0.88
45,38,8,0.14
45,41,8,0.09
45,45,8,0
45,60,8,0.27
45,66,8,0.48
45,72,8,0.9
45,75,8,0.11
45,79,8,0.13
45,87,8,0.93
45,96,8,0.06
45,97,8,0.22
45,98,8,0.68
45,99,8,0.86
46,4,2,0.35
46,13,2,0.11
46,20,2,0.59
46,28,2,0.58
46,32,2,0.93
46,36,2,0.02
46,44,2,0.63
46,46,2,0
46,49,2,0.97
46,55,2,0.3
46,60,2,0.46
46,63,2,0.84
46,64,2,0.32
46,86,2,0.07
46,91,2,0.43
46,98,2,0.53
46,10,15,0.87
46,11,15,0.76
46,13,15,0.36
46,15,15,0.17
46,16,15,0.59
46,17,15,0.68
46,27,15,0.15
46,29,15,0.6
46,39,15,0.49
46,46,15,0
46,48,15,0.89
46,50,15,0.14
46,52,15,0.99
46,59,15,0.77
46,68,15,0.02
46,69,15,0.69
46,71,15,0.55
46,73,15,0.05
46,77,15,0.26
46,84,15,0.16
46,11,0,0.61
46,12,0,0.84
46,19,0,0.24
46,20,0,0.42
46,21,0,0.06
46,40,0,0.05
46,41,0,0.46
46,46,0,0
46,49,0,0.77
46,53,0,0.39
46,57,0,0.38
46,76,0,0.66
46,81,0,0.56
46,83,0,0.16
46,1,4,0.71
46,16,4,0.84
46,17,4,0.54
46,24,4,0.78
46,31,4,0.51
46,34,4,0.44
46,36,4,0.25
46,46,4,0
46,50,4,0.71
46,62,4,0.38
46,70,4,0.23
46,91,4,0.06
47,1,9,0.86
47,4,9,0.04
47,8,9,0.85
47,15,9,0.36
47,21,9,0.84
47,47,9,0
47,54,9,0.11
47,56,9,0.34
47,67,9,0.13
47,71,9,0.79
47,91,9,0.68
47,96,9,0.24
47,97,9,0.76
47,0,12,0.51
47,5,12,0.13
47,17,12,0.3
47,22,12,0.34
47,35,12,0.15
47,40,12,0.37
47,44,12,0.98
47,47,12,0
47,50,12,0.82
47,57,12,0.83
47,58,12,0.12
47,60,12,0.56
47,71,12,0.04
47,72,12,0.1
47,77,12,0.62
47,97,12,0.95
47,3,13,0.14
47,4,13,0.03
47,6,13,0.72
47,25,13,0.03
47,38,13,0.67
47,47,13,0
47,66,13,0.0
47,72,13,0.09
47,77,13,0.06
47,86,13,0.17
47,94,13,0.96
47,95,13,0.6
48,5,16,0.18
48,8,16,0.15
48,9,16,0.87
48,23,16,0.04
48,32,16,0.08
48,37,16,0.56
48,43,16,0.35
48,48,16,0
48,56,16,0.61
48,60,16,0.15
48,65,16,0.51
48,67,16,1.0
48,80,16,0.52
48,90,16,0.59
48,95,16,0.62
48,98,16,0.65
48,10,15,0.21
48,11,15,0.15
48,13,15,0.62
48,15,15,0.21
48,16,15,0.92
48,17,15,0.75
48,27,15,0.56
48,29,15,0.99
48,39,15,0.51
48,46,15,0.34
48,48,15,0
48,50,15,0.99
48,52,15,0.12
48,59,15,0.42
48,68,15,0.94
48,69,15,0.66
48,71,15,0.41
48,73,15,0.82
48,77,15,0.14
48,84,15,0.88
48,13,10,0.65
48,21,10,0.0
48,26,10,0.84
48,30,10,0.97
48,39,10,0.17
48,48,10,0
48,53,10,0.89
48,70,10,0.31
48,73,10,0.76
48,88,10,0.06
48,89,10,0.17
48,90,10,0.88
48,92,10,0.77
48,96,10,0.41
48,2,17,0.38
48,10,17,0.11
48,11,17,0.39
48,13,17,0.01
48,14,17,0.61
48,32,17,0.5
48,37,17,0.31
48,48,17,0
48,52,17,0.52
48,72,17,0.97
48,75,17,0.58
48,85,17,0.09
48,87,17,0.35
48,99,17,0.53
49,4,2,0.86
49,13,2,0.46
49,20,2,0.62
49,28,2,0.19
49,32,2,0.68
49,36,2,0.02
49,44,2,0.11
49,46,2,0.08
49,49,2,0
49,55,2,0.9
49,60,2,0.82
49,63,2,0.83
49,64,2,0.73
49,86,2,0.31
49,91,2,0.15
49,98,2,0.57
49,11,0,0.66
49,12,0,0.98
49,19,0,0.13
49,20,0,0.92
49,21,0,0.26
49,40,0,0.27
49,41,0,0.34
49,46,0,0.11
49,49,0,0
49,53,0,0.11
49,57,0,0.97
49,76,0,0.64
49,81,0,0.74
49,83,0,0.06
49,3,6,0.24
49,4,6,0.31
49,12,6,0.2
49,15,6,0.04
49,25,6,1.0
49,26,6,0.19
49,27,6,0.58
49,29,6,0.82
49,35,6,0.05
49,39,6,0.68
49,40,6,0.98
49,43,6,0.85
49,49,6,0
49,51,6,0.05
49,63,6,0.07
49,82,6,0.71
49,85,6,0.59
49,93,6,0.76
49,99,6,0.37
49,7,19,0.35
49,15,19,0.8
49,18,19,0.11
49,28,19,0.01
49,29,19,0.68
49,36,19,0.93
49,43,19,0.35
49,44,19,0.31
49,49,19,0
49,62,19,0.37
49,66,19,0.12
49,79,19,0.87
49,98,19,0.94
50,0,12,0.47
50,5,12,0.18
50,17,12,0.91
50,22,12,0.54
50,35,12,0.02
50,40,12,0.35
50,44,12,0.86
50,47,12,0.08
50,50,12,0
50,57,12,0.62
50,58,12,0.28
50,60,12,0.07
50,71,12,0.2
50,72,12,0.03
50,77,12,0.2
50,97,12,0.09
50,1,4,0.96
50,16,4,0.34
50,17,4,0.83
50,24,4,0.3
50,31,4,0.35
50,34,4,0.41
50,36,4,0.51
50,46,4,0.77
50,50,4,0
50,62,4,0.96
50,70,4,0.35
50,91,4,0.69
50,5,3,0.77
50,7,3,0.48
50,19,3,0.55
50,20,3,0.83
50,21,3,0.37
50,26,3,0.67
50,29,3,0.32
50,31,3,0.86
50,33,3,0.92
50,34,3,0.74
50,45,3,0.87
50,50,3,0
50,59,3,0.32
50,64,3,0.47
50,73,3,0.69
50,81,3,0.1
50,86,3,0.21
50,10,15,0.37
50,11,15,0.14
50,13,15,0.94
50,15,15,0.35
50,16,15,0.33
50,17,15,0.53
50,27,15,0.76
50,29,15,0.62
50,39,15,0.76
50,46,15,0.16
50,48,15,0.63
50,50,15,0
50,52,15,1.0
50,59,15,0.34
50,68,15,0.81
50,69,15,0.58
50,71,15,0.01
50,73,15,0.48
50,77,15,0.29
50,84,15,0.86
51,3,6,0.3
51,4,6,0.57
51,12,6,0.25
51,15,6,0.76
51,25,6,0.94
51,26,6,0.3
51,27,6,0.94
51,29,6,0.23
51,35,6,0.19
51,39,6,0.59
51,40,6,0.73
51,43,6,0.1
51,49,6,0.47
51,51,6,0
51,63,6,0.58
51,82,6,0.52
51,85,6,0.55
51,93,6,0.26
51,99,6,0.88
51,5,1,0.84
51,10,1,0.98
51,26,1,0.1
51,30,1,0.56
51,31,1,0.39
51,51,1,0
51,56,1,0.16
51,57,1,0.95
51,66,1,0.12
51,68,1,0.7
51,71,1,0.33
51,74,1,0.42
51,78,1,0.17
51,79,1,0.4
51,80,1,0.08
51,91,1,0.87
51,93,1,0.27
52,10,15,0.46
52,11,15,0.78
52,13,15,0.71
52,15,15,0.58
52,16,15,0.14
52,17,15,0.16
52,27,15,0.93
52,29,15,0.37
52,39,15,0.5
52,46,15,0.79
52,48,15,0.29
52,50,15,0.4
52,52,15,0
52,59,15,0.88
52,68,15,0.32
52,69,15,0.47
52,71,15,0.45
52,73,15,0.89
52,77,15,0.64
52,84,15,0.94
52,2,17,0.38
52,10,17,0.08
52,11,17,0.49
52,13,17,0.64
52,14,17,0.12
52,32,17,0.29
52,37,17,0.65
52,48,17,0.22
52,52,17,0
52,72,17,0.77
52,75,17,0.9
52,85,17,0.79
52,87,17,0.6
52,99,17,0.17
53,13,10,0.68
53,21,10,0.4
53,26,10,0.26
53,30,10,0.44
53,39,10,0.11
53,48,10,0.32
53,53,10,0
53,70,10,0.13
53,73,10,0.21
53,88,10,0.66
53,89,10,0.22
53,90,10,0.93
53,92,10,0.11
53,96,10,0.86
53,11,0,0.4
53,12,0,0.98
53,19,0,0.46
53,20,0,0.57
53,21,0,0.07
53,40,0,0.89
53,41,0,0.24
53,46,0,0.75
53,49,0,0.97
53,53,0,0
53,57,0,0.05
53,76,0,0.66
53,81,0,0.54
53,83,0,0.76
53,2,14,0.21
53,8,14,0.08
53,23,14,0.2
53,39,14,0.59
53,41,14,0.4
53,42,14,0.82
53,53,14,0
53,54,14,0.67
53,56,14,0.41
53,58,14,0.83
53,76,14,0.05
53,78,14,0.49
53,80,14,0.24
53,82,14,0.81
53,92,14,0.53
53,95,14,0.37
54,2,14,0.47
54,8,14,0.02
54,23,14,0.38
54,39,14,0.13
54,41,14,0.26
54,42,14,0.83
54,53,14,0.27
54,54,14,0
54,56,14,0.92
54,58,14,0.81
54,76,14,0.45
54,78,14,0.05
54,80,14,0.42
54,82,14,0.97
54,92,14,0.28
54,95,14,0.36
54,6,5,0.62
54,10,5,0.23
54,16,5,0.62
54,25,5,0.36
54,35,5,0.1
54,54,5,0
54,55,5,0.05
54,61,5,0.5
54,63,5,0.79
54,65,5,0.27
54,67,5,0.26
54,68,5,0.62
54,83,5,0.8
54,1,9,0.61
54,4,9,0.84
54,8,9,0.95
54,15,9,0.83
54,21,9,0.3
54,47,9,0.77
54,54,9,0
54,56,9,0.5
54,67,9,0.87
54,71,9,0.66
54,91,9,0.55
54,96,9,0.32
54,97,9,0.62
54,7,7,0.98
54,9,7,0.25
54,11,7,0.61
54,14,7,0.11
54,54,7,0
54,61,7,0.1
54,74,7,0.47
54,82,7,0.56
54,86,7,0.38
54,88,7,0.95
54,89,7,0.94
54,92,7,0.9
55,6,5,0.5
55,10,5,0.57
55,16,5,0.63
55,25,5,0.1
55,35,5,0.36
55,54,5,0.87
55,55,5,0
55,61,5,0.7
55,63,5,0.33
55,65,5,0.49
55,67,5,0.29
55,68,5,0.5
55,83,5,0.26
55,4,2,0.52
55,13,2,0.03
55,20,2,0.08
55,28,2,0.66
55,32,2,0.72
55,36,2,0.85
55,44,2,0.92
55,46,2,0.97
55,49,2,0.2
55,55,2,0
55,60,2,0.33
55,63,2,0.31
55,64,2,0.86
55,86,2,0.03
55,91,2,0.07
55,98,2,0.67
56,5,16,0.42
56,8,16,0.17
56,9,16,0.49
56,23,16,0.9
56,32,16,0.41
56,37,16,0.22
56,43,16,0.93
56,48,16,0.12
56,56,16,0
56,60,16,0.45
56,65,16,0.82
56,67,16,0.65
56,80,16,0.77
56,90,16,0.75
56,95,16,0.67
56,98,16,0.61
56,5,1,0.96
56,10,1,0.15
56,26,1,0.28
56,30,1,0.91
56,31,1,0.75
56,51,1,0.14
56,56,1,0
56,57,1,0.4
56,66,1,0.35
56,68,1,0.78
56,71,1,0.45
56,74,1,0.96
56,78,1,0.92
56,79,1,0.52
56,80,1,0.59
56,91,1,0.65
56,93,1,0.04
56,1,9,0.99
56,4,9,0.12
56,8,9,0.33
56,15,9,0.21
56,21,9,0.78
56,47,9,0.19
56,54,9,0.82
56,56,9,0
56,67,9,0.63
56,71,9,0.09
56,91,9,0.38
56,96,9,0.16
56,97,9,0.64
56,2,14,0.65
56,8,14,0.27
56,23,14,0.28
56,39,14,0.37
56,41,14,0.41
56,42,14,0.75
56,53,14,0.36
56,54,14,0.44
56,56,14,0
56,58,14,0.11
56,76,14,0.37
56,78,14,0.46
56,80,14,0.0
56,82,14,0.85
56,92,14,0.6
56,95,14,0.08
57,0,12,0.93
57,5,12,0.73
57,17,12,0.32
57,22,12,0.97
57,35,12,0.0
57,40,12,1.0
57,44,12,0.55
57,47,12,0.01
57,50,12,0.99
57,57,12,0
57,58,12,0.13
57,60,12,0.28
57,71,12,0.13
57,72,12,0.1
57,77,12,0.54
57,97,12,0.0
57,5,1,0.8
57,10,1,0.08
57,26,1,1.0
57,30,1,0.98
57,31,1,0.96
57,51,1,0.35
57,56,1,0.96
57,57,1,0
57,66,1,0.54
57,68,1,0.37
57,71,1,0.48
57,74,1,0.12
57,78,1,0.15
57,79,1,0.61
57,80,1,0.21
57,91,1,0.8
57,93,1,0.32
57,11,0,0.18
57,12,0,0.12
57,19,0,0.07
57,20,0,0.98
57,21,0,0.34
57,40,0,0.13
57,41,0,0.1
57,46,0,0.59
57,49,0,0.79
57,53,0,0.99
57,57,0,0
57,76,0,0.55
57,81,0,0.96
57,83,0,0.92
58,2,14,0.14
58,8,14,0.77
58,23,14,0.3
58,39,14,0.72
58,41,14,0.18
58,42,14,0.3
58,53,14,0.77
58,54,14,0.15
58,56,14,0.53
58,58,14,0
58,76,14,0.69
58,78,14,0.85
58,80,14,0.07
58,82,14,0.15
58,92,14,0.29
58,95,14,0.69
58,0,12,0.71
58,5,12,0.09
58,17,12,0.45
58,22,12,0.88
58,35,12,0.59
58,40,12,0.98
58,44,12,0.45
58,47,12,0.77
58,50,12,0.58
58,57,12,0.33
58,58,12,0
58,60,12,0.83
58,71,12,0.51
58,72,12,0.45
58,77,12,0.42
58,97,12,0.11
59,5,3,0.36
59,7,3,0.98
59,19,3,0.97
59,20,3,0.34
59,21,3,0.2
59,26,3,0.29
59,29,3,0.86
59,31,3,0.75
59,33,3,0.58
59,34,3,0.88
59,45,3,0.14
59,50,3,0.4
59,59,3,0
59,64,3,0.37
59,73,3,0.91
59,81,3,0.96
59,86,3,0.5
59,10,15,0.69
59,11,15,0.99
59,13,15,0.58
59,15,15,0.87
59,16,15,0.17
59,17,15,0.84
59,27,15,0.72
59,29,15,0.31
59,39,15,0.95
59,46,15,0.59
59,48,15,0.85
59,50,15,0.15
59,52,15,0.64
59,59,15,0
59,68,15,0.96
59,69,15,0.65
59,71,15,0.97
59,73,15,0.99
59,77,15,0.36
59,84,15,0.82
60,6,8,0.32
60,8,8,0.75
60,22,8,0.05
60,23,8,0.96
60,24,8,0.75
60,27,8,0.5
60,33,8,0.47
60,38,8,0.63
60,41,8,0.4
60,45,8,0.12
60,60,8,0
60,66,8,0.37
60,72,8,0.69
60,75,8,0.75
60,79,8,0.85
60,87,8,0.79
60,96,8,0.35
60,97,8,0.36
60,98,8,0.63
60,99,8,0.44
60,5,16,0.01
60,8,16,0.72
60,9,16,0.54
60,23,16,0.94
60,32,16,0.25
60,37,16,0.62
60,43,16,0.11
60,48,16,0.79
60,56,16,0.74
60,60,16,0
60,65,16,0.59
60,67,16,0.02
60,80,16,0.66
60,90,16,0.05
60,95,16,0.12
60,98,16,0.51
60,0,12,0.52
60,5,12,0.74
60,17,12,0.3
60,22,12,0.28
60,35,12,0.96
60,40,12,0.55
60,44,12,0.91
60,47,12,0.51
60,50,12,0.83
60,57,12,0.44
60,58,12,0.15
60,60,12,0
60,71,12,0.24
60,72,12,0.36
60,77,12,0.58
60,97,12,0.65
60,4,2,0.69
60,13,2,0.35
60,20,2,0.16
60,28,2,0.89
60,32,2,0.68
60,36,2,0.55
60,44,2,0.18
60,46,2,0.64
60,49,2,0.99
60,55,2,0.07
60,60,2,0
60,63,2,0.1
60,64,2,0.02
60,86,2,0.82
60,91,2,0.54
60,98,2,0.28
61,7,7,0.77
61,9,7,0.58
61,11,7,0.04
61,14,7,0.7
61,54,7,0.12
61,61,7,0
61,74,7,0.46
61,82,7,0.05
61,86,7,0.49
61,88,7,0.94
61,89,7,0.9
61,92,7,0.17
61,6,5,0.16
61,10,5,0.34
61,16,5,0.36
61,25,5,0.73
61,35,5,0.26
61,54,5,0.21
61,55,5,0.61
61,61,5,0
61,63,5,0.75
61,65,5,0.19
61,67,5,0.87
61,68,5,0.56
61,83,5,0.22
62,7,19,0.35
62,15,19,0.33
62,18,19,0.78
62,28,19,0.35
62,29,19,0.15
62,36,19,0.57
62,43,19,0.03
62,44,19,0.06
62,49,19,0.38
62,62,19,0
62,66,19,0.66
62,79,19,0.71
62,98,19,0.89
62,1,4,0.33
62,16,4,0.86
62,17,4,0.07
62,24,4,0.49
62,31,4,0.65
62,34,4,0.78
62,36,4,0.68
62,46,4,0.49
62,50,4,0.27
62,62,4,0
62,70,4,0.72
62,91,4,0.74
63,4,2,0.91
63,13,2,0.54
63,20,2,0.17
63,28,2,0.3
63,32,2,0.31
63,36,2,0.71
63,44,2,0.25
63,46,2,0.74
63,49,2,0.86
63,55,2,0.19
63,60,2,0.12
63,63,2,0
63,64,2,0.25
63,86,2,0.28
63,91,2,0.86
63,98,2,0.13
63,6,5,0.49
63,10,5,0.29
63,16,5,0.93
63,25,5,0.27
63,35,5,0.63
63,54,5,0.54
63,55,5,0.73
63,61,5,0.37
63,63,5,0
63,65,5,0.99
63,67,5,0.07
63,68,5,0.95
63,83,5,0.63
63,3,6,0.43
63,4,6,0.54
63,12,6,0.22
63,15,6,0.7
63,25,6,0.73
63,26,6,0.75
63,27,6,0.82
63,29,6,0.96
63,35,6,0.45
63,39,6,0.26
63,40,6,0.1
63,43,6,0.1
63,49,6,0.17
63,51,6,0.61
63,63,6,0
63,82,6,0.93
63,85,6,0.28
63,93,6,0.53
63,99,6,0.68
64,5,3,0.47
64,7,3,0.25
64,19,3,0.99
64,20,3,0.32
64,21,3,0.78
64,26,3,0.57
64,29,3,0.1
64,31,3,0.96
64,33,3,0.9
64,34,3,0.71
64,45,3,0.55
64,50,3,0.04
64,59,3,0.63
64,64,3,0
64,73,3,0.02
64,81,3,0.71
64,86,3,0.59
64,4,2,0.98
64,13,2,0.68
64,20,2,0.62
64,28,2,0.39
64,32,2,0.8
64,36,2,0.04
64,44,2,0.18
64,46,2,0.15
64,49,2,0.98
64,55,2,0.89
64,60,2,0.82
64,63,2,0.81
64,64,2,0
64,86,2,0.73
64,91,2,0.36
64,98,2,0.87
65,6,5,0.51
65,10,5,0.76
65,16,5,0.04
65,25,5,0.91
65,35,5,0.59
65,54,5,0.44
65,55,5,0.21
65,61,5,0.2
65,63,5,0.74
65,65,5,0
65,67,5,0.27
65,68,5,0.19
65,83,5,0.27
65,5,16,0.46
65,8,16,0.67
65,9,16,0.85
65,23,16,0.17
65,32,16,0.96
65,37,16,0.69
65,43,16,0.83
65,48,16,0.53
65,56,16,0.2
65,60,16,0.18
65,65,16,0
65,67,16,0.5
65,80,16,0.4
65,90,16,0.78
65,95,16,0.1
65,98,16,0.81
66,7,19,0.49
66,15,19,0.69
66,18,19,0.89
66,28,19,0.31
66,29,19,0.21
66,36,19,0.89
66,43,19,0.51
66,44,19,0.02
66,49,19,0.54
66,62,19,0.11
66,66,19,0
66,79,19,0.26
66,98,19,0.71
66,6,8,0.16
66,8,8,0.93
66,22,8,0.02
66,23,8,0.14
66,24,8,0.5
66,27,8,0.77
66,33,8,1.0
66,38,8,0.03
66,41,8,0.29
66,45,8,0.29
66,60,8,0.34
66,66,8,0
66,72,8,0.02
66,75,8,0.75
66,79,8,0.44
66,87,8,0.91
66,96,8,0.16
66,97,8,0.02
66,98,8,0.33
66,99,8,0.82
66,5,1,0.29
66,10,1,0.57
66,26,1,0.17
66,30,1,0.54
66,31,1,0.94
66,51,1,0.16
66,56,1,0.36
66,57,1,0.8
66,66,1,0
66,68,1,0.12
66,71,1,0.62
66,74,1,0.41
66,78,1,0.66
66,79,1,0.76
66,80,1,0.12
66,91,1,0.82
66,93,1,0.42
66,3,13,0.07
66,4,13,0.63
66,6,13,0.7
66,25,13,0.43
66,38,13,0.45
66,47,13,0.24
66,66,13,0
66,72,13,0.34
66,77,13,0.5
66,86,13,0.59
66,94,13,0.41
66,95,13,0.44
67,5,16,0.78
67,8,16,0.05
67,9,16,0.43
67,23,16,0.38
67,32,16,0.23
67,37,16,0.32
67,43,16,0.19
67,48,16,0.35
67,56,16,0.88
67,60,16,0.52
67,65,16,0.7
67,67,16,0
67,80,16,0.16
67,90,16,0.68
67,95,16,0.98
67,98,16,0.77
67,1,9,0.94
67,4,9,0.95
67,8,9,0.76
67,15,9,0.27
67,21,9,0.23
67,47,9,0.73
67,54,9,0.49
67,56,9,0.55
67,67,9,0
67,71,9,0.76
67,91,9,0.88
67,96,9,0.23
67,97,9,0.16
67,6,5,0.3
67,10,5,0.08
67,16,5,0.38
67,25,5,0.5
67,35,5,0.45
67,54,5,0.05
67,55,5,0.75
67,61,5,0.49
67,63,5,0.06
67,65,5,0.14
67,67,5,0
67,68,5,0.24
67,83,5,0.08
68,5,1,0.3
68,10,1,0.21
68,26,1,0.01
68,30,1,0.26
68,31,1,0.8
68,51,1,0.36
68,56,1,0.44
68,57,1,0.88
68,66,1,0.07
68,68,1,0
68,71,1,0.49
68,74,1,0.03
68,78,1,0.85
68,79,1,0.65
68,80,1,0.59
68,91,1,0.54
68,93,1,0.15
68,10,15,0.84
68,11,15,0.14
68,13,15,0.03
68,15,15,0.32
68,16,15,0.76
68,17,15,0.23
68,27,15,0.45
68,29,15,0.41
68,39,15,0.06
68,46,15,0.89
68,48,15,0.22
68,50,15,0.87
68,52,15,0.81
68,59,15,0.14
68,68,15,0
68,69,15,0.19
68,71,15,0.14
68,73,15,0.95
68,77,15,0.59
68,84,15,0.78
68,6,5,0.67
68,10,5,0.72
68,16,5,0.14
68,25,5,0.82
68,35,5,0.29
68,54,5,0.62
68,55,5,0.24
68,61,5,0.29
68,63,5,0.75
68,65,5,0.08
68,67,5,0.43
68,68,5,0
68,83,5,0.8
69,1,18,0.36
69,12,18,0.93
69,20,18,0.56
69,32,18,0.03
69,36,18,0.99
69,41,18,0.57
69,69,18,0
69,78,18,0.9
69,84,18,0.66
69,90,18,0.53
69,92,18,0.68
69,93,18,0.04
69,94,18,0.2
69,10,15,0.02
69,11,15,0.44
69,13,15,0.61
69,15,15,0.52
69,16,15,0.53
69,17,15,0.14
69,27,15,0.23
69,29,15,0.17
69,39,15,0.58
69,46,15,0.83
69,48,15,0.73
69,50,15,0.2
69,52,15,0.19
69,59,15,0.05
69,68,15,0.28
69,69,15,0
69,71,15,0.43
69,73,15,0.71
69,77,15,0.23
69,84,15,0.09
70,13,10,0.39
70,21,10,0.68
70,26,10,0.7
70,30,10,0.31
70,39,10,0.03
70,48,10,0.42
70,53,10,0.76
70,70,10,0
70,73,10,0.46
70,88,10,0.63
70,89,10,0.87
70,90,10,0.51
70,92,10,0.37
70,96,10,0.38
70,1,4,0.29
70,16,4,0.71
70,17,4,0.12
70,24,4,0.95
70,31,4,0.72
70,34,4,0.14
70,36,4,0.75
70,46,4,0.38
70,50,4,0.9
70,62,4,0.08
70,70,4,0
70,91,4,0.33
71,1,9,0.93
71,4,9,0.94
71,8,9,0.1
71,15,9,0.13
71,21,9,0.43
71,47,9,0.42
71,54,9,0.03
71,56,9,0.35
71,67,9,1.0
71,71,9,0
71,91,9,0.93
71,96,9,0.67
71,97,9,0.03
71,0,12,0.45
71,5,12,0.14
71,17,12,0.26
71,22,12,0.85
71,35,12,0.5
71,40,12,0.4
71,44,12,0.85
71,47,12,0.03
71,50,12,0.58
71,57,12,0.62
71,58,12,0.57
71,60,12,0.55
71,71,12,0
71,72,12,0.37
71,77,12,0.37
71,97,12,0.46
71,10,15,0.98
71,11,15,0.39
71,13,15,0.97
71,15,15,0.91
71,16,15,0.69
71,17,15,0.93
71,27,15,0.09
71,29,15,0.84
71,39,15,0.08
71,46,15,0.99
71,48,15,0.12
71,50,15,0.79
71,52,15,0.07
71,59,15,0.34
71,68,15,0.32
71,69,15,0.88
71,71,15,0
71,73,15,0.39
71,77,15,0.78
71,84,15,0.46
71,5,1,0.24
71,10,1,0.11
71,26,1,0.83
71,30,1,0.92
71,31,1,0.09
71,51,1,0.48
71,56,1,0.3
71,57,1,0.49
71,66,1,0.24
71,68,1,0.35
71,71,1,0
71,74,1,0.53
71,78,1,0.24
71,79,1,0.71
71,80,1,0.36
71,91,1,0.43
71,93,1,0.95
72,6,8,0.52
72,8,8,0.77
72,22,8,0.84
72,23,8,0.71
72,24,8,0.66
72,27,8,0.5
72,33,8,0.56
72,38,8,0.05
72,41,8,0.48
72,45,8,0.42
72,60,8,0.89
72,66,8,0.94
72,72,8,0
72,75,8,0.45
72,79,8,0.35
72,87,8,0.72
72,96,8,0.44
72,97,8,0.75
72,98,8,0.07
72,99,8,0.29
72,0,12,0.34
72,5,12,0.91
72,17,12,0.01
72,22,12,0.46
72,35,12,0.2
72,40,12,0.98
72,44,12,0.3
72,47,12,0.4
72,50,12,0.18
72,57,12,0.83
72,58,12,0.95
72,60,12,0.69
72,71,12,0.36
72,72,12,0
72,77,12,0.19
72,97,12,0.29
72,3,13,0.9
72,4,13,0.55
72,6,13,0.13
72,25,13,0.98
72,38,13,0.59
72,47,13,0.15
72,66,13,0.48
72,72,13,0
72,77,13,0.97
72,86,13,0.86
72,94,13,0.46
72,95,13,0.7
72,2,17,0.4
72,10,17,0.4
72,11,17,0.03
72,13,17,0.2
72,14,17,0.22
72,32,17,0.4
72,37,17,0.53
72,48,17,0.51
72,52,17,0.0
72,72,17,0
72,75,17,0.08
72,85,17,0.52
72,87,17,0.09
72,99,17,0.65
73,13,10,0.49
73,21,10,0.24
73,26,10,0.65
73,30,10,0.18
73,39,10,0.54
73,48,10,0.89
73,53,10,0.83
73,70,10,0.44
73,73,10,0
73,88,10,0.54
73,89,10,0.57
73,90,10,0.59
73,92,10,0.34
73,96,10,0.47
73,5,3,1.0
73,7,3,0.71
73,19,3,0.0
73,20,3,0.47
73,21,3,0.78
73,26,3,0.03
73,29,3,0.78
73,31,3,0.4
73,33,3,0.12
73,34,3,0.91
73,45,3,0.78
73,50,3,0.53
73,59,3,0.82
73,64,3,0.27
73,73,3,0
73,81,3,0.34
73,86,3,0.11
73,10,15,0.42
73,11,15,0.81
73,13,15,0.2
73,15,15,0.85
73,16,15,0.69
73,17,15,0.67
73,27,15,0.37
73,29,15,0.12
73,39,15,0.85
73,46,15,0.08
73,48,15,0.61
73,50,15,0.72
73,52,15,0.71
73,59,15,0.66
73,68,15,0.91
73,69,15,0.59
73,71,15,0.09
73,73,15,0
73,77,15,0.72
73,84,15,0.36
74,5,1,0.9
74,10,1,0.42
74,26,1,0.97
74,30,1,0.16
74,31,1,0.12
74,51,1,0.31
74,56,1,0.45
74,57,1,0.35
74,66,1,0.58
74,68,1,0.51
74,71,1,0.85
74,74,1,0
74,78,1,0.86
74,79,1,0.4
74,80,1,0.65
74,91,1,0.82
74,93,1,0.46
74,7,7,0.11
74,9,7,0.0
74,11,7,0.85
74,14,7,0.14
74,54,7,0.5
74,61,7,0.45
74,74,7,0
74,82,7,0.07
74,86,7,0.96
74,88,7,0.52
74,89,7,0.91
74,92,7,0.4
75,2,17,0.87
75,10,17,0.57
75,11,17,0.82
75,13,17,0.24
75,14,17,0.42
75,32,17,0.0
75,37,17,0.06
75,48,17,0.16
75,52,17,0.67
75,72,17,0.68
75,75,17,0
75,85,17,0.56
75,87,17,0.14
75,99,17,0.91
75,6,8,0.8
75,8,8,0.22
75,22,8,0.12
75,23,8,0.19
75,24,8,0.89
75,27,8,0.71
75,33,8,0.96
75,38,8,0.98
75,41,8,0.64
75,45,8,0.74
75,60,8,0.8
75,66,8,0.89
75,72,8,0.22
75,75,8,0
75,79,8,0.93
75,87,8,0.9
75,96,8,0.28
75,97,8,0.4
75,98,8,0.22
75,99,8,0.94
76,2,14,0.39
76,8,14,0.3
76,23,14,0.29
76,39,14,0.52
76,41,14,0.62
76,42,14,0.18
76,53,14,0.3
76,54,14,0.09
76,56,14,0.94
76,58,14,0.76
76,76,14,0
76,78,14,0.59
76,80,14,0.61
76,82,14,0.77
76,92,14,0.67
76,95,14,0.64
76,11,0,0.74
76,12,0,0.88
76,19,0,0.39
76,20,0,0.6
76,21,0,0.89
76,40,0,0.93
76,41,0,0.87
76,46,0,0.73
76,49,0,0.97
76,53,0,0.84
76,57,0,0.87
76,76,0,0
76,81,0,0.92
76,83,0,0.17
77,0,12,0.25
77,5,12,0.98
77,17,12,0.71
77,22,12,0.35
77,35,12,0.03
77,40,12,0.92
77,44,12,0.81
77,47,12,0.46
77,50,12,0.4
77,57,12,0.6
77,58,12,0.49
77,60,12,0.87
77,71,12,0.03
77,72,12,0.05
77,77,12,0
77,97,12,0.76
77,10,15,0.69
77,11,15,0.69
77,13,15,0.43
77,15,15,0.73
77,16,15,0.2
77,17,15,0.15
77,27,15,0.72
77,29,15,0.4
77,39,15,0.39
77,46,15,0.96
77,48,15,0.24
77,50,15,0.65
77,52,15,0.01
77,59,15,0.96
77,68,15,0.65
77,69,15,0.04
77,71,15,0.28
77,73,15,0.94
77,77,15,0
77,84,15,0.18
77,3,13,0.35
77,4,13,0.36
77,6,13,0.7
77,25,13,0.09
77,38,13,0.02
77,47,13,0.01
77,66,13,0.17
77,72,13,0.74
77,77,13,0
77,86,13,0.74
77,94,13,0.18
77,95,13,0.88
78,2,14,0.06
78,8,14,0.55
78,23,14,0.79
78,39,14,0.05
78,41,14,0.57
78,42,14,0.91
78,53,14,0.27
78,54,14,0.11
78,56,14,0.1
78,58,14,0.94
78,76,14,0.52
78,78,14,0
78,80,14,0.91
78,82,14,0.28
78,92,14,0.04
78,95,14,0.73
78,5,1,0.13
78,10,1,0.61
78,26,1,0.26
78,30,1,0.77
78,31,1,0.54
78,51,1,0.2
78,56,1,0.7
78,57,1,0.55
78,66,1,0.52
78,68,1,0.55
78,71,1,0.85
78,74,1,0.15
78,78,1,0
78,79,1,0.36
78,80,1,0.62
78,91,1,0.72
78,93,1,0.6
78,1,18,0.55
78,12,18,0.94
78,20,18,0.17
78,32,18,0.12
78,36,18,0.45
78,41,18,0.62
78,69,18,0.41
78,78,18,0
78,84,18,0.05
78,90,18,0.05
78,92,18,0.49
78,93,18,0.75
78,94,18,0.24
79,6,8,0.17
79,8,8,0.37
79,22,8,0.91
79,23,8,0.45
79,24,8,0.39
79,27,8,0.48
79,33,8,0.81
79,38,8,0.96
79,41,8,0.59
79,45,8,0.94
79,60,8,0.35
79,66,8,0.88
79,72,8,0.31
79,75,8,0.52
79,79,8,0
79,87,8,0.46
79,96,8,0.72
79,97,8,0.11
79,98,8,0.57
79,99,8,0.33
79,7,19,0.59
79,15,19,0.21
79,18,19,0.03
79,28,19,0.34
79,29,19,0.81
79,36,19,0.15
79,43,19,0.62
79,44,19,0.24
79,49,19,0.28
79,62,19,0.4
79,66,19,0.26
79,79,19,0
79,98,19,0.96
79,5,1,0.8
79,10,1,0.63
79,26,1,0.18
79,30,1,0.06
79,31,1,0.99
79,51,1,0.49
79,56,1,0.32
79,57,1,0.63
79,66,1,0.98
79,68,1,0.1
79,71,1,0.08
79,74,1,0.78
79,78,1,0.63
79,79,1,0
79,80,1,0.11
79,91,1,0.58
79,93,1,0.84
80,2,14,0.75
80,8,14,0.6
80,23,14,0.18
80,39,14,0.75
80,41,14,0.44
80,42,14,0.12
80,53,14,0.25
80,54,14,0.82
80,56,14,0.66
80,58,14,0.74
80,76,14,0.81
80,78,14,0.25
80,80,14,0
80,82,14,0.14
80,92,14,0.01
80,95,14,0.85
80,5,1,0.51
80,10,1,0.79
80,26,1,0.53
80,30,1,0.89
80,31,1,0.28
80,51,1,0.12
80,56,1,0.64
80,57,1,0.27
80,66,1,0.34
80,68,1,0.61
80,71,1,0.56
80,74,1,0.96
80,78,1,0.33
80,79,1,0.09
80,80,1,0
80,91,1,0.82
80,93,1,0.65
80,5,16,0.89
80,8,16,0.03
80,9,16,0.16
80,23,16,0.44
80,32,16,0.36
80,37,16,0.62
80,43,16,0.72
80,48,16,0.01
80,56,16,0.89
80,60,16,0.44
80,65,16,0.04
80,67,16,0.6
80,80,16,0
80,90,16,0.18
80,95,16,0.05
80,98,16,0.27
81,5,3,0.37
81,7,3,0.26
81,19,3,0.42
81,20,3,0.33
81,21,3,0.11
81,26,3,0.05
81,29,3,0.25
81,31,3,0.12
81,33,3,0.63
81,34,3,0.93
81,45,3,0.21
81,50,3,0.81
81,59,3,0.24
81,64,3,0.16
81,73,3,0.89
81,81,3,0
81,86,3,0.65
81,11,0,0.05
81,12,0,0.51
81,19,0,0.44
81,20,0,0.8
81,21,0,0.75
81,40,0,0.96
81,41,0,0.24
81,46,0,0.92
81,49,0,0.72
81,53,0,0.81
81,57,0,0.57
81,76,0,0.88
81,81,0,0
81,83,0,0.17
81,0,11,0.16
81,1,11,0.26
81,2,11,0.66
81,18,11,0.76
81,28,11,0.9
81,31,11,0.19
81,42,11,0.64
81,43,11,0.9
81,81,11,0
81,97,11,0.36
81,99,11,0.41
82,3,6,0.14
82,4,6,0.85
82,12,6,0.31
82,15,6,0.35
82,25,6,0.49
82,26,6,0.74
82,27,6,0.74
82,29,6,0.53
82,35,6,0.92
82,39,6,0.33
82,40,6,0.89
82,43,6,0.78
82,49,6,0.14
82,51,6,0.11
82,63,6,0.88
82,82,6,0
82,85,6,0.74
82,93,6,0.47
82,99,6,0.15
82,7,7,0.88
82,9,7,0.83
82,11,7,0.16
82,14,7,0.83
82,54,7,0.5
82,61,7,0.15
82,74,7,0.47
82,82,7,0
82,86,7,0.72
82,88,7,0.61
82,89,7,0.74
82,92,7,0.29
82,2,14,0.09
82,8,14,0.05
82,23,14,0.99
82,39,14,0.99
82,41,14,0.55
82,42,14,0.48
82,53,14,0.8
82,54,14,1.0
82,56,14,0.24
82,58,14,0.54
82,76,14,0.76
82,78,14,0.73
82,80,14,0.89
82,82,14,0
82,92,14,0.98
82,95,14,0.09
83,6,5,0.88
83,10,5,0.39
83,16,5,0.01
83,25,5,0.2
83,35,5,0.46
83,54,5,0.01
83,55,5,0.22
83,61,5,0.85
83,63,5,0.01
83,65,5,0.88
83,67,5,0.39
83,68,5,0.93
83,83,5,0
83,11,0,0.16
83,12,0,0.59
83,19,0,0.47
83,20,0,0.86
83,21,0,0.09
83,40,0,0.47
83,41,0,0.53
83,46,0,0.73
83,49,0,0.9
83,53,0,0.33
83,57,0,0.33
83,76,0,0.19
83,81,0,0.64
83,83,0,0
84,1,18,0.7
84,12,18,0.22
84,20,18,0.9
84,32,18,0.6
84,36,18,0.17
84,41,18,0.69
84,69,18,0.35
84,78,18,0.55
84,84,18,0
84,90,18,0.85
84,92,18,0.72
84,93,18,0.3
84,94,18,0.22
84,10,15,0.65
84,11,15,0.41
84,13,15,0.96
84,15,15,0.55
84,16,15,0.4
84,17,15,0.18
84,27,15,0.07
84,29,15,0.64
84,39,15,0.59
84,46,15,0.51
84,48,15,0.31
84,50,15,0.99
84,52,15,0.02
84,59,15,0.88
84,68,15,0.1
84,69,15,0.65
84,71,15,0.07
84,73,15,0.98
84,77,15,0.98
84,84,15,0
85,2,17,0.53
85,10,17,0.32
85,11,17,0.3
85,13,17,0.05
85,14,17,0.27
85,32,17,0.85
85,37,17,0.76
85,48,17,0.05
85,52,17,0.88
85,72,17,0.53
85,75,17,0.42
85,85,17,0
85,87,17,0.51
85,99,17,0.64
85,3,6,0.6
85,4,6,0.04
85,12,6,0.13
85,15,6,0.83
85,25,6,0.84
85,26,6,0.62
85,27,6,0.3
85,29,6,0.78
85,35,6,0.85
85,39,6,0.29
85,40,6,0.51
85,43,6,0.76
85,49,6,0.78
85,51,6,0.81
85,63,6,0.95
85,82,6,0.8
85,85,6,0
85,93,6,0.02
85,99,6,0.28
86,3,13,0.12
86,4,13,0.7
86,6,13,0.77
86,25,13,0.7
86,38,13,0.2
86,47,13,0.53
86,66,13,0.53
86,72,13,0.46
86,77,13,0.09
86,86,13,0
86,94,13,0.9
86,95,13,0.25
86,4,2,0.37
86,13,2,0.1
86,20,2,0.45
86,28,2,0.86
86,32,2,0.37
86,36,2,0.84
86,44,2,0.83
86,46,2,0.74
86,49,2,0.2
86,55,2,0.37
86,60,2,0.05
86,63,2,0.67
86,64,2,0.52
86,86,2,0
86,91,2,0.92
86,98,2,0.04
86,5,3,0.3
86,7,3,0.09
86,19,3,0.42
86,20,3,0.95
86,21,3,0.07
86,26,3,0.01
86,29,3,0.82
86,31,3,0.86
86,33,3,0.82
86,34,3,0.07
86,45,3,0.95
86,50,3,0.95
86,59,3,0.97
86,64,3,0.26
86,73,3,0.59
86,81,3,0.49
86,86,3,0
86,7,7,0.43
86,9,7,0.27
86,11,7,0.56
86,14,7,0.32
86,54,7,0.02
86,61,7,0.21
86,74,7,0.8
86,82,7,0.73
86,86,7,0
86,88,7,0.56
86,89,7,0.73
86,92,7,0.44
87,6,8,0.3
87,8,8,0.49
87,22,8,0.26
87,23,8,0.48
87,24,8,0.3
87,27,8,0.46
87,33,8,0.08
87,38,8,0.35
87,41,8,0.09
87,45,8,0.45
87,60,8,0.0
87,66,8,0.82
87,72,8,0.0
87,75,8,0.18
87,79,8,0.64
87,87,8,0
87,96,8,0.63
87,97,8,0.41
87,98,8,0.61
87,99,8,0.14
87,2,17,0.78
87,10,17,0.81
87,11,17,0.21
87,13,17,0.09
87,14,17,0.98
87,32,17,0.31
87,37,17,0.07
87,48,17,0.25
87,52,17,0.24
87,72,17,0.36
87,75,17,0.91
87,85,17,0.24
87,87,17,0
87,99,17,0.68
88,7,7,0.88
88,9,7,0.69
88,11,7,0.62
88,14,7,0.53
88,54,7,0.73
88,61,7,0.21
88,74,7,0.6
88,82,7,0.33
88,86,7,0.57
88,88,7,0
88,89,7,0.91
88,92,7,0.34
88,13,10,0.09
88,21,10,0.48
88,26,10,0.26
88,30,10,0.08
88,39,10,0.46
88,48,10,0.09
88,53,10,0.73
88,70,10,0.87
88,73,10,0.57
88,88,10,0
88,89,10,0.38
88,90,10,0.18
88,92,10,0.02
88,96,10,1.0
89,13,10,0.04
89,21,10,0.68
89,26,10,0.42
89,30,10,0.03
89,39,10,0.77
89,48,10,0.09
89,53,10,0.15
89,70,10,0.56
89,73,10,0.48
89,88,10,0.25
89,89,10,0
89,90,10,0.56
89,92,10,0.57
89,96,10,0.77
89,7,7,0.95
89,9,7,0.72
89,11,7,0.71
89,14,7,0.54
89,54,7,0.19
89,61,7,0.27
89,74,7,0.79
89,82,7,0.66
89,86,7,0.05
89,88,7,0.91
89,89,7,0
89,92,7,0.03
90,1,18,0.68
90,12,18,0.85
90,20,18,0.08
90,32,18,0.24
90,36,18,0.26
90,41,18,0.74
90,69,18,0.21
90,78,18,0.43
90,84,18,0.11
90,90,18,0
90,92,18,0.39
90,93,18,0.48
90,94,18,0.39
90,13,10,0.68
90,21,10,0.35
90,26,10,0.34
90,30,10,0.33
90,39,10,0.65
90,48,10,0.56
90,53,10,0.42
90,70,10,0.78
90,73,10,0.23
90,88,10,0.91
90,89,10,0.19
90,90,10,0
90,92,10,0.69
90,96,10,0.4
90,5,16,0.95
90,8,16,0.86
90,9,16,0.58
90,23,16,0.14
90,32,16,0.41
90,37,16,0.63
90,43,16,0.25
90,48,16,0.1
90,56,16,0.19
90,60,16,0.06
90,65,16,0.22
90,67,16,0.02
90,80,16,0.11
90,90,16,0
90,95,16,0.3
90,98,16,0.09
91,4,2,0.6
91,13,2,0.67
91,20,2,0.55
91,28,2,0.62
91,32,2,0.95
91,36,2,0.07
91,44,2,0.06
91,46,2,0.3
91,49,2,0.62
91,55,2,0.4
91,60,2,0.01
91,63,2,0.69
91,64,2,0.81
91,86,2,0.06
91,91,2,0
91,98,2,0.18
91,1,9,0.87
91,4,9,0.0
91,8,9,0.14
91,15,9,0.0
91,21,9,0.23
91,47,9,0.67
91,54,9,0.95
91,56,9,0.48
91,67,9,0.45
91,71,9,0.71
91,91,9,0
91,96,9,0.42
91,97,9,0.26
91,5,1,0.25
91,10,1,0.6
91,26,1,0.96
91,30,1,0.17
91,31,1,0.36
91,51,1,0.69
91,56,1,0.05
91,57,1,0.64
91,66,1,0.83
91,68,1,0.09
91,71,1,0.77
91,74,1,0.68
91,78,1,0.55
91,79,1,0.89
91,80,1,0.38
91,91,1,0
91,93,1,0.93
91,1,4,0.04
91,16,4,0.48
91,17,4,0.3
91,24,4,0.41
91,31,4,0.89
91,34,4,0.89
91,36,4,0.16
91,46,4,0.49
91,50,4,0.23
91,62,4,0.11
91,70,4,0.56
91,91,4,0
92,7,7,0.48
92,9,7,0.34
92,11,7,0.14
92,14,7,0.35
92,54,7,0.26
92,61,7,0.96
92,74,7,0.74
92,82,7,0.21
92,86,7,0.34
92,88,7,0.29
92,89,7,0.29
92,92,7,0
92,13,10,0.57
92,21,10,0.93
92,26,10,0.28
92,30,10,0.74
92,39,10,0.23
92,48,10,0.7
92,53,10,0.71
92,70,10,0.27
92,73,10,0.07
92,88,10,0.25
92,89,10,0.98
92,90,10,0.81
92,92,10,0
92,96,10,0.4
92,1,18,0.35
92,12,18,0.55
92,20,18,0.56
92,32,18,0.17
92,36,18,0.56
92,41,18,0.33
92,69,18,0.3
92,78,18,0.23
92,84,18,0.58
92,90,18,0.91
92,92,18,0
92,93,18,0.79
92,94,18,0.12
92,2,14,0.08
92,8,14,0.75
92,23,14,0.22
92,39,14,0.46
92,41,14,0.79
92,42,14,0.69
92,53,14,0.57
92,54,14,0.74
92,56,14,0.46
92,58,14,0.44
92,76,14,0.58
92,78,14,0.32
92,80,14,0.47
92,82,14,0.62
92,92,14,0
92,95,14,0.51
93,3,6,0.01
93,4,6,0.76
93,12,6,0.07
93,15,6,0.78
93,25,6,0.85
93,26,6,0.63
93,27,6,0.49
93,29,6,0.97
93,35,6,0.84
93,39,6,0.76
93,40,6,0.94
93,43,6,0.09
93,49,6,0.61
93,51,6,0.1
93,63,6,0.21
93,82,6,0.37
93,85,6,0.76
93,93,6,0
93,99,6,0.73
93,5,1,0.63
93,10,1,0.61
93,26,1,0.99
93,30,1,0.94
93,31,1,0.07
93,51,1,0.34
93,56,1,0.01
93,57,1,0.31
93,66,1,0.69
93,68,1,0.11
93,71,1,0.77
93,74,1,0.75
93,78,1,0.46
93,79,1,0.24
93,80,1,0.23
93,91,1,0.46
93,93,1,0
93,1,18,0.46
93,12,18,0.63
93,20,18,0.54
93,32,18,0.25
93,36,18,0.59
93,41,18,0.77
93,69,18,0.85
93,78,18,0.18
93,84,18,0.06
93,90,18,0.41
93,92,18,0.1
93,93,18,0
93,94,18,0.07
94,1,18,0.89
94,12,18,0.78
94,20,18,0.05
94,32,18,0.02
94,36,18,0.4
94,41,18,0.41
94,69,18,0.42
94,78,18,0.4
94,84,18,0.9
94,90,18,0.82
94,92,18,0.07
94,93,18,0.22
94,94,18,0
94,3,13,0.07
94,4,13,0.55
94,6,13,0.81
94,25,13,0.78
94,38,13,0.75
94,47,13,0.04
94,66,13,0.4
94,72,13,0.69
94,77,13,0.05
94,86,13,0.38
94,94,13,0
94,95,13,0.16
95,2,14,0.83
95,8,14,0.81
95,23,14,0.64
95,39,14,0.06
95,41,14,0.48
95,42,14,0.42
95,53,14,0.26
95,54,14,0.98
95,56,14,0.59
95,58,14,0.5
95,76,14,0.04
95,78,14,0.4
95,80,14,0.21
95,82,14,0.22
95,92,14,0.76
95,95,14,0
95,5,16,0.74
95,8,16,0.44
95,9,16,0.24
95,23,16,0.11
95,32,16,0.61
95,37,16,0.56
95,43,16,0.9
95,48,16,0.56
95,56,16,0.04
95,60,16,0.6
95,65,16,0.92
95,67,16,0.07
95,80,16,0.29
95,90,16,0.8
95,95,16,0
95,98,16,0.05
95,3,13,0.31
95,4,13,0.25
95,6,13,0.6
95,25,13,0.83
95,38,13,0.92
95,47,13,0.3
95,66,13,0.93
95,72,13,0.34
95,77,13,0.05
95,86,13,0.25
95,94,13,0.19
95,95,13,0
96,1,9,0.57
96,4,9,0.17
96,8,9,0.9
96,15,9,0.07
96,21,9,0.16
96,47,9,0.08
96,54,9,0.38
96,56,9,0.97
96,67,9,0.31
96,71,9,0.66
96,91,9,0.82
96,96,9,0
96,97,9,0.91
96,13,10,0.05
96,21,10,0.98
96,26,10,0.25
96,30,10,0.83
96,39,10,0.78
96,48,10,0.6
96,53,10,0.02
96,70,10,0.84
96,73,10,0.78
96,88,10,0.31
96,89,10,0.72
96,90,10,0.02
96,92,10,0.13
96,96,10,0
96,6,8,0.07
96,8,8,0.36
96,22,8,0.93
96,23,8,0.25
96,24,8,0.45
96,27,8,0.31
96,33,8,0.28
96,38,8,0.84
96,41,8,0.34
96,45,8,0.05
96,60,8,0.98
96,66,8,0.74
96,72,8,0.47
96,75,8,0.89
96,79,8,0.15
96,87,8,0.25
96,96,8,0
96,97,8,0.2
96,98,8,0.05
96,99,8,0.83
97,0,12,0.26
97,5,12,0.16
97,17,12,0.04
97,22,12,0.57
97,35,12,0.5
97,40,12,0.14
97,44,12,0.69
97,47,12,0.64
97,50,12,0.91
97,57,12,0.85
97,58,12,0.7
97,60,12,0.28
97,71,12,0.04
97,72,12,0.59
97,77,12,0.48
97,97,12,0
97,1,9,0.25
97,4,9,0.35
97,8,9,0.91
97,15,9,0.57
97,21,9,0.04
97,47,9,0.01
97,54,9,0.46
97,56,9,0.26
97,67,9,0.98
97,71,9,0.24
97,91,9,0.3
97,96,9,0.14
97,97,9,0
97,0,11,0.61
97,1,11,0.89
97,2,11,0.47
97,18,11,0.05
97,28,11,0.19
97,31,11,0.38
97,42,11,0.86
97,43,11,0.82
97,81,11,0.02
97,97,11,0
97,99,11,0.51
97,6,8,0.31
97,8,8,0.27
97,22,8,0.1
97,23,8,0.54
97,24,8,0.85
97,27,8,0.43
97,33,8,0.94
97,38,8,0.32
97,41,8,0.98
97,45,8,0.76
97,60,8,0.77
97,66,8,0.02
97,72,8,0.16
97,75,8,0.29
97,79,8,0.4
97,87,8,0.06
97,96,8,0.15
97,97,8,0
97,98,8,0.72
97,99,8,0.47
98,4,2,0.9
98,13,2,0.55
98,20,2,0.39
98,28,2,0.55
98,32,2,0.56
98,36,2,0.33
98,44,2,0.32
98,46,2,0.18
98,49,2,0.88
98,55,2,0.42
98,60,2,0.45
98,63,2,0.22
98,64,2,0.88
98,86,2,0.27
98,91,2,0.57
98,98,2,0
98,5,16,0.39
98,8,16,0.68
98,9,16,0.85
98,23,16,0.45
98,32,16,0.61
98,37,16,0.76
98,43,16,0.78
98,48,16,0.81
98,56,16,0.62
98,60,16,0.16
98,65,16,0.86
98,67,16,0.94
98,80,16,0.1
98,90,16,0.51
98,95,16,0.92
98,98,16,0
98,7,19,0.87
98,15,19,0.13
98,18,19,0.82
98,28,19,0.95
98,29,19,0.79
98,36,19,0.48
98,43,19,0.26
98,44,19,0.38
98,49,19,0.51
98,62,19,0.82
98,66,19,0.1
98,79,19,0.22
98,98,19,0
98,6,8,0.96
98,8,8,0.4
98,22,8,0.58
98,23,8,0.72
98,24,8,0.26
98,27,8,0.63
98,33,8,0.31
98,38,8,0.63
98,41,8,0.63
98,45,8,0.51
98,60,8,0.28
98,66,8,0.17
98,72,8,0.91
98,75,8,0.48
98,79,8,0.17
98,87,8,0.89
98,96,8,0.21
98,97,8,0.85
98,98,8,0
98,99,8,0.47
99,6,8,0.92
99,8,8,0.34
99,22,8,0.23
99,23,8,0.08
99,24,8,0.92
99,27,8,0.51
99,33,8,0.36
99,38,8,0.85
99,41,8,0.11
99,45,8,0.49
99,60,8,0.93
99,66,8,0.61
99,72,8,0.59
99,75,8,0.96
99,79,8,0.4
99,87,8,0.16
99,96,8,0.99
99,97,8,0.85
99,98,8,0.53
99,99,8,0
99,0,11,0.97
99,1,11,0.37
99,2,11,0.86
99,18,11,0.3
99,28,11,0.62
99,31,11,0.75
99,42,11,0.74
99,43,11,0.22
99,81,11,0.43
99,97,11,0.77
99,99,11,0
99,3,6,0.0
99,4,6,0.23
99,12,6,0.05
99,15,6,0.27
99,25,6,0.42
99,26,6,0.11
99,27,6,0.86
99,29,6,0.6
99,35,6,0.92
99,39,6,0.61
99,40,6,0.09
99,43,6,0.56
99,49,6,0.23
99,51,6,0.74
99,63,6,0.04
99,82,6,0.62
99,85,6,0.07
99,93,6,0.1
99,99,6,0
99,2,17,0.13
99,10,17,0.13
99,11,17,0.5
99,13,17,0.73
99,14,17,0.57
99,32,17,0.35
99,37,17,0.81
99,48,17,0.34
99,52,17,0.14
99,72,17,0.05
99,75,17,0.23
99,85,17,0.45
99,87,17,0.03
99,99,17,0